13888
27769
18754
18832
23074
14399
25465
18991
28638
47153
31027
58333
31127
67798
31881
31882
33164
66044
34541
68308
38856
55124
38859
38860
39702
59196
41168
53113
42547
55865
43152
43154
44045
57805
44307
58138
45048
54807
46074
58942
46570
40400
46961
65542
47337
53379
47405
47407
47541
63559
48249
17705
49162
54856
53571
928
55073
52061
55074
11115
55357
55360
56022
56024
56946
56948
57158
57160
57238
43619
57645
48534
58179
58181
58292
58294
58313
58315
58732
58734
58733
58736
58941
39512
59804
59806
60056
68186
60159
45290
60188
54913
60316
61877
61879
61966
46842
62451
41270
62779
62781
62876
41605
63834
63836
63946
66409
64969
61074
65414
65415
67572
67574
67926
31311
67946
44829
68092
68093
68323
60359
13338
13676
13478
13921
61311
14437
28179
14573
14587
15698
9882
15759
63548
16699
16800
16944
47964
18441
18466
19551
19565
20424
26227
21191
21188
24306
47867
25284
25286
48543
26837
32065
27353
22016
27738
32536
29052
29053
29722
29725
30276
43456
58332
32845
46972
33330
42251
33782
54113
33873
33874
34497
68220
34798
55395
37001
53762
37346
43252
37789
57670
38857
55127
39151
45886
39407
58811
39519
39520
39952
60664
39973
60694
40265
61106
40648
65225
41603
62873
41604
41624
62901
41833
63183
47610
42290
53610
42864
56274
42905
56323
43124
56599
43406
43407
56969
43473
43474
43553
30362
43561
67143
43568
57173
43828
57518
44273
58092
44328
48735
44335
44336
44443
48787
44686
44687
44831
67947
44844
59547
44996
59762
45215
45216
45501
60436
45691
49432
45718
45719
46127
52367
46221
64649
46541
65039
46572
65076
47003
62318
47044
41238
47351
41776
47410
41876
47760
47761
47876
16693
48206
56852
49294
68300
49383
38742
52258
55731
52307
58873
62316
53333
62958
53568
53569
53702
47745
53879
66719
53952
48052
54031
66957
54232
48409
54848
68136
54878
49193
55113
52074
55495
55496
56023
56271
56272
66698
56345
47975
56558
43090
66852
56609
56610
56652
56653
56744
56745
57039
57040
43468
57113
43523
57137
54166
57157
57159
43570
57219
57220
57251
57252
57550
67345
57715
57716
57736
48573
57989
44199
58139
58178
58491
58492
58562
67822
58627
58791
58792
58874
39457
59094
59095
59434
59435
59652
34374
59749
59750
59759
68042
59803
59949
59950
59951
59952
59959
59960
59962
59963
59964
59965
60006
60007
60299
68296
60425
60426
60605
60606
60715
39992
60959
60961
61241
1836
61281
61282
61305
61306
61420
40506
61857
61858
40831
61892
40855
62163
62165
62378
62379
41217
62392
62393
62421
32899
62452
62533
62534
62796
62797
41546
62842
41577
62902
62945
62946
53334
62982
47296
63181
63418
63419
63442
63444
63560
63635
63636
63835
63942
63944
64012
64013
64014
66439
64171
64172
64618
64619
65359
65360
65965
47333
41852
66059
2833
66126
63382
66304
33340
66316
66435
63999
66711
66712
67360
43870
67393
57652
67657
67658
67807
58535
59526
68118
54832
68187
54877
60320
15848
