Seq	Ka	Ks	Ka/Ks
ME000001S02665-ME000001S02663	0.00416312	0.0197047	0.211276
ME000003S06928-ME000003S06926	0.120331	0.21008	0.572785
ME000005S08548-ME000005S08552	0.506751	0.959421	0.528184
ME000007S09834-ME000007S09829	0.427213	1.22176	0.349669
ME000007S09842-ME000007S09841	0.377009	NA	NA
ME000007S09869-ME000007S09866	0.18157	0.196716	0.923008
ME000013S00800-ME000013S00797	0.0585231	0.245406	0.238474
ME000013S00828-ME000013S00825	0.738761	0.910296	0.811561
ME000014S01171-ME000014S01170	0.40293	0.7187	0.560637
ME000018S02372-ME000018S02377	0.0121192	0.0840154	0.14425
ME000018S02377-ME000018S02371	0.039854	0.136464	0.292049
ME000020S03148-ME000020S03149	0.76738	0.746018	1.02863
ME000022S03520-ME000022S03519	0.378575	0.921075	0.411015
ME000023S03883-ME000023S03884	1.5452	1.44854	1.06673
ME000026S04527-ME000026S04530	0.0309201	0.2696	0.114689
ME000031S05332-ME000031S05333	NA	NA	NA
ME000031S05333-ME000031S05336	0.366716	0.672633	0.545194
ME000031S05337-ME000031S05345	0.357719	0.661617	0.540674
ME000031S05340-ME000031S05337	0.380894	0.544387	0.699675
ME000031S05355-ME000031S05352	0.146438	0.270397	0.541567
ME000031S05356-ME000031S05353	0.54337	0.766631	0.708776
ME000031S05358-ME000031S05354	0.580609	0.762659	0.761296
ME000031S05360-ME000031S05361	0.249171	0.327283	0.761334
ME000032S05484-ME000032S05488	0.0660417	0.236523	0.279219
ME000033S05719-ME000033S05722	0.512219	0.714399	0.716993
ME000033S05722-ME000033S05721	0.707696	1.05015	0.6739
ME000033S05726-ME000033S05744	1.19146	3.8672	0.308093
ME000033S05744-ME000033S05737	0.421903	0.604628	0.697789
ME000033S05751-ME000033S05749	0.040187	0.264629	0.151861
ME000033S05752-ME000033S05756	0.411325	1.4183	0.290013
ME000035S06186-ME000035S06190	0.848207	1.5669	0.541329
ME000035S06191-ME000035S06187	0.0573642	0.143882	0.398689
ME000036S06258-ME000036S06260	0.148124	0.262708	0.563834
ME000036S06264-ME000036S06262	0.43157	1.10715	0.389804
ME000037S06511-ME000037S06509	0.765424	4.07225	0.187961
ME000037S06532-ME000037S06529	0.130771	0.218895	0.597414
ME000037S06533-ME000037S06530	0.135318	0.294694	0.45918
ME000037S06539-ME000037S06538	0.0432107	0.0403542	1.07079
ME000037S06544-ME000037S06541	0.168195	0.819131	0.205334
ME000039S06699-ME000039S06698	0.305049	0.428581	0.711765
ME000039S06704-ME000039S06719	0.208006	0.476706	0.436341
ME000039S06715-ME000039S06722	0.553645	0.791815	0.69921
ME000039S06718-ME000039S06715	0.506145	1.08619	0.465983
ME000039S06723-ME000039S06718	0.492691	0.914707	0.538632
ME000039S06724-ME000039S06728	0.125	0.189209	0.660643
ME000039S06726-ME000039S06724	0.620916	1.17047	0.530486
ME000039S06727-ME000039S06724	0.427321	0.757671	0.563994
ME000043S07432-ME000043S07433	1.26109	1.15948	1.08763
ME000043S07433-ME000043S07434	0.712088	0.854773	0.833073
ME000045S07734-ME000045S07737	0.0197634	0.185608	0.10648
ME000050S08045-ME000050S08043	0.603048	1.72308	0.349981
ME000051S08078-ME000051S08082	0.911393	1.04725	0.870273
ME000051S08080-ME000051S08078	0.157716	0.3588	0.439564
ME000053S08215-ME000053S08213	0.080559	0.567688	0.141907
ME000053S08221-ME000053S08227	0.0381893	0.0446551	0.855206
ME000056S08387-ME000056S08388	1.1396	1.16277	0.980069
ME000057S08463-ME000057S08464	0.00418365	0.000903078	4.63265
ME000058S08589-ME000058S08588	0.345232	0.517885	0.666619
ME000060S08719-ME000060S08718	0.00777379	0.0088955	0.873901
ME000060S08753-ME000060S08752	0.797366	1.34017	0.594975
ME000063S08949-ME000063S08948	0.347542	0.353738	0.982483
ME000065S09001-ME000065S09003	0.31147	0.429654	0.724932
ME000065S09001-ME000065S09004	0.136167	0.311023	0.437802
ME000069S09100-ME000069S09097	0.575218	0.818738	0.702566
ME000070S09139-ME000070S09142	0.0301479	0.0889888	0.338783
ME000070S09142-ME000070S09141	0.0310108	0.157146	0.197338
ME000070S09177-ME000070S09170	NA	0.0103857	-0
ME000070S09196-ME000070S09197	0.490479	0.762272	0.643443
ME000070S09199-ME000070S09204	0.178347	0.516843	0.34507
ME000070S09200-ME000070S09204	0.327907	0.506401	0.647524
ME000070S09204-ME000070S09207	0.0122845	0.0694718	0.176827
ME000070S09204-ME000070S09208	0.379471	0.785906	0.482846
ME000072S09386-ME000072S09387	0.251567	0.49269	0.510599
ME000073S09327-ME000073S09326	0.144946	0.226772	0.639172
ME000073S09330-ME000073S09331	0.138213	0.214602	0.644041
ME000075S09619-ME000075S09622	0.302287	NA	NA
ME000075S09628-ME000075S09621	0.379611	1.96521	0.193166
ME000076S09652-ME000076S09650	0.0681794	0.341203	0.199821
ME000076S09675-ME000076S09677	0.0817987	0.321855	0.254148
ME000082S09954-ME000082S09955	0.333499	0.548904	0.607573
ME000085S09905-ME000085S09906	0.0911377	0.358562	0.254175
ME000086S10133-ME000086S10136	1.18221	1.72721	0.68446
ME000090S10160-ME000090S10162	0.386704	0.578691	0.668239
ME000090S10183-ME000090S10184	1.27873	2.10766	0.606705
ME000090S10198-ME000090S10197	0.15081	0.221689	0.680276
ME000091S10297-ME000091S10298	0.0473918	0.0306214	1.54767
ME000091S10317-ME000091S10319	0.194059	0.357384	0.542999
ME000091S10319-ME000091S10320	0.0180594	0.0266809	0.676865
ME000092S10283-ME000092S10284	NA	NA	NA
ME000093S10362-ME000093S10360	0.105302	0.180305	0.584019
ME000093S10373-ME000093S10370	0.192633	0.306348	0.628805
ME000093S10378-ME000093S10381	0.534557	0.997815	0.535727
ME000093S10381-ME000093S10376	0.72947	1.83978	0.396498
ME000096S10555-ME000096S10561	0.348816	0.604504	0.577028
ME000097S10568-ME000097S10573	0.165403	0.230204	0.718508
ME000097S10572-ME000097S10567	NA	0.0100497	-0
ME000097S10577-ME000097S10579	0.100923	0.178247	0.566197
ME000098S10398-ME000098S10399	0.0872734	0.31579	0.276365
ME000098S10398-ME000098S10401	0.319941	0.732448	0.43681
ME000098S10402-ME000098S10411	0.559969	NA	NA
ME000098S10423-ME000098S10422	0.369006	0.99985	0.369061
ME000098S10435-ME000098S10436	0.422287	0.453699	0.930765
ME000099S10501-ME000099S10497	0.883933	0.934781	0.945605
ME000100S10651-ME000100S10652	NA	NA	NA
ME000101S10668-ME000101S10671	0.187881	0.321384	0.584599
ME000101S10703-ME000101S10708	0.174764	0.356044	0.49085
ME000104S10613-ME000104S10614	1.45915	1.71133	0.85264
ME000108S10773-ME000108S10774	1.17714	1.5274	0.770679
ME000109S10909-ME000109S10915	0.481655	0.853659	0.564224
ME000109S10937-ME000109S10930	0.758477	1.30977	0.57909
ME000109S10937-ME000109S10932	0.711704	0.976199	0.729056
ME000110S11010-ME000110S11017	1.00645	1.07289	0.938069
ME000110S11015-ME000110S11014	NA	NA	NA
ME000110S11019-ME000110S11018	1.00436	1.4567	0.68948
ME000110S11032-ME000110S11033	0.080587	0.17998	0.447756
ME000110S11059-ME000110S11070	0.225869	1.01392	0.222769
ME000110S11063-ME000110S11070	1.49305	1.42547	1.04741
ME000110S11066-ME000110S11067	0.381687	0.637547	0.59868
ME000110S11067-ME000110S11073	0.0158724	0.00706055	2.24804
ME000111S10972-ME000111S10974	0.252486	0.225977	1.11731
ME000111S10974-ME000111S10973	0.83373	0.736081	1.13266
ME000111S10975-ME000111S10976	NA	NA	NA
ME000115S00005-ME000115S00003	0.00181952	0.0151721	0.119925
ME000118S00106-ME000118S00111	0.463456	NA	NA
ME000118S00126-ME000118S00127	NA	NA	NA
ME000121S00088-ME000121S00092	0.0154936	0.0185649	0.834569
ME000122S00043-ME000122S00037	0.756971	NA	NA
ME000123S00286-ME000123S00284	0.0484568	0.0699814	0.692423
ME000124S00199-ME000124S00197	0.0304742	0.0321121	0.948995
ME000129S00320-ME000129S00319	0.229258	0.444656	0.515586
ME000129S00333-ME000129S00331	0.0299647	0.0683737	0.438249
ME000129S00346-ME000129S00353	0.900875	1.15741	0.778355
ME000129S00347-ME000129S00355	0.763486	1.52539	0.500517
ME000129S00350-ME000129S00355	0.204263	0.412706	0.494937
ME000129S00356-ME000129S00364	0.0155628	0.0315545	0.493203
ME000129S00358-ME000129S00357	0.187881	0.321384	0.584599
ME000129S00363-ME000129S00365	1.80953	1.31372	1.37742
ME000132S00393-ME000132S00398	0.0824394	0.371604	0.221848
ME000132S00422-ME000132S00416	0.0149396	0.00360778	4.14095
ME000133S00550-ME000133S00548	0.102752	0.170092	0.604094
ME000134S00702-ME000134S00707	0.172624	0.261083	0.661184
ME000134S00716-ME000134S00714	0.690963	1.17366	0.588724
ME000137S00603-ME000137S00602	0.965272	1.40806	0.685533
ME000139S00975-ME000139S00971	NA	0.0253389	-0
ME000140S00756-ME000140S00755	0.0978964	0.318735	0.30714
ME000140S00757-ME000140S00755	0.144962	0.496266	0.292105
ME000143S00958-ME000143S00956	NA	NA	NA
ME000147S01069-ME000147S01070	0.0922149	0.141078	0.653643
ME000147S01079-ME000147S01080	0.248098	0.707651	0.350593
ME000151S01335-ME000151S01339	0.441219	NA	NA
ME000152S01216-ME000152S01213	0.011734	0.0132174	0.887765
ME000152S01254-ME000152S01262	0.00719252	0.0224986	0.319688
ME000152S01294-ME000152S01290	0.288031	0.331036	0.870091
ME000153S01478-ME000153S01482	0.335826	0.490148	0.685152
ME000153S01481-ME000153S01478	0.62072	1.10127	0.563642
ME000153S01482-ME000153S01479	0.260528	0.643647	0.404769
ME000157S01571-ME000157S01567	0.901262	2.51725	0.358035
ME000160S01635-ME000160S01632	0.253754	0.711293	0.35675
ME000169S01915-ME000169S01916	NA	NA	NA
ME000169S01920-ME000169S01922	0.0202313	0.15501	0.130516
ME000169S01922-ME000169S01913	NA	NA	NA
ME000170S01870-ME000170S01871	0.00106168	0.010853	0.0978231
ME000172S01965-ME000172S01969	0.0125792	0.00655167	1.91999
ME000174S02094-ME000174S02096	0.451441	1.78069	0.25352
ME000174S02104-ME000174S02102	0.405989	0.741108	0.547813
ME000175S02047-ME000175S02046	NA	NA	NA
ME000177S02278-ME000177S02281	1.00844	0.937571	1.07559
ME000184S02235-ME000184S02233	0.494041	0.739268	0.668284
ME000184S02246-ME000184S02245	NA	NA	NA
ME000184S02258-ME000184S02252	0.26875	0.48821	0.55048
ME000191S02426-ME000191S02427	NA	NA	NA
ME000191S02428-ME000191S02426	0.002979	NA	NA
ME000191S02449-ME000191S02451	1.27578	1.39826	0.91241
ME000191S02450-ME000191S02451	0.34333	0.670908	0.511739
ME000191S02451-ME000191S02455	0.380112	0.84088	0.452041
ME000191S02455-ME000191S02459	0.537901	0.920304	0.584482
ME000191S02458-ME000191S02454	0.280984	0.655952	0.428361
ME000191S02479-ME000191S02480	0.674731	1.15424	0.584566
ME000191S02489-ME000191S02486	0.00948834	0.0139805	0.678685
ME000194S02592-ME000194S02590	0.770214	0.67067	1.14842
ME000195S02615-ME000195S02614	0.13887	0.256138	0.542168
ME000195S02619-ME000195S02622	0.153939	0.260586	0.59074
ME000197S02511-ME000197S02512	NA	NA	NA
ME000197S02517-ME000197S02519	0.130188	0.257578	0.50543
ME000197S02523-ME000197S02525	0.0441591	0.0743776	0.593715
ME000197S02523-ME000197S02526	0.39773	0.58888	0.675401
ME000197S02524-ME000197S02530	0.203465	0.91961	0.221251
ME000197S02527-ME000197S02529	0.279759	0.590479	0.473784
ME000200S02729-ME000200S02725	0.489457	1.01581	0.481836
ME000202S02769-ME000202S02767	0.158369	0.234825	0.674414
ME000205S03027-ME000205S03032	0.846542	0.99721	0.84891
ME000206S02974-ME000206S02973	0.0854305	0.0730834	1.16894
ME000206S02976-ME000206S02984	0.0946492	0.213822	0.442654
ME000206S02980-ME000206S02976	0.11438	0.222758	0.513471
ME000207S02875-ME000207S02873	NA	NA	NA
ME000207S02878-ME000207S02874	0.663903	NA	NA
ME000211S03199-ME000211S03202	0.0638251	0.300323	0.212522
ME000211S03201-ME000211S03200	0.110963	0.276133	0.401844
ME000213S03074-ME000213S03072	0.310478	0.576497	0.53856
ME000213S03098-ME000213S03097	0.557054	0.836182	0.666187
ME000216S03369-ME000216S03370	1.03621	1.73412	0.597545
ME000218S03243-ME000218S03247	0.136897	0.396545	0.345224
ME000218S03247-ME000218S03249	0.223748	0.421648	0.530651
ME000219S03288-ME000219S03289	0.017299	0.00193227	8.95266
ME000219S03347-ME000219S03348	0.105951	0.488456	0.21691
ME000223S03457-ME000223S03461	0.231837	0.421877	0.549538
ME000223S03461-ME000223S03462	0.363921	0.491535	0.740376
ME000225S03409-ME000225S03417	0.438221	0.687683	0.637242
ME000225S03417-ME000225S03415	0.930654	1.4009	0.664326
ME000225S03429-ME000225S03428	0.524587	0.751576	0.697982
ME000225S03430-ME000225S03428	1.03223	3.14353	0.328366
ME000228S03451-ME000228S03448	0.318833	0.83919	0.379929
ME000237S03660-ME000237S03661	1.20941	1.23483	0.97941
ME000241S03681-ME000241S03682	1.17085	1.67433	0.699291
ME000241S03734-ME000241S03742	0.611833	1.28876	0.474747
ME000241S03734-ME000241S03743	0.22224	0.800108	0.277762
ME000241S03768-ME000241S03783	0.630577	0.864596	0.729331
ME000243S03983-ME000243S03986	0.447954	1.08175	0.414103
ME000244S04062-ME000244S04060	0.0595227	0.115353	0.516006
ME000244S04079-ME000244S04083	0.216999	0.49158	0.441431
ME000244S04085-ME000244S04082	0.216408	0.372308	0.58126
ME000247S04236-ME000247S04228	0.449046	0.684111	0.656393
ME000248S04243-ME000248S04248	0.193047	0.432102	0.446763
ME000252S04182-ME000252S04189	0.26517	0.378992	0.699672
ME000252S04206-ME000252S04202	0.599893	0.826966	0.725415
ME000255S04093-ME000255S04092	0.303888	1.52613	0.199123
ME000256S04350-ME000256S04347	0.116017	0.294459	0.393999
ME000257S04459-ME000257S04462	0.092684	0.189996	0.487821
ME000258S04310-ME000258S04300	0.127559	0.269913	0.472593
ME000263S04384-ME000263S04380	0.00661455	0.0161338	0.40998
ME000264S04323-ME000264S04324	0.955825	1.16243	0.822262
ME000264S04325-ME000264S04324	0.837476	1.06251	0.788202
ME000264S04338-ME000264S04334	0.0913198	0.358945	0.254412
ME000267S04485-ME000267S04486	NA	NA	NA
ME000267S04487-ME000267S04484	NA	NA	NA
ME000268S04573-ME000268S04576	0.652149	1.06671	0.611364
ME000268S04574-ME000268S04571	0.269009	0.981012	0.274216
ME000268S04576-ME000268S04571	0.69973	1.17368	0.596183
ME000268S04595-ME000268S04600	0.764631	0.99331	0.769781
ME000269S04556-ME000269S04558	0.0810542	0.286291	0.283119
ME000276S04609-ME000276S04613	0.622249	1.26969	0.490078
ME000276S04616-ME000276S04620	0.131578	0.25988	0.506303
ME000276S04624-ME000276S04627	0.0447969	0.232484	0.192688
ME000280S04688-ME000280S04686	1.49806	1.20875	1.23935
ME000281S04633-ME000281S04646	0.591394	0.881606	0.670814
ME000282S04743-ME000282S04744	0.0810658	0.291337	0.278254
ME000286S04872-ME000286S04868	0.854243	1.84552	0.462873
ME000288S04884-ME000288S04888	NA	NA	NA
ME000288S04885-ME000288S04886	NA	NA	NA
ME000288S04917-ME000288S04913	0.00552241	0.000523383	10.5514
ME000289S04815-ME000289S04811	0.366089	0.663454	0.551792
ME000293S04960-ME000293S04966	0.824642	2.46933	0.333953
ME000301S05088-ME000301S05083	0.0540681	0.344684	0.156863
ME000302S04973-ME000302S04974	0.959157	0.995843	0.963161
ME000311S05211-ME000311S05209	NA	NA	NA
ME000323S05381-ME000323S05382	1.40976	0.935602	1.50679
ME000324S05313-ME000324S05317	0.581581	0.883837	0.658018
ME000324S05326-ME000324S05329	0.770158	1.0573	0.728423
ME000325S05440-ME000325S05439	0.334501	0.293646	1.13913
ME000325S05447-ME000325S05448	0.0481563	2.29547	0.0209788
ME000328S05647-ME000328S05645	0.342543	0.407817	0.839942
ME000329S05588-ME000329S05584	0.0756874	0.304833	0.248291
ME000333S05833-ME000333S05840	1.16799	2.5817	0.452412
ME000334S05896-ME000334S05893	0.0704455	0.105936	0.664983
ME000336S05804-ME000336S05806	0.405116	1.00083	0.404779
ME000348S06057-ME000348S06051	0.00110669	0.0108802	0.101715
ME000351S05970-ME000351S05971	0.199299	0.36918	0.539842
ME000353S05924-ME000353S05926	0.728118	2.2424	0.324705
ME000353S05926-ME000353S05925	0.669257	2.604	0.257011
ME000356S06114-ME000356S06113	0.098617	0.110645	0.891295
ME000356S06116-ME000356S06117	1.38826	1.74515	0.795498
ME000358S06245-ME000358S06247	0.41331	1.3373	0.309063
ME000365S06159-ME000365S06160	NA	NA	NA
ME000366S06238-ME000366S06239	NA	NA	NA
ME000369S06458-ME000369S06449	0.547583	1.18273	0.462983
ME000369S06460-ME000369S06449	1.09371	1.39389	0.784646
ME000371S06292-ME000371S06295	0.303893	0.271283	1.12021
ME000373S06322-ME000373S06335	NA	NA	NA
ME000373S06330-ME000373S06331	NA	NA	NA
ME000373S06344-ME000373S06343	0.345857	0.779962	0.443428
ME000389S06794-ME000389S06799	0.371878	0.724016	0.513631
ME000389S06802-ME000389S06794	0.175716	0.499279	0.35194
ME000392S06821-ME000392S06817	0.889105	3.56732	0.249236
ME000401S07005-ME000401S07011	0.065442	0.307621	0.212736
ME000405S06981-ME000405S06983	0.405812	0.543896	0.74612
ME000405S06991-ME000405S06993	0.169738	0.348079	0.487642
ME000407S06940-ME000407S06941	0.198957	0.67992	0.292619
ME000407S06940-ME000407S06942	0.770715	1.38471	0.556588
ME000408S06907-ME000408S06908	0.0291715	0.103057	0.283061
ME000419S07154-ME000419S07160	0.141362	0.304152	0.464775
ME000419S07160-ME000419S07157	0.0838145	0.225853	0.371102
ME000420S07023-ME000420S07021	1.30075	0.967509	1.34443
ME000420S07030-ME000420S07029	NA	NA	NA
ME000420S07056-ME000420S07057	0.184614	0.218049	0.846661
ME000422S07075-ME000422S07071	0.113527	0.329816	0.344214
ME000422S07080-ME000422S07082	0.303344	0.658667	0.460542
ME000425S07184-ME000425S07191	0.355072	1.49411	0.237647
ME000425S07195-ME000425S07190	1.08907	1.68052	0.648054
ME000425S07209-ME000425S07202	1.09925	1.23432	0.890573
ME000426S07174-ME000426S07173	0.0748414	0.0671043	1.1153
ME000434S07321-ME000434S07330	0.151035	1.08836	0.138773
ME000434S07327-ME000434S07326	0.0857078	0.131696	0.650799
ME000436S07359-ME000436S07363	0.206537	0.652726	0.316422
ME000443S07374-ME000443S07382	2.37497	1.16885	2.03189
ME000443S07375-ME000443S07378	0.38777	0.614673	0.630855
ME000443S07378-ME000443S07377	0.85353	1.04018	0.820564
ME000443S07382-ME000443S07375	0.303062	0.862627	0.351324
ME000468S07814-ME000468S07810	0.572293	0.698528	0.819285
ME000468S07815-ME000468S07814	0.601829	0.835769	0.72009
ME000471S07727-ME000471S07731	0.294046	0.487335	0.603376
ME000476S07999-ME000476S07998	0.865003	1.26743	0.682486
ME000480S07840-ME000480S07841	1.33985	1.09085	1.22826
ME000480S07845-ME000480S07850	0.161044	0.368237	0.437338
ME000480S07846-ME000480S07850	0.317226	0.512795	0.618622
ME000480S07850-ME000480S07851	0.8717	0.832651	1.0469
ME000480S07885-ME000480S07884	0.0314739	0.0225378	1.39649
ME000502S08011-ME000502S08010	0.3681	0.901953	0.408115
ME000521S08088-ME000521S08091	0.226175	0.312125	0.724629
ME000521S08089-ME000521S08088	0.363056	0.467714	0.776234
ME000527S08291-ME000527S08289	0.0578179	0.199945	0.28917
ME000528S08181-ME000528S08187	0.297761	0.513308	0.580083
ME000566S08457-ME000566S08456	NA	NA	NA
ME000587S08650-ME000587S08646	0.611134	0.959085	0.637206
ME000591S08503-ME000591S08516	0.633169	0.681452	0.929147
ME000591S08518-ME000591S08512	0.418538	0.621488	0.673444
ME000595S08644-ME000595S08643	0.112409	0.551845	0.203697
ME000618S08828-ME000618S08820	0.973733	1.57532	0.618117
ME000627S08842-ME000627S08838	0.131778	0.829808	0.158805
ME000627S08843-ME000627S08838	0.248196	0.901026	0.275459
ME000640S08906-ME000640S08898	0.458293	NA	NA
ME000669S09063-ME000669S09064	0.0748505	0.0898633	0.832938
ME000669S09065-ME000669S09062	0.329326	0.632221	0.520903
ME000669S09068-ME000669S09067	0.35709	0.863492	0.413542
ME000671S09018-ME000671S09005	0.0397257	0.0523024	0.759539
ME000680S09091-ME000680S09085	0.209474	0.517663	0.404654
ME000722S09298-ME000722S09300	0.513023	1.15852	0.442825
ME000730S09356-ME000730S09357	0.138486	2.21347	0.0625652
ME000771S09536-ME000771S09537	0.62678	2.54387	0.246389
ME000774S09575-ME000774S09580	0.22692	0.349984	0.64837
ME000789S09557-ME000789S09556	0.309963	0.610148	0.508013
ME000843S10063-ME000843S10064	NA	NA	NA
ME000843S10064-ME000843S10069	NA	NA	NA
ME000935S10220-ME000935S10223	0.368844	0.434042	0.849788
ME001024S10723-ME001024S10722	NA	NA	NA
ME001169S00142-ME001169S00144	0.839404	0.814749	1.03026
