Seq	Ka	Ks	Ka/Ks
Apun_EVM_utg000023l.1010-Apun_EVM_utg000023l.1011	0.0569511	0.586452	0.0971114
Apun_EVM_utg000023l.1035-Apun_EVM_utg000023l.1036	0.622633	2.28298	0.272728
Apun_EVM_utg000023l.113-Apun_EVM_utg000023l.114	0.169981	0.398402	0.426656
Apun_EVM_utg000023l.1162-Apun_EVM_utg000023l.1164	0.100719	0.125584	0.802004
Apun_EVM_utg000023l.1165-Apun_EVM_utg000023l.1166	0.0289703	0.0394401	0.734539
Apun_EVM_utg000023l.1170-Apun_EVM_utg000023l.1171	0.12322	0.489414	0.25177
Apun_EVM_utg000023l.1171-Apun_EVM_utg000023l.1172	0.157065	0.685085	0.229263
Apun_EVM_utg000023l.1193-Apun_EVM_utg000023l.1194	0.412269	0.998227	0.413001
Apun_EVM_utg000023l.1213-Apun_EVM_utg000023l.1214	0.54152	NA	NA
Apun_EVM_utg000023l.126-Apun_EVM_utg000023l.128	0.119321	0.410671	0.290551
Apun_EVM_utg000023l.1277-Apun_EVM_utg000023l.1279	0.142804	0.38041	0.375395
Apun_EVM_utg000023l.128-Apun_EVM_utg000023l.129	0.218363	0.44225	0.493754
Apun_EVM_utg000023l.1374-Apun_EVM_utg000023l.1376	0.130421	0.236686	0.551029
Apun_EVM_utg000023l.1391-Apun_EVM_utg000023l.1393	0.114362	0.270849	0.422235
Apun_EVM_utg000023l.142-Apun_EVM_utg000023l.143	0.135292	0.239131	0.565767
Apun_EVM_utg000023l.1434-Apun_EVM_utg000023l.1435	0.145699	0.335875	0.43379
Apun_EVM_utg000023l.1439-Apun_EVM_utg000023l.1440	0.104924	0.380298	0.275899
Apun_EVM_utg000023l.1443-Apun_EVM_utg000023l.1444	0.317851	0.485155	0.655153
Apun_EVM_utg000023l.1444-Apun_EVM_utg000023l.1445	0.296698	0.49324	0.60153
Apun_EVM_utg000023l.1445-Apun_EVM_utg000023l.1446	0.277437	0.687046	0.403812
Apun_EVM_utg000023l.1479-Apun_EVM_utg000023l.1480	0.059986	0.148355	0.404341
Apun_EVM_utg000023l.1480-Apun_EVM_utg000023l.1481	0.115572	0.159238	0.725781
Apun_EVM_utg000023l.1481-Apun_EVM_utg000023l.1482	0.143937	0.284952	0.505127
Apun_EVM_utg000023l.1505-Apun_EVM_utg000023l.1507	0.220311	0.744032	0.296105
Apun_EVM_utg000023l.1509-Apun_EVM_utg000023l.1511	0.020945	0.183074	0.114407
Apun_EVM_utg000023l.1518-Apun_EVM_utg000023l.1519	0.479354	NA	NA
Apun_EVM_utg000023l.1523-Apun_EVM_utg000023l.1525	0.816958	2.59513	0.314804
Apun_EVM_utg000023l.1555-Apun_EVM_utg000023l.1556	0.285348	0.884316	0.322677
Apun_EVM_utg000023l.1565-Apun_EVM_utg000023l.1566	0.267927	0.476395	0.562405
Apun_EVM_utg000023l.171-Apun_EVM_utg000023l.172	0.270751	0.449039	0.602957
Apun_EVM_utg000023l.190-Apun_EVM_utg000023l.191	0.236502	0.32783	0.721417
Apun_EVM_utg000023l.218-Apun_EVM_utg000023l.219	0.129547	1.00421	0.129005
Apun_EVM_utg000023l.226-Apun_EVM_utg000023l.227	0.245631	0.928934	0.264423
Apun_EVM_utg000023l.227-Apun_EVM_utg000023l.228	0.0976274	0.277526	0.351778
Apun_EVM_utg000023l.267-Apun_EVM_utg000023l.268	0.122034	0.240556	0.507298
Apun_EVM_utg000023l.273-Apun_EVM_utg000023l.274	0.138629	0.240119	0.577335
Apun_EVM_utg000023l.273-Apun_EVM_utg000023l.275	0.104968	0.393081	0.267038
Apun_EVM_utg000023l.319-Apun_EVM_utg000023l.320	0.042904	0.0396943	1.08086
Apun_EVM_utg000023l.377-Apun_EVM_utg000023l.379	0.00942772	0.0156606	0.602002
Apun_EVM_utg000023l.412-Apun_EVM_utg000023l.413	0.162795	0.420742	0.386924
Apun_EVM_utg000023l.422-Apun_EVM_utg000023l.423	0.248013	2.13235	0.11631
Apun_EVM_utg000023l.462-Apun_EVM_utg000023l.464	0.228907	0.423712	0.540243
Apun_EVM_utg000023l.463-Apun_EVM_utg000023l.462	0.188884	0.337502	0.559653
Apun_EVM_utg000023l.49-Apun_EVM_utg000023l.50	0.364743	0.737551	0.494532
Apun_EVM_utg000023l.508-Apun_EVM_utg000023l.510	0.263973	0.434664	0.607304
Apun_EVM_utg000023l.510-Apun_EVM_utg000023l.511	0.284676	0.354692	0.802599
Apun_EVM_utg000023l.552-Apun_EVM_utg000023l.554	0.0589265	0.155522	0.378896
Apun_EVM_utg000023l.553-Apun_EVM_utg000023l.554	0.0873464	0.34782	0.251125
Apun_EVM_utg000023l.569-Apun_EVM_utg000023l.571	0.429335	NA	NA
Apun_EVM_utg000023l.587-Apun_EVM_utg000023l.588	0.151148	0.484973	0.311663
Apun_EVM_utg000023l.605-Apun_EVM_utg000023l.606	0.151776	0.194938	0.778588
Apun_EVM_utg000023l.609-Apun_EVM_utg000023l.611	0.208572	0.263718	0.790891
Apun_EVM_utg000023l.652-Apun_EVM_utg000023l.655	0.179599	0.435225	0.412657
Apun_EVM_utg000023l.700-Apun_EVM_utg000023l.702	0.459938	0.970403	0.473966
Apun_EVM_utg000023l.702-Apun_EVM_utg000023l.703	0.265916	0.483859	0.549572
Apun_EVM_utg000023l.707-Apun_EVM_utg000023l.709	0.163145	2.18584	0.074637
Apun_EVM_utg000023l.713-Apun_EVM_utg000023l.714	0.228809	0.572863	0.399413
Apun_EVM_utg000023l.714-Apun_EVM_utg000023l.715	0.169732	0.219115	0.774625
Apun_EVM_utg000023l.723-Apun_EVM_utg000023l.725	0.360588	0.40017	0.901085
Apun_EVM_utg000023l.764-Apun_EVM_utg000023l.766	0.139258	0.177389	0.785042
Apun_EVM_utg000023l.786-Apun_EVM_utg000023l.787	0.130944	0.154965	0.84499
Apun_EVM_utg000023l.816-Apun_EVM_utg000023l.818	0.743358	NA	NA
Apun_EVM_utg000023l.841-Apun_EVM_utg000023l.843	0.631986	0.941721	0.671097
Apun_EVM_utg000023l.861-Apun_EVM_utg000023l.862	0.193264	0.454759	0.424981
Apun_EVM_utg000023l.862-Apun_EVM_utg000023l.863	0.278206	0.415293	0.669903
Apun_EVM_utg000023l.93-Apun_EVM_utg000023l.94	0.245555	0.371374	0.661206
Apun_EVM_utg000023l.966-Apun_EVM_utg000023l.968	0.126062	0.326677	0.385893
Apun_EVM_utg000028l.103-Apun_EVM_utg000028l.105	0.0897099	0.213881	0.419439
Apun_EVM_utg000028l.129-Apun_EVM_utg000028l.130	0.146517	0.334411	0.438134
Apun_EVM_utg000028l.135-Apun_EVM_utg000028l.137	0.203187	0.427135	0.475697
Apun_EVM_utg000028l.187-Apun_EVM_utg000028l.188	0.0431447	0.180278	0.239324
Apun_EVM_utg000028l.189-Apun_EVM_utg000028l.191	0.0438698	0.0994482	0.441132
Apun_EVM_utg000028l.195-Apun_EVM_utg000028l.196	0.0143366	0.125649	0.114101
Apun_EVM_utg000028l.197-Apun_EVM_utg000028l.198	0.0642968	0.151595	0.424134
Apun_EVM_utg000028l.223-Apun_EVM_utg000028l.224	0.0118933	0.112356	0.105854
Apun_EVM_utg000028l.232-Apun_EVM_utg000028l.233	0.059612	0.184872	0.322451
Apun_EVM_utg000028l.264-Apun_EVM_utg000028l.266	0.18941	0.374583	0.505656
Apun_EVM_utg000028l.382-Apun_EVM_utg000028l.384	0.0848982	0.277587	0.305844
Apun_EVM_utg000028l.384-Apun_EVM_utg000028l.385	0.187169	0.372312	0.502722
Apun_EVM_utg000028l.40-Apun_EVM_utg000028l.41	0.461685	0.694664	0.664617
Apun_EVM_utg000028l.483-Apun_EVM_utg000028l.482	0.332928	1.48849	0.223668
Apun_EVM_utg000028l.504-Apun_EVM_utg000028l.505	0.505042	1.91494	0.263738
Apun_EVM_utg000028l.535-Apun_EVM_utg000028l.536	0.239162	0.551406	0.433731
Apun_EVM_utg000028l.547-Apun_EVM_utg000028l.548	0.237369	0.763886	0.310738
Apun_EVM_utg000028l.563-Apun_EVM_utg000028l.564	0.0693835	0.206551	0.335915
Apun_EVM_utg000028l.565-Apun_EVM_utg000028l.566	0.114313	0.223599	0.511241
Apun_EVM_utg000028l.579-Apun_EVM_utg000028l.580	0.248777	0.70791	0.351425
Apun_EVM_utg000028l.579-Apun_EVM_utg000028l.581	0.199863	1.13279	0.176435
Apun_EVM_utg000028l.606-Apun_EVM_utg000028l.608	0.429307	0.56931	0.754083
Apun_EVM_utg000028l.617-Apun_EVM_utg000028l.618	0.193101	0.245019	0.788105
Apun_EVM_utg000028l.63-Apun_EVM_utg000028l.64	0.0132468	0.31239	0.0424048
Apun_EVM_utg000028l.649-Apun_EVM_utg000028l.651	0.160829	0.310046	0.518728
Apun_EVM_utg000028l.662-Apun_EVM_utg000028l.664	0.761389	1.72028	0.442597
Apun_EVM_utg000028l.663-Apun_EVM_utg000028l.664	0.20779	1.35043	0.153869
Apun_EVM_utg000028l.665-Apun_EVM_utg000028l.667	0.537119	0.890275	0.603318
Apun_EVM_utg000028l.681-Apun_EVM_utg000028l.682	0.420742	0.895938	0.469611
Apun_EVM_utg000028l.726-Apun_EVM_utg000028l.728	0.312814	0.866996	0.360802
Apun_EVM_utg000028l.728-Apun_EVM_utg000028l.729	0.221776	0.67664	0.327761
Apun_EVM_utg000028l.744-Apun_EVM_utg000028l.746	0.0788026	0.171622	0.459164
Apun_EVM_utg000028l.761-Apun_EVM_utg000028l.762	0.117398	0.233657	0.502436
Apun_EVM_utg000028l.761-Apun_EVM_utg000028l.763	0.407426	0.893639	0.455918
Apun_EVM_utg000028l.764-Apun_EVM_utg000028l.765	0.335738	2.15047	0.156123
Apun_EVM_utg000028l.794-Apun_EVM_utg000028l.795	0.704306	NA	NA
Apun_EVM_utg000029l.120-Apun_EVM_utg000029l.122	0.093851	0.176892	0.530554
Apun_EVM_utg000029l.121-Apun_EVM_utg000029l.122	0.135298	0.143094	0.945521
Apun_EVM_utg000029l.152-Apun_EVM_utg000029l.153	1.12444	2.60359	0.431879
Apun_EVM_utg000029l.20-Apun_EVM_utg000029l.22	0.0616944	0.0797883	0.773227
Apun_EVM_utg000029l.22-Apun_EVM_utg000029l.23	0.037077	0.121136	0.306077
Apun_EVM_utg000029l.233-Apun_EVM_utg000029l.235	0.489874	0.60838	0.805211
Apun_EVM_utg000029l.238-Apun_EVM_utg000029l.240	0.115203	0.185043	0.622572
Apun_EVM_utg000029l.239-Apun_EVM_utg000029l.240	0.153191	0.202672	0.75586
Apun_EVM_utg000029l.240-Apun_EVM_utg000029l.241	0.0332998	0.0313663	1.06164
Apun_EVM_utg000029l.243-Apun_EVM_utg000029l.244	0.822229	1.00047	0.821847
Apun_EVM_utg000029l.280-Apun_EVM_utg000029l.282	0.446661	0.566319	0.788708
Apun_EVM_utg000029l.285-Apun_EVM_utg000029l.286	0.0988066	0.324142	0.304825
Apun_EVM_utg000029l.295-Apun_EVM_utg000029l.297	0.0192431	0.106186	0.18122
Apun_EVM_utg000029l.303-Apun_EVM_utg000029l.304	0.00429674	0.112152	0.0383118
Apun_EVM_utg000029l.76-Apun_EVM_utg000029l.77	0.0700464	0.105483	0.664052
Apun_EVM_utg000029l.77-Apun_EVM_utg000029l.79	0.0905314	0.263764	0.343229
Apun_EVM_utg000029l.87-Apun_EVM_utg000029l.88	0.094037	0.363203	0.25891
Apun_EVM_utg000031l.10-Apun_EVM_utg000031l.11	0.0201084	0.0324726	0.619243
Apun_EVM_utg000031l.127-Apun_EVM_utg000031l.129	0.0982762	0.17493	0.561803
Apun_EVM_utg000031l.12-Apun_EVM_utg000031l.14	0.20236	0.406724	0.497536
Apun_EVM_utg000031l.153-Apun_EVM_utg000031l.154	0.237178	0.245382	0.966566
Apun_EVM_utg000031l.160-Apun_EVM_utg000031l.161	0.172136	0.322963	0.532991
Apun_EVM_utg000031l.217-Apun_EVM_utg000031l.219	0.197519	0.567647	0.34796
Apun_EVM_utg000031l.222-Apun_EVM_utg000031l.223	0.201258	0.478517	0.420588
Apun_EVM_utg000031l.239-Apun_EVM_utg000031l.240	0.506333	0.817687	0.619226
Apun_EVM_utg000031l.317-Apun_EVM_utg000031l.319	0.0939939	0.219261	0.428686
Apun_EVM_utg000031l.318-Apun_EVM_utg000031l.319	0.579219	0.878502	0.659326
Apun_EVM_utg000031l.319-Apun_EVM_utg000031l.320	0.122629	0.192681	0.636437
Apun_EVM_utg000031l.320-Apun_EVM_utg000031l.321	0.177863	0.225489	0.788789
Apun_EVM_utg000031l.354-Apun_EVM_utg000031l.356	0.0277294	0.160185	0.173109
Apun_EVM_utg000031l.430-Apun_EVM_utg000031l.432	0.478654	1.39864	0.342228
Apun_EVM_utg000031l.432-Apun_EVM_utg000031l.433	0.0883933	0.235189	0.375839
Apun_EVM_utg000031l.462-Apun_EVM_utg000031l.464	0.478755	0.484185	0.988786
Apun_EVM_utg000031l.464-Apun_EVM_utg000031l.465	0.126221	0.214733	0.587803
Apun_EVM_utg000031l.465-Apun_EVM_utg000031l.466	0.265686	0.529235	0.502018
Apun_EVM_utg000031l.486-Apun_EVM_utg000031l.487	0.436145	0.918961	0.474606
Apun_EVM_utg000031l.550-Apun_EVM_utg000031l.552	0.00218214	0.00344272	0.633842
Apun_EVM_utg000031l.555-Apun_EVM_utg000031l.556	0.0501454	0.048651	1.03072
Apun_EVM_utg000031l.560-Apun_EVM_utg000031l.561	0.0991866	0.154532	0.641853
Apun_EVM_utg000031l.562-Apun_EVM_utg000031l.564	NA	NA	NA
Apun_EVM_utg000031l.563-Apun_EVM_utg000031l.565	NA	NA	NA
Apun_EVM_utg000031l.564-Apun_EVM_utg000031l.566	NA	NA	NA
Apun_EVM_utg000031l.565-Apun_EVM_utg000031l.567	NA	NA	NA
Apun_EVM_utg000031l.566-Apun_EVM_utg000031l.568	NA	NA	NA
Apun_EVM_utg000031l.567-Apun_EVM_utg000031l.569	0.00100118	NA	NA
Apun_EVM_utg000031l.568-Apun_EVM_utg000031l.570	NA	NA	NA
Apun_EVM_utg000031l.588-Apun_EVM_utg000031l.589	0.123282	0.47923	0.25725
Apun_EVM_utg000031l.61-Apun_EVM_utg000031l.63	0.702289	0.938671	0.748173
Apun_EVM_utg000031l.622-Apun_EVM_utg000031l.623	0.185379	0.646636	0.286683
Apun_EVM_utg000031l.646-Apun_EVM_utg000031l.647	0.168503	2.50882	0.0671643
Apun_EVM_utg000031l.680-Apun_EVM_utg000031l.681	1.11965	NA	NA
Apun_EVM_utg000031l.699-Apun_EVM_utg000031l.701	0.339405	0.499451	0.679556
Apun_EVM_utg000031l.704-Apun_EVM_utg000031l.705	0.085383	0.239375	0.356691
Apun_EVM_utg000031l.86-Apun_EVM_utg000031l.87	0.218968	0.465624	0.470268
Apun_EVM_utg000031l.88-Apun_EVM_utg000031l.90	0.305137	0.583381	0.523049
Apun_EVM_utg000031l.90-Apun_EVM_utg000031l.91	0.0478823	0.101134	0.473453
Apun_EVM_utg000036l.11-Apun_EVM_utg000036l.13	0.00156497	0.00516326	0.303097
Apun_EVM_utg000038l.15-Apun_EVM_utg000038l.17	0.662578	NA	NA
Apun_EVM_utg000038l.193-Apun_EVM_utg000038l.195	NA	NA	NA
Apun_EVM_utg000038l.194-Apun_EVM_utg000038l.195	0.0494434	0.058112	0.850828
Apun_EVM_utg000038l.195-Apun_EVM_utg000038l.196	0.0669122	0.0927156	0.721692
Apun_EVM_utg000038l.196-Apun_EVM_utg000038l.197	NA	NA	NA
Apun_EVM_utg000038l.197-Apun_EVM_utg000038l.198	0.0694697	0.070841	0.980643
Apun_EVM_utg000038l.199-Apun_EVM_utg000038l.200	0.267637	0.363456	0.736367
Apun_EVM_utg000038l.303-Apun_EVM_utg000038l.305	0.0646245	0.267422	0.241658
Apun_EVM_utg000038l.407-Apun_EVM_utg000038l.408	0.143489	0.337157	0.425586
Apun_EVM_utg000038l.437-Apun_EVM_utg000038l.439	0.260716	0.721307	0.36145
Apun_EVM_utg000038l.450-Apun_EVM_utg000038l.452	0.264254	0.493001	0.536011
Apun_EVM_utg000038l.452-Apun_EVM_utg000038l.454	0.236118	0.508902	0.463976
Apun_EVM_utg000038l.454-Apun_EVM_utg000038l.455	0.263682	0.497825	0.529668
Apun_EVM_utg000038l.499-Apun_EVM_utg000038l.501	0.384065	0.516448	0.743667
Apun_EVM_utg000038l.500-Apun_EVM_utg000038l.501	0.133882	0.178912	0.74831
Apun_EVM_utg000038l.501-Apun_EVM_utg000038l.502	0.194562	0.175591	1.10804
Apun_EVM_utg000038l.504-Apun_EVM_utg000038l.505	0.339312	0.534972	0.63426
Apun_EVM_utg000038l.515-Apun_EVM_utg000038l.516	0.579484	0.540295	1.07253
Apun_EVM_utg000038l.530-Apun_EVM_utg000038l.531	0.0295195	0.158271	0.186513
Apun_EVM_utg000038l.532-Apun_EVM_utg000038l.533	0.37327	0.520284	0.717436
Apun_EVM_utg000038l.575-Apun_EVM_utg000038l.576	0.193901	0.328802	0.589719
Apun_EVM_utg000038l.586-Apun_EVM_utg000038l.587	0.365082	0.627937	0.581399
Apun_EVM_utg000038l.588-Apun_EVM_utg000038l.589	1.08098	1.60715	0.672607
Apun_EVM_utg000038l.597-Apun_EVM_utg000038l.599	0.471866	0.545134	0.865597
Apun_EVM_utg000038l.598-Apun_EVM_utg000038l.600	0.177851	0.368375	0.482798
Apun_EVM_utg000038l.668-Apun_EVM_utg000038l.670	0.0898086	0.309227	0.29043
Apun_EVM_utg000038l.743-Apun_EVM_utg000038l.744	1.2665	2.05708	0.615677
Apun_EVM_utg000038l.74-Apun_EVM_utg000038l.76	0.685633	2.11704	0.323863
Apun_EVM_utg000038l.79-Apun_EVM_utg000038l.80	0.297863	0.513633	0.579913
Apun_EVM_utg000038l.829-Apun_EVM_utg000038l.830	0.0201454	0.0525671	0.383231
Apun_EVM_utg000038l.94-Apun_EVM_utg000038l.95	0.364618	0.607775	0.599923
Apun_EVM_utg000038l.96-Apun_EVM_utg000038l.97	0.367844	1.17177	0.313921
Apun_EVM_utg000038l.97-Apun_EVM_utg000038l.98	0.417934	1.38258	0.302286
Apun_EVM_utg000038l.99-Apun_EVM_utg000038l.100	0.284525	0.625922	0.454569
Apun_EVM_utg000039l.1041-Apun_EVM_utg000039l.1042	0.402544	0.480796	0.837245
Apun_EVM_utg000039l.1049-Apun_EVM_utg000039l.1050	0.451866	1.24376	0.363308
Apun_EVM_utg000039l.1050-Apun_EVM_utg000039l.1051	0.339611	0.570827	0.594945
Apun_EVM_utg000039l.1053-Apun_EVM_utg000039l.1055	0.302575	0.523577	0.577901
Apun_EVM_utg000039l.1061-Apun_EVM_utg000039l.1063	1.06734	1.65129	0.646365
Apun_EVM_utg000039l.131-Apun_EVM_utg000039l.132	0.0710157	NA	NA
Apun_EVM_utg000039l.313-Apun_EVM_utg000039l.314	0.711106	1.47724	0.481373
Apun_EVM_utg000039l.380-Apun_EVM_utg000039l.382	0.345753	NA	NA
Apun_EVM_utg000039l.50-Apun_EVM_utg000039l.52	0.0717146	0.0969795	0.739482
Apun_EVM_utg000039l.522-Apun_EVM_utg000039l.524	1.15198	2.63644	0.436945
Apun_EVM_utg000039l.590-Apun_EVM_utg000039l.1074	0.0079161	0.0179309	0.441478
Apun_EVM_utg000039l.62-Apun_EVM_utg000039l.63	0.0573565	0.232493	0.246703
Apun_EVM_utg000039l.697-Apun_EVM_utg000039l.698	0.0710505	0.194198	0.365866
Apun_EVM_utg000039l.712-Apun_EVM_utg000039l.713	0.107618	0.242592	0.443618
Apun_EVM_utg000039l.716-Apun_EVM_utg000039l.717	0.432476	0.811297	0.533067
Apun_EVM_utg000039l.728-Apun_EVM_utg000039l.729	0.347366	1.21906	0.284945
Apun_EVM_utg000039l.77-Apun_EVM_utg000039l.79	0.323483	0.565906	0.571619
Apun_EVM_utg000039l.800-Apun_EVM_utg000039l.801	0.131964	0.276569	0.477146
Apun_EVM_utg000039l.833-Apun_EVM_utg000039l.834	0.146465	0.341666	0.42868
Apun_EVM_utg000039l.884-Apun_EVM_utg000039l.885	0.667501	0.905164	0.737436
Apun_EVM_utg000039l.898-Apun_EVM_utg000039l.900	0.105851	0.516745	0.204843
Apun_EVM_utg000039l.900-Apun_EVM_utg000039l.901	0.0910756	0.434336	0.209689
Apun_EVM_utg000039l.903-Apun_EVM_utg000039l.905	0.111417	0.203219	0.54826
Apun_EVM_utg000039l.904-Apun_EVM_utg000039l.905	0.480748	0.782307	0.614527
Apun_EVM_utg000039l.932-Apun_EVM_utg000039l.934	0.0168842	0.243669	0.0692914
Apun_EVM_utg000039l.941-Apun_EVM_utg000039l.943	0.700582	1.61527	0.433724
Apun_EVM_utg000039l.965-Apun_EVM_utg000039l.966	0.456044	0.82479	0.552922
Apun_EVM_utg000039l.966-Apun_EVM_utg000039l.967	0.450189	0.847672	0.531089
Apun_EVM_utg000040l.11-Apun_EVM_utg000040l.12	0.0606286	0.175907	0.344662
Apun_EVM_utg000040l.12-Apun_EVM_utg000040l.13	0.065778	0.163251	0.402927
Apun_EVM_utg000040l.131-Apun_EVM_utg000040l.132	0.173692	0.243856	0.712274
Apun_EVM_utg000040l.131-Apun_EVM_utg000040l.133	NA	NA	NA
Apun_EVM_utg000040l.181-Apun_EVM_utg000040l.183	0.23015	0.243085	0.946788
Apun_EVM_utg000040l.184-Apun_EVM_utg000040l.186	0.195216	0.344882	0.566036
Apun_EVM_utg000040l.185-Apun_EVM_utg000040l.186	0.178305	0.419916	0.424622
Apun_EVM_utg000040l.209-Apun_EVM_utg000040l.211	0.193804	0.210347	0.921357
Apun_EVM_utg000040l.59-Apun_EVM_utg000040l.61	0.244937	0.240673	1.01772
Apun_EVM_utg000041l.104-Apun_EVM_utg000041l.105	0.0100085	0.201764	0.0496051
Apun_EVM_utg000041l.105-Apun_EVM_utg000041l.106	0.0116946	0.145809	0.0802053
Apun_EVM_utg000041l.106-Apun_EVM_utg000041l.107	0.00666221	0.0828738	0.0803897
Apun_EVM_utg000041l.120-Apun_EVM_utg000041l.121	0.300921	0.44019	0.683617
Apun_EVM_utg000041l.167-Apun_EVM_utg000041l.169	0.15414	3.95352	0.038988
Apun_EVM_utg000041l.174-Apun_EVM_utg000041l.175	0.27992	0.528432	0.529718
Apun_EVM_utg000041l.182-Apun_EVM_utg000041l.183	0.0341035	0.0850575	0.400947
Apun_EVM_utg000041l.196-Apun_EVM_utg000041l.198	0.0144613	0.0553343	0.261344
Apun_EVM_utg000041l.204-Apun_EVM_utg000041l.206	0.201401	0.388042	0.519018
Apun_EVM_utg000041l.215-Apun_EVM_utg000041l.216	0.209224	0.434296	0.481755
Apun_EVM_utg000041l.216-Apun_EVM_utg000041l.217	0.226916	0.457945	0.495509
Apun_EVM_utg000041l.287-Apun_EVM_utg000041l.288	0.350562	1.29009	0.271735
Apun_EVM_utg000041l.289-Apun_EVM_utg000041l.291	0.196119	0.324802	0.60381
Apun_EVM_utg000041l.298-Apun_EVM_utg000041l.300	0.13619	0.179868	0.757164
Apun_EVM_utg000041l.299-Apun_EVM_utg000041l.301	0.106525	0.193893	0.549402
Apun_EVM_utg000041l.354-Apun_EVM_utg000041l.355	0.117211	0.266052	0.440557
Apun_EVM_utg000041l.355-Apun_EVM_utg000041l.356	0.0420454	0.0603999	0.696117
Apun_EVM_utg000041l.43-Apun_EVM_utg000041l.44	0.313372	1.41889	0.220857
Apun_EVM_utg000041l.78-Apun_EVM_utg000041l.79	0.272623	1.12014	0.243383
Apun_EVM_utg000041l.82-Apun_EVM_utg000041l.83	0.356232	0.897302	0.397003
Apun_EVM_utg000042l.45-Apun_EVM_utg000042l.46	0.870821	1.29305	0.673462
Apun_EVM_utg000042l.88-Apun_EVM_utg000042l.90	0.232144	0.369151	0.628859
Apun_EVM_utg000043l.1175-Apun_EVM_utg000043l.1176	0.0537551	0.17449	0.30807
Apun_EVM_utg000043l.1214-Apun_EVM_utg000043l.1215	0.727772	1.26248	0.576461
Apun_EVM_utg000043l.1220-Apun_EVM_utg000043l.1221	0.561833	2.56054	0.21942
Apun_EVM_utg000043l.1222-Apun_EVM_utg000043l.1224	0.320855	0.787753	0.407305
Apun_EVM_utg000043l.1285-Apun_EVM_utg000043l.1287	0.271243	1.95867	0.138483
Apun_EVM_utg000043l.1332-Apun_EVM_utg000043l.1333	0.373363	0.571485	0.65332
Apun_EVM_utg000043l.1363-Apun_EVM_utg000043l.1364	0.195345	0.440854	0.443107
Apun_EVM_utg000043l.1364-Apun_EVM_utg000043l.1365	0.0721275	0.0741807	0.972321
Apun_EVM_utg000043l.1364-Apun_EVM_utg000043l.1366	0.0500892	0.0698617	0.716977
Apun_EVM_utg000043l.1445-Apun_EVM_utg000043l.1446	0.111932	0.366145	0.305704
Apun_EVM_utg000043l.1449-Apun_EVM_utg000043l.1450	0.359155	1.08235	0.331829
Apun_EVM_utg000043l.1528-Apun_EVM_utg000043l.1529	0.327244	2.00719	0.163036
Apun_EVM_utg000043l.1598-Apun_EVM_utg000043l.1599	0.0627284	0.151794	0.413246
Apun_EVM_utg000043l.1637-Apun_EVM_utg000043l.1638	0.222383	0.920146	0.241683
Apun_EVM_utg000043l.1655-Apun_EVM_utg000043l.1656	0.15824	0.421522	0.375401
Apun_EVM_utg000043l.1664-Apun_EVM_utg000043l.1665	0.0388654	0.214471	0.181215
Apun_EVM_utg000043l.1665-Apun_EVM_utg000043l.1666	0.306862	1.07309	0.285962
Apun_EVM_utg000043l.1720-Apun_EVM_utg000043l.1721	0.332775	1.5931	0.208885
Apun_EVM_utg000043l.17-Apun_EVM_utg000043l.18	0.0506904	0.243634	0.20806
Apun_EVM_utg000043l.222-Apun_EVM_utg000043l.224	0.521786	0.576579	0.904968
Apun_EVM_utg000043l.224-Apun_EVM_utg000043l.225	0.398598	0.464579	0.857976
Apun_EVM_utg000043l.307-Apun_EVM_utg000043l.309	0.508559	3.43994	0.147839
Apun_EVM_utg000043l.323-Apun_EVM_utg000043l.324	0.514989	1.63883	0.314242
Apun_EVM_utg000043l.358-Apun_EVM_utg000043l.359	0.30101	0.464976	0.647366
Apun_EVM_utg000043l.367-Apun_EVM_utg000043l.368	0.156416	0.122595	1.27588
Apun_EVM_utg000043l.38-Apun_EVM_utg000043l.40	NA	NA	NA
Apun_EVM_utg000043l.47-Apun_EVM_utg000043l.48	0.127829	0.404909	0.315699
Apun_EVM_utg000043l.483-Apun_EVM_utg000043l.485	0.175205	0.219544	0.79804
Apun_EVM_utg000043l.490-Apun_EVM_utg000043l.491	0.119083	0.25752	0.462421
Apun_EVM_utg000043l.490-Apun_EVM_utg000043l.492	0.383219	0.644671	0.594442
Apun_EVM_utg000043l.510-Apun_EVM_utg000043l.511	0.0943144	0.102898	0.916578
Apun_EVM_utg000043l.511-Apun_EVM_utg000043l.512	0.16568	0.458854	0.361074
Apun_EVM_utg000043l.563-Apun_EVM_utg000043l.564	0.142128	0.19999	0.710676
Apun_EVM_utg000043l.602-Apun_EVM_utg000043l.604	0.359507	0.526552	0.682757
Apun_EVM_utg000043l.636-Apun_EVM_utg000043l.637	0.14759	3.08056	0.0479101
Apun_EVM_utg000043l.648-Apun_EVM_utg000043l.649	0.195658	0.437831	0.44688
Apun_EVM_utg000043l.660-Apun_EVM_utg000043l.662	0.390794	0.512715	0.762205
Apun_EVM_utg000043l.676-Apun_EVM_utg000043l.677	0.462297	0.784164	0.589542
Apun_EVM_utg000043l.685-Apun_EVM_utg000043l.686	0.192253	0.246285	0.780612
Apun_EVM_utg000043l.712-Apun_EVM_utg000043l.713	0.0239058	0.0627049	0.381243
Apun_EVM_utg000043l.723-Apun_EVM_utg000043l.724	0.241417	0.935894	0.257954
Apun_EVM_utg000043l.723-Apun_EVM_utg000043l.725	0.205509	0.744426	0.276064
Apun_EVM_utg000043l.748-Apun_EVM_utg000043l.750	1.90939	NA	NA
Apun_EVM_utg000043l.763-Apun_EVM_utg000043l.764	0.255131	0.435658	0.585623
Apun_EVM_utg000043l.764-Apun_EVM_utg000043l.765	0.292341	0.510222	0.572968
Apun_EVM_utg000043l.765-Apun_EVM_utg000043l.766	0.407323	0.732341	0.556193
Apun_EVM_utg000043l.766-Apun_EVM_utg000043l.767	0.319809	0.354198	0.902911
Apun_EVM_utg000043l.768-Apun_EVM_utg000043l.769	0.580293	0.839308	0.691394
Apun_EVM_utg000043l.771-Apun_EVM_utg000043l.772	0.359727	0.692135	0.519735
Apun_EVM_utg000043l.772-Apun_EVM_utg000043l.773	0.34387	0.511206	0.672664
Apun_EVM_utg000043l.773-Apun_EVM_utg000043l.774	0.231329	0.236746	0.97712
Apun_EVM_utg000043l.774-Apun_EVM_utg000043l.775	1.15178	1.83815	0.626596
Apun_EVM_utg000043l.776-Apun_EVM_utg000043l.777	0.504304	0.743185	0.678571
Apun_EVM_utg000043l.777-Apun_EVM_utg000043l.778	0.506804	0.734539	0.689962
Apun_EVM_utg000043l.778-Apun_EVM_utg000043l.779	0.206075	0.40036	0.514724
Apun_EVM_utg000043l.783-Apun_EVM_utg000043l.784	0.079963	0.129813	0.615984
Apun_EVM_utg000043l.803-Apun_EVM_utg000043l.804	1.69216	2.03195	0.832779
Apun_EVM_utg000044l.13-Apun_EVM_utg000044l.14	0.0894854	0.322161	0.277766
Apun_EVM_utg000044l.17-Apun_EVM_utg000044l.18	0.19957	0.384532	0.518994
Apun_EVM_utg000044l.7-Apun_EVM_utg000044l.8	0.408255	0.74274	0.549661
Apun_EVM_utg000045l.123-Apun_EVM_utg000045l.125	0.984459	2.27025	0.433635
Apun_EVM_utg000045l.142-Apun_EVM_utg000045l.144	0.721602	1.02543	0.703708
Apun_EVM_utg000045l.233-Apun_EVM_utg000045l.235	0.343996	0.402325	0.855022
Apun_EVM_utg000045l.235-Apun_EVM_utg000045l.236	0.0376578	0.257028	0.146513
Apun_EVM_utg000045l.256-Apun_EVM_utg000045l.257	0.387845	0.691095	0.561204
Apun_EVM_utg000045l.27-Apun_EVM_utg000045l.28	0.214275	0.642136	0.33369
Apun_EVM_utg000045l.359-Apun_EVM_utg000045l.360	0.379752	0.429973	0.883201
Apun_EVM_utg000045l.398-Apun_EVM_utg000045l.399	0.200131	1.48749	0.134543
Apun_EVM_utg000045l.3-Apun_EVM_utg000045l.4	0.0782913	0.198719	0.393981
Apun_EVM_utg000045l.4-Apun_EVM_utg000045l.6	0.0638165	0.17492	0.364832
Apun_EVM_utg000045l.518-Apun_EVM_utg000045l.519	0.391511	0.862648	0.453848
Apun_EVM_utg000045l.519-Apun_EVM_utg000045l.521	0.299229	0.356004	0.840521
Apun_EVM_utg000045l.544-Apun_EVM_utg000045l.545	0.466556	1.47167	0.317026
Apun_EVM_utg000045l.670-Apun_EVM_utg000045l.672	0.194813	0.386803	0.503649
Apun_EVM_utg000045l.685-Apun_EVM_utg000045l.686	0.155783	0.345785	0.45052
Apun_EVM_utg000045l.686-Apun_EVM_utg000045l.687	0.217581	0.357462	0.608684
Apun_EVM_utg000045l.687-Apun_EVM_utg000045l.689	0.212536	0.423723	0.50159
Apun_EVM_utg000045l.690-Apun_EVM_utg000045l.692	0.0408564	0.0543691	0.751465
Apun_EVM_utg000045l.716-Apun_EVM_utg000045l.717	0.303728	0.348931	0.87045
Apun_EVM_utg000045l.717-Apun_EVM_utg000045l.719	1.1315	1.70095	0.665217
Apun_EVM_utg000045l.730-Apun_EVM_utg000045l.732	0.496694	0.543986	0.913064
Apun_EVM_utg000045l.732-Apun_EVM_utg000045l.734	0.911119	2.92606	0.311381
Apun_EVM_utg000045l.735-Apun_EVM_utg000045l.737	1.1362	2.28306	0.497666
Apun_EVM_utg000045l.736-Apun_EVM_utg000045l.738	0.045131	0.0535401	0.842938
Apun_EVM_utg000045l.96-Apun_EVM_utg000045l.98	0.0756268	0.131599	0.574678
Apun_EVM_utg000046l.55-Apun_EVM_utg000046l.56	0.0658954	0.177963	0.370276
Apun_EVM_utg000046l.86-Apun_EVM_utg000046l.87	0.0393656	0.042319	0.93021
Apun_EVM_utg000048l.111-Apun_EVM_utg000048l.112	0.376349	0.493468	0.762661
Apun_EVM_utg000048l.147-Apun_EVM_utg000048l.148	0.489539	1.62888	0.300537
Apun_EVM_utg000048l.151-Apun_EVM_utg000048l.152	1.21916	2.26251	0.538854
Apun_EVM_utg000048l.151-Apun_EVM_utg000048l.153	0.338937	0.438183	0.773505
Apun_EVM_utg000048l.160-Apun_EVM_utg000048l.162	0.451914	0.837386	0.539672
Apun_EVM_utg000048l.170-Apun_EVM_utg000048l.172	0.842312	1.23685	0.681015
Apun_EVM_utg000048l.23-Apun_EVM_utg000048l.24	0.132677	0.456642	0.29055
Apun_EVM_utg000049l.137-Apun_EVM_utg000049l.138	0.0957615	0.305438	0.313522
Apun_EVM_utg000049l.168-Apun_EVM_utg000049l.169	0.313786	0.349054	0.898962
Apun_EVM_utg000049l.17-Apun_EVM_utg000049l.19	0.261368	0.324925	0.804394
Apun_EVM_utg000049l.207-Apun_EVM_utg000049l.209	0.222224	0.340089	0.653428
Apun_EVM_utg000049l.208-Apun_EVM_utg000049l.210	0.138653	0.277719	0.499258
Apun_EVM_utg000049l.210-Apun_EVM_utg000049l.212	0.334378	0.452374	0.739163
Apun_EVM_utg000049l.211-Apun_EVM_utg000049l.213	0.152751	0.201684	0.757379
Apun_EVM_utg000049l.212-Apun_EVM_utg000049l.214	0.285451	0.392079	0.728046
Apun_EVM_utg000049l.2-Apun_EVM_utg000049l.4	0.0242229	0.0298928	0.810324
Apun_EVM_utg000049l.3-Apun_EVM_utg000049l.5	0.0307335	0.0619387	0.496193
Apun_EVM_utg000049l.4-Apun_EVM_utg000049l.6	0.0313248	0.0390918	0.801313
Apun_EVM_utg000049l.5-Apun_EVM_utg000049l.7	0.0517412	0.117992	0.438516
Apun_EVM_utg000049l.65-Apun_EVM_utg000049l.67	1.09293	NA	NA
Apun_EVM_utg000049l.6-Apun_EVM_utg000049l.8	0.178242	0.348803	0.511009
Apun_EVM_utg000049l.7-Apun_EVM_utg000049l.9	0.0112853	0.0158698	0.711115
Apun_EVM_utg000049l.8-Apun_EVM_utg000049l.10	0.201058	0.244859	0.821116
Apun_EVM_utg000049l.96-Apun_EVM_utg000049l.98	0.332056	0.399513	0.831154
Apun_EVM_utg000050l.112-Apun_EVM_utg000050l.113	0.31762	0.376751	0.84305
Apun_EVM_utg000050l.135-Apun_EVM_utg000050l.137	0.0695062	0.212949	0.326399
Apun_EVM_utg000050l.138-Apun_EVM_utg000050l.140	0.196693	0.330284	0.595527
Apun_EVM_utg000050l.139-Apun_EVM_utg000050l.140	0.281764	0.453497	0.621314
Apun_EVM_utg000050l.140-Apun_EVM_utg000050l.141	0.367132	0.731845	0.501653
Apun_EVM_utg000050l.200-Apun_EVM_utg000050l.202	0.634149	0.623589	1.01693
Apun_EVM_utg000050l.211-Apun_EVM_utg000050l.213	NA	NA	NA
Apun_EVM_utg000050l.36-Apun_EVM_utg000050l.37	0.0737162	0.166145	0.443686
Apun_EVM_utg000050l.59-Apun_EVM_utg000050l.61	0.360578	0.797335	0.45223
Apun_EVM_utg000051l.1002-Apun_EVM_utg000051l.1003	0.135184	0.354719	0.381102
Apun_EVM_utg000051l.1009-Apun_EVM_utg000051l.1010	0.115362	0.102977	1.12027
Apun_EVM_utg000051l.1010-Apun_EVM_utg000051l.1012	0.240354	0.313311	0.767141
Apun_EVM_utg000051l.1024-Apun_EVM_utg000051l.1026	0.772447	3.1194	0.247626
Apun_EVM_utg000051l.1026-Apun_EVM_utg000051l.1025	1.14239	2.46817	0.462848
Apun_EVM_utg000051l.1027-Apun_EVM_utg000051l.1028	0.259334	0.420019	0.617434
Apun_EVM_utg000051l.1031-Apun_EVM_utg000051l.1032	0.0660961	0.248194	0.266308
Apun_EVM_utg000051l.1055-Apun_EVM_utg000051l.1057	0.093913	0.231885	0.404999
Apun_EVM_utg000051l.1057-Apun_EVM_utg000051l.1056	0.0439487	0.19306	0.227643
Apun_EVM_utg000051l.1082-Apun_EVM_utg000051l.1083	0.0656165	0.331229	0.1981
Apun_EVM_utg000051l.1107-Apun_EVM_utg000051l.1109	0.290034	0.138464	2.09466
Apun_EVM_utg000051l.1109-Apun_EVM_utg000051l.1110	0.21115	0.164164	1.28621
Apun_EVM_utg000051l.1133-Apun_EVM_utg000051l.1135	0.27547	0.629671	0.437482
Apun_EVM_utg000051l.1135-Apun_EVM_utg000051l.1136	0.0291203	0.295356	0.0985938
Apun_EVM_utg000051l.1136-Apun_EVM_utg000051l.1137	0.254983	0.325712	0.782848
Apun_EVM_utg000051l.1137-Apun_EVM_utg000051l.1139	0.274531	0.622649	0.440907
Apun_EVM_utg000051l.1145-Apun_EVM_utg000051l.1146	0.480527	1.33631	0.359594
Apun_EVM_utg000051l.1146-Apun_EVM_utg000051l.1147	0.487248	1.78089	0.273599
Apun_EVM_utg000051l.114-Apun_EVM_utg000051l.116	0.142722	0.389519	0.366407
Apun_EVM_utg000051l.1152-Apun_EVM_utg000051l.1153	0.55484	1.22088	0.454461
Apun_EVM_utg000051l.115-Apun_EVM_utg000051l.117	0.129861	0.548132	0.236916
Apun_EVM_utg000051l.116-Apun_EVM_utg000051l.117	0.0936934	0.357938	0.261759
Apun_EVM_utg000051l.1178-Apun_EVM_utg000051l.1179	0.0669821	0.188291	0.355736
Apun_EVM_utg000051l.117-Apun_EVM_utg000051l.118	0.428017	0.893101	0.479248
Apun_EVM_utg000051l.131-Apun_EVM_utg000051l.133	0.0605843	0.180497	0.335652
Apun_EVM_utg000051l.132-Apun_EVM_utg000051l.134	0.215191	0.284698	0.755857
Apun_EVM_utg000051l.164-Apun_EVM_utg000051l.165	0.0854463	0.188666	0.452898
Apun_EVM_utg000051l.223-Apun_EVM_utg000051l.224	0.437393	0.677552	0.645549
Apun_EVM_utg000051l.224-Apun_EVM_utg000051l.225	0.0626541	0.0847442	0.739332
Apun_EVM_utg000051l.226-Apun_EVM_utg000051l.227	0.0398434	0.121653	0.327517
Apun_EVM_utg000051l.227-Apun_EVM_utg000051l.229	0.0666498	0.242339	0.275028
Apun_EVM_utg000051l.264-Apun_EVM_utg000051l.265	0.122325	0.254476	0.480692
Apun_EVM_utg000051l.27-Apun_EVM_utg000051l.29	0.0938598	0.208609	0.449932
Apun_EVM_utg000051l.335-Apun_EVM_utg000051l.337	0.0218213	0.0428566	0.509171
Apun_EVM_utg000051l.336-Apun_EVM_utg000051l.337	0.0429312	0.0585416	0.733345
Apun_EVM_utg000051l.387-Apun_EVM_utg000051l.388	0.869116	NA	NA
Apun_EVM_utg000051l.41-Apun_EVM_utg000051l.43	0.0291873	0.0719371	0.405734
Apun_EVM_utg000051l.420-Apun_EVM_utg000051l.421	0.172338	0.898806	0.191741
Apun_EVM_utg000051l.436-Apun_EVM_utg000051l.438	0.0914776	0.229888	0.397922
Apun_EVM_utg000051l.437-Apun_EVM_utg000051l.439	0.0859458	0.172301	0.498813
Apun_EVM_utg000051l.43-Apun_EVM_utg000051l.44	0.0610974	0.191872	0.318428
Apun_EVM_utg000051l.488-Apun_EVM_utg000051l.489	0.392125	0.750151	0.522728
Apun_EVM_utg000051l.503-Apun_EVM_utg000051l.504	0.0689197	0.169149	0.407449
Apun_EVM_utg000051l.514-Apun_EVM_utg000051l.516	0.323358	0.450946	0.717065
Apun_EVM_utg000051l.516-Apun_EVM_utg000051l.517	0.164744	0.306262	0.537919
Apun_EVM_utg000051l.528-Apun_EVM_utg000051l.529	0.461354	0.950383	0.485441
Apun_EVM_utg000051l.53-Apun_EVM_utg000051l.54	0.0677465	0.166498	0.406892
Apun_EVM_utg000051l.57-Apun_EVM_utg000051l.59	0.0445368	0.274635	0.162167
Apun_EVM_utg000051l.590-Apun_EVM_utg000051l.591	0.0475742	0.110634	0.430013
Apun_EVM_utg000051l.593-Apun_EVM_utg000051l.595	0.0786925	0.159914	0.492094
Apun_EVM_utg000051l.64-Apun_EVM_utg000051l.65	0.0846528	0.279977	0.302356
Apun_EVM_utg000051l.656-Apun_EVM_utg000051l.657	0.147851	0.415539	0.355806
Apun_EVM_utg000051l.66-Apun_EVM_utg000051l.67	0.124069	0.263484	0.470879
Apun_EVM_utg000051l.685-Apun_EVM_utg000051l.686	0.729934	NA	NA
Apun_EVM_utg000051l.689-Apun_EVM_utg000051l.691	0.323617	0.642961	0.503323
Apun_EVM_utg000051l.707-Apun_EVM_utg000051l.708	0.414311	0.644593	0.642748
Apun_EVM_utg000051l.708-Apun_EVM_utg000051l.709	0.246606	0.328012	0.75182
Apun_EVM_utg000051l.775-Apun_EVM_utg000051l.777	0.167692	0.60015	0.279417
Apun_EVM_utg000051l.777-Apun_EVM_utg000051l.778	0.265013	1.46575	0.180804
Apun_EVM_utg000051l.834-Apun_EVM_utg000051l.833	0.0687885	0.0705707	0.974746
Apun_EVM_utg000051l.835-Apun_EVM_utg000051l.836	0.887862	NA	NA
Apun_EVM_utg000051l.881-Apun_EVM_utg000051l.882	0.277237	NA	NA
Apun_EVM_utg000051l.912-Apun_EVM_utg000051l.913	0.685981	0.787928	0.870614
Apun_EVM_utg000051l.913-Apun_EVM_utg000051l.915	0.318554	0.682187	0.46696
Apun_EVM_utg000051l.916-Apun_EVM_utg000051l.918	0.304575	0.330415	0.921796
Apun_EVM_utg000051l.923-Apun_EVM_utg000051l.925	0.233548	0.260741	0.895709
Apun_EVM_utg000051l.926-Apun_EVM_utg000051l.928	0.406396	0.495721	0.819808
Apun_EVM_utg000051l.927-Apun_EVM_utg000051l.928	0.524125	0.573557	0.913815
Apun_EVM_utg000052l.80-Apun_EVM_utg000052l.82	0.281568	0.564158	0.499094
Apun_EVM_utg000053l.126-Apun_EVM_utg000053l.127	1.43132	1.77298	0.807296
Apun_EVM_utg000053l.12-Apun_EVM_utg000053l.14	NA	NA	NA
Apun_EVM_utg000053l.13-Apun_EVM_utg000053l.15	NA	NA	NA
Apun_EVM_utg000053l.14-Apun_EVM_utg000053l.16	NA	NA	NA
Apun_EVM_utg000053l.15-Apun_EVM_utg000053l.17	NA	NA	NA
Apun_EVM_utg000053l.164-Apun_EVM_utg000053l.166	0.148371	0.682634	0.21735
Apun_EVM_utg000053l.165-Apun_EVM_utg000053l.167	0.200831	0.814637	0.246528
Apun_EVM_utg000053l.166-Apun_EVM_utg000053l.167	0.126581	0.685721	0.184595
Apun_EVM_utg000053l.167-Apun_EVM_utg000053l.168	0.171319	0.655633	0.261302
Apun_EVM_utg000053l.169-Apun_EVM_utg000053l.170	0.0927674	0.400395	0.23169
Apun_EVM_utg000053l.16-Apun_EVM_utg000053l.18	NA	NA	NA
Apun_EVM_utg000053l.170-Apun_EVM_utg000053l.171	0.0851227	0.353611	0.240724
Apun_EVM_utg000053l.17-Apun_EVM_utg000053l.19	NA	NA	NA
Apun_EVM_utg000053l.5-Apun_EVM_utg000053l.6	NA	NA	NA
Apun_EVM_utg000053l.6-Apun_EVM_utg000053l.7	0.00364337	NA	NA
Apun_EVM_utg000053l.70-Apun_EVM_utg000053l.71	0.0776894	0.491944	0.157923
Apun_EVM_utg000053l.74-Apun_EVM_utg000053l.75	0.0278578	0.230688	0.12076
Apun_EVM_utg000054l.47-Apun_EVM_utg000054l.48	0.699173	2.16296	0.323247
Apun_EVM_utg000054l.48-Apun_EVM_utg000054l.49	0.269857	1.18651	0.227438
Apun_EVM_utg000055l.45-Apun_EVM_utg000055l.46	0.11798	0.160679	0.734257
Apun_EVM_utg000056l.18-Apun_EVM_utg000056l.20	0.11391	0.225999	0.504027
Apun_EVM_utg000056l.22-Apun_EVM_utg000056l.23	0.443507	0.654247	0.677889
Apun_EVM_utg000056l.41-Apun_EVM_utg000056l.43	0.126786	0.109323	1.15974
Apun_EVM_utg000056l.43-Apun_EVM_utg000056l.44	0.0961811	0.141558	0.679447
Apun_EVM_utg000056l.44-Apun_EVM_utg000056l.45	0.127434	0.0812072	1.56924
Apun_EVM_utg000056l.47-Apun_EVM_utg000056l.48	0.0197892	0.0189667	1.04337
Apun_EVM_utg000058l.139-Apun_EVM_utg000058l.140	0.398268	1.40448	0.28357
Apun_EVM_utg000058l.172-Apun_EVM_utg000058l.174	0.0120044	0.0720647	0.166578
Apun_EVM_utg000058l.173-Apun_EVM_utg000058l.175	0.221307	0.431509	0.512867
Apun_EVM_utg000058l.174-Apun_EVM_utg000058l.176	0.103982	0.3391	0.306642
Apun_EVM_utg000058l.181-Apun_EVM_utg000058l.182	0.37085	1.15741	0.320413
Apun_EVM_utg000058l.194-Apun_EVM_utg000058l.196	0.293964	0.245771	1.19609
Apun_EVM_utg000058l.248-Apun_EVM_utg000058l.250	0.296843	0.216823	1.36906
Apun_EVM_utg000058l.263-Apun_EVM_utg000058l.264	0.120046	0.335976	0.357306
Apun_EVM_utg000058l.338-Apun_EVM_utg000058l.340	0.0326849	0.199123	0.164144
Apun_EVM_utg000058l.340-Apun_EVM_utg000058l.341	0.017794	0.183107	0.0971779
Apun_EVM_utg000058l.345-Apun_EVM_utg000058l.346	0.108981	0.362232	0.300859
Apun_EVM_utg000058l.345-Apun_EVM_utg000058l.347	0.0701503	0.197109	0.355897
Apun_EVM_utg000058l.360-Apun_EVM_utg000058l.361	0.0202174	0.169238	0.119461
Apun_EVM_utg000058l.369-Apun_EVM_utg000058l.371	0.582424	1.85476	0.314016
Apun_EVM_utg000058l.376-Apun_EVM_utg000058l.377	0.366943	0.466379	0.786793
Apun_EVM_utg000058l.383-Apun_EVM_utg000058l.385	0.203373	0.285776	0.711651
Apun_EVM_utg000058l.397-Apun_EVM_utg000058l.398	0.324059	1.59057	0.203738
Apun_EVM_utg000058l.403-Apun_EVM_utg000058l.404	0.0408054	0.117829	0.346312
Apun_EVM_utg000058l.417-Apun_EVM_utg000058l.418	0.468179	1.70125	0.275197
Apun_EVM_utg000058l.478-Apun_EVM_utg000058l.479	0.179717	0.357324	0.502954
Apun_EVM_utg000058l.484-Apun_EVM_utg000058l.485	1.05079	1.38294	0.759823
Apun_EVM_utg000058l.484-Apun_EVM_utg000058l.486	0.149317	0.176784	0.844628
Apun_EVM_utg000058l.53-Apun_EVM_utg000058l.55	0.0776102	0.285769	0.271583
Apun_EVM_utg000058l.61-Apun_EVM_utg000058l.62	0.416483	1.4737	0.282611
Apun_EVM_utg000058l.62-Apun_EVM_utg000058l.64	0.389472	2.80951	0.138627
Apun_EVM_utg000059l.74-Apun_EVM_utg000059l.76	0.333517	0.308503	1.08108
Apun_EVM_utg000059l.79-Apun_EVM_utg000059l.81	0.470057	0.688907	0.682323
Apun_EVM_utg000059l.80-Apun_EVM_utg000059l.82	NA	NA	NA
Apun_EVM_utg000059l.82-Apun_EVM_utg000059l.83	NA	NA	NA
Apun_EVM_utg000059l.90-Apun_EVM_utg000059l.91	0.0281042	0.0395123	0.711277
Apun_EVM_utg000089l.14-Apun_EVM_utg000089l.16	0.0116266	0.0335098	0.346961
Apun_EVM_utg000089l.2-Apun_EVM_utg000089l.3	0.166327	0.342215	0.486031
Apun_EVM_utg000089l.2-Apun_EVM_utg000089l.4	0.802285	2.27131	0.353226
Apun_EVM_utg000089l.59-Apun_EVM_utg000089l.60	0.0207708	0.0208823	0.994663
Apun_EVM_utg000089l.6-Apun_EVM_utg000089l.8	NA	NA	NA
Apun_EVM_utg000089l.87-Apun_EVM_utg000089l.88	0.257498	1.05086	0.245035
Apun_EVM_utg000090l.137-Apun_EVM_utg000090l.139	0.234259	0.164024	1.4282
Apun_EVM_utg000090l.149-Apun_EVM_utg000090l.150	0.627226	3.05829	0.20509
Apun_EVM_utg000090l.179-Apun_EVM_utg000090l.180	0.208766	0.271567	0.768745
Apun_EVM_utg000090l.17-Apun_EVM_utg000090l.19	0.290392	1.49988	0.193611
Apun_EVM_utg000090l.227-Apun_EVM_utg000090l.228	0.873106	2.01738	0.432793
Apun_EVM_utg000090l.241-Apun_EVM_utg000090l.242	0.143615	0.282078	0.509133
Apun_EVM_utg000090l.256-Apun_EVM_utg000090l.257	0.34442	0.413133	0.833678
Apun_EVM_utg000090l.286-Apun_EVM_utg000090l.287	0.56757	NA	NA
Apun_EVM_utg000090l.287-Apun_EVM_utg000090l.288	0.466994	1.75691	0.265804
Apun_EVM_utg000090l.288-Apun_EVM_utg000090l.289	0.572243	2.55143	0.224283
Apun_EVM_utg000090l.298-Apun_EVM_utg000090l.300	0.0258749	0.0305904	0.845851
Apun_EVM_utg000090l.31-Apun_EVM_utg000090l.33	0.389659	1.42826	0.272821
Apun_EVM_utg000090l.327-Apun_EVM_utg000090l.329	1.09286	1.98437	0.550732
Apun_EVM_utg000090l.329-Apun_EVM_utg000090l.331	0.222088	0.206577	1.07508
Apun_EVM_utg000090l.331-Apun_EVM_utg000090l.332	1.45914	1.68032	0.868375
Apun_EVM_utg000090l.332-Apun_EVM_utg000090l.333	0.93168	1.20774	0.771425
Apun_EVM_utg000090l.350-Apun_EVM_utg000090l.126	NA	NA	NA
Apun_EVM_utg000090l.62-Apun_EVM_utg000090l.63	0.268671	0.52125	0.515436
Apun_EVM_utg000090l.81-Apun_EVM_utg000090l.83	0.163271	0.502087	0.325184
Apun_EVM_utg000091l.26-Apun_EVM_utg000091l.27	0.265549	0.473522	0.560794
Apun_EVM_utg000091l.43-Apun_EVM_utg000091l.44	0.231472	0.373765	0.619299
Apun_EVM_utg000091l.44-Apun_EVM_utg000091l.46	0.222421	0.324351	0.68574
Apun_EVM_utg000091l.87-Apun_EVM_utg000091l.89	0.153149	0.108356	1.41339
Apun_EVM_utg000092l.45-Apun_EVM_utg000092l.46	0.350873	0.474929	0.738791
Apun_EVM_utg000092l.58-Apun_EVM_utg000092l.59	0.022243	0.164425	0.135277
Apun_EVM_utg000092l.61-Apun_EVM_utg000092l.63	0.094858	0.302025	0.314073
Apun_EVM_utg000092l.63-Apun_EVM_utg000092l.64	0.126659	0.32552	0.389097
Apun_EVM_utg000093l.2-Apun_EVM_utg000093l.4	0.484894	0.608694	0.796615
Apun_EVM_utg000093l.5-Apun_EVM_utg000093l.6	0.273399	0.459862	0.594523
Apun_EVM_utg000093l.62-Apun_EVM_utg000093l.63	0.0820251	0.14044	0.584057
Apun_EVM_utg000093l.6-Apun_EVM_utg000093l.7	0.529948	2.06237	0.25696
Apun_EVM_utg000095l.3-Apun_EVM_utg000095l.4	0.0458032	0.0937458	0.488589
Apun_EVM_utg000097l.55-Apun_EVM_utg000097l.57	0.673982	1.14568	0.588282
Apun_EVM_utg000097l.75-Apun_EVM_utg000097l.76	0.161693	0.172836	0.935528
Apun_EVM_utg000098l.128-Apun_EVM_utg000098l.129	0.513444	2.10456	0.243968
Apun_EVM_utg000098l.155-Apun_EVM_utg000098l.157	0.545679	NA	NA
Apun_EVM_utg000098l.157-Apun_EVM_utg000098l.158	0.215843	0.515877	0.4184
Apun_EVM_utg000098l.169-Apun_EVM_utg000098l.170	0.0727301	0.19496	0.373051
Apun_EVM_utg000098l.189-Apun_EVM_utg000098l.191	0.161497	0.365752	0.441549
Apun_EVM_utg000098l.20-Apun_EVM_utg000098l.22	0.511468	0.941545	0.543222
Apun_EVM_utg000098l.36-Apun_EVM_utg000098l.37	0.153187	0.176809	0.866397
Apun_EVM_utg000098l.77-Apun_EVM_utg000098l.79	0.295258	0.863622	0.341883
Apun_EVM_utg000098l.79-Apun_EVM_utg000098l.81	0.17266	0.321655	0.536787
Apun_EVM_utg000103l.112-Apun_EVM_utg000103l.113	0.0411137	0.422839	0.0972325
Apun_EVM_utg000103l.112-Apun_EVM_utg000103l.114	0.0416104	0.250763	0.165936
Apun_EVM_utg000103l.121-Apun_EVM_utg000103l.122	0.0524961	0.428497	0.122512
Apun_EVM_utg000103l.122-Apun_EVM_utg000103l.123	0.0433537	0.460306	0.0941846
Apun_EVM_utg000103l.123-Apun_EVM_utg000103l.124	0.0133944	0.153777	0.0871027
Apun_EVM_utg000103l.133-Apun_EVM_utg000103l.134	0.221669	0.748788	0.296037
Apun_EVM_utg000103l.1-Apun_EVM_utg000103l.3	0.064652	0.07255	0.891137
Apun_EVM_utg000103l.61-Apun_EVM_utg000103l.62	0.333829	0.349429	0.955354
Apun_EVM_utg000103l.73-Apun_EVM_utg000103l.74	0.289516	0.408389	0.708923
Apun_EVM_utg000103l.80-Apun_EVM_utg000103l.81	0.842669	1.23478	0.682448
Apun_EVM_utg000103l.87-Apun_EVM_utg000103l.88	1.48848	2.23497	0.665993
Apun_EVM_utg000103l.88-Apun_EVM_utg000103l.89	0.0769201	0.207352	0.370964
Apun_EVM_utg000103l.89-Apun_EVM_utg000103l.90	0.920719	1.53894	0.59828
Apun_EVM_utg000103l.91-Apun_EVM_utg000103l.92	0.278044	0.301576	0.921969
Apun_EVM_utg000103l.96-Apun_EVM_utg000103l.98	0.188795	0.902873	0.209104
Apun_EVM_utg000104l.1-Apun_EVM_utg000104l.3	0.00261149	0.00835131	0.312704
Apun_EVM_utg000104l.6-Apun_EVM_utg000104l.7	0.0328166	0.0184322	1.78039
Apun_EVM_utg000105l.2-Apun_EVM_utg000105l.4	0.0280188	0.0213091	1.31488
Apun_EVM_utg000107l.221-Apun_EVM_utg000107l.223	0.565883	0.846671	0.668362
Apun_EVM_utg000107l.241-Apun_EVM_utg000107l.242	0.13076	0.215978	0.605433
Apun_EVM_utg000107l.242-Apun_EVM_utg000107l.243	0.380896	0.258955	1.47089
Apun_EVM_utg000107l.256-Apun_EVM_utg000107l.258	0.0709575	0.144443	0.491251
Apun_EVM_utg000107l.26-Apun_EVM_utg000107l.28	0.425405	0.653211	0.651252
Apun_EVM_utg000107l.272-Apun_EVM_utg000107l.273	0.44227	1.22529	0.360951
Apun_EVM_utg000107l.276-Apun_EVM_utg000107l.277	0.396924	1.76368	0.225054
Apun_EVM_utg000107l.277-Apun_EVM_utg000107l.278	0.217446	1.50992	0.144011
Apun_EVM_utg000107l.29-Apun_EVM_utg000107l.30	0.0855729	0.0801679	1.06742
Apun_EVM_utg000107l.316-Apun_EVM_utg000107l.317	0.205305	0.893108	0.229877
Apun_EVM_utg000107l.317-Apun_EVM_utg000107l.318	0.113848	0.299545	0.380069
Apun_EVM_utg000107l.322-Apun_EVM_utg000107l.324	0.540494	1.20121	0.449956
Apun_EVM_utg000107l.328-Apun_EVM_utg000107l.330	0.413721	0.663818	0.623244
Apun_EVM_utg000107l.362-Apun_EVM_utg000107l.363	0.0750432	0.131684	0.569871
Apun_EVM_utg000107l.42-Apun_EVM_utg000107l.43	0.432302	0.911847	0.474095
Apun_EVM_utg000107l.66-Apun_EVM_utg000107l.67	0.253454	0.223552	1.13376
Apun_EVM_utg000108l.28-Apun_EVM_utg000108l.29	0.16677	0.149297	1.11703
Apun_EVM_utg000109l.13-Apun_EVM_utg000109l.15	0.108663	0.568484	0.191146
Apun_EVM_utg000109l.22-Apun_EVM_utg000109l.24	0.0352007	0.0936593	0.375838
Apun_EVM_utg000109l.23-Apun_EVM_utg000109l.25	0.0625847	0.0956629	0.654222
Apun_EVM_utg000109l.25-Apun_EVM_utg000109l.26	0.0582298	0.0391745	1.48642
Apun_EVM_utg000110l.48-Apun_EVM_utg000110l.49	0.303154	1.10967	0.273192
Apun_EVM_utg000110l.58-Apun_EVM_utg000110l.60	0.0447774	0.168855	0.265182
Apun_EVM_utg000110l.61-Apun_EVM_utg000110l.62	0.145835	0.485281	0.300516
Apun_EVM_utg000110l.67-Apun_EVM_utg000110l.68	0.0955056	0.225208	0.424078
Apun_EVM_utg000110l.6-Apun_EVM_utg000110l.7	0.207155	0.670963	0.308743
Apun_EVM_utg000110l.76-Apun_EVM_utg000110l.78	0.037463	0.122052	0.306944
Apun_EVM_utg000110l.85-Apun_EVM_utg000110l.87	0.205134	0.194142	1.05662
Apun_EVM_utg000110l.86-Apun_EVM_utg000110l.87	0.00501358	NA	NA
Apun_EVM_utg000111l.111-Apun_EVM_utg000111l.113	0.185919	0.294874	0.630502
Apun_EVM_utg000111l.31-Apun_EVM_utg000111l.32	0.187781	0.147391	1.27404
Apun_EVM_utg000111l.38-Apun_EVM_utg000111l.40	0.156684	0.171953	0.911201
Apun_EVM_utg000111l.52-Apun_EVM_utg000111l.53	0.755744	2.46756	0.306272
Apun_EVM_utg000112l.1-Apun_EVM_utg000112l.3	NA	NA	NA
Apun_EVM_utg000115l.137-Apun_EVM_utg000115l.138	0.116177	0.28538	0.407095
Apun_EVM_utg000115l.141-Apun_EVM_utg000115l.143	0.0979195	0.510163	0.191938
Apun_EVM_utg000115l.143-Apun_EVM_utg000115l.144	0.225504	0.505304	0.446274
Apun_EVM_utg000115l.153-Apun_EVM_utg000115l.154	0.352614	0.811367	0.434593
Apun_EVM_utg000115l.25-Apun_EVM_utg000115l.27	0.0704064	0.34799	0.202323
Apun_EVM_utg000115l.64-Apun_EVM_utg000115l.66	0.700031	0.863086	0.811079
Apun_EVM_utg000115l.6-Apun_EVM_utg000115l.7	0.0142915	0.0417771	0.342089
Apun_EVM_utg000116l.137-Apun_EVM_utg000116l.138	0.693389	1.55926	0.444692
Apun_EVM_utg000116l.156-Apun_EVM_utg000116l.158	0.0779301	0.904428	0.0861651
Apun_EVM_utg000116l.23-Apun_EVM_utg000116l.25	NA	NA	NA
Apun_EVM_utg000116l.24-Apun_EVM_utg000116l.25	0.013201	0.00312317	4.2268
Apun_EVM_utg000116l.251-Apun_EVM_utg000116l.252	0.112684	0.456272	0.246966
Apun_EVM_utg000116l.251-Apun_EVM_utg000116l.253	0.141339	0.256859	0.55026
Apun_EVM_utg000116l.25-Apun_EVM_utg000116l.26	NA	NA	NA
Apun_EVM_utg000116l.26-Apun_EVM_utg000116l.28	NA	NA	NA
Apun_EVM_utg000116l.277-Apun_EVM_utg000116l.279	0.579088	1.20996	0.478602
Apun_EVM_utg000116l.279-Apun_EVM_utg000116l.280	0.5451	1.58491	0.343931
Apun_EVM_utg000116l.282-Apun_EVM_utg000116l.283	0.345896	1.29477	0.267148
Apun_EVM_utg000116l.3-Apun_EVM_utg000116l.5	0.270054	0.439847	0.613974
Apun_EVM_utg000116l.53-Apun_EVM_utg000116l.54	0.39988	0.670398	0.596481
Apun_EVM_utg000116l.84-Apun_EVM_utg000116l.85	0.106044	0.240021	0.441811
Apun_EVM_utg000116l.85-Apun_EVM_utg000116l.86	0.109683	0.280934	0.390424
Apun_EVM_utg000117l.100-Apun_EVM_utg000117l.101	0.458472	0.957367	0.478888
Apun_EVM_utg000117l.139-Apun_EVM_utg000117l.140	0.238274	1.32278	0.180131
Apun_EVM_utg000117l.140-Apun_EVM_utg000117l.142	0.0793605	0.270039	0.293886
Apun_EVM_utg000117l.156-Apun_EVM_utg000117l.157	0.166609	0.30974	0.5379
Apun_EVM_utg000117l.159-Apun_EVM_utg000117l.160	0.248719	0.335448	0.741451
Apun_EVM_utg000117l.160-Apun_EVM_utg000117l.162	0.22038	0.424091	0.519653
Apun_EVM_utg000117l.163-Apun_EVM_utg000117l.164	0.787786	1.48718	0.529717
Apun_EVM_utg000117l.164-Apun_EVM_utg000117l.165	0.659849	1.91735	0.344146
Apun_EVM_utg000117l.166-Apun_EVM_utg000117l.167	0.484022	1.08976	0.444155
Apun_EVM_utg000117l.177-Apun_EVM_utg000117l.178	0.538212	1.37562	0.39125
Apun_EVM_utg000117l.178-Apun_EVM_utg000117l.179	0.684273	1.4129	0.484303
Apun_EVM_utg000117l.255-Apun_EVM_utg000117l.257	0.382063	0.856495	0.446077
Apun_EVM_utg000117l.271-Apun_EVM_utg000117l.272	0.306057	1.27487	0.240069
Apun_EVM_utg000117l.38-Apun_EVM_utg000117l.39	0.334972	0.541277	0.618855
Apun_EVM_utg000117l.3-Apun_EVM_utg000117l.5	0.33882	0.321795	1.05291
Apun_EVM_utg000117l.67-Apun_EVM_utg000117l.68	0.263993	0.494334	0.534038
Apun_EVM_utg000117l.68-Apun_EVM_utg000117l.69	1.26513	NA	NA
Apun_EVM_utg000117l.88-Apun_EVM_utg000117l.89	0.548473	0.823037	0.666401
Apun_EVM_utg000117l.89-Apun_EVM_utg000117l.90	0.702762	1.11899	0.62803
Apun_EVM_utg000119l.11-Apun_EVM_utg000119l.12	0.813622	2.502	0.325189
Apun_EVM_utg000119l.21-Apun_EVM_utg000119l.22	0.49961	NA	NA
Apun_EVM_utg000119l.86-Apun_EVM_utg000119l.87	0.425038	0.639443	0.664701
Apun_EVM_utg000120l.10-Apun_EVM_utg000120l.11	0.427216	0.9436	0.452751
Apun_EVM_utg000120l.11-Apun_EVM_utg000120l.12	0.308857	0.625766	0.493567
Apun_EVM_utg000120l.12-Apun_EVM_utg000120l.13	0.326543	0.554063	0.58936
Apun_EVM_utg000120l.2-Apun_EVM_utg000120l.4	0.646203	0.971679	0.665037
Apun_EVM_utg000120l.3-Apun_EVM_utg000120l.5	NA	0.003734	-0
Apun_EVM_utg000120l.74-Apun_EVM_utg000120l.76	0.0208156	0.153835	0.135311
Apun_EVM_utg000121l.1-Apun_EVM_utg000121l.2	0.214227	0.27598	0.776238
Apun_EVM_utg000121l.2-Apun_EVM_utg000121l.3	0.267351	0.400503	0.667539
Apun_EVM_utg000121l.3-Apun_EVM_utg000121l.4	0.391473	0.537851	0.727847
Apun_EVM_utg000122l.111-Apun_EVM_utg000122l.112	0.292496	1.11584	0.262132
Apun_EVM_utg000122l.149-Apun_EVM_utg000122l.150	0.0922001	0.215267	0.428306
Apun_EVM_utg000122l.162-Apun_EVM_utg000122l.163	0.160487	0.304457	0.527124
Apun_EVM_utg000122l.21-Apun_EVM_utg000122l.22	0.676453	1.09914	0.615438
Apun_EVM_utg000122l.24-Apun_EVM_utg000122l.26	0.459082	0.612015	0.750115
Apun_EVM_utg000122l.34-Apun_EVM_utg000122l.36	0.0738885	0.252297	0.292864
Apun_EVM_utg000122l.351-Apun_EVM_utg000122l.352	0.0420438	0.0933614	0.450334
Apun_EVM_utg000122l.399-Apun_EVM_utg000122l.401	0.138592	0.289762	0.478297
Apun_EVM_utg000122l.414-Apun_EVM_utg000122l.415	0.114252	0.31753	0.359814
Apun_EVM_utg000122l.55-Apun_EVM_utg000122l.56	0.030887	0.159262	0.193938
Apun_EVM_utg000122l.58-Apun_EVM_utg000122l.59	0.287531	0.455312	0.631502
Apun_EVM_utg000122l.59-Apun_EVM_utg000122l.60	0.301563	0.479116	0.629416
Apun_EVM_utg000122l.60-Apun_EVM_utg000122l.61	0.305842	0.488273	0.626374
Apun_EVM_utg000122l.61-Apun_EVM_utg000122l.62	0.086314	0.181388	0.475852
Apun_EVM_utg000122l.62-Apun_EVM_utg000122l.63	0.343503	0.346977	0.989988
Apun_EVM_utg000122l.73-Apun_EVM_utg000122l.74	0.331557	0.351031	0.944524
Apun_EVM_utg000124l.139-Apun_EVM_utg000124l.141	0.0325974	0.0984749	0.331023
Apun_EVM_utg000124l.140-Apun_EVM_utg000124l.142	0.117111	0.261857	0.447231
Apun_EVM_utg000124l.14-Apun_EVM_utg000124l.16	0.248864	0.236533	1.05213
Apun_EVM_utg000124l.192-Apun_EVM_utg000124l.193	0.220874	0.373321	0.591646
Apun_EVM_utg000124l.194-Apun_EVM_utg000124l.196	0.336315	0.605788	0.555169
Apun_EVM_utg000124l.235-Apun_EVM_utg000124l.236	0.397853	0.408493	0.973952
Apun_EVM_utg000124l.244-Apun_EVM_utg000124l.247	0.169519	0.258647	0.655406
Apun_EVM_utg000124l.245-Apun_EVM_utg000124l.246	0.152778	0.262949	0.581016
Apun_EVM_utg000124l.246-Apun_EVM_utg000124l.248	0.123981	0.332697	0.372654
Apun_EVM_utg000124l.247-Apun_EVM_utg000124l.245	0.154271	0.226538	0.680993
Apun_EVM_utg000124l.39-Apun_EVM_utg000124l.40	0.194707	0.338623	0.574996
Apun_EVM_utg000124l.46-Apun_EVM_utg000124l.47	0.12477	0.236301	0.528013
Apun_EVM_utg000124l.76-Apun_EVM_utg000124l.79	0.254478	1.01107	0.251693
Apun_EVM_utg000124l.77-Apun_EVM_utg000124l.78	0.279493	0.960454	0.291001
Apun_EVM_utg000124l.78-Apun_EVM_utg000124l.80	0.766122	1.69337	0.452424
Apun_EVM_utg000124l.79-Apun_EVM_utg000124l.77	0.0189918	0.00999346	1.90042
Apun_EVM_utg000124l.89-Apun_EVM_utg000124l.90	0.169421	0.694631	0.243901
Apun_EVM_utg000125l.108-Apun_EVM_utg000125l.109	0.157281	0.821392	0.191482
Apun_EVM_utg000125l.109-Apun_EVM_utg000125l.110	0.417947	NA	NA
Apun_EVM_utg000125l.125-Apun_EVM_utg000125l.126	0.433269	1.55322	0.278948
Apun_EVM_utg000125l.154-Apun_EVM_utg000125l.155	0.499279	NA	NA
Apun_EVM_utg000125l.26-Apun_EVM_utg000125l.27	0.134201	0.333023	0.402977
Apun_EVM_utg000125l.31-Apun_EVM_utg000125l.32	0.0786748	0.27809	0.282911
Apun_EVM_utg000125l.95-Apun_EVM_utg000125l.96	0.314185	0.344596	0.91175
Apun_EVM_utg000126l.117-Apun_EVM_utg000126l.118	0.142219	0.20914	0.680015
Apun_EVM_utg000126l.145-Apun_EVM_utg000126l.146	0.08885	0.0977802	0.90867
Apun_EVM_utg000126l.204-Apun_EVM_utg000126l.206	0.0479104	0.142943	0.335172
Apun_EVM_utg000126l.211-Apun_EVM_utg000126l.213	0.0290035	0.118099	0.245586
Apun_EVM_utg000126l.232-Apun_EVM_utg000126l.233	0.0290149	0.0625105	0.46416
Apun_EVM_utg000126l.246-Apun_EVM_utg000126l.248	0.546327	0.76891	0.710521
Apun_EVM_utg000126l.261-Apun_EVM_utg000126l.262	0.0680223	0.172548	0.394222
Apun_EVM_utg000126l.292-Apun_EVM_utg000126l.293	0.255254	0.459735	0.555219
Apun_EVM_utg000126l.293-Apun_EVM_utg000126l.295	0.0158695	0.0344191	0.461067
Apun_EVM_utg000126l.307-Apun_EVM_utg000126l.308	0.247234	0.280724	0.880701
Apun_EVM_utg000126l.95-Apun_EVM_utg000126l.96	0.721761	0.907306	0.795499
Apun_EVM_utg000127l.10-Apun_EVM_utg000127l.11	0.0990716	0.103142	0.96054
Apun_EVM_utg000127l.10-Apun_EVM_utg000127l.12	0.114709	0.105993	1.08223
Apun_EVM_utg000127l.2-Apun_EVM_utg000127l.4	0.122874	0.171169	0.717854
Apun_EVM_utg000127l.3-Apun_EVM_utg000127l.5	0.0308314	0.0575486	0.535745
Apun_EVM_utg000127l.4-Apun_EVM_utg000127l.6	0.00674799	0.0160627	0.420103
Apun_EVM_utg000128l.19-Apun_EVM_utg000128l.21	0.376224	0.638964	0.588803
Apun_EVM_utg000128l.21-Apun_EVM_utg000128l.22	0.345554	0.634327	0.544757
Apun_EVM_utg000128l.57-Apun_EVM_utg000128l.58	0.638855	0.890983	0.717022
Apun_EVM_utg000128l.58-Apun_EVM_utg000128l.59	0.395692	0.62254	0.635609
Apun_EVM_utg000131l.135-Apun_EVM_utg000131l.137	NA	NA	NA
Apun_EVM_utg000131l.136-Apun_EVM_utg000131l.138	NA	NA	NA
Apun_EVM_utg000131l.137-Apun_EVM_utg000131l.139	0.0857838	0.122647	0.699437
Apun_EVM_utg000131l.148-Apun_EVM_utg000131l.149	0.273237	0.63481	0.430424
Apun_EVM_utg000131l.21-Apun_EVM_utg000131l.23	0.527504	NA	NA
Apun_EVM_utg000131l.234-Apun_EVM_utg000131l.236	0.637016	1.78258	0.357357
Apun_EVM_utg000131l.270-Apun_EVM_utg000131l.271	0.792413	1.09389	0.724402
Apun_EVM_utg000131l.271-Apun_EVM_utg000131l.272	0.344694	0.448709	0.76819
Apun_EVM_utg000131l.274-Apun_EVM_utg000131l.276	0.280637	1.38934	0.201994
Apun_EVM_utg000131l.276-Apun_EVM_utg000131l.278	0.43442	1.7598	0.246858
Apun_EVM_utg000131l.309-Apun_EVM_utg000131l.311	0.0527939	0.125863	0.419454
Apun_EVM_utg000131l.321-Apun_EVM_utg000131l.322	0.53865	2.2338	0.241136
Apun_EVM_utg000131l.393-Apun_EVM_utg000131l.394	0.0977926	0.145178	0.673605
Apun_EVM_utg000131l.421-Apun_EVM_utg000131l.422	0.0876518	0.140619	0.62333
Apun_EVM_utg000131l.422-Apun_EVM_utg000131l.424	0.465795	1.45009	0.321217
Apun_EVM_utg000131l.487-Apun_EVM_utg000131l.489	0.892479	2.00099	0.446019
Apun_EVM_utg000131l.58-Apun_EVM_utg000131l.60	0.141712	0.261727	0.541451
Apun_EVM_utg000131l.66-Apun_EVM_utg000131l.67	0.0577612	0.142959	0.40404
Apun_EVM_utg000131l.80-Apun_EVM_utg000131l.82	0.0986118	0.287279	0.343261
Apun_EVM_utg000132l.139-Apun_EVM_utg000132l.140	0.0593338	0.127835	0.464145
Apun_EVM_utg000132l.218-Apun_EVM_utg000132l.220	0.378307	0.682058	0.554655
Apun_EVM_utg000132l.221-Apun_EVM_utg000132l.223	0.211562	0.362261	0.584004
Apun_EVM_utg000132l.223-Apun_EVM_utg000132l.224	0.113252	0.28274	0.400554
Apun_EVM_utg000132l.240-Apun_EVM_utg000132l.241	1.01282	1.75031	0.57865
Apun_EVM_utg000132l.318-Apun_EVM_utg000132l.319	0.158907	0.278413	0.570761
Apun_EVM_utg000132l.338-Apun_EVM_utg000132l.339	0.212386	0.36391	0.583622
Apun_EVM_utg000132l.338-Apun_EVM_utg000132l.340	1.47609	2.16728	0.681082
Apun_EVM_utg000132l.358-Apun_EVM_utg000132l.359	0.326962	0.370058	0.883544
Apun_EVM_utg000132l.362-Apun_EVM_utg000132l.363	0.458548	0.409983	1.11846
Apun_EVM_utg000132l.383-Apun_EVM_utg000132l.384	0.0590313	0.0751909	0.785085
Apun_EVM_utg000132l.384-Apun_EVM_utg000132l.385	NA	0.00311915	-0
Apun_EVM_utg000132l.388-Apun_EVM_utg000132l.390	0.238065	0.504992	0.471424
Apun_EVM_utg000132l.74-Apun_EVM_utg000132l.75	0.0744097	0.135783	0.548004
Apun_EVM_utg000132l.75-Apun_EVM_utg000132l.77	0.0529334	0.1294	0.409068
Apun_EVM_utg000132l.95-Apun_EVM_utg000132l.96	0.276664	0.166777	1.65888
Apun_EVM_utg000134l.145-Apun_EVM_utg000134l.146	0.0617102	0.0926597	0.665987
Apun_EVM_utg000134l.150-Apun_EVM_utg000134l.152	0.657322	1.05135	0.625215
Apun_EVM_utg000134l.152-Apun_EVM_utg000134l.153	0.207364	0.405759	0.511053
Apun_EVM_utg000134l.153-Apun_EVM_utg000134l.154	0.413404	0.584446	0.707342
Apun_EVM_utg000134l.155-Apun_EVM_utg000134l.156	0.40162	0.738251	0.544016
Apun_EVM_utg000134l.156-Apun_EVM_utg000134l.158	0.00720169	0.0122267	0.589014
Apun_EVM_utg000134l.163-Apun_EVM_utg000134l.164	0.0120323	0.0156621	0.768239
Apun_EVM_utg000134l.169-Apun_EVM_utg000134l.171	0.494587	0.550429	0.898547
Apun_EVM_utg000134l.171-Apun_EVM_utg000134l.173	1.07015	NA	NA
Apun_EVM_utg000134l.191-Apun_EVM_utg000134l.193	0.872459	1.35563	0.643584
Apun_EVM_utg000134l.201-Apun_EVM_utg000134l.202	0.0972808	0.130149	0.747458
Apun_EVM_utg000134l.202-Apun_EVM_utg000134l.203	0.340828	0.362285	0.940772
Apun_EVM_utg000134l.204-Apun_EVM_utg000134l.205	0.0795895	0.141134	0.56393
Apun_EVM_utg000134l.46-Apun_EVM_utg000134l.47	0.187281	0.370015	0.506143
Apun_EVM_utg000134l.46-Apun_EVM_utg000134l.48	0.442061	0.6953	0.635785
Apun_EVM_utg000134l.94-Apun_EVM_utg000134l.96	0.338816	0.313856	1.07952
Apun_EVM_utg000135l.107-Apun_EVM_utg000135l.108	0.375474	0.676572	0.554965
Apun_EVM_utg000135l.159-Apun_EVM_utg000135l.161	0.840891	1.70645	0.492773
Apun_EVM_utg000135l.215-Apun_EVM_utg000135l.216	0.22155	1.0633	0.208361
Apun_EVM_utg000135l.238-Apun_EVM_utg000135l.240	0.0824999	0.102904	0.801716
Apun_EVM_utg000135l.239-Apun_EVM_utg000135l.241	0.0200605	0.0395903	0.506704
Apun_EVM_utg000135l.48-Apun_EVM_utg000135l.49	0.354454	1.37707	0.257396
Apun_EVM_utg000135l.58-Apun_EVM_utg000135l.59	1.06912	1.07612	0.99349
Apun_EVM_utg000135l.98-Apun_EVM_utg000135l.100	0.199107	0.331436	0.600742
Apun_EVM_utg000136l.22-Apun_EVM_utg000136l.24	0.0559458	0.232102	0.24104
Apun_EVM_utg000136l.81-Apun_EVM_utg000136l.82	0.268362	0.385747	0.695695
Apun_EVM_utg000136l.89-Apun_EVM_utg000136l.90	0.212648	0.769106	0.276488
Apun_EVM_utg000137l.19-Apun_EVM_utg000137l.20	0.218204	0.806471	0.270566
Apun_EVM_utg000137l.19-Apun_EVM_utg000137l.21	0.0921137	0.819782	0.112364
Apun_EVM_utg000137l.20-Apun_EVM_utg000137l.22	0.209072	0.8325	0.251138
Apun_EVM_utg000137l.37-Apun_EVM_utg000137l.38	0.0946207	0.183655	0.515208
Apun_EVM_utg000137l.3-Apun_EVM_utg000137l.4	0.0278868	0.0359848	0.774961
Apun_EVM_utg000138l.104-Apun_EVM_utg000138l.105	0.0750972	1.5196	0.0494191
Apun_EVM_utg000138l.109-Apun_EVM_utg000138l.111	0.440342	0.577563	0.762414
Apun_EVM_utg000138l.110-Apun_EVM_utg000138l.111	0.963959	0.704786	1.36773
Apun_EVM_utg000138l.111-Apun_EVM_utg000138l.112	0.181343	0.222779	0.814003
Apun_EVM_utg000138l.113-Apun_EVM_utg000138l.114	0.532329	0.713348	0.74624
Apun_EVM_utg000138l.129-Apun_EVM_utg000138l.131	0.754685	1.15864	0.651354
Apun_EVM_utg000138l.130-Apun_EVM_utg000138l.131	0.344016	0.455724	0.754878
Apun_EVM_utg000138l.145-Apun_EVM_utg000138l.147	0.283999	0.298978	0.949901
Apun_EVM_utg000138l.15-Apun_EVM_utg000138l.17	0.0275304	0.0236882	1.1622
Apun_EVM_utg000138l.16-Apun_EVM_utg000138l.18	NA	NA	NA
Apun_EVM_utg000138l.184-Apun_EVM_utg000138l.185	0.162935	0.310704	0.524404
Apun_EVM_utg000138l.194-Apun_EVM_utg000138l.196	0.0425944	0.142428	0.29906
Apun_EVM_utg000138l.20-Apun_EVM_utg000138l.21	0.0490902	0.171245	0.286666
Apun_EVM_utg000138l.21-Apun_EVM_utg000138l.22	0.0490361	0.172265	0.284655
Apun_EVM_utg000138l.5-Apun_EVM_utg000138l.6	0.105449	0.176434	0.597671
Apun_EVM_utg000138l.6-Apun_EVM_utg000138l.7	0.112559	0.169018	0.66596
Apun_EVM_utg000140l.13-Apun_EVM_utg000140l.15	0.330437	0.430088	0.7683
Apun_EVM_utg000141l.114-Apun_EVM_utg000141l.116	0.325585	0.679357	0.479254
Apun_EVM_utg000141l.11-Apun_EVM_utg000141l.12	0.00259694	NA	NA
Apun_EVM_utg000141l.129-Apun_EVM_utg000141l.130	0.0262495	0.0370011	0.709425
Apun_EVM_utg000141l.12-Apun_EVM_utg000141l.13	NA	NA	NA
Apun_EVM_utg000141l.13-Apun_EVM_utg000141l.15	NA	0.010382	-0
Apun_EVM_utg000141l.14-Apun_EVM_utg000141l.16	NA	NA	NA
Apun_EVM_utg000141l.1-Apun_EVM_utg000141l.3	0.00528365	0.0010178	5.19124
Apun_EVM_utg000141l.24-Apun_EVM_utg000141l.26	0.484038	0.759087	0.637658
Apun_EVM_utg000141l.2-Apun_EVM_utg000141l.4	0.0283575	0.0226156	1.25389
Apun_EVM_utg000141l.39-Apun_EVM_utg000141l.40	0.332471	0.83699	0.397223
Apun_EVM_utg000141l.55-Apun_EVM_utg000141l.57	0.0933223	0.0469404	1.9881
Apun_EVM_utg000141l.57-Apun_EVM_utg000141l.58	0.195035	0.170244	1.14562
Apun_EVM_utg000141l.5-Apun_EVM_utg000141l.7	NA	NA	NA
Apun_EVM_utg000141l.6-Apun_EVM_utg000141l.8	0.0324963	0.0444014	0.731877
Apun_EVM_utg000141l.73-Apun_EVM_utg000141l.74	0.0421398	0.0387936	1.08626
Apun_EVM_utg000141l.75-Apun_EVM_utg000141l.77	0.0127006	NA	NA
Apun_EVM_utg000141l.76-Apun_EVM_utg000141l.77	0.0494434	0.12273	0.402862
Apun_EVM_utg000141l.7-Apun_EVM_utg000141l.9	NA	NA	NA
Apun_EVM_utg000141l.81-Apun_EVM_utg000141l.82	0.300431	0.280494	1.07108
Apun_EVM_utg000141l.83-Apun_EVM_utg000141l.85	0.0280889	0.0432233	0.649856
Apun_EVM_utg000141l.84-Apun_EVM_utg000141l.86	NA	NA	NA
Apun_EVM_utg000141l.85-Apun_EVM_utg000141l.86	0.0268263	0.0291913	0.918982
Apun_EVM_utg000141l.86-Apun_EVM_utg000141l.87	0.031719	0.0397904	0.797152
Apun_EVM_utg000141l.86-Apun_EVM_utg000141l.88	NA	NA	NA
Apun_EVM_utg000141l.89-Apun_EVM_utg000141l.90	0.0138712	0.0135672	1.02241
Apun_EVM_utg000142l.11-Apun_EVM_utg000142l.12	0.114441	0.141772	0.807222
Apun_EVM_utg000142l.12-Apun_EVM_utg000142l.14	0.147467	0.171142	0.861665
Apun_EVM_utg000143l.13-Apun_EVM_utg000143l.14	0.120949	0.204648	0.591009
Apun_EVM_utg000143l.36-Apun_EVM_utg000143l.37	0.711389	NA	NA
Apun_EVM_utg000143l.89-Apun_EVM_utg000143l.90	0.774251	1.04696	0.73952
Apun_EVM_utg000144l.133-Apun_EVM_utg000144l.135	0.225982	0.47892	0.471857
Apun_EVM_utg000144l.134-Apun_EVM_utg000144l.135	0.532157	0.445037	1.19576
Apun_EVM_utg000144l.169-Apun_EVM_utg000144l.170	0.181414	0.54875	0.330595
Apun_EVM_utg000144l.39-Apun_EVM_utg000144l.40	0.114279	0.308709	0.370182
Apun_EVM_utg000144l.86-Apun_EVM_utg000144l.88	0.151774	0.304384	0.498626
Apun_EVM_utg000144l.88-Apun_EVM_utg000144l.89	0.241782	0.518226	0.466557
Apun_EVM_utg000144l.89-Apun_EVM_utg000144l.90	0.202172	0.504891	0.400427
Apun_EVM_utg000144l.93-Apun_EVM_utg000144l.94	0.399099	0.376693	1.05948
Apun_EVM_utg000144l.94-Apun_EVM_utg000144l.95	0.175514	0.281121	0.624338
Apun_EVM_utg000145l.190-Apun_EVM_utg000145l.191	0.3461	0.429969	0.804941
Apun_EVM_utg000145l.194-Apun_EVM_utg000145l.195	0.150999	0.356217	0.423897
Apun_EVM_utg000145l.267-Apun_EVM_utg000145l.268	0.642674	0.924824	0.694915
Apun_EVM_utg000145l.26-Apun_EVM_utg000145l.27	0.157039	0.255753	0.614026
Apun_EVM_utg000145l.277-Apun_EVM_utg000145l.279	0.511747	0.733149	0.698012
Apun_EVM_utg000145l.27-Apun_EVM_utg000145l.28	0.311876	1.06978	0.291532
Apun_EVM_utg000145l.304-Apun_EVM_utg000145l.305	0.199002	0.396213	0.502259
Apun_EVM_utg000145l.304-Apun_EVM_utg000145l.306	0.226712	0.394371	0.57487
Apun_EVM_utg000145l.308-Apun_EVM_utg000145l.309	0.297019	0.406192	0.731227
Apun_EVM_utg000145l.314-Apun_EVM_utg000145l.315	0.226128	0.247408	0.913991
Apun_EVM_utg000145l.315-Apun_EVM_utg000145l.316	0.335864	0.267432	1.25588
Apun_EVM_utg000145l.316-Apun_EVM_utg000145l.317	0.200178	0.2572	0.778297
Apun_EVM_utg000145l.346-Apun_EVM_utg000145l.347	0.177586	0.212585	0.835366
Apun_EVM_utg000145l.36-Apun_EVM_utg000145l.37	0.216756	0.279677	0.775022
Apun_EVM_utg000145l.374-Apun_EVM_utg000145l.376	0.455177	0.256541	1.77429
Apun_EVM_utg000145l.37-Apun_EVM_utg000145l.38	NA	0.0707078	-0
Apun_EVM_utg000145l.44-Apun_EVM_utg000145l.45	0.468911	0.658749	0.71182
Apun_EVM_utg000145l.45-Apun_EVM_utg000145l.46	0.578391	0.743065	0.778385
Apun_EVM_utg000145l.46-Apun_EVM_utg000145l.47	0.125815	0.0913025	1.378
Apun_EVM_utg000146l.27-Apun_EVM_utg000146l.28	0.325293	0.489384	0.664699
Apun_EVM_utg000146l.50-Apun_EVM_utg000146l.51	0.377641	0.586205	0.644213
Apun_EVM_utg000146l.57-Apun_EVM_utg000146l.19	0.0263452	0.0224649	1.17273
Apun_EVM_utg000148l.115-Apun_EVM_utg000148l.116	0.101123	0.171832	0.588499
Apun_EVM_utg000148l.148-Apun_EVM_utg000148l.150	0.269495	NA	NA
Apun_EVM_utg000148l.43-Apun_EVM_utg000148l.44	0.191645	0.307047	0.624153
Apun_EVM_utg000148l.88-Apun_EVM_utg000148l.89	0.0380569	0.215736	0.176405
Apun_EVM_utg000148l.91-Apun_EVM_utg000148l.93	0.542939	0.988601	0.549199
Apun_EVM_utg000148l.92-Apun_EVM_utg000148l.94	0.0514065	0.0569754	0.902259
Apun_EVM_utg000149l.13-Apun_EVM_utg000149l.15	0.171456	0.249977	0.685884
Apun_EVM_utg000149l.14-Apun_EVM_utg000149l.16	0.0518357	0.0649692	0.79785
Apun_EVM_utg000149l.311-Apun_EVM_utg000149l.313	0.0423575	0.0761982	0.555886
Apun_EVM_utg000149l.9-Apun_EVM_utg000149l.11	0.266923	0.242267	1.10178
Apun_EVM_utg000150l.17-Apun_EVM_utg000150l.18	0.265329	0.410608	0.646187
Apun_EVM_utg000151l.124-Apun_EVM_utg000151l.126	0.0726694	0.0869153	0.836095
Apun_EVM_utg000151l.210-Apun_EVM_utg000151l.211	0.273769	0.455586	0.600916
Apun_EVM_utg000151l.245-Apun_EVM_utg000151l.246	0.526686	0.835455	0.630417
Apun_EVM_utg000151l.286-Apun_EVM_utg000151l.287	0.075974	0.278813	0.272491
Apun_EVM_utg000151l.287-Apun_EVM_utg000151l.289	0.0669465	0.234601	0.285363
Apun_EVM_utg000151l.29-Apun_EVM_utg000151l.31	0.0806977	0.087834	0.918753
Apun_EVM_utg000151l.300-Apun_EVM_utg000151l.301	0.250142	0.495117	0.505218
Apun_EVM_utg000151l.335-Apun_EVM_utg000151l.336	0.0130789	0.105698	0.123738
Apun_EVM_utg000151l.33-Apun_EVM_utg000151l.34	0.0661705	0.217019	0.304906
Apun_EVM_utg000151l.342-Apun_EVM_utg000151l.343	0.0375803	0.107804	0.348597
Apun_EVM_utg000151l.343-Apun_EVM_utg000151l.344	0.0420548	0.133137	0.315877
Apun_EVM_utg000151l.36-Apun_EVM_utg000151l.37	0.115196	0.906404	0.127091
Apun_EVM_utg000151l.398-Apun_EVM_utg000151l.400	0.112022	0.175809	0.637177
Apun_EVM_utg000151l.403-Apun_EVM_utg000151l.404	1.32394	1.15271	1.14855
Apun_EVM_utg000151l.404-Apun_EVM_utg000151l.406	0.380584	0.70733	0.538057
Apun_EVM_utg000151l.414-Apun_EVM_utg000151l.416	0.153148	0.0736887	2.07831
Apun_EVM_utg000151l.417-Apun_EVM_utg000151l.419	0.253748	0.545721	0.464977
Apun_EVM_utg000151l.422-Apun_EVM_utg000151l.424	0.538523	0.953033	0.565063
Apun_EVM_utg000151l.444-Apun_EVM_utg000151l.446	0.417373	0.804369	0.518883
Apun_EVM_utg000151l.450-Apun_EVM_utg000151l.451	0.269234	0.455624	0.590913
Apun_EVM_utg000151l.457-Apun_EVM_utg000151l.458	0.283335	0.49584	0.571424
Apun_EVM_utg000151l.457-Apun_EVM_utg000151l.459	0.30221	0.297246	1.0167
Apun_EVM_utg000151l.67-Apun_EVM_utg000151l.68	0.0795204	0.212045	0.375017
Apun_EVM_utg000151l.98-Apun_EVM_utg000151l.100	0.135909	0.529723	0.256567
Apun_EVM_utg000152l.101-Apun_EVM_utg000152l.103	0.205734	0.34755	0.591956
Apun_EVM_utg000152l.123-Apun_EVM_utg000152l.124	0.0940277	0.211279	0.445041
Apun_EVM_utg000152l.123-Apun_EVM_utg000152l.125	0.365201	0.705835	0.517403
Apun_EVM_utg000152l.132-Apun_EVM_utg000152l.133	1.203	2.65728	0.452718
Apun_EVM_utg000152l.152-Apun_EVM_utg000152l.153	1.5393	NA	NA
Apun_EVM_utg000152l.153-Apun_EVM_utg000152l.154	0.275288	0.411212	0.669456
Apun_EVM_utg000152l.154-Apun_EVM_utg000152l.155	0.207856	0.19891	1.04498
Apun_EVM_utg000152l.183-Apun_EVM_utg000152l.184	0.225494	0.423134	0.532913
Apun_EVM_utg000152l.189-Apun_EVM_utg000152l.190	0.510847	NA	NA
Apun_EVM_utg000156l.1-Apun_EVM_utg000156l.3	0.283673	0.370212	0.766246
Apun_EVM_utg000158l.119-Apun_EVM_utg000158l.120	0.172375	0.463915	0.371567
Apun_EVM_utg000158l.137-Apun_EVM_utg000158l.139	0.318456	1.41145	0.225623
Apun_EVM_utg000158l.138-Apun_EVM_utg000158l.139	0.281553	1.1803	0.238543
Apun_EVM_utg000158l.159-Apun_EVM_utg000158l.160	0.428865	1.86932	0.229423
Apun_EVM_utg000158l.163-Apun_EVM_utg000158l.165	0.00194642	NA	NA
Apun_EVM_utg000158l.164-Apun_EVM_utg000158l.166	NA	0.00774479	-0
Apun_EVM_utg000158l.46-Apun_EVM_utg000158l.48	0.203368	0.219816	0.925174
Apun_EVM_utg000158l.91-Apun_EVM_utg000158l.93	0.00996547	0.0341939	0.29144
Apun_EVM_utg000159l.1-Apun_EVM_utg000159l.2	NA	NA	NA
Apun_EVM_utg000159l.4-Apun_EVM_utg000159l.5	NA	NA	NA
Apun_EVM_utg000159l.8-Apun_EVM_utg000159l.9	NA	NA	NA
Apun_EVM_utg000159l.9-Apun_EVM_utg000159l.11	NA	NA	NA
Apun_EVM_utg000160l.45-Apun_EVM_utg000160l.47	0.203671	0.380733	0.534944
Apun_EVM_utg000160l.7-Apun_EVM_utg000160l.8	0.40882	0.59906	0.682435
Apun_EVM_utg000162l.103-Apun_EVM_utg000162l.104	0.144761	0.260433	0.555849
Apun_EVM_utg000162l.104-Apun_EVM_utg000162l.105	0.279961	0.394919	0.708909
Apun_EVM_utg000162l.1-Apun_EVM_utg000162l.3	0.00479569	NA	NA
Apun_EVM_utg000162l.44-Apun_EVM_utg000162l.45	1.32186	2.17458	0.60787
Apun_EVM_utg000162l.4-Apun_EVM_utg000162l.6	0.0806088	0.102176	0.788918
Apun_EVM_utg000162l.55-Apun_EVM_utg000162l.56	0.224377	0.362959	0.618189
Apun_EVM_utg000162l.57-Apun_EVM_utg000162l.58	0.225789	0.839182	0.269059
Apun_EVM_utg000162l.5-Apun_EVM_utg000162l.7	0.0953193	0.146612	0.650145
Apun_EVM_utg000162l.61-Apun_EVM_utg000162l.62	0.534094	0.677994	0.787757
Apun_EVM_utg000162l.62-Apun_EVM_utg000162l.63	0.439395	0.421423	1.04265
Apun_EVM_utg000162l.62-Apun_EVM_utg000162l.64	0.562317	0.754891	0.744898
Apun_EVM_utg000162l.88-Apun_EVM_utg000162l.90	0.70453	4.36652	0.161348
Apun_EVM_utg000164l.12-Apun_EVM_utg000164l.13	0.159787	0.985398	0.162155
Apun_EVM_utg000164l.17-Apun_EVM_utg000164l.19	0.0214499	0.0294243	0.728988
Apun_EVM_utg000164l.40-Apun_EVM_utg000164l.41	0.445659	1.64215	0.271388
Apun_EVM_utg000164l.43-Apun_EVM_utg000164l.45	0.727053	0.843413	0.862037
Apun_EVM_utg000166l.38-Apun_EVM_utg000166l.39	0.436073	0.60377	0.72225
Apun_EVM_utg000167l.11-Apun_EVM_utg000167l.12	0.0481776	0.161454	0.298399
Apun_EVM_utg000168l.104-Apun_EVM_utg000168l.106	0.19575	0.24642	0.794374
Apun_EVM_utg000168l.112-Apun_EVM_utg000168l.113	0.385873	0.844322	0.457021
Apun_EVM_utg000168l.118-Apun_EVM_utg000168l.119	1.23128	1.91192	0.644002
Apun_EVM_utg000168l.118-Apun_EVM_utg000168l.120	0.561925	1.69635	0.331256
Apun_EVM_utg000168l.12-Apun_EVM_utg000168l.13	0.487954	1.06621	0.457652
Apun_EVM_utg000168l.148-Apun_EVM_utg000168l.150	0.355555	0.539099	0.659535
Apun_EVM_utg000168l.168-Apun_EVM_utg000168l.170	0.317248	0.438137	0.724085
Apun_EVM_utg000168l.185-Apun_EVM_utg000168l.187	0.108423	0.318676	0.34023
Apun_EVM_utg000168l.210-Apun_EVM_utg000168l.212	0.3269	0.482899	0.676952
Apun_EVM_utg000168l.224-Apun_EVM_utg000168l.225	0.0209116	0.0195929	1.06731
Apun_EVM_utg000168l.262-Apun_EVM_utg000168l.263	0.295728	1.90805	0.154989
Apun_EVM_utg000168l.331-Apun_EVM_utg000168l.332	0.100988	0.161248	0.626289
Apun_EVM_utg000168l.338-Apun_EVM_utg000168l.340	0.528444	1.31072	0.403171
Apun_EVM_utg000168l.4-Apun_EVM_utg000168l.5	1.08949	2.22044	0.490664
Apun_EVM_utg000168l.66-Apun_EVM_utg000168l.68	0.976471	2.06024	0.47396
Apun_EVM_utg000168l.90-Apun_EVM_utg000168l.91	0.482211	2.11306	0.228205
Apun_EVM_utg000170l.100-Apun_EVM_utg000170l.101	0.232368	0.295784	0.785598
Apun_EVM_utg000170l.101-Apun_EVM_utg000170l.102	0.172329	0.25175	0.684522
Apun_EVM_utg000170l.102-Apun_EVM_utg000170l.104	0.194224	0.424866	0.457141
Apun_EVM_utg000170l.130-Apun_EVM_utg000170l.131	0.192346	0.60528	0.317779
Apun_EVM_utg000170l.13-Apun_EVM_utg000170l.15	0.0428963	0.116062	0.369596
Apun_EVM_utg000170l.177-Apun_EVM_utg000170l.179	1.50934	1.7343	0.870283
Apun_EVM_utg000170l.227-Apun_EVM_utg000170l.229	0.0488395	0.127908	0.381832
Apun_EVM_utg000170l.228-Apun_EVM_utg000170l.230	0.0870476	0.0702939	1.23834
Apun_EVM_utg000170l.48-Apun_EVM_utg000170l.49	0.103404	0.212899	0.485693
Apun_EVM_utg000170l.49-Apun_EVM_utg000170l.51	0.049552	0.117514	0.421671
Apun_EVM_utg000170l.59-Apun_EVM_utg000170l.61	0.532602	1.91248	0.278488
Apun_EVM_utg000170l.61-Apun_EVM_utg000170l.62	0.362567	1.30645	0.27752
Apun_EVM_utg000173l.112-Apun_EVM_utg000173l.113	0.231843	0.73102	0.317151
Apun_EVM_utg000173l.112-Apun_EVM_utg000173l.114	0.0649563	0.0966029	0.672405
Apun_EVM_utg000173l.115-Apun_EVM_utg000173l.117	0.17468	0.887317	0.196863
Apun_EVM_utg000173l.131-Apun_EVM_utg000173l.133	0.157973	0.119836	1.31824
Apun_EVM_utg000173l.136-Apun_EVM_utg000173l.138	0.475727	0.592625	0.802745
Apun_EVM_utg000173l.138-Apun_EVM_utg000173l.139	0.0487894	0.058816	0.829526
Apun_EVM_utg000173l.145-Apun_EVM_utg000173l.146	1.98402	1.7042	1.1642
Apun_EVM_utg000173l.146-Apun_EVM_utg000173l.148	0.542852	0.641494	0.84623
Apun_EVM_utg000173l.21-Apun_EVM_utg000173l.22	0.0628545	0.117536	0.534768
Apun_EVM_utg000173l.26-Apun_EVM_utg000173l.27	0.663111	0.695347	0.953641
Apun_EVM_utg000173l.43-Apun_EVM_utg000173l.44	0.135812	0.210113	0.646376
Apun_EVM_utg000173l.71-Apun_EVM_utg000173l.73	0.213256	0.71289	0.299143
Apun_EVM_utg000173l.84-Apun_EVM_utg000173l.85	0.23793	0.377069	0.630999
Apun_EVM_utg000173l.85-Apun_EVM_utg000173l.87	0.205519	0.348238	0.590168
Apun_EVM_utg000174l.1-Apun_EVM_utg000174l.2	0.169006	0.291702	0.579379
Apun_EVM_utg000175c.4-Apun_EVM_utg000175c.5	0.00472279	NA	NA
Apun_EVM_utg000185l.102-Apun_EVM_utg000185l.103	0.0798142	0.26576	0.300325
Apun_EVM_utg000185l.104-Apun_EVM_utg000185l.105	0.064683	0.187036	0.345832
Apun_EVM_utg000185l.136-Apun_EVM_utg000185l.138	0.293685	1.64003	0.179073
Apun_EVM_utg000185l.13-Apun_EVM_utg000185l.14	0.504205	1.28062	0.39372
Apun_EVM_utg000185l.175-Apun_EVM_utg000185l.176	0.55684	1.18903	0.468313
Apun_EVM_utg000185l.378-Apun_EVM_utg000185l.379	0.312571	0.291628	1.07181
Apun_EVM_utg000185l.379-Apun_EVM_utg000185l.380	0.162648	0.32704	0.497333
Apun_EVM_utg000185l.380-Apun_EVM_utg000185l.381	0.423603	0.619539	0.683738
Apun_EVM_utg000185l.381-Apun_EVM_utg000185l.382	0.257128	0.46333	0.554957
Apun_EVM_utg000185l.382-Apun_EVM_utg000185l.383	0.0423371	0.0873225	0.484836
Apun_EVM_utg000185l.445-Apun_EVM_utg000185l.447	0.133461	0.129478	1.03076
Apun_EVM_utg000185l.450-Apun_EVM_utg000185l.452	NA	NA	NA
Apun_EVM_utg000185l.453-Apun_EVM_utg000185l.455	0.0020813	NA	NA
Apun_EVM_utg000185l.49-Apun_EVM_utg000185l.50	0.323831	0.789342	0.410255
Apun_EVM_utg000185l.55-Apun_EVM_utg000185l.57	0.153604	0.346894	0.442797
Apun_EVM_utg000185l.78-Apun_EVM_utg000185l.79	0.152693	0.262347	0.582026
Apun_EVM_utg000185l.93-Apun_EVM_utg000185l.94	0.0165122	0.23435	0.0704595
Apun_EVM_utg000185l.94-Apun_EVM_utg000185l.95	0.670185	1.66195	0.403253
Apun_EVM_utg000185l.95-Apun_EVM_utg000185l.96	0.743135	1.47593	0.503501
Apun_EVM_utg000185l.95-Apun_EVM_utg000185l.97	0.389106	0.371778	1.04661
Apun_EVM_utg000185l.98-Apun_EVM_utg000185l.99	0.418023	1.19458	0.349933
Apun_EVM_utg000186l.6-Apun_EVM_utg000186l.7	0.0924187	0.104577	0.883735
Apun_EVM_utg000187l.159-Apun_EVM_utg000187l.160	0.437022	0.74258	0.588518
Apun_EVM_utg000187l.53-Apun_EVM_utg000187l.54	0.0747998	0.180019	0.415511
Apun_EVM_utg000187l.54-Apun_EVM_utg000187l.56	0.0785472	0.233791	0.335972
Apun_EVM_utg000187l.58-Apun_EVM_utg000187l.59	0.0818202	0.277139	0.295231
Apun_EVM_utg000188l.205-Apun_EVM_utg000188l.207	0.125579	0.444628	0.282437
Apun_EVM_utg000188l.206-Apun_EVM_utg000188l.207	0.0540854	0.367064	0.147346
Apun_EVM_utg000188l.230-Apun_EVM_utg000188l.231	0.0270328	0.0846982	0.319166
Apun_EVM_utg000188l.232-Apun_EVM_utg000188l.233	0.893804	1.22731	0.728261
Apun_EVM_utg000188l.270-Apun_EVM_utg000188l.272	0.110708	0.576324	0.192093
Apun_EVM_utg000188l.273-Apun_EVM_utg000188l.275	0.0145756	0.0345313	0.422098
Apun_EVM_utg000188l.275-Apun_EVM_utg000188l.276	0.0155151	0.0182911	0.848232
Apun_EVM_utg000188l.338-Apun_EVM_utg000188l.340	0.134287	0.261492	0.513542
Apun_EVM_utg000188l.342-Apun_EVM_utg000188l.343	0.520099	NA	NA
Apun_EVM_utg000188l.354-Apun_EVM_utg000188l.355	0.568031	NA	NA
Apun_EVM_utg000188l.393-Apun_EVM_utg000188l.395	0.141929	0.287204	0.494173
Apun_EVM_utg000188l.397-Apun_EVM_utg000188l.399	0.0916838	0.0464922	1.97202
Apun_EVM_utg000188l.442-Apun_EVM_utg000188l.443	0.241926	0.388898	0.62208
Apun_EVM_utg000188l.447-Apun_EVM_utg000188l.449	0.285285	0.332275	0.85858
Apun_EVM_utg000188l.504-Apun_EVM_utg000188l.506	0.147778	0.262425	0.563127
Apun_EVM_utg000188l.525-Apun_EVM_utg000188l.526	0.881379	1.25094	0.704572
Apun_EVM_utg000188l.531-Apun_EVM_utg000188l.532	0.104878	0.216036	0.485464
Apun_EVM_utg000188l.539-Apun_EVM_utg000188l.540	0.112472	0.175947	0.63924
Apun_EVM_utg000188l.554-Apun_EVM_utg000188l.556	0.455247	0.976771	0.466073
Apun_EVM_utg000188l.555-Apun_EVM_utg000188l.557	0.960643	1.78568	0.537971
Apun_EVM_utg000188l.559-Apun_EVM_utg000188l.560	0.39155	1.19213	0.328446
Apun_EVM_utg000188l.578-Apun_EVM_utg000188l.580	0.0280541	0.0382677	0.733102
Apun_EVM_utg000188l.616-Apun_EVM_utg000188l.617	0.556675	0.853437	0.652274
Apun_EVM_utg000188l.617-Apun_EVM_utg000188l.618	0.23463	0.449622	0.52184
Apun_EVM_utg000188l.623-Apun_EVM_utg000188l.624	0.548568	1.04041	0.527263
Apun_EVM_utg000188l.649-Apun_EVM_utg000188l.650	0.463591	0.717707	0.645933
Apun_EVM_utg000188l.677-Apun_EVM_utg000188l.678	1.16553	1.91087	0.609945
Apun_EVM_utg000188l.680-Apun_EVM_utg000188l.681	0.182311	0.622418	0.292908
Apun_EVM_utg000188l.87-Apun_EVM_utg000188l.89	0.376782	0.531994	0.708245
Apun_EVM_utg000189l.8-Apun_EVM_utg000189l.10	0.172306	2.04754	0.0841525
Apun_EVM_utg000192l.16-Apun_EVM_utg000192l.17	0.189491	0.280821	0.674772
Apun_EVM_utg000192l.176-Apun_EVM_utg000192l.177	0.316756	2.21407	0.143065
Apun_EVM_utg000192l.17-Apun_EVM_utg000192l.18	0.231833	0.616333	0.376149
Apun_EVM_utg000192l.184-Apun_EVM_utg000192l.185	0.514607	2.45377	0.209721
Apun_EVM_utg000192l.33-Apun_EVM_utg000192l.34	0.123972	0.181347	0.683615
Apun_EVM_utg000192l.70-Apun_EVM_utg000192l.71	0.0389643	0.152894	0.254846
Apun_EVM_utg000206l.55-Apun_EVM_utg000206l.57	0.596508	1.16541	0.511845
Apun_EVM_utg000206l.64-Apun_EVM_utg000206l.66	0.057886	0.16882	0.342886
Apun_EVM_utg000206l.7-Apun_EVM_utg000206l.8	0.0625167	0.227255	0.275095
Apun_EVM_utg000234l.5-Apun_EVM_utg000234l.6	0.158102	0.254701	0.620735
Apun_EVM_utg000236l.10-Apun_EVM_utg000236l.11	0.118881	0.26122	0.455098
Apun_EVM_utg000236l.60-Apun_EVM_utg000236l.62	NA	NA	NA
Apun_EVM_utg000236l.61-Apun_EVM_utg000236l.63	0.142425	0.157856	0.902247
Apun_EVM_utg000236l.63-Apun_EVM_utg000236l.64	0.00825153	0.0433115	0.190516
Apun_EVM_utg000236l.63-Apun_EVM_utg000236l.65	0.023668	0.0278291	0.850477
Apun_EVM_utg000247l.89-Apun_EVM_utg000247l.90	0.415019	1.0333	0.401644
Apun_EVM_utg000250l.10-Apun_EVM_utg000250l.12	0.256716	0.328553	0.781356
Apun_EVM_utg000250l.2-Apun_EVM_utg000250l.4	NA	NA	NA
Apun_EVM_utg000250l.3-Apun_EVM_utg000250l.5	0.00191231	NA	NA
Apun_EVM_utg000254l.119-Apun_EVM_utg000254l.120	0.121024	0.291124	0.415711
Apun_EVM_utg000254l.18-Apun_EVM_utg000254l.19	0.153035	0.147607	1.03678
Apun_EVM_utg000254l.41-Apun_EVM_utg000254l.42	0.355997	1.18135	0.301349
Apun_EVM_utg000254l.77-Apun_EVM_utg000254l.79	0.329817	0.419243	0.786697
Apun_EVM_utg000254l.79-Apun_EVM_utg000254l.80	0.118406	0.236328	0.501023
Apun_EVM_utg000256l.101-Apun_EVM_utg000256l.102	0.395255	0.477993	0.826906
Apun_EVM_utg000256l.104-Apun_EVM_utg000256l.106	0.929133	2.03637	0.456269
Apun_EVM_utg000256l.69-Apun_EVM_utg000256l.70	0.67117	1.45935	0.45991
Apun_EVM_utg000256l.70-Apun_EVM_utg000256l.71	0.481541	NA	NA
Apun_EVM_utg000257l.24-Apun_EVM_utg000257l.26	0.111021	0.0720956	1.53991
Apun_EVM_utg000258l.32-Apun_EVM_utg000258l.33	NA	NA	NA
Apun_EVM_utg000258l.33-Apun_EVM_utg000258l.34	NA	NA	NA
Apun_EVM_utg000258l.34-Apun_EVM_utg000258l.35	NA	NA	NA
Apun_EVM_utg000258l.72-Apun_EVM_utg000258l.74	0.0985361	0.25891	0.380581
Apun_EVM_utg000259l.3-Apun_EVM_utg000259l.4	NA	NA	NA
Apun_EVM_utg000259l.4-Apun_EVM_utg000259l.5	NA	NA	NA
Apun_EVM_utg000269l.1-Apun_EVM_utg000269l.3	NA	0.0080287	-0
Apun_EVM_utg000269l.5-Apun_EVM_utg000269l.7	NA	NA	NA
Apun_EVM_utg000272l.104-Apun_EVM_utg000272l.106	0.322081	0.266505	1.20854
Apun_EVM_utg000272l.118-Apun_EVM_utg000272l.120	0.433317	0.372912	1.16198
Apun_EVM_utg000272l.123-Apun_EVM_utg000272l.124	0.706837	1.2027	0.587709
Apun_EVM_utg000272l.127-Apun_EVM_utg000272l.129	0.250439	0.265754	0.942372
Apun_EVM_utg000272l.12-Apun_EVM_utg000272l.13	0.261202	0.443231	0.589314
Apun_EVM_utg000272l.135-Apun_EVM_utg000272l.136	0.613385	1.83528	0.334219
Apun_EVM_utg000272l.13-Apun_EVM_utg000272l.14	0.208388	0.420478	0.495597
Apun_EVM_utg000272l.14-Apun_EVM_utg000272l.15	0.207352	0.283561	0.731246
Apun_EVM_utg000272l.230-Apun_EVM_utg000272l.232	0.360989	0.530381	0.680622
Apun_EVM_utg000272l.8-Apun_EVM_utg000272l.9	0.248593	0.57366	0.433346
Apun_EVM_utg000272l.9-Apun_EVM_utg000272l.10	0.334215	1.43516	0.232876
Apun_EVM_utg000275l.3-Apun_EVM_utg000275l.4	0.10382	0.151508	0.685243
Apun_EVM_utg000275l.4-Apun_EVM_utg000275l.6	0.0122005	0.00882931	1.38182
Apun_EVM_utg000275l.7-Apun_EVM_utg000275l.9	0.0429459	0.0414283	1.03663
Apun_EVM_utg000276l.1-Apun_EVM_utg000276l.3	0.0406196	0.05498	0.738806
Apun_EVM_utg000276l.3-Apun_EVM_utg000276l.5	0.0406086	0.060157	0.675044
Apun_EVM_utg000279l.15-Apun_EVM_utg000279l.16	0.126373	0.288278	0.438371
Apun_EVM_utg000282l.20-Apun_EVM_utg000282l.21	0.278243	0.313685	0.887013
Apun_EVM_utg000282l.2-Apun_EVM_utg000282l.3	0.517875	NA	NA
Apun_EVM_utg000282l.36-Apun_EVM_utg000282l.37	0.101929	0.129008	0.790103
Apun_EVM_utg000282l.45-Apun_EVM_utg000282l.47	0.248073	0.317309	0.781805
Apun_EVM_utg000282l.51-Apun_EVM_utg000282l.52	NA	NA	NA
Apun_EVM_utg000282l.63-Apun_EVM_utg000282l.64	0.216385	0.405591	0.533505
Apun_EVM_utg000283l.13-Apun_EVM_utg000283l.14	0.273982	1.72761	0.15859
Apun_EVM_utg000283l.45-Apun_EVM_utg000283l.47	0.558469	1.20117	0.464938
Apun_EVM_utg000283l.51-Apun_EVM_utg000283l.53	0.277533	0.308814	0.898704
Apun_EVM_utg000283l.55-Apun_EVM_utg000283l.56	0.172876	0.31243	0.553326
Apun_EVM_utg000283l.55-Apun_EVM_utg000283l.57	1.37596	NA	NA
Apun_EVM_utg000283l.58-Apun_EVM_utg000283l.59	0.0504375	0.132571	0.380457
Apun_EVM_utg000283l.62-Apun_EVM_utg000283l.63	0.288347	0.357104	0.80746
Apun_EVM_utg000283l.63-Apun_EVM_utg000283l.65	0.523734	0.823768	0.635778
Apun_EVM_utg000283l.66-Apun_EVM_utg000283l.68	0.552468	1.38709	0.398293
Apun_EVM_utg000284l.4-Apun_EVM_utg000284l.5	0.252661	0.354674	0.712374
Apun_EVM_utg000285l.1-Apun_EVM_utg000285l.2	0.0377552	0.0802461	0.470492
Apun_EVM_utg000285l.25-Apun_EVM_utg000285l.26	0.151758	0.481855	0.314946
Apun_EVM_utg000285l.26-Apun_EVM_utg000285l.27	0.109435	0.39012	0.280517
Apun_EVM_utg000285l.28-Apun_EVM_utg000285l.29	0.0809604	0.254775	0.317772
Apun_EVM_utg000285l.7-Apun_EVM_utg000285l.8	0.0513746	0.0960899	0.534651
Apun_EVM_utg000286l.6-Apun_EVM_utg000286l.8	0.0188955	0.0230319	0.820406
Apun_EVM_utg000287l.6-Apun_EVM_utg000287l.8	0.351845	0.517674	0.679664
Apun_EVM_utg000294l.10-Apun_EVM_utg000294l.11	0.0515484	0.0319167	1.61509
Apun_EVM_utg000294l.2-Apun_EVM_utg000294l.3	0.0185134	0.0230145	0.804425
Apun_EVM_utg000294l.5-Apun_EVM_utg000294l.7	NA	0.00509681	-0
Apun_EVM_utg000294l.8-Apun_EVM_utg000294l.10	0.110086	0.110962	0.992107
Apun_EVM_utg000298l.2-Apun_EVM_utg000298l.4	0.0267679	0.0313053	0.855061
Apun_EVM_utg000323l.3-Apun_EVM_utg000323l.5	0.00697051	NA	NA
Apun_EVM_utg000338c.3-Apun_EVM_utg000338c.5	0.388158	0.4732	0.820283
Apun_EVM_utg000340l.1-Apun_EVM_utg000340l.2	0.217256	0.29809	0.728827
Apun_EVM_utg000340l.23-Apun_EVM_utg000340l.24	0.263404	0.414682	0.635195
Apun_EVM_utg000340l.2-Apun_EVM_utg000340l.3	NA	NA	NA
Apun_EVM_utg000340l.36-Apun_EVM_utg000340l.37	0.80773	1.43806	0.561682
Apun_EVM_utg000340l.38-Apun_EVM_utg000340l.39	0.230119	0.285116	0.807108
Apun_EVM_utg000340l.3-Apun_EVM_utg000340l.4	0.259693	0.289247	0.897825
Apun_EVM_utg000340l.41-Apun_EVM_utg000340l.42	0.217216	0.33568	0.647091
Apun_EVM_utg000340l.43-Apun_EVM_utg000340l.45	0.00384984	NA	NA
Apun_EVM_utg000340l.44-Apun_EVM_utg000340l.46	0.0474375	0.03718	1.27589
Apun_EVM_utg000340l.46-Apun_EVM_utg000340l.48	0.092022	0.108169	0.850722
Apun_EVM_utg000340l.48-Apun_EVM_utg000340l.50	0.092022	0.108169	0.850722
Apun_EVM_utg000340l.50-Apun_EVM_utg000340l.51	0.0677897	0.0927242	0.73109
Apun_EVM_utg000350l.3-Apun_EVM_utg000350l.4	0.277454	0.382962	0.724494
Apun_EVM_utg000391l.1-Apun_EVM_utg000391l.3	0.101626	0.124853	0.813965
Apun_EVM_utg000419l.10-Apun_EVM_utg000419l.12	0.0635676	0.114438	0.555478
Apun_EVM_utg000419l.11-Apun_EVM_utg000419l.13	0.0223603	0.0246076	0.908673
Apun_EVM_utg000419l.8-Apun_EVM_utg000419l.10	0.0806088	0.102176	0.788918
Apun_EVM_utg000419l.9-Apun_EVM_utg000419l.11	0.0407932	0.0436953	0.933582
