Seq	Ka	Ks	Ka/Ks
Av_00000056-RA-Av_00000058-RA	0.103925	0.115391	0.900633
Av_00000567-RA-Av_00000568-RA	0.803122	1.52028	0.528274
Av_00000704-RA-Av_00000706-RA	0.343645	0.670486	0.512531
Av_00000777-RA-Av_00000778-RA	0.238343	0.306103	0.778637
Av_00000787-RA-Av_00000788-RA	0.266	0.248224	1.07161
Av_00000788-RA-Av_00000790-RA	0.38805	0.873692	0.444149
Av_00000827-RA-Av_00000828-RA	0.383512	0.61743	0.621141
Av_00000867-RA-Av_00000868-RA	0.978137	NA	NA
Av_00000920-RA-Av_00000921-RA	NA	NA	NA
Av_00001093-RA-Av_00001094-RA	0.462037	1.09184	0.423173
Av_00001106-RA-Av_00001107-RA	0.0103968	0.0232276	0.447604
Av_00001145-RA-Av_00001146-RA	0.793025	1.17403	0.675472
Av_00001221-RA-Av_00001222-RA	0.410255	0.543601	0.7547
Av_00001284-RA-Av_00001285-RA	0.918252	NA	NA
Av_00001318-RA-Av_00001319-RA	0.141236	0.210846	0.669852
Av_00001459-RA-Av_00001460-RA	0.222862	1.11759	0.199413
Av_00001508-RA-Av_00001509-RA	0.334024	0.400247	0.834544
Av_00001519-RA-Av_00001520-RA	0.245525	1.61503	0.152025
Av_00001608-RA-Av_00001609-RA	0.283219	1.99354	0.142068
Av_00001668-RA-Av_00001670-RA	NA	NA	NA
Av_00001677-RA-Av_00001678-RA	NA	0.00355816	-0
Av_00001684-RA-Av_00001685-RA	0.0878298	0.152768	0.574923
Av_00001687-RA-Av_00001689-RA	0.225602	1.03048	0.218929
Av_00001791-RA-Av_00001792-RA	0.390876	1.61666	0.241781
Av_00001792-RA-Av_00001793-RA	0.280927	1.27738	0.219925
Av_00001982-RA-Av_00001984-RA	0.217045	NA	NA
Av_00002173-RA-Av_00002174-RA	0.046449	0.0974409	0.476689
Av_00002181-RA-Av_00002182-RA	0.437639	NA	NA
Av_00002182-RA-Av_00002183-RA	0.440109	NA	NA
Av_00002298-RA-Av_00002299-RA	0.723881	2.05969	0.351451
Av_00002314-RA-Av_00002315-RA	0.129743	0.105788	1.22645
Av_00002328-RA-Av_00002329-RA	0.265624	0.865353	0.306955
Av_00002345-RA-Av_00002347-RA	0.114984	0.0986884	1.16513
Av_00002371-RA-Av_00002373-RA	0.0651585	0.061883	1.05293
Av_00002373-RA-Av_00002375-RA	0.179396	0.218843	0.819747
Av_00002374-RA-Av_00002375-RA	0.333995	0.487998	0.68442
Av_00002412-RA-Av_00002413-RA	0.148966	0.169885	0.876867
Av_00002429-RA-Av_00002430-RA	0.111023	0.133457	0.831902
Av_00002430-RA-Av_00002431-RA	0.0727766	0.059561	1.22188
Av_00002437-RA-Av_00002439-RA	0.219139	0.27155	0.806992
Av_00002441-RA-Av_00002442-RA	1.70014	2.92377	0.58149
Av_00002478-RA-Av_00002479-RA	0.59748	1.52483	0.391834
Av_00002494-RA-Av_00002495-RA	0.257024	0.281403	0.913365
Av_00002511-RA-Av_00002513-RA	0.189202	0.186196	1.01614
Av_00002546-RA-Av_00002547-RA	0.258362	0.309133	0.835764
Av_00002558-RA-Av_00002559-RA	NA	0.0563605	-0
Av_00002574-RA-Av_00002575-RA	0.361933	0.712056	0.508292
Av_00002664-RA-Av_00002666-RA	0.0832269	0.136197	0.611076
Av_00002668-RA-Av_00002669-RA	0.105405	0.227463	0.463396
Av_00002821-RA-Av_00002822-RA	0.422503	NA	NA
Av_00002939-RA-Av_00002940-RA	0.795608	1.16995	0.680039
Av_00002940-RA-Av_00002941-RA	0.2097	0.946714	0.221503
Av_00002940-RA-Av_00002942-RA	0.222128	0.648912	0.342309
Av_00003040-RA-Av_00003042-RA	0.939744	NA	NA
Av_00003041-RA-Av_00003042-RA	0.0440758	0.0391836	1.12485
Av_00003041-RA-Av_00003043-RA	1.19452	NA	NA
Av_00003358-RA-Av_00003359-RA	0.983903	NA	NA
Av_00003461-RA-Av_00003462-RA	0.33727	0.801522	0.420787
Av_00003491-RA-Av_00003492-RA	0.587912	1.44611	0.406548
Av_00003677-RA-Av_00003679-RA	0.169592	0.199214	0.851307
Av_00003679-RA-Av_00003681-RA	0.298783	0.368204	0.81146
Av_00003680-RA-Av_00003681-RA	0.176319	0.12416	1.4201
Av_00003723-RA-Av_00003724-RA	0.443286	NA	NA
Av_00003724-RA-Av_00003725-RA	0.00784463	NA	NA
Av_00003769-RA-Av_00003770-RA	0.197653	1.89182	0.104478
Av_00003836-RA-Av_00003837-RA	0.635113	1.02657	0.618673
Av_00003882-RA-Av_00003883-RA	0.775641	2.15534	0.359869
Av_00003900-RA-Av_00003901-RA	0.591981	0.989236	0.598422
Av_00003934-RA-Av_00003936-RA	0.465754	NA	NA
Av_00004073-RA-Av_00004074-RA	0.00567294	0.0189979	0.298609
Av_00004075-RA-Av_00004076-RA	0.0906679	0.080896	1.1208
Av_00004112-RA-Av_00004114-RA	0.62043	1.86845	0.332057
Av_00004113-RA-Av_00004114-RA	0.430351	1.27791	0.336762
Av_00004143-RA-Av_00004144-RA	0.266183	0.600858	0.443005
Av_00004383-RA-Av_00004384-RA	0.189563	0.311445	0.608656
Av_00004576-RA-Av_00004577-RA	0.452507	1.46563	0.308747
Av_00004676-RA-Av_00004677-RA	0.685741	3.60481	0.190229
Av_00004834-RA-Av_00004835-RA	0.277397	0.481159	0.576519
Av_00004843-RA-Av_00004845-RA	0.303226	0.661661	0.45828
Av_00004971-RA-Av_00004972-RA	0.0288831	0.0277768	1.03983
Av_00005004-RA-Av_00005005-RA	0.299238	1.80042	0.166205
Av_00005127-RA-Av_00005129-RA	0.307562	0.657184	0.467999
Av_00005131-RA-Av_00005133-RA	0.116447	0.158411	0.735095
Av_00005136-RA-Av_00005137-RA	0.319161	NA	NA
Av_00005155-RA-Av_00005156-RA	0.546365	0.943753	0.578928
Av_00005311-RA-Av_00005312-RA	0.203771	0.560823	0.363342
Av_00005728-RA-Av_00005729-RA	1.09986	1.99731	0.55067
Av_00005778-RA-Av_00005779-RA	0.272889	NA	NA
Av_00005882-RA-Av_00005883-RA	1.51534	2.88215	0.525768
Av_00005902-RA-Av_00005903-RA	0.74916	1.68785	0.443855
Av_00005947-RA-Av_00005948-RA	0.0145477	0.0172822	0.841773
Av_00006073-RA-Av_00006075-RA	1.02128	3.2394	0.31527
Av_00006118-RA-Av_00006119-RA	0.318234	1.54319	0.206218
Av_00006154-RA-Av_00006155-RA	0.553805	1.87239	0.295774
Av_00006260-RA-Av_00006261-RA	0.273606	0.966995	0.282945
Av_00006346-RA-Av_00006347-RA	0.48754	4.76041	0.102416
Av_00006676-RA-Av_00006678-RA	0.619664	1.53172	0.404554
Av_00006703-RA-Av_00006704-RA	0.190813	0.359364	0.530973
Av_00006720-RA-Av_00006721-RA	0.116531	0.473598	0.246055
Av_00006735-RA-Av_00006736-RA	1.29807	1.86125	0.69742
Av_00006756-RA-Av_00006758-RA	0.0825317	0.0925527	0.891727
Av_00006757-RA-Av_00006759-RA	0.0269841	0.0179424	1.50393
Av_00006900-RA-Av_00006901-RA	0.598586	1.99241	0.300434
Av_00006930-RA-Av_00006931-RA	0.657399	1.23152	0.53381
Av_00006935-RA-Av_00006937-RA	0.00293947	0.00696188	0.422224
Av_00006936-RA-Av_00006938-RA	0.00940182	0.0188183	0.499611
Av_00007136-RA-Av_00007137-RA	0.244952	0.310842	0.788029
Av_00007258-RA-Av_00007259-RA	0.456697	3.82231	0.119482
Av_00007640-RA-Av_00007642-RA	0.985383	2.23607	0.440677
Av_00007673-RA-Av_00007674-RA	0.0465837	0.350243	0.133004
Av_00007715-RA-Av_00007716-RA	0.728453	1.52287	0.478342
Av_00007733-RA-Av_00007734-RA	0.388993	1.94309	0.200192
Av_00007853-RA-Av_00007854-RA	0.164429	0.247941	0.663179
Av_00008074-RA-Av_00008075-RA	0.12066	0.395429	0.305137
Av_00008077-RA-Av_00008079-RA	0.103824	0.17114	0.606664
Av_00008081-RA-Av_00008083-RA	0.075583	0.137729	0.54878
Av_00008083-RA-Av_00008085-RA	0.230141	0.245944	0.935747
Av_00008116-RA-Av_00008117-RA	0.0172406	0.0166031	1.0384
Av_00008145-RA-Av_00008146-RA	0.263741	0.312683	0.843479
Av_00008267-RA-Av_00008268-RA	0.484747	2.70955	0.178903
Av_00008276-RA-Av_00008277-RA	0.125889	1.69221	0.0743931
Av_00008278-RA-Av_00008279-RA	0.201327	0.26926	0.747703
Av_00008319-RA-Av_00008320-RA	0.0748201	0.136297	0.548948
Av_00008320-RA-Av_00008321-RA	0.366693	0.514358	0.712914
Av_00008323-RA-Av_00008324-RA	0.399658	0.949148	0.42107
Av_00008324-RA-Av_00008325-RA	0.238754	0.546342	0.437005
Av_00008325-RA-Av_00008326-RA	0.0813417	0.174499	0.466145
Av_00008342-RA-Av_00008343-RA	0.282026	1.03234	0.273191
Av_00008345-RA-Av_00008347-RA	0.0470831	0.129905	0.362444
Av_00008346-RA-Av_00008348-RA	0.0779656	0.113555	0.686589
Av_00008370-RA-Av_00008371-RA	0.0538296	0.202856	0.265358
Av_00008387-RA-Av_00008389-RA	0.261794	0.414395	0.63175
Av_00008433-RA-Av_00008434-RA	0.458392	1.28574	0.35652
Av_00008562-RA-Av_00008563-RA	0.0842796	0.150987	0.55819
Av_00008663-RA-Av_00008664-RA	0.0130615	0.0328997	0.397009
Av_00008948-RA-Av_00008950-RA	0.00925447	0.0428369	0.21604
Av_00008982-RA-Av_00008983-RA	0.358079	0.723908	0.494647
Av_00009079-RA-Av_00009080-RA	0.0193917	0.036757	0.527566
Av_00009115-RA-Av_00009116-RA	0.365926	1.0597	0.345313
Av_00009135-RA-Av_00009136-RA	0.253375	0.83159	0.304688
Av_00009277-RA-Av_00009278-RA	0.0804679	0.0996513	0.807495
Av_00009278-RA-Av_00009279-RA	0.159776	0.28731	0.556111
Av_00009392-RA-Av_00009393-RA	0.158817	0.206059	0.770737
Av_00009415-RA-Av_00009416-RA	0.357386	0.530023	0.674284
Av_00009416-RA-Av_00009417-RA	0.237744	0.270454	0.879057
Av_00009417-RA-Av_00009419-RA	0.176786	0.248424	0.71163
Av_00009600-RA-Av_00009601-RA	0.379032	NA	NA
Av_00009689-RA-Av_00009691-RA	0.729729	1.41749	0.514804
Av_00009753-RA-Av_00009754-RA	0.301252	1.29205	0.233159
Av_00009766-RA-Av_00009767-RA	0.482757	NA	NA
Av_00009810-RA-Av_00009812-RA	0.826115	2.30657	0.358157
Av_00009886-RA-Av_00009888-RA	0.0280398	0.0474888	0.590452
Av_00010036-RA-Av_00010038-RA	0.965103	NA	NA
Av_00010250-RA-Av_00010251-RA	0.0394377	0.0283983	1.38874
Av_00010310-RA-Av_00010311-RA	0.631145	1.97592	0.319419
Av_00010404-RA-Av_00010405-RA	0.378746	1.66904	0.226924
Av_00010544-RA-Av_00010545-RA	0.193071	0.630162	0.306383
Av_00010580-RA-Av_00010581-RA	0.132192	0.190005	0.695727
Av_00010640-RA-Av_00010641-RA	0.353234	1.8868	0.187213
Av_00010641-RA-Av_00010642-RA	0.433436	NA	NA
Av_00010660-RA-Av_00010662-RA	0.0931352	0.443802	0.209858
Av_00010716-RA-Av_00010717-RA	0.17562	0.2257	0.778113
Av_00010769-RA-Av_00010770-RA	0.125915	0.19325	0.651567
Av_00010780-RA-Av_00010782-RA	0.16684	0.650988	0.256288
Av_00010782-RA-Av_00010783-RA	0.013299	0.0727403	0.182828
Av_00010836-RA-Av_00010837-RA	0.777149	NA	NA
Av_00010869-RA-Av_00010870-RA	0.4896	1.09623	0.446621
Av_00010961-RA-Av_00010962-RA	0.118077	0.324033	0.364396
Av_00010962-RA-Av_00010963-RA	0.821811	1.65906	0.495347
Av_00011016-RA-Av_00011017-RA	0.0778931	0.152241	0.511643
Av_00011055-RA-Av_00011056-RA	0.165002	0.242998	0.679027
Av_00011111-RA-Av_00011113-RA	0.0191225	0.0126724	1.50899
Av_00011147-RA-Av_00011149-RA	0.00889476	0.0142564	0.623911
Av_00011149-RA-Av_00011150-RA	NA	NA	NA
Av_00011336-RA-Av_00011337-RA	0.00274881	NA	NA
Av_00011368-RA-Av_00011369-RA	0.183004	0.306826	0.596441
Av_00011440-RA-Av_00011441-RA	0.129062	0.296765	0.434895
Av_00011767-RA-Av_00011768-RA	0.205931	0.295545	0.696783
Av_00011796-RA-Av_00011797-RA	1.21021	NA	NA
Av_00011834-RA-Av_00011836-RA	0.135406	0.687561	0.196937
Av_00011835-RA-Av_00011836-RA	0.548626	1.00957	0.543423
Av_00012375-RA-Av_00012376-RA	0.482662	1.6228	0.297426
Av_00012376-RA-Av_00012378-RA	0.46661	NA	NA
Av_00012390-RA-Av_00012392-RA	0.0409396	0.0292368	1.40028
Av_00012392-RA-Av_00012393-RA	0.0618149	0.040297	1.53398
Av_00012472-RA-Av_00012473-RA	0.275329	0.5993	0.459418
Av_00012474-RA-Av_00012476-RA	0.252704	NA	NA
Av_00012551-RA-Av_00012552-RA	0.018789	0.0346722	0.541905
Av_00012613-RA-Av_00012614-RA	0.161846	0.577475	0.280265
Av_00012794-RA-Av_00012795-RA	0.355827	1.40315	0.253592
Av_00012825-RA-Av_00012826-RA	0.466765	2.99399	0.155901
Av_00012853-RA-Av_00012854-RA	NA	NA	NA
Av_00012864-RA-Av_00012865-RA	0.0288234	0.0715845	0.402649
Av_00012869-RA-Av_00012870-RA	0.00180151	0.00574459	0.313602
Av_00012892-RA-Av_00012894-RA	0.396074	1.37756	0.287518
Av_00013030-RA-Av_00013031-RA	0.235841	1.66939	0.141274
Av_00013117-RA-Av_00013118-RA	0.0763884	0.234105	0.3263
Av_00013255-RA-Av_00013256-RA	0.387942	1.62332	0.238981
Av_00013273-RA-Av_00013274-RA	0.52344	3.62496	0.144399
Av_00013307-RA-Av_00013308-RA	0.497848	1.37652	0.361671
Av_00013312-RA-Av_00013313-RA	0.340316	1.0032	0.339232
Av_00013456-RA-Av_00013458-RA	0.0341366	0.0323121	1.05646
Av_00013916-RA-Av_00013917-RA	0.0130026	0.01714	0.758613
Av_00013944-RA-Av_00013946-RA	0.45355	1.9627	0.231085
Av_00014098-RA-Av_00014099-RA	0.00736429	0.0297322	0.247688
Av_00014099-RA-Av_00014100-RA	0.0577923	0.0617247	0.936291
Av_00014100-RA-Av_00014101-RA	0.0601414	0.0794373	0.757093
Av_00014124-RA-Av_00014125-RA	0.0549943	0.0681884	0.806506
Av_00014182-RA-Av_00014183-RA	0.455953	2.03764	0.223765
Av_00014377-RA-Av_00014378-RA	0.0229723	0.0371223	0.618828
Av_00014435-RA-Av_00014436-RA	0.0586441	0.0344176	1.7039
Av_00014436-RA-Av_00014437-RA	0.082218	0.110562	0.743637
Av_00014436-RA-Av_00014438-RA	0.155269	0.208759	0.743769
Av_00014525-RA-Av_00014526-RA	0.228312	1.35816	0.168104
Av_00014528-RA-Av_00014530-RA	0.113241	0.140352	0.806838
Av_00014534-RA-Av_00014535-RA	0.35378	1.77212	0.199636
Av_00014662-RA-Av_00014663-RA	0.938875	NA	NA
Av_00014695-RA-Av_00014696-RA	0.206721	0.301394	0.685884
Av_00014800-RA-Av_00014801-RA	0.0872333	0.0936938	0.931046
Av_00014821-RA-Av_00014822-RA	1.23055	NA	NA
Av_00014890-RA-Av_00014891-RA	0.16713	1.35349	0.123481
Av_00014932-RA-Av_00014933-RA	NA	NA	NA
Av_00014978-RA-Av_00014980-RA	NA	NA	NA
Av_00014979-RA-Av_00014981-RA	0.077684	0.102609	0.75709
Av_00014981-RA-Av_00014982-RA	0.0561156	0.0761308	0.737095
Av_00014981-RA-Av_00014983-RA	0.0953967	0.0745314	1.27995
Av_00014987-RA-Av_00014988-RA	0.057661	0.0710629	0.811408
Av_00014996-RA-Av_00014997-RA	0.0796722	0.0957232	0.832319
Av_00014998-RA-Av_00015000-RA	0.0689238	0.0619854	1.11194
Av_00014999-RA-Av_00015000-RA	0.0698892	0.0785759	0.889449
Av_00015000-RA-Av_00015001-RA	0.103592	0.115642	0.8958
Av_00015067-RA-Av_00015069-RA	0.124763	0.136885	0.911446
Av_00015068-RA-Av_00015069-RA	0.923813	NA	NA
Av_00015086-RA-Av_00015087-RA	0.829149	NA	NA
Av_00015235-RA-Av_00015237-RA	0.053617	0.0842269	0.636578
Av_00015273-RA-Av_00015274-RA	0.384637	1.12418	0.342149
Av_00015388-RA-Av_00015389-RA	0.817535	1.30188	0.627965
Av_00015665-RA-Av_00015667-RA	0.611803	1.04178	0.587266
Av_00015683-RA-Av_00015684-RA	0.270909	0.525614	0.515414
Av_00015871-RA-Av_00015873-RA	0.283804	0.462033	0.614249
Av_00016040-RA-Av_00016041-RA	0.0114468	0.0116928	0.978959
Av_00016441-RA-Av_00016442-RA	0.18339	0.206008	0.890208
Av_00016462-RA-Av_00016463-RA	0.015923	0.0160818	0.990126
Av_00016490-RA-Av_00016491-RA	0.211229	0.295416	0.715023
Av_00016597-RA-Av_00016599-RA	0.115379	0.129687	0.889675
Av_00016600-RA-Av_00016601-RA	0.113382	0.229517	0.494001
Av_00016631-RA-Av_00016632-RA	0.055393	0.0846946	0.654033
Av_00016653-RA-Av_00016654-RA	0.484698	0.651163	0.744358
Av_00016661-RA-Av_00016663-RA	0.470946	0.740252	0.636197
Av_00016669-RA-Av_00016671-RA	0.226167	0.353826	0.639203
Av_00016673-RA-Av_00016674-RA	0.217918	0.417194	0.522341
Av_00016727-RA-Av_00016728-RA	0.00935639	NA	NA
Av_00016787-RA-Av_00016788-RA	0.211197	0.656292	0.321803
Av_00016876-RA-Av_00016877-RA	0.0431408	0.0322422	1.33803
Av_00016877-RA-Av_00016878-RA	0.103646	0.139733	0.741745
Av_00016963-RA-Av_00016964-RA	0.275008	0.672211	0.40911
Av_00017275-RA-Av_00017276-RA	0.282915	0.562146	0.503276
Av_00017285-RA-Av_00017286-RA	0.0689913	0.0683063	1.01003
Av_00017329-RA-Av_00017330-RA	0.141956	0.224495	0.632336
Av_00017341-RA-Av_00017342-RA	0.173949	0.218561	0.795883
Av_00017389-RA-Av_00017390-RA	0.0209249	0.031271	0.669146
Av_00017402-RA-Av_00017403-RA	0.109854	0.21984	0.499702
Av_00017476-RA-Av_00017478-RA	0.317393	0.590284	0.537696
Av_00017483-RA-Av_00017484-RA	0.0818816	0.119545	0.684944
Av_00017650-RA-Av_00017651-RA	0.00738465	0.0386919	0.190858
Av_00017651-RA-Av_00017652-RA	0.0359242	0.0949162	0.378483
Av_00017652-RA-Av_00017653-RA	0.698354	2.33595	0.29896
Av_00017812-RA-Av_00017814-RA	0.367587	0.570441	0.644391
Av_00017813-RA-Av_00017814-RA	0.171345	0.240736	0.711755
Av_00017813-RA-Av_00017815-RA	0.147885	0.27915	0.52977
Av_00017918-RA-Av_00017919-RA	0.777136	1.16958	0.664455
Av_00018000-RA-Av_00018001-RA	0.092256	0.222505	0.414624
Av_00018032-RA-Av_00018034-RA	0.567397	NA	NA
Av_00018033-RA-Av_00018034-RA	0.464219	1.513	0.30682
Av_00018211-RA-Av_00018213-RA	0.562409	0.673952	0.834495
Av_00018266-RA-Av_00018267-RA	0.90047	2.62879	0.342542
Av_00018320-RA-Av_00018321-RA	0.398655	2.65394	0.150213
Av_00018321-RA-Av_00018322-RA	0.372108	1.77409	0.209746
Av_00018365-RA-Av_00018366-RA	0.541524	1.05067	0.515408
Av_00018415-RA-Av_00018416-RA	0.0132567	0.0276426	0.479574
Av_00018542-RA-Av_00018543-RA	0.152863	0.212857	0.718149
Av_00018810-RA-Av_00018811-RA	0.358523	0.682561	0.525262
Av_00018878-RA-Av_00018880-RA	NA	0.0311325	-0
Av_00018952-RA-Av_00018953-RA	0.170269	0.235322	0.723558
Av_00018979-RA-Av_00018980-RA	0.490931	2.01619	0.243494
Av_00018992-RA-Av_00018993-RA	0.521387	1.23776	0.421235
Av_00018992-RA-Av_00018994-RA	0.312665	1.58902	0.196766
Av_00019008-RA-Av_00019010-RA	0.0649716	0.110298	0.589055
Av_00019009-RA-Av_00019010-RA	0.106261	0.14285	0.743868
Av_00019010-RA-Av_00019011-RA	0.0830014	0.0641554	1.29376
Av_00019029-RA-Av_00019030-RA	0.330697	0.502859	0.657634
Av_00019051-RA-Av_00019052-RA	0.60901	0.650375	0.936399
Av_00019052-RA-Av_00019053-RA	0.185559	0.267283	0.69424
Av_00019052-RA-Av_00019054-RA	0.389001	0.753443	0.516298
Av_00019081-RA-Av_00019082-RA	0.417616	0.967015	0.431861
Av_00019298-RA-Av_00019299-RA	0.0829084	0.750571	0.11046
Av_00019365-RA-Av_00019366-RA	0.135953	0.0744597	1.82586
Av_00019478-RA-Av_00019479-RA	0.0832539	0.0548902	1.51673
Av_00019696-RA-Av_00019697-RA	1.48196	NA	NA
Av_00019738-RA-Av_00019739-RA	0.574078	0.886235	0.647771
Av_00019753-RA-Av_00019754-RA	0.18158	0.329159	0.551648
Av_00019851-RA-Av_00019853-RA	0.141341	0.17045	0.829225
Av_00019966-RA-Av_00019967-RA	0.472303	0.946824	0.498828
Av_00019982-RA-Av_00019983-RA	0.0237927	0.121301	0.196146
Av_00020093-RA-Av_00020094-RA	0.0100853	0.0254889	0.395673
Av_00020094-RA-Av_00020095-RA	0.0763612	0.117447	0.650177
Av_00020095-RA-Av_00020096-RA	0.468101	0.654088	0.715653
Av_00020116-RA-Av_00020118-RA	0.0354332	0.0722935	0.490129
Av_00020118-RA-Av_00020120-RA	0.413974	0.645481	0.641343
Av_00020119-RA-Av_00020121-RA	0.0660054	0.149987	0.440073
Av_00020120-RA-Av_00020122-RA	0.226448	0.401741	0.563666
Av_00020267-RA-Av_00020269-RA	0.0829904	0.0857902	0.967365
Av_00020270-RA-Av_00020272-RA	0.0620509	0.234294	0.264842
Av_00020272-RA-Av_00020273-RA	0.21707	0.193447	1.12212
Av_00020274-RA-Av_00020276-RA	0.0305516	0.0484776	0.630221
Av_00020275-RA-Av_00020277-RA	0.0507137	0.0345488	1.46789
Av_00020276-RA-Av_00020278-RA	0.0120546	0.025836	0.466581
Av_00020309-RA-Av_00020310-RA	0.0278877	0.0558675	0.499176
Av_00020361-RA-Av_00020362-RA	0.652063	1.55188	0.420176
Av_00020536-RA-Av_00020538-RA	1.04324	2.37336	0.439561
Av_00020547-RA-Av_00020548-RA	0.069595	0.171025	0.40693
Av_00020712-RA-Av_00020713-RA	0.0476447	0.0819644	0.581285
Av_00020738-RA-Av_00020740-RA	0.463189	NA	NA
Av_00020799-RA-Av_00020800-RA	0.0512197	0.176541	0.29013
Av_00020824-RA-Av_00020825-RA	0.203973	0.316201	0.645072
Av_00020845-RA-Av_00020847-RA	0.00509726	0.00576398	0.88433
Av_00020925-RA-Av_00020926-RA	0.431679	0.591586	0.729698
Av_00020937-RA-Av_00020938-RA	0.0572053	0.0390237	1.46591
Av_00020938-RA-Av_00020939-RA	0.0939447	0.0923571	1.01719
Av_00020939-RA-Av_00020940-RA	0.203036	0.47092	0.431147
Av_00020958-RA-Av_00020959-RA	0.383376	1.91364	0.200339
Av_00020958-RA-Av_00020960-RA	0.342608	2.00237	0.171101
Av_00020963-RA-Av_00020964-RA	0.017463	0.0052613	3.31914
Av_00021021-RA-Av_00021022-RA	0.0251015	0.0701615	0.357767
Av_00021023-RA-Av_00021024-RA	0.360329	0.607107	0.593518
Av_00021112-RA-Av_00021113-RA	0.105409	0.133344	0.7905
Av_00021124-RA-Av_00021125-RA	0.0459443	0.0837786	0.548401
Av_00021298-RA-Av_00021300-RA	0.114893	0.164801	0.697163
Av_00021311-RA-Av_00021313-RA	0.0440095	0.105158	0.418508
Av_00021513-RA-Av_00021515-RA	1.05557	2.62957	0.401422
Av_00021600-RA-Av_00021601-RA	0.49615	1.26457	0.392347
Av_00021711-RA-Av_00021713-RA	0.0503139	0.0783128	0.642473
Av_00021712-RA-Av_00021714-RA	0.102974	0.143522	0.717477
Av_00021810-RA-Av_00021811-RA	0.0853204	0.142601	0.598315
Av_00021885-RA-Av_00021887-RA	0.075858	0.0991643	0.764973
Av_00021886-RA-Av_00021887-RA	1.27814	NA	NA
Av_00021957-RA-Av_00021958-RA	0.0231421	0.036948	0.626341
Av_00022007-RA-Av_00022009-RA	0.508686	NA	NA
Av_00022138-RA-Av_00022139-RA	0.137718	0.130432	1.05587
Av_00022139-RA-Av_00022141-RA	0.483938	0.625381	0.77383
Av_00022140-RA-Av_00022142-RA	0.478875	0.682421	0.70173
Av_00022153-RA-Av_00022154-RA	0.439042	NA	NA
Av_00022244-RA-Av_00022245-RA	0.262753	0.892491	0.294404
Av_00022245-RA-Av_00022246-RA	0.142988	0.309817	0.461524
Av_00022404-RA-Av_00022405-RA	0.0986055	0.16191	0.609016
Av_00022494-RA-Av_00022495-RA	0.067417	0.0660498	1.0207
Av_00022495-RA-Av_00022496-RA	0.0336806	0.0898347	0.374917
Av_00022533-RA-Av_00022535-RA	0.0138517	0.0149632	0.925717
Av_00022535-RA-Av_00022536-RA	0.120578	0.180716	0.667226
Av_00022536-RA-Av_00022538-RA	0.0577636	0.0790945	0.730311
Av_00022662-RA-Av_00022663-RA	0.0260258	0.0263421	0.987992
Av_00022777-RA-Av_00022779-RA	0.171809	0.0826677	2.07831
Av_00022786-RA-Av_00022788-RA	0.472515	1.15693	0.40842
Av_00022793-RA-Av_00022794-RA	0.437779	0.661152	0.662146
Av_00022793-RA-Av_00022795-RA	1.43978	NA	NA
Av_00022906-RA-Av_00022907-RA	0.0501821	0.103245	0.486048
Av_00023006-RA-Av_00023007-RA	0.151883	0.250456	0.606429
Av_00023282-RA-Av_00023283-RA	0.430199	0.572222	0.751804
Av_00023349-RA-Av_00023350-RA	0.0765228	0.105025	0.728612
Av_00023438-RA-Av_00023439-RA	0.00547103	0.0178947	0.305735
Av_00023484-RA-Av_00023485-RA	0.380205	1.266	0.300319
Av_00023511-RA-Av_00023512-RA	0.146159	0.262421	0.556961
Av_00023575-RA-Av_00023576-RA	0.195824	1.2199	0.160525
Av_00023607-RA-Av_00023608-RA	0.467991	0.452313	1.03466
Av_00023609-RA-Av_00023610-RA	0.168908	0.260232	0.649066
Av_00023631-RA-Av_00023632-RA	0.062169	0.12608	0.493093
Av_00023808-RA-Av_00023809-RA	0.0242858	0.0490143	0.495484
Av_00023865-RA-Av_00023867-RA	0.136274	0.380859	0.357806
Av_00023943-RA-Av_00023944-RA	0.0658591	0.0811579	0.811493
Av_00023944-RA-Av_00023945-RA	0.164888	0.270718	0.609077
Av_00023945-RA-Av_00023946-RA	0.107467	0.0815086	1.31848
Av_00023948-RA-Av_00023949-RA	0.0114276	0.0044297	2.57976
Av_00023966-RA-Av_00023967-RA	0.310099	1.47224	0.210631
Av_00024121-RA-Av_00024122-RA	NA	0.036642	-0
Av_00024353-RA-Av_00024354-RA	0.136272	0.519111	0.26251
Av_00024451-RA-Av_00024452-RA	0.0618594	0.0997837	0.619935
Av_00024483-RA-Av_00024484-RA	0.0529021	0.0634126	0.834252
Av_00024563-RA-Av_00024564-RA	0.760916	3.8786	0.196183
Av_00024621-RA-Av_00024622-RA	0.00452541	0.0133888	0.338001
Av_00024622-RA-Av_00024623-RA	0.0898989	0.171908	0.522948
Av_00024682-RA-Av_00024683-RA	NA	NA	NA
Av_00024683-RA-Av_00024684-RA	NA	NA	NA
Av_00024717-RA-Av_00024719-RA	0.544239	0.779926	0.697808
Av_00024724-RA-Av_00024725-RA	0.410764	1.02963	0.398944
Av_00024774-RA-Av_00024775-RA	0.0559598	0.0883291	0.633538
Av_00024861-RA-Av_00024862-RA	0.00547103	0.0178947	0.305735
Av_00024892-RA-Av_00024893-RA	0.0957411	0.0957674	0.999725
Av_00024892-RA-Av_00024894-RA	0.604502	1.30686	0.46256
Av_00024895-RA-Av_00024897-RA	0.20864	0.318716	0.654627
Av_00024927-RA-Av_00024928-RA	0.5083	0.667674	0.7613
Av_00024930-RA-Av_00024932-RA	0.0149071	0.0485488	0.307054
Av_00025035-RA-Av_00025036-RA	0.0192813	0.0214627	0.898365
Av_00025036-RA-Av_00025037-RA	0.0100871	0.0072468	1.39194
Av_00025057-RA-Av_00025058-RA	0.0101014	0.0178619	0.56553
Av_00025058-RA-Av_00025059-RA	0.174785	0.245258	0.71266
Av_00025073-RA-Av_00025074-RA	0.030339	0.0288	1.05344
Av_00025077-RA-Av_00025079-RA	NA	NA	NA
Av_00025079-RA-Av_00025081-RA	0.106812	0.135191	0.790081
