seq	ka	ks	ka/ks
HFX000034-HFX000036	0.301136	0.508041	0.592739
HFX000046-HFX000047	0.188268	0.617152	0.30506
HFX000101-HFX000102	0.219067	1.77564	0.123374
HFX000128-HFX000129	0.214632	0.461731	0.464842
HFX000129-HFX000130	0.331978	0.332079	0.999696
HFX000191-HFX000192	0.00507469	0.0776336	0.0653672
HFX000195-HFX000196	0.461084	2.55172	0.180695
HFX000210-HFX000211	0.321111	1.55476	0.206533
HFX000214-HFX000215	0.366716	2.76131	0.132805
HFX000222-HFX000223	0.238065	0.447173	0.532377
HFX000229-HFX000231	0.254906	0.669287	0.380862
HFX000284-HFX000285	0.369292	1.96013	0.188402
HFX000295-HFX000297	0.193664	0.819217	0.236402
HFX000328-HFX000329	0.157472	0.239003	0.65887
HFX000329-HFX000330	0.233211	1.00588	0.231847
HFX000381-HFX000382	0.165752	0.263503	0.629032
HFX000461-HFX000462	0.0762297	0.105869	0.720039
HFX000461-HFX000463	0.0364891	0.0115635	3.15554
HFX000465-HFX000467	0.0554798	0.16204	0.342383
HFX000467-HFX000468	0.0612287	0.109982	0.556718
HFX000468-HFX000469	0.351927	0.423066	0.831847
HFX000470-HFX000471	0.176333	0.279194	0.631578
HFX000470-HFX000472	0.0558005	0.156175	0.357295
HFX000473-HFX000475	0.281282	0.455066	0.618112
HFX000478-HFX000480	0.283751	0.397958	0.713016
HFX000489-HFX000490	0.478412	1.30031	0.367922
HFX000500-HFX000502	0.168447	0.282123	0.597071
HFX000521-HFX000523	0.123356	0.327222	0.37698
HFX000553-HFX000554	0.749325	1.69396	0.442352
HFX000637-HFX000638	0.18886	0.330374	0.571657
HFX000646-HFX000647	0.187497	0.244791	0.765948
HFX000806-HFX000807	0.222056	0.723416	0.306955
HFX000807-HFX000808	0.217931	0.796089	0.273751
HFX000876-HFX000877	0.290883	0.707144	0.411349
HFX000909-HFX000910	0.150485	0.406354	0.370329
HFX000967-HFX000968	0.132523	0.183737	0.721262
HFX000968-HFX000969	0.480501	0.871357	0.55144
HFX000969-HFX000970	0.477944	1.13617	0.420663
HFX000970-HFX000971	0.113996	0.518855	0.219706
HFX001013-HFX001014	0.127061	0.463459	0.274158
HFX001091-HFX001092	0.0680125	0.446538	0.15231
HFX001118-HFX001120	0.493819	1.92445	0.256603
HFX001152-HFX001153	0.207586	0.316101	0.656708
HFX001153-HFX001154	0.190519	0.752848	0.253065
HFX001177-HFX001178	0.172881	0.651031	0.26555
HFX001183-HFX001184	0.117144	0.174531	0.671192
HFX001185-HFX001186	0.00447914	0.0248571	0.180195
HFX001188-HFX001190	0.0022344	0.0105796	0.211199
HFX001216-HFX001217	0.159209	0.364195	0.437153
HFX001268-HFX001270	0.307872	1.24697	0.246896
HFX001270-HFX001271	0.103538	0.441204	0.234672
HFX001271-HFX001272	0.151737	0.52622	0.288353
HFX001272-HFX001273	0.0296648	0.238142	0.124568
HFX001273-HFX001274	0.141344	0.223306	0.632961
HFX001275-HFX001277	0.0349278	0.172528	0.202447
HFX001276-HFX001277	0.0500574	0.283772	0.1764
HFX001277-HFX001278	0.0451249	0.117243	0.384883
HFX001278-HFX001279	0.00973612	0.119755	0.0813
HFX001286-HFX001287	0.519083	2.04005	0.254446
HFX001287-HFX001288	0.190314	0.792986	0.239997
HFX001341-HFX001342	0.0638229	0.161377	0.39549
HFX001342-HFX001343	0.0757897	0.137812	0.54995
HFX001352-HFX001353	0.308439	1.00642	0.306472
HFX001364-HFX001365	0.426486	1.11727	0.38172
HFX001374-HFX001375	0.110266	0.423683	0.260255
HFX001382-HFX001383	0.293544	0.744421	0.394325
HFX001410-HFX001411	0.20596	1.35745	0.151726
HFX001413-HFX001414	0.0972878	0.296205	0.328448
HFX001422-HFX001423	0.14414	0.989051	0.145736
HFX001423-HFX001424	0.272567	1.35877	0.200599
HFX001424-HFX001425	0.261775	1.89934	0.137825
HFX001425-HFX001426	0.138031	1.08859	0.126799
HFX001433-HFX001434	0.0502784	0.343841	0.146226
HFX001434-HFX001435	0.157974	0.497642	0.317446
HFX001444-HFX001445	0.368563	0.466381	0.790262
HFX001445-HFX001446	0.321056	0.386096	0.831544
HFX001446-HFX001447	0.189603	0.327397	0.579123
HFX001450-HFX001452	0.0761343	0.465494	0.163556
HFX001456-HFX001457	0.234521	0.43643	0.537363
HFX001468-HFX001469	0.0806365	0.291382	0.276738
HFX001469-HFX001470	0.336834	2.54157	0.13253
HFX001470-HFX001471	0.156454	0.803887	0.194622
HFX001503-HFX001505	0.320227	1.78948	0.17895
HFX001505-HFX001506	0.159629	0.356163	0.448191
HFX001516-HFX001518	0.327264	0.575764	0.568399
HFX001517-HFX001519	0.104475	0.172775	0.604686
HFX001528-HFX001529	0.0624409	0.0624964	0.999112
HFX001529-HFX001530	0.0670358	0.317432	0.211182
HFX001530-HFX001532	0.0144583	0.103358	0.139885
HFX001531-HFX001533	0.0297977	0.128391	0.232085
HFX001538-HFX001539	0.465469	1.24473	0.373952
HFX001539-HFX001540	0.286557	0.729627	0.392745
HFX001581-HFX001582	0.624662	1.25374	0.498239
HFX001590-HFX001591	0.144962	0.241615	0.599973
HFX001601-HFX001602	0.152424	0.295385	0.516017
HFX001603-HFX001604	0.0569656	0.153582	0.370914
HFX001604-HFX001605	0.492985	1.54515	0.319053
HFX001604-HFX001606	0.459738	2.93632	0.156569
HFX001629-HFX001631	0.0942059	0.185767	0.507119
HFX001630-HFX001632	0.614611	1.2651	0.485818
HFX001702-HFX001703	0.255897	1.25443	0.203994
HFX001725-HFX001726	0.609431	1.04629	0.582467
HFX001769-HFX001771	0.475932	0.613885	0.775278
HFX001813-HFX001814	0.108217	0.30563	0.35408
HFX001826-HFX001828	0.0630165	0.169237	0.372357
HFX001828-HFX001829	0.0194508	0.0169877	1.14499
HFX001841-HFX001842	0.429831	0.953887	0.45061
HFX001845-HFX001846	0.709866	0.900269	0.788504
HFX001864-HFX001866	0.251355	0.364857	0.688913
HFX001865-HFX001867	0.0738208	0.24114	0.306132
HFX001867-HFX001868	0.06638	0.14123	0.470013
HFX001892-HFX001894	0.121769	0.211956	0.574502
HFX001910-HFX001911	0.0762329	0.121466	0.627606
HFX001991-HFX001993	0.0288902	0.0424659	0.680316
HFX002057-HFX002059	0.780863	1.67434	0.466371
HFX002130-HFX002131	0.180312	0.403551	0.446813
HFX002131-HFX002132	0.107536	0.222446	0.483424
HFX002132-HFX002133	0.0729084	0.191326	0.381069
HFX002133-HFX002134	0.0383345	0.0647391	0.592139
HFX002134-HFX002135	0.0923565	0.132361	0.69776
HFX002135-HFX002136	0.103828	0.416495	0.249289
HFX002144-HFX002146	0.219374	0.297298	0.737892
HFX002152-HFX002154	0.0420206	0.225867	0.186041
HFX002162-HFX002163	0.502858	1.41394	0.355644
HFX002180-HFX002181	0.770116	1.38686	0.555294
HFX002185-HFX002186	0.059281	0.116571	0.508542
HFX002191-HFX002192	0.758248	2.2796	0.332624
HFX002228-HFX002229	0.164458	0.568335	0.289368
HFX002338-HFX002339	0.276253	0.562814	0.490843
HFX002350-HFX002351	0.446122	2.36535	0.188607
HFX002439-HFX002440	0.0778576	0.175247	0.444274
HFX002440-HFX002441	0.205661	0.834951	0.246315
HFX002577-HFX002578	0.612368	1.18998	0.514604
HFX002577-HFX002579	0.317298	0.483512	0.656237
HFX002593-HFX002595	0.654581	1.11106	0.589152
HFX002652-HFX002653	0.330617	0.71222	0.464206
HFX002695-HFX002697	0.210384	0.17945	1.17238
HFX002696-HFX002698	0.603061	0.654764	0.921036
HFX002708-HFX002709	0.196783	0.999726	0.196837
HFX002709-HFX002710	0.00923294	0.0804437	0.114775
HFX002710-HFX002711	0.016233	0.0553919	0.293057
HFX002722-HFX002724	0.41727	0.788081	0.529476
HFX002723-HFX002725	0.110257	0.270846	0.407082
HFX002735-HFX002736	0.245028	0.618829	0.395954
HFX002796-HFX002797	0.0427787	0.0966621	0.442559
HFX002838-HFX002839	0.0571058	0.351301	0.162555
HFX002908-HFX002909	0.020893	0.0431863	0.483789
HFX002909-HFX002910	0.0208921	0.0471261	0.443323
HFX002950-HFX002951	0.0633448	0.1093	0.57955
HFX002951-HFX002952	0.0732661	0.155163	0.472189
HFX002952-HFX002953	0.241747	0.578053	0.418209
HFX003104-HFX003106	0.0921193	0.304366	0.30266
HFX003105-HFX003106	0.138406	0.544349	0.254259
HFX003110-HFX003111	0.0718902	0.0964702	0.745206
HFX003111-HFX003112	0.171373	0.607766	0.281972
HFX003112-HFX003113	0.26555	0.961415	0.276207
HFX003231-HFX003233	0.144975	0.296142	0.489546
HFX003232-HFX003234	0.301429	0.673473	0.447573
HFX003304-HFX003305	0.522804	1.2365	0.42281
HFX003318-HFX003319	0.466563	2.07812	0.224512
HFX003319-HFX003320	0.336509	1.35103	0.249075
HFX003387-HFX003388	0.142267	0.526998	0.269958
HFX003410-HFX003411	0.0314543	0.157996	0.199082
HFX003411-HFX003412	0.0892146	0.198409	0.44965
HFX003411-HFX003413	0.0554727	0.202657	0.273727
HFX003418-HFX003420	0.245374	0.460388	0.532972
HFX003419-HFX003421	0.179939	0.528081	0.340742
HFX003459-HFX003460	0.163699	0.287375	0.569636
HFX003459-HFX003461	0.765115	1.16452	0.657019
HFX003467-HFX003469	0.0122278	0.0193678	0.631348
HFX003471-HFX003472	0.282176	1.54492	0.182648
HFX003472-HFX003473	0.336017	1.54925	0.21689
HFX003473-HFX003474	0.0832426	0.31456	0.264632
HFX003478-HFX003479	0.589308	0.72522	0.812591
HFX003498-HFX003499	0.408751	2.57123	0.158971
HFX003528-HFX003529	0.0940947	0.45391	0.207298
HFX003532-HFX003533	0.129882	0.361591	0.359196
HFX003533-HFX003534	0.224992	0.439419	0.512022
HFX003549-HFX003550	0.0720535	0.413548	0.174232
HFX003551-HFX003552	0.124246	0.201487	0.616649
HFX003556-HFX003557	0.43782	1.39428	0.314012
HFX003557-HFX003558	1.15235	1.72603	0.667632
HFX003673-HFX003675	0.0787418	0.207986	0.378591
HFX003675-HFX003676	0.122426	0.283515	0.431813
HFX003676-HFX003678	0.351713	1.31419	0.267628
HFX003680-HFX003682	0.197263	1.00778	0.19574
HFX003681-HFX003682	0.381566	1.445	0.264059
HFX003694-HFX003696	0.117664	0.727148	0.161816
HFX003695-HFX003697	0.269126	0.934108	0.28811
HFX003705-HFX003706	0.0387539	0.0974223	0.397793
HFX003724-HFX003725	0.160342	0.239789	0.668682
HFX003854-HFX003855	0.521842	1.08055	0.482941
HFX003855-HFX003856	0.595541	1.08171	0.550554
HFX003871-HFX003872	0.175126	0.494286	0.354302
HFX003872-HFX003873	0.182116	0.524632	0.347131
HFX003925-HFX003927	0.2507	2.16183	0.115967
HFX003927-HFX003929	0.0269007	0.0442195	0.608345
HFX003928-HFX003930	0.411414	0.525737	0.782548
HFX003951-HFX003952	0.741538	1.40468	0.527904
HFX004005-HFX004006	0.187566	0.177671	1.05569
HFX004029-HFX004030	0.173392	0.347627	0.498789
HFX004031-HFX004032	NA	0.00640304	-0
HFX004039-HFX004041	0.449115	1.42653	0.31483
HFX004049-HFX004050	0.206045	0.330048	0.624288
HFX004050-HFX004051	0.220464	0.438234	0.503075
HFX004051-HFX004053	0.124687	0.220529	0.565397
HFX004085-HFX004087	0.963345	3.77605	0.25512
HFX004087-HFX004089	0.516251	2.33518	0.221076
HFX004099-HFX004100	0.222716	0.327724	0.679586
HFX004101-HFX004102	0.0424181	0.0796085	0.532834
HFX004102-HFX004104	0.0116467	0.0608342	0.191451
HFX004103-HFX004105	0.912176	3.86274	0.236148
HFX004210-HFX004211	0.863425	2.14528	0.402477
HFX004260-HFX004261	0.130537	0.305827	0.426833
HFX004292-HFX004293	0.177268	0.391247	0.453083
HFX004293-HFX004294	0.125971	0.36854	0.341812
HFX004294-HFX004295	0.0808934	0.248462	0.325577
HFX004336-HFX004337	0.376097	3.5781	0.105111
HFX004363-HFX004364	0.0335851	0.113189	0.296717
HFX004366-HFX004367	0.328851	1.86356	0.176464
HFX004367-HFX004368	0.0413805	0.102602	0.403311
HFX004381-HFX004382	0.599974	1.57879	0.380021
HFX004432-HFX004433	0.760391	2.58672	0.29396
HFX004446-HFX004447	0.265321	1.87346	0.141621
HFX004447-HFX004448	0.445833	2.69227	0.165597
HFX004463-HFX004464	0.414521	1.42295	0.291312
HFX004481-HFX004482	0.221723	0.291985	0.759363
HFX004488-HFX004489	0.225867	1.84023	0.122738
HFX004489-HFX004491	0.226739	4.85135	0.0467373
HFX004499-HFX004500	0.916671	1.87056	0.490051
HFX004501-HFX004502	0.0516968	0.289753	0.178417
HFX004541-HFX004542	0.196738	0.657354	0.299287
HFX004585-HFX004586	0.12599	0.254402	0.495241
HFX004650-HFX004651	0.391716	0.667202	0.587102
HFX004656-HFX004657	0.177037	0.366898	0.482523
HFX004657-HFX004658	0.328179	1.62617	0.201811
HFX004658-HFX004659	0.439453	1.52593	0.28799
HFX004680-HFX004681	0.147295	0.452301	0.325657
HFX004691-HFX004692	0.69303	1.2277	0.564496
HFX004699-HFX004700	0.172871	1.08649	0.159109
HFX004701-HFX004702	0.235623	1.83562	0.128362
HFX004719-HFX004720	0.570283	1.61722	0.352632
HFX004733-HFX004734	0.534374	0.885561	0.60343
HFX004792-HFX004793	0.256533	1.23962	0.206945
HFX004824-HFX004826	0.133933	0.540986	0.247571
HFX004825-HFX004827	0.368266	0.639342	0.576008
HFX004826-HFX004828	0.393898	0.851021	0.462853
HFX004828-HFX004829	0.357475	0.719673	0.496719
HFX004829-HFX004830	0.460698	3.56355	0.129281
HFX004889-HFX004891	0.0136392	0.35325	0.0386106
HFX004891-HFX004892	0.0706426	0.186927	0.377915
HFX004916-HFX004917	0.0991779	0.22073	0.449318
HFX004959-HFX004960	0.375708	0.673979	0.557447
HFX004969-HFX004970	0.449157	0.776812	0.578206
HFX004970-HFX004971	0.37491	0.67267	0.557346
HFX004971-HFX004972	0.0058444	0.0435899	0.134077
HFX005085-HFX005087	0.384753	0.579262	0.664212
HFX005135-HFX005136	0.257507	0.775548	0.332032
HFX005139-HFX005140	0.503255	1.62235	0.3102
HFX005143-HFX005144	0.282885	1.92058	0.147291
HFX005144-HFX005145	0.301867	1.39385	0.21657
HFX005145-HFX005146	0.283336	1.62307	0.174568
HFX005152-HFX005153	0.266893	0.858921	0.31073
HFX005207-HFX005209	0.0654803	0.114439	0.572188
HFX005214-HFX005215	0.346123	1.10349	0.313662
HFX005313-HFX005314	0.475238	1.18084	0.402456
HFX005322-HFX005323	0.805439	1.79298	0.449218
HFX005354-HFX005355	0.636411	2.84702	0.223536
HFX005355-HFX005356	0.244063	0.394664	0.618407
HFX005370-HFX005371	0.376741	1.54554	0.24376
HFX005371-HFX005372	0.134995	0.455336	0.296473
HFX005372-HFX005373	0.0618062	0.19708	0.313609
HFX005397-HFX005399	0.339497	1.03244	0.328831
HFX005419-HFX005420	0.248847	0.400608	0.621173
HFX005441-HFX005442	0.180575	0.43635	0.41383
HFX005458-HFX005460	0.232525	0.216075	1.07613
HFX005459-HFX005460	0.362824	0.636553	0.569983
HFX005481-HFX005482	0.0771253	0.344486	0.223885
HFX005482-HFX005483	0.112127	0.342323	0.327548
HFX005483-HFX005484	0.114961	0.361201	0.318275
HFX005484-HFX005485	0.0561832	0.226247	0.248327
HFX005485-HFX005486	0.0768651	0.16603	0.462958
HFX005500-HFX005501	0.228028	3.00578	0.0758631
HFX005503-HFX005504	1.58198	2.23132	0.708988
HFX005596-HFX005597	0.124313	0.169425	0.733732
HFX005632-HFX005633	0.192373	1.41137	0.136302
HFX005657-HFX005658	0.0438285	0.0866736	0.505674
HFX005674-HFX005675	0.00291201	0.0982961	0.0296249
HFX005676-HFX005677	0.00415457	0.0233046	0.178273
HFX005703-HFX005704	0.144752	0.286627	0.505019
HFX005730-HFX005731	0.0436612	0.52919	0.0825058
HFX005829-HFX005830	0.115989	0.439919	0.263659
HFX005845-HFX005846	0.145621	0.251047	0.580054
HFX005901-HFX005903	0.757431	0.969579	0.781196
HFX005906-HFX005907	0.672537	0.836341	0.804143
HFX005927-HFX005929	0.221965	0.860525	0.257941
HFX005934-HFX005935	0.273485	1.18904	0.230004
HFX005935-HFX005936	0.00822982	0.0682485	0.120586
HFX005956-HFX005957	0.0827686	0.271809	0.304509
HFX005966-HFX005967	0.2188	1.28852	0.169807
HFX005980-HFX005982	0.168044	0.273822	0.613698
HFX005981-HFX005983	0.104348	0.137804	0.757221
HFX005983-HFX005984	0.0131958	0.0301627	0.437488
HFX006065-HFX006066	0.0587881	0.343432	0.171178
HFX006088-HFX006090	0.0753195	0.207787	0.362484
HFX006092-HFX006093	1.01403	3.11992	0.325016
HFX006131-HFX006133	0.0334623	0.17763	0.188382
HFX006197-HFX006198	0.150297	0.467755	0.321317
HFX006233-HFX006234	0.209301	0.417067	0.501842
HFX006238-HFX006239	0.134391	0.429559	0.312859
HFX006253-HFX006254	0.433583	1.59552	0.27175
HFX006262-HFX006263	0.198415	0.327225	0.606356
HFX006279-HFX006281	0.425051	1.02972	0.412784
HFX006395-HFX006396	0.623979	1.25615	0.496738
HFX006397-HFX006398	0.0244898	0.129243	0.189486
HFX006404-HFX006405	0.300834	0.447798	0.671806
HFX006405-HFX006406	0.266598	0.642312	0.41506
HFX006434-HFX006435	0.278279	0.621264	0.447924
HFX006435-HFX006436	0.317506	0.452606	0.701506
HFX006445-HFX006446	0.114809	0.17212	0.667032
HFX006509-HFX006510	0.123556	0.188981	0.653803
HFX006523-HFX006524	0.430444	0.717731	0.599729
HFX006524-HFX006525	0.177914	0.195045	0.912167
HFX006535-HFX006536	0.551129	0.752995	0.731915
HFX006550-HFX006551	0.159106	0.142985	1.11274
HFX006596-HFX006598	0.224076	1.23779	0.181028
HFX006598-HFX006599	0.188285	0.946559	0.198915
HFX006656-HFX006657	0.16234	0.606676	0.26759
HFX006668-HFX006669	0.00133697	0.0357143	0.0374352
HFX006685-HFX006686	0.312465	0.545116	0.573208
HFX006687-HFX006688	0.144616	0.316586	0.456797
HFX006688-HFX006689	0.146921	0.352098	0.417273
HFX006691-HFX006693	0.158797	0.246214	0.644955
HFX006720-HFX006721	0.0714473	0.100701	0.709501
HFX006721-HFX006722	0.186012	0.261657	0.7109
HFX006722-HFX006723	0.112309	0.186209	0.603132
HFX006753-HFX006754	0.238111	0.417672	0.570091
HFX006802-HFX006803	0.293392	1.24452	0.235748
HFX006833-HFX006834	0.456482	0.535096	0.853085
HFX006859-HFX006860	0.0770844	0.28818	0.267487
HFX006902-HFX006903	0.125084	0.493626	0.253399
HFX006903-HFX006904	0.0472951	0.281186	0.168198
HFX006904-HFX006905	0.0775351	0.317548	0.244168
HFX006916-HFX006917	0.524089	0.868784	0.603245
HFX006917-HFX006918	0.761382	1.0873	0.700247
HFX006918-HFX006919	1.37395	2.21145	0.621288
HFX006933-HFX006934	0.27513	0.516825	0.532346
HFX006939-HFX006940	0.712856	2.03137	0.350925
HFX006955-HFX006956	0.727528	0.89775	0.81039
HFX006979-HFX006981	0.0552331	0.0751781	0.734697
HFX006981-HFX006982	0.0550493	0.0681554	0.807703
HFX006982-HFX006983	0.0813334	0.0952265	0.854105
HFX006983-HFX006984	0.149227	0.287541	0.518975
HFX006985-HFX006987	0.0934906	0.1281	0.729827
HFX006986-HFX006987	0.0517225	0.0366481	1.41133
HFX006987-HFX006988	0.413184	1.64142	0.251723
HFX006988-HFX006989	0.339742	1.40159	0.242397
HFX006997-HFX006998	0.145688	0.260468	0.559332
HFX007059-HFX007060	0.354514	0.939872	0.377194
HFX007060-HFX007061	0.602535	1.05434	0.571481
HFX007061-HFX007063	0.639613	0.964078	0.663445
HFX007143-HFX007144	0.0718613	0.142311	0.504958
HFX007178-HFX007179	0.0105444	0.551369	0.0191241
HFX007181-HFX007182	0.526048	2.15855	0.243704
HFX007220-HFX007221	0.211809	0.371744	0.569772
HFX007246-HFX007247	0.351314	0.647934	0.542206
HFX007250-HFX007251	0.261884	0.391482	0.668956
HFX007251-HFX007252	0.339754	0.685715	0.495473
HFX007263-HFX007264	0.21674	1.71099	0.126675
HFX007300-HFX007301	0.0610555	0.0916839	0.665935
HFX007318-HFX007319	0.339048	0.341949	0.991517
HFX007351-HFX007353	0.400768	3.67542	0.10904
HFX007353-HFX007354	0.122478	0.605027	0.202434
HFX007413-HFX007414	0.233781	0.630778	0.370624
HFX007443-HFX007444	0.0240093	0.0983495	0.244122
HFX007444-HFX007445	0.0208227	0.109491	0.190177
HFX007459-HFX007460	0.15526	0.649509	0.239042
HFX007492-HFX007494	0.314513	1.10231	0.285323
HFX007494-HFX007495	NA	0.00469268	-0
HFX007495-HFX007496	0.0134601	0.063554	0.21179
HFX007512-HFX007513	0.562594	1.55284	0.3623
HFX007516-HFX007518	0.570996	1.52966	0.373283
HFX007521-HFX007522	0.245881	3.10171	0.0792727
HFX007522-HFX007523	0.0411342	0.261911	0.157054
HFX007525-HFX007526	0.113931	0.592517	0.192283
HFX007533-HFX007534	0.218262	0.267766	0.815121
HFX007534-HFX007536	0.376691	0.508135	0.741321
HFX007558-HFX007560	0.184515	0.400696	0.460487
HFX007560-HFX007561	0.551937	1.52591	0.36171
HFX007571-HFX007572	0.108674	0.106998	1.01567
HFX007584-HFX007585	0.483255	1.38338	0.349329
HFX007585-HFX007586	0.363753	1.09135	0.333305
HFX007587-HFX007588	0.018765	0.0481788	0.389487
HFX007588-HFX007589	0.0257542	0.0666377	0.386481
HFX007629-HFX007630	0.224232	0.403586	0.5556
HFX007658-HFX007659	0.129492	0.94558	0.136945
HFX007668-HFX007670	0.0968283	0.154906	0.625077
HFX007669-HFX007671	0.428628	0.910697	0.470659
HFX007675-HFX007676	0.0842877	0.0757039	1.11339
HFX007679-HFX007680	0.521966	1.39771	0.373442
HFX007682-HFX007683	0.459548	1.08116	0.42505
HFX007683-HFX007684	0.419145	0.970384	0.431937
HFX007718-HFX007719	0.99491	1.67281	0.594754
HFX007777-HFX007778	0.179693	0.519928	0.345612
HFX007795-HFX007796	0.170683	0.336639	0.507022
HFX007803-HFX007804	0.0650005	0.300337	0.216425
HFX007804-HFX007805	0.0371289	0.102264	0.363068
HFX007805-HFX007806	0.0864083	0.282875	0.305464
HFX007806-HFX007807	0.0902921	0.300574	0.300399
HFX007858-HFX007859	0.116085	0.304004	0.381854
HFX007881-HFX007882	0.311155	2.02132	0.153937
HFX007891-HFX007892	0.321323	1.04684	0.306947
HFX007913-HFX007914	0.124852	0.265368	0.470488
HFX007922-HFX007923	0.561744	1.63451	0.343677
HFX007969-HFX007971	0.0229921	0.0743827	0.309106
HFX007989-HFX007991	0.0922391	0.124671	0.739859
HFX008005-HFX008006	0.194309	1.7661	0.110021
HFX008006-HFX008007	0.102358	0.540808	0.189269
HFX008006-HFX008008	0.0501964	0.32993	0.152142
HFX008025-HFX008027	1.3586	3.29299	0.412573
HFX008178-HFX008179	0.111064	0.238618	0.465444
HFX008190-HFX008191	0.0887859	0.416533	0.213155
HFX008192-HFX008193	0.385603	1.21481	0.317418
HFX008220-HFX008221	0.191165	0.977154	0.195635
HFX008325-HFX008326	0.291061	0.431549	0.674455
HFX008328-HFX008329	0.120707	0.351931	0.342985
HFX008329-HFX008330	0.0798655	0.26872	0.297207
HFX008370-HFX008371	0.186492	0.511492	0.364605
HFX008371-HFX008373	0.487195	0.78753	0.618637
HFX008372-HFX008374	0.469858	1.62748	0.288702
HFX008374-HFX008376	0.289838	0.848359	0.341646
HFX008383-HFX008384	0.745858	1.91537	0.389406
HFX008411-HFX008412	0.225494	0.717304	0.314363
HFX008411-HFX008413	0.448821	0.947533	0.473673
HFX008432-HFX008433	0.589235	1.93338	0.304769
HFX008462-HFX008463	0.353762	0.585236	0.604477
HFX008465-HFX008467	1.40743	2.63298	0.534538
HFX008469-HFX008471	0.767068	1.26748	0.605192
HFX008570-HFX008571	0.564262	1.34793	0.418614
HFX008600-HFX008601	1.84001	2.21664	0.83009
HFX008601-HFX008603	1.39552	1.82893	0.763029
HFX008618-HFX008619	0.306143	0.364173	0.840652
HFX008620-HFX008621	0.0638597	0.0573062	1.11436
HFX008622-HFX008623	0.318777	0.612354	0.520577
HFX008652-HFX008653	0.348708	4.08242	0.085417
HFX008691-HFX008692	0.184541	1.12929	0.163413
HFX008692-HFX008693	0.210769	2.12207	0.0993221
HFX008771-HFX008773	0.108929	0.369575	0.294742
HFX008772-HFX008773	1.66679	2.61619	0.637106
HFX008772-HFX008774	0.160463	0.404367	0.396826
HFX008783-HFX008784	0.802323	1.29125	0.621354
HFX008816-HFX008817	0.3817	4.20051	0.09087
HFX008817-HFX008818	0.284912	0.793851	0.358898
HFX008819-HFX008820	0.258338	1.4504	0.178115
HFX008820-HFX008821	0.521665	1.58904	0.328291
HFX008820-HFX008822	0.191822	0.705393	0.271936
HFX008840-HFX008841	0.0317489	0.184642	0.171948
HFX008841-HFX008843	0.0263569	0.154391	0.170715
HFX008842-HFX008844	0.526025	0.505695	1.0402
HFX008845-HFX008846	0.0618594	0.194142	0.31863
HFX008862-HFX008863	0.348883	2.11861	0.164676
HFX008870-HFX008872	0.808057	2.46134	0.328299
HFX008943-HFX008944	0.107925	0.105394	1.02402
HFX008967-HFX008968	0.5369	4.24856	0.126372
HFX008987-HFX008988	0.257688	0.403847	0.638085
HFX008995-HFX008997	0.292547	0.462885	0.632006
HFX008996-HFX008997	0.491142	0.844032	0.5819
HFX009002-HFX009003	1.25695	3.04418	0.412901
HFX009034-HFX009035	0.238244	0.393314	0.605734
HFX009036-HFX009037	0.682007	1.341	0.50858
HFX009073-HFX009074	0.271775	0.471843	0.575986
HFX009074-HFX009075	0.0149455	0.0350395	0.426534
HFX009075-HFX009076	0.600417	1.79707	0.334109
HFX009163-HFX009164	0.275023	1.36332	0.20173
HFX009172-HFX009174	0.117296	0.551228	0.212791
HFX009197-HFX009198	0.0967783	0.497297	0.194609
HFX009407-HFX009408	0.526724	1.29595	0.406438
HFX009433-HFX009434	0.148025	0.331167	0.446979
HFX009475-HFX009476	0.15812	0.821894	0.192385
HFX009509-HFX009511	0.470725	2.91798	0.161319
HFX009556-HFX009557	0.173577	0.984024	0.176396
HFX009557-HFX009558	0.175277	1.15367	0.15193
HFX009652-HFX009653	0.627554	1.21386	0.516992
HFX009653-HFX009654	0.375776	0.827869	0.453907
HFX009724-HFX009725	0.686851	1.41059	0.486926
HFX009726-HFX009728	0.368118	3.28961	0.111903
HFX009731-HFX009732	0.134831	0.439682	0.306655
HFX009830-HFX009831	0.261624	1.55883	0.167833
HFX009836-HFX009837	0.23054	0.344077	0.670025
HFX009879-HFX009880	0.0632291	0.176332	0.358581
HFX009890-HFX009891	0.551051	0.93341	0.590363
HFX009891-HFX009892	0.581161	0.801626	0.724978
HFX009892-HFX009893	0.398161	0.733219	0.543032
HFX009893-HFX009894	0.0758937	0.125012	0.607091
HFX009911-HFX009912	0.111575	0.346429	0.322073
HFX009958-HFX009959	0.0668151	0.380142	0.175764
HFX010002-HFX010003	0.187958	0.593143	0.316886
HFX010004-HFX010005	0.39748	1.79627	0.221281
HFX010005-HFX010006	0.00732372	0.0224116	0.326782
HFX010012-HFX010014	0.280262	0.637891	0.439357
HFX010013-HFX010014	0.374958	0.715932	0.523734
HFX010044-HFX010045	0.0971082	0.231598	0.419296
HFX010089-HFX010090	0.312756	1.6455	0.190067
HFX010101-HFX010102	0.0460053	0.188847	0.243611
HFX010105-HFX010106	0.0709786	0.253126	0.280408
HFX010171-HFX010172	0.521262	1.77424	0.293794
HFX010191-HFX010192	0.822322	1.20642	0.681623
HFX010192-HFX010193	0.211007	1.17712	0.179257
HFX010210-HFX010211	0.579747	1.31003	0.442544
HFX010211-HFX010212	0.451715	0.757905	0.596004
HFX010215-HFX010216	0.0659081	0.0862087	0.764518
HFX010255-HFX010256	0.294437	1.05635	0.27873
HFX010256-HFX010257	0.366347	1.4337	0.255525
HFX010295-HFX010297	0.536603	2.12964	0.25197
HFX010359-HFX010360	0.333385	0.775126	0.430104
HFX010368-HFX010369	0.170094	0.580112	0.293209
HFX010369-HFX010370	0.053815	0.208939	0.257564
HFX010370-HFX010371	0.0378066	0.0994504	0.380155
HFX010389-HFX010390	0.0480895	0.0266754	1.80276
HFX010477-HFX010478	0.255337	0.460591	0.554367
HFX010478-HFX010479	0.263501	0.629279	0.418736
HFX010479-HFX010480	0.290256	0.660526	0.439432
HFX010480-HFX010481	0.269494	0.59447	0.453335
HFX010509-HFX010511	0.226253	0.94704	0.238906
HFX010510-HFX010511	0.391358	0.941361	0.415736
HFX010538-HFX010539	0.178195	0.539708	0.33017
HFX010628-HFX010629	0.0486297	0.169441	0.287
HFX010632-HFX010633	0.255178	0.567865	0.449365
HFX010633-HFX010634	0.415121	1.44517	0.287247
HFX010638-HFX010639	0.0610942	0.167858	0.363965
HFX010650-HFX010652	0.0167353	0.565144	0.0296124
HFX010708-HFX010709	0.1822	0.468412	0.388974
HFX010709-HFX010710	0.460434	0.748203	0.615386
HFX010710-HFX010711	0.449198	1.32983	0.337785
HFX010727-HFX010728	0.0982763	0.225837	0.435165
HFX010750-HFX010751	0.341187	0.57123	0.597284
HFX010789-HFX010790	0.658496	3.37519	0.195099
HFX010793-HFX010794	0.144454	0.238454	0.605795
HFX010794-HFX010795	0.152492	0.279696	0.545207
HFX010816-HFX010818	0.236059	0.467427	0.505018
HFX010819-HFX010820	0.0189695	0.0393892	0.481592
HFX010851-HFX010852	0.100813	0.272118	0.370476
HFX010957-HFX010959	0.508667	0.731007	0.695844
HFX010966-HFX010967	0.0770039	0.100853	0.76353
HFX011007-HFX011008	0.107205	0.212194	0.505222
HFX011021-HFX011022	0.0216982	0.419332	0.0517447
HFX011041-HFX011043	0.248683	2.06447	0.120459
HFX011072-HFX011073	0.91862	1.13458	0.809653
HFX011073-HFX011074	0.0964014	0.188783	0.510648
HFX011078-HFX011079	0.0776965	0.162725	0.477472
HFX011118-HFX011119	1.55003	3.12806	0.495522
HFX011152-HFX011153	0.140844	0.131422	1.07169
HFX011153-HFX011154	0.166056	0.11483	1.44611
HFX011154-HFX011156	0.185243	0.48141	0.384793
HFX011163-HFX011164	0.384384	1.87624	0.204869
HFX011254-HFX011255	0.12682	0.389333	0.325738
HFX011255-HFX011256	0.2077	0.511455	0.406097
HFX011256-HFX011257	0.221441	0.501064	0.441941
HFX011256-HFX011258	0.440972	1.35177	0.326217
HFX011264-HFX011265	0.579389	2.985	0.1941
HFX011270-HFX011271	0.551378	1.05636	0.521962
HFX011304-HFX011305	0.194096	1.38279	0.140366
HFX011310-HFX011311	0.0365795	0.10818	0.338134
HFX011314-HFX011315	0.0602775	0.473702	0.127248
HFX011315-HFX011316	0.0335824	0.135898	0.247115
HFX011316-HFX011317	0.0653394	0.488372	0.13379
HFX011353-HFX011354	0.19435	0.372914	0.521167
HFX011399-HFX011400	0.201404	0.576881	0.349125
HFX011441-HFX011443	0.310481	0.540081	0.574878
HFX011461-HFX011462	0.107654	0.124788	0.862691
HFX011489-HFX011490	0.914713	2.12368	0.430721
HFX011515-HFX011516	0.206363	0.440504	0.46847
HFX011537-HFX011538	0.334061	1.0433	0.320196
HFX011540-HFX011541	0.0298738	0.0433355	0.689362
HFX011547-HFX011548	0.018553	0.110055	0.168578
HFX011555-HFX011556	0.259729	1.62889	0.159451
HFX011563-HFX011564	0.193429	0.29661	0.652131
HFX011564-HFX011565	0.62024	1.92493	0.322215
HFX011565-HFX011566	0.50198	1.53752	0.326486
HFX011568-HFX011569	0.333184	1.0636	0.31326
HFX011576-HFX011577	0.0594693	0.0267363	2.22429
HFX011583-HFX011584	0.109855	0.351338	0.312677
HFX011585-HFX011587	0.0998038	0.320414	0.311483
HFX011586-HFX011587	0.355823	0.969109	0.367165
HFX011591-HFX011592	0.0268968	0.0222193	1.21052
HFX011605-HFX011606	0.228336	0.306071	0.746021
HFX011614-HFX011615	0.0777425	0.487706	0.159405
HFX011643-HFX011644	0.139864	0.197275	0.708978
HFX011654-HFX011655	0.00530099	0.00534513	0.991741
HFX011662-HFX011664	0.0727203	0.0942852	0.77128
HFX011667-HFX011668	0.262167	0.56287	0.465769
HFX011692-HFX011693	0.354025	0.689563	0.513405
HFX011693-HFX011694	0.473059	1.37702	0.343538
HFX011740-HFX011741	0.165008	0.393026	0.41984
HFX011741-HFX011742	0.234451	0.626626	0.374149
HFX011741-HFX011743	0.42175	0.666243	0.633027
HFX011745-HFX011746	0.195093	0.265479	0.734871
HFX011758-HFX011759	0.280143	1.40055	0.200023
HFX011760-HFX011761	0.395817	3.20259	0.123593
HFX011779-HFX011780	0.205088	0.807664	0.253927
HFX011818-HFX011820	0.128408	0.387779	0.331137
HFX011925-HFX011927	0.223894	0.877272	0.255216
HFX011927-HFX011928	0.280029	0.995279	0.281357
HFX011928-HFX011929	0.279013	1.01674	0.274418
HFX011998-HFX011999	0.151194	0.207646	0.728134
HFX011999-HFX012000	0.154298	0.288951	0.533995
HFX012000-HFX012001	0.595563	0.985338	0.604425
HFX012001-HFX012002	0.564978	0.628615	0.898765
HFX012002-HFX012003	0.194614	0.269829	0.72125
HFX012003-HFX012005	0.129189	0.161723	0.798834
HFX012046-HFX012047	0.359518	0.866576	0.414871
HFX012047-HFX012048	0.177194	0.630139	0.281198
HFX012086-HFX012088	0.155465	0.186478	0.833688
HFX012088-HFX012089	0.132923	0.168768	0.787608
HFX012110-HFX012111	0.329826	1.48341	0.222343
HFX012115-HFX012116	0.264364	0.908967	0.29084
HFX012192-HFX012193	0.0958152	0.153335	0.624873
HFX012215-HFX012217	0.241348	2.33022	0.103573
HFX012216-HFX012217	0.311219	1.26468	0.246085
HFX012246-HFX012247	0.176424	0.361136	0.488524
HFX012256-HFX012258	0.302048	0.533144	0.566541
HFX012282-HFX012283	0.0971214	0.20816	0.46657
HFX012292-HFX012293	0.250053	0.570159	0.438568
HFX012320-HFX012321	0.441267	1.4213	0.310467
HFX012326-HFX012327	0.125542	0.393511	0.319031
HFX012331-HFX012332	0.0692741	0.185932	0.372577
HFX012332-HFX012333	0.0683676	0.171586	0.398445
HFX012345-HFX012346	1.01326	3.14025	0.32267
HFX012359-HFX012360	0.408284	0.926164	0.440833
HFX012364-HFX012366	0.21955	0.797979	0.275132
HFX012365-HFX012366	0.414984	0.876526	0.473442
HFX012426-HFX012427	0.578865	1.06352	0.54429
HFX012503-HFX012505	0.0406878	0.122067	0.333323
HFX012611-HFX012612	0.475279	1.72419	0.275654
HFX012611-HFX012613	0.563689	1.25646	0.448632
HFX012629-HFX012630	0.0521045	0.0822868	0.633206
HFX012630-HFX012631	0.0442262	0.0602384	0.734186
HFX012664-HFX012665	0.342791	1.594	0.21505
HFX012686-HFX012687	0.282295	0.794634	0.355252
HFX012696-HFX012697	1.39196	4.31067	0.322911
HFX012726-HFX012727	0.0351182	0.271306	0.129442
HFX012788-HFX012789	0.340581	1.30372	0.261237
HFX012842-HFX012843	0.175056	1.45037	0.120698
HFX012844-HFX012845	0.156471	0.775978	0.201644
HFX012895-HFX012896	0.246424	0.517139	0.476514
HFX012920-HFX012922	0.153951	0.275911	0.557976
HFX012921-HFX012923	0.0568996	0.102722	0.553915
HFX012939-HFX012940	0.00677032	0.0414727	0.163248
HFX012942-HFX012943	0.0639013	0.11826	0.540348
HFX012943-HFX012944	0.0504508	0.0882659	0.571578
HFX012946-HFX012947	0.0763481	0.166458	0.458664
HFX012958-HFX012959	0.177574	1.35274	0.13127
HFX013035-HFX013037	0.395361	0.394927	1.0011
HFX013052-HFX013053	0.207744	0.397957	0.522027
HFX013053-HFX013054	0.225803	0.363578	0.621057
HFX013101-HFX013102	0.149746	0.465765	0.321506
HFX013102-HFX013104	0.0821026	0.298514	0.275037
HFX013126-HFX013127	0.274185	0.814986	0.336428
HFX013127-HFX013128	0.20943	0.411339	0.509143
HFX013128-HFX013129	0.105823	0.339923	0.311316
HFX013155-HFX013157	0.20821	0.365472	0.569701
HFX013156-HFX013158	0.0806113	0.156644	0.514615
HFX013181-HFX013182	0.0326119	0.0824384	0.395591
HFX013183-HFX013184	0.079889	0.189336	0.421944
HFX013184-HFX013185	0.328454	1.19393	0.275104
HFX013241-HFX013242	0.176507	0.61461	0.287186
HFX013257-HFX013258	0.449904	2.42719	0.18536
HFX013258-HFX013259	0.662778	2.27439	0.291409
HFX013260-HFX013262	0.0381811	0.0924865	0.412829
HFX013261-HFX013263	0.20171	0.324832	0.620969
HFX013269-HFX013270	0.080001	0.186389	0.429216
HFX013329-HFX013330	0.320451	0.477615	0.670939
HFX013423-HFX013424	0.237184	1.17143	0.202474
HFX013476-HFX013477	0.0845432	0.152508	0.554353
HFX013494-HFX013495	0.971217	1.61005	0.603221
HFX013512-HFX013514	1.5734	4.83389	0.325493
HFX013525-HFX013526	0.134958	0.387565	0.348219
HFX013607-HFX013608	0.0325184	0.0362737	0.896473
HFX013608-HFX013609	0.0400346	0.115195	0.347537
HFX013609-HFX013611	0.0488787	0.197214	0.247846
HFX013613-HFX013614	1.81038	3.06764	0.590155
HFX013653-HFX013654	0.0508929	0.182381	0.279047
HFX013682-HFX013683	0.0712143	0.202539	0.351608
HFX013683-HFX013684	0.125477	0.325729	0.38522
HFX013721-HFX013722	0.33251	4.28241	0.0776457
HFX013731-HFX013732	0.75236	0.856186	0.878734
HFX013746-HFX013747	0.657191	1.85561	0.354164
HFX013778-HFX013780	0.248567	0.576806	0.430937
HFX013806-HFX013807	0.141844	0.24982	0.567786
HFX013836-HFX013837	0.153684	0.362266	0.42423
HFX013874-HFX013876	0.257022	0.493943	0.520348
HFX013958-HFX013959	0.181343	0.27102	0.669112
HFX013959-HFX013960	0.0167155	0.0385179	0.433968
HFX013962-HFX013963	0.170894	0.433129	0.394558
HFX014131-HFX014132	0.217011	0.9349	0.232122
HFX014241-HFX014242	0.0939473	0.422686	0.222263
HFX014251-HFX014252	0.21006	1.13244	0.185493
HFX014252-HFX014253	0.443579	2.83803	0.156298
HFX014262-HFX014263	0.251644	0.679462	0.370359
HFX014280-HFX014281	0.13907	0.26346	0.527862
HFX014281-HFX014282	0.150503	0.309207	0.486739
HFX014282-HFX014283	0.283189	1.59554	0.177488
HFX014298-HFX014300	0.0171437	0.0275257	0.622823
HFX014309-HFX014310	0.397471	3.83914	0.103531
HFX014312-HFX014313	0.0128365	0.0470473	0.272843
HFX014325-HFX014327	0.612559	2.23239	0.274396
HFX014363-HFX014364	0.077677	0.380577	0.204103
HFX014416-HFX014417	0.253509	1.22691	0.206624
HFX014429-HFX014430	0.185426	0.422489	0.438889
HFX014430-HFX014431	0.0502256	0.149572	0.335796
HFX014431-HFX014432	0.0277022	0.0910831	0.304142
HFX014458-HFX014459	0.100649	0.153717	0.65477
HFX014470-HFX014471	0.0396215	0.152954	0.259042
HFX014504-HFX014505	0.908804	2.36938	0.383562
HFX014556-HFX014557	0.492644	1.02597	0.480175
HFX014564-HFX014565	0.695321	1.73878	0.399889
HFX014670-HFX014671	0.292743	1.38657	0.211128
HFX014677-HFX014678	0.318489	0.944908	0.337059
HFX014687-HFX014688	0.382682	1.011	0.37852
HFX014707-HFX014709	0.214167	0.508489	0.421183
HFX014710-HFX014711	0.508904	0.66332	0.767207
HFX014718-HFX014719	0.600383	2.42234	0.247852
HFX014719-HFX014721	0.0436005	0.11776	0.370248
HFX014726-HFX014727	0.212473	0.480582	0.442116
HFX014727-HFX014728	0.0789587	0.262534	0.300755
HFX014729-HFX014730	0.207062	0.527041	0.392878
HFX014767-HFX014768	0.0720301	0.509752	0.141304
HFX014799-HFX014801	0.335332	0.83683	0.400718
HFX014801-HFX014803	0.403274	0.830255	0.485723
HFX014803-HFX014804	0.538606	0.888943	0.605894
HFX014803-HFX014805	0.370924	0.690961	0.536823
HFX014819-HFX014820	0.0258523	0.178931	0.144482
HFX014820-HFX014821	0.325163	2.7501	0.118237
HFX014878-HFX014880	0.422876	0.640275	0.66046
HFX014879-HFX014880	0.669279	0.960561	0.696758
HFX014883-HFX014885	0.44023	4.54221	0.0969198
HFX014885-HFX014886	0.110157	0.344023	0.320204
HFX014886-HFX014887	0.371415	0.775066	0.479204
HFX014896-HFX014898	0.327278	0.587641	0.556936
HFX014905-HFX014906	0.432987	2.2532	0.192165
HFX014908-HFX014909	0.0427761	0.136152	0.314178
HFX014927-HFX014928	0.345023	0.81215	0.424827
HFX014933-HFX014934	0.0328707	0.0587972	0.559052
HFX014935-HFX014936	0.0518938	0.215511	0.240794
HFX014936-HFX014937	0.0446276	0.218283	0.204448
HFX014937-HFX014938	0.0251496	0.0946747	0.265642
HFX014938-HFX014939	0.0187969	0.0587	0.32022
HFX014951-HFX014953	0.311294	0.228133	1.36453
HFX014952-HFX014954	0.45311	0.792094	0.572041
HFX014953-HFX014954	0.181923	0.181914	1.00005
HFX014961-HFX014962	0.0450745	0.0637887	0.706621
HFX015024-HFX015025	0.406326	2.32284	0.174926
HFX015028-HFX015029	0.227589	2.98179	0.0763263
HFX015045-HFX015047	0.163552	0.237226	0.689438
HFX015083-HFX015084	0.0487342	0.161727	0.301337
HFX015084-HFX015085	0.0487342	0.177136	0.275122
HFX015124-HFX015125	0.229462	0.748555	0.30654
HFX015203-HFX015204	0.0408182	0.150757	0.270755
HFX015215-HFX015217	0.0282964	0.101957	0.277533
HFX015217-HFX015218	0.241361	0.705723	0.342006
HFX015218-HFX015219	0.225462	0.590608	0.381746
HFX015219-HFX015220	0.0568753	0.119147	0.477355
HFX015220-HFX015221	0.0573694	0.125235	0.458093
HFX015223-HFX015225	0.347379	0.699906	0.496322
HFX015225-HFX015226	0.374287	0.590756	0.633573
HFX015317-HFX015318	0.0819527	0.292099	0.280564
HFX015321-HFX015322	0.0909356	0.47457	0.191617
HFX015354-HFX015355	0.225962	0.271002	0.833801
HFX015360-HFX015362	0.0252615	0.0575891	0.438652
HFX015361-HFX015363	0.748676	1.02601	0.729699
HFX015363-HFX015365	0.025713	0.0443708	0.579503
HFX015364-HFX015366	0.0425944	0.0460311	0.92534
HFX015392-HFX015394	0.11612	0.624815	0.185847
HFX015405-HFX015406	0.257081	0.975296	0.263593
HFX015412-HFX015413	0.381616	0.922911	0.413492
HFX015423-HFX015425	0.240408	0.320544	0.75
HFX015428-HFX015429	0.108497	0.326934	0.331863
HFX015429-HFX015430	0.102563	0.320465	0.320044
HFX015435-HFX015437	0.218503	0.370318	0.590041
HFX015475-HFX015477	0.105694	0.155239	0.680844
HFX015476-HFX015478	0.0528517	0.103725	0.509537
HFX015489-HFX015490	0.375809	2.44534	0.153684
HFX015491-HFX015492	0.0578796	0.270007	0.214363
HFX015500-HFX015501	0.34071	3.13472	0.108689
HFX015508-HFX015509	0.0277135	0.00630354	4.3965
HFX015509-HFX015510	0.0594072	0.055109	1.07799
HFX015584-HFX015586	0.2005	0.406655	0.493048
HFX015599-HFX015601	0.051193	0.0810824	0.631369
HFX015628-HFX015629	0.0217987	0.0515781	0.422634
HFX015643-HFX015644	0.165252	0.22946	0.720177
HFX015644-HFX015645	0.20145	0.640856	0.314345
HFX015648-HFX015649	0.022366	0.130021	0.172018
HFX015678-HFX015679	0.715884	1.33632	0.535712
HFX015762-HFX015763	0.112101	0.251512	0.44571
HFX015763-HFX015765	0.151158	0.26456	0.571358
HFX015805-HFX015806	0.895728	2.36456	0.378814
HFX015818-HFX015819	0.521658	1.14498	0.455606
HFX015873-HFX015874	0.14303	0.453185	0.31561
HFX015881-HFX015883	0.351462	0.915447	0.383924
HFX015882-HFX015883	0.135318	0.550174	0.245955
HFX015930-HFX015931	0.0770267	0.0958613	0.803523
HFX015931-HFX015933	0.161934	0.438556	0.369243
HFX015949-HFX015950	0.265605	0.543386	0.488796
HFX015949-HFX015951	0.181645	0.247651	0.73347
HFX015969-HFX015970	0.0844555	0.28002	0.301605
HFX015991-HFX015992	0.374924	2.0859	0.179742
HFX016106-HFX016107	0.0211465	0.0388182	0.544758
HFX016130-HFX016131	0.368175	0.642174	0.573325
HFX016223-HFX016224	0.0465736	0.173082	0.269085
HFX016232-HFX016233	0.246367	2.24411	0.109784
HFX016385-HFX016386	0.393528	0.808184	0.486929
HFX016385-HFX016387	0.301585	0.416487	0.724115
HFX016446-HFX016447	0.114833	0.449293	0.255586
HFX016448-HFX016449	0.208976	0.542786	0.385006
HFX016476-HFX016477	0.240312	0.402263	0.597401
HFX016476-HFX016478	0.34491	1.8542	0.186016
HFX016513-HFX016514	0.272022	1.2272	0.22166
HFX016515-HFX016517	0.0420039	0.0425779	0.986517
HFX016516-HFX016518	0.127239	0.168114	0.756861
HFX016517-HFX016519	0.0108833	0.0282574	0.385149
HFX016547-HFX016548	0.242988	0.616916	0.393876
HFX016562-HFX016563	0.417366	1.41347	0.295278
HFX016596-HFX016598	0.0798436	0.186894	0.427213
HFX016597-HFX016599	0.0356488	0.0737521	0.483359
HFX016599-HFX016600	0.276157	0.68086	0.4056
HFX016617-HFX016619	0.137346	0.429785	0.319569
HFX016672-HFX016673	0.626602	5.11894	0.122409
HFX016681-HFX016682	0.0545879	0.0679868	0.802919
HFX016683-HFX016684	0.0267136	0.457057	0.0584471
HFX016706-HFX016707	0.0977657	0.188377	0.51899
HFX016707-HFX016708	0.102899	0.240056	0.428645
HFX016708-HFX016709	0.0504117	0.108827	0.463226
HFX016709-HFX016710	0.0335036	0.0945444	0.354369
HFX016754-HFX016755	0.304872	1.70507	0.178803
HFX016772-HFX016773	0.342419	1.6291	0.210189
HFX016785-HFX016787	1.09753	5.33679	0.205654
HFX016830-HFX016832	0.340368	3.22955	0.105392
HFX016866-HFX016867	0.0373137	0.303096	0.123109
HFX016905-HFX016906	0.152749	0.485598	0.314559
HFX016907-HFX016908	0.454627	1.82587	0.248992
HFX016969-HFX016970	0.0293695	0.0270534	1.08561
HFX016983-HFX016984	0.213886	0.882488	0.242367
HFX017015-HFX017016	0.0143272	0.530617	0.027001
HFX017051-HFX017052	0.165994	0.353978	0.468938
HFX017054-HFX017056	0.151759	0.265379	0.571858
HFX017056-HFX017057	0.102309	0.23095	0.442994
HFX017062-HFX017064	0.0110241	0.116872	0.0943256
HFX017063-HFX017065	0.106785	0.239756	0.445393
HFX017072-HFX017073	0.104315	0.115734	0.901338
HFX017074-HFX017075	0.0163092	0.0239992	0.679574
HFX017084-HFX017086	0.140345	0.292592	0.479661
HFX017106-HFX017108	0.399114	2.57534	0.154975
HFX017147-HFX017148	0.368743	3.37763	0.109172
HFX017148-HFX017149	0.0751513	0.183092	0.410457
HFX017151-HFX017153	0.0108736	0.0216248	0.502829
HFX017152-HFX017154	0.139655	0.322938	0.432451
HFX017163-HFX017164	0.0955703	0.226386	0.422157
HFX017178-HFX017180	0.135889	0.522791	0.259929
HFX017182-HFX017184	0.0518916	0.0824175	0.629619
HFX017191-HFX017193	0.409654	0.691458	0.59245
HFX017192-HFX017193	0.471873	1.3139	0.35914
HFX017193-HFX017194	0.205052	0.65076	0.315096
HFX017227-HFX017228	0.0856445	0.285856	0.299607
HFX017227-HFX017229	0.214785	0.340597	0.630613
HFX017260-HFX017261	0.160128	0.739242	0.21661
HFX017340-HFX017341	0.136395	0.0949457	1.43656
HFX017424-HFX017426	0.0894982	0.204612	0.437405
HFX017444-HFX017445	0.376209	1.60185	0.234859
HFX017459-HFX017460	0.136468	0.361926	0.37706
HFX017459-HFX017461	0.0726624	0.218638	0.332341
HFX017519-HFX017520	0.0636847	0.0775997	0.820682
HFX017576-HFX017578	0.537336	1.43607	0.374172
HFX017577-HFX017578	0.325876	1.45842	0.223445
HFX017582-HFX017583	0.0404207	0.122058	0.331159
HFX017613-HFX017615	0.756161	3.57672	0.211412
HFX017614-HFX017615	0.170174	0.67897	0.250635
HFX017615-HFX017617	0.40828	2.35329	0.173493
HFX017682-HFX017683	0.1778	0.309091	0.575235
HFX017683-HFX017684	0.162209	0.347952	0.466181
HFX017684-HFX017685	0.145834	0.348773	0.418134
HFX017697-HFX017698	0.109268	0.294046	0.371603
HFX017723-HFX017725	0.239572	0.411366	0.582382
HFX017729-HFX017730	0.495024	0.728987	0.679057
HFX017746-HFX017747	0.225497	1.38521	0.162789
HFX017747-HFX017748	0.237772	1.99407	0.119239
HFX017747-HFX017749	0.243038	1.5079	0.161176
HFX017752-HFX017753	0.393496	2.90906	0.135266
HFX017753-HFX017754	0.380008	2.36361	0.160775
HFX017771-HFX017772	0.0455997	0.162196	0.281139
HFX017809-HFX017810	0.175552	0.324479	0.541026
HFX017810-HFX017811	0.115237	0.184586	0.624301
HFX017811-HFX017812	0.130361	0.231304	0.563592
HFX017877-HFX017878	0.0836545	0.435988	0.191873
HFX017878-HFX017879	0.0145316	0.0436095	0.333221
HFX017908-HFX017910	0.207994	0.376958	0.55177
HFX017933-HFX017934	0.139105	0.246637	0.564006
HFX017997-HFX017998	0.294383	0.347789	0.846441
HFX018019-HFX018021	0.163116	0.297691	0.547937
HFX018040-HFX018041	0.245693	0.438953	0.559726
HFX018062-HFX018063	1.86751	2.06086	0.90618
HFX018077-HFX018078	0.241916	0.436816	0.553817
HFX018080-HFX018081	0.245125	0.596888	0.410672
HFX018087-HFX018088	0.575216	0.756354	0.760512
HFX018091-HFX018092	0.136106	1.10125	0.123593
HFX018097-HFX018098	0.096148	0.129274	0.743754
HFX018108-HFX018109	0.012485	0.419124	0.0297884
HFX018141-HFX018142	0.244307	0.596098	0.409844
HFX018159-HFX018161	0.187675	0.695542	0.269826
HFX018217-HFX018219	0.153764	0.267109	0.575663
HFX018229-HFX018231	0.0310667	0.0532046	0.583911
HFX018285-HFX018286	0.248565	0.507527	0.489757
HFX018286-HFX018287	0.0662115	0.113232	0.58474
HFX018294-HFX018295	1.03384	1.89834	0.544601
HFX018294-HFX018296	0.540956	1.03041	0.52499
HFX018356-HFX018357	0.321183	1.20542	0.26645
HFX018357-HFX018359	0.370427	1.08997	0.339851
HFX018382-HFX018383	0.681028	1.8126	0.375718
HFX018384-HFX018385	0.0685794	0.192123	0.356956
HFX018385-HFX018386	0.0608785	0.24707	0.246402
HFX018412-HFX018413	0.141637	0.934548	0.151557
HFX018446-HFX018447	0.110047	0.171639	0.641154
HFX018472-HFX018473	0.13237	0.540771	0.24478
HFX018499-HFX018500	0.0118898	0.0415749	0.285985
HFX018507-HFX018508	0.317455	0.560758	0.566118
HFX018508-HFX018509	0.241381	0.449759	0.53669
HFX018509-HFX018510	0.218407	0.312438	0.699042
HFX018510-HFX018511	0.149486	0.241048	0.620149
HFX018511-HFX018512	0.0353231	0.0665772	0.530558
HFX018512-HFX018513	0.0402262	0.0360763	1.11503
HFX018527-HFX018529	0.944977	2.08612	0.452984
HFX018528-HFX018529	0.129563	0.633796	0.204424
HFX018600-HFX018601	0.331337	0.409571	0.808986
HFX018602-HFX018603	0.0692457	0.156465	0.442565
HFX018654-HFX018655	0.602274	2.9258	0.205849
HFX018670-HFX018671	0.255484	0.839339	0.304388
HFX018709-HFX018710	0.369466	0.341039	1.08335
HFX018723-HFX018725	0.186648	0.36083	0.517275
HFX018797-HFX018798	0.299345	3.47924	0.0860373
HFX018824-HFX018825	0.248531	0.402347	0.617704
HFX018826-HFX018827	0.0449313	0.0685095	0.65584
HFX018837-HFX018838	0.510268	0.701064	0.727847
HFX018849-HFX018851	0.0576973	0.105929	0.544678
HFX018850-HFX018852	0.258464	0.646217	0.399964
HFX018852-HFX018854	0.263718	0.737117	0.357769
HFX018853-HFX018854	0.167338	0.287967	0.581102
HFX018854-HFX018856	0.158505	0.259888	0.6099
HFX018855-HFX018857	0.14915	0.346502	0.430446
HFX018858-HFX018859	0.292628	1.52877	0.191414
HFX018888-HFX018889	0.0107892	0.028535	0.378105
HFX018889-HFX018890	0.00958932	0.0221915	0.432117
HFX018905-HFX018906	0.0473936	0.154361	0.30703
HFX018949-HFX018950	0.545773	2.15945	0.252737
HFX019039-HFX019040	0.016454	0.0136991	1.2011
HFX019055-HFX019056	0.201249	0.38373	0.524456
HFX019058-HFX019059	0.0840603	0.303458	0.277008
HFX019085-HFX019086	0.0451029	0.299042	0.150824
HFX019091-HFX019093	0.26534	2.46159	0.107792
HFX019110-HFX019111	0.0113254	0.0290887	0.389339
HFX019111-HFX019112	0.0718346	0.108399	0.662684
HFX019164-HFX019166	0.162172	0.323537	0.501248
HFX019165-HFX019167	0.298978	1.08039	0.276732
HFX019173-HFX019174	0.295129	1.87253	0.15761
HFX019174-HFX019175	0.084239	0.234799	0.35877
HFX019175-HFX019176	0.374427	2.67321	0.140067
HFX019178-HFX019179	0.0517497	0.179518	0.288271
HFX019213-HFX019214	0.331449	1.33409	0.248446
HFX019241-HFX019242	0.0221375	0.0361748	0.611958
HFX019242-HFX019243	0.027743	0.0744745	0.372517
HFX019253-HFX019254	1.01439	3.97249	0.255353
HFX019291-HFX019292	0.0122061	0.0188179	0.648644
HFX019308-HFX019309	0.325832	0.611895	0.532497
HFX019311-HFX019312	0.484891	1.26564	0.383119
HFX019325-HFX019326	0.214404	0.901039	0.237952
HFX019340-HFX019341	0.271494	0.248275	1.09352
HFX019382-HFX019384	0.161322	0.377888	0.426903
HFX019387-HFX019389	0.539439	2.50717	0.215159
HFX019436-HFX019437	0.18469	0.40657	0.454265
HFX019437-HFX019438	0.245546	0.582582	0.421479
HFX019438-HFX019439	0.208906	0.404512	0.51644
HFX019484-HFX019486	1.04022	2.43329	0.427497
HFX019489-HFX019490	0.247742	0.801616	0.309053
HFX019507-HFX019508	0.40169	0.750331	0.53535
HFX019507-HFX019509	0.208881	0.562877	0.371096
HFX019584-HFX019585	0.722347	1.5331	0.471169
HFX019584-HFX019586	0.103817	0.410986	0.252604
HFX019593-HFX019594	0.0377486	0.0637274	0.592345
HFX019669-HFX019671	0.301605	0.821037	0.367346
HFX019676-HFX019677	0.521191	1.82518	0.285556
HFX019701-HFX019702	0.082362	0.264517	0.311368
HFX019709-HFX019710	0.325105	2.06517	0.157423
HFX019711-HFX019712	0.409412	4.45189	0.0919636
HFX019715-HFX019716	0.0709833	0.706689	0.100445
HFX019716-HFX019717	0.296518	2.80394	0.105751
HFX019805-HFX019806	0.565007	2.57194	0.219681
HFX019826-HFX019827	0.711626	1.27576	0.557808
HFX019862-HFX019863	0.163458	0.637957	0.25622
HFX019867-HFX019869	0.179776	0.365252	0.492196
HFX019988-HFX019989	0.360341	2.44016	0.147671
HFX019995-HFX019996	0.104458	0.247127	0.42269
HFX020056-HFX020058	0.117646	0.180965	0.650103
HFX020064-HFX020065	1.18606	1.93651	0.612474
HFX020113-HFX020114	0.185911	0.37405	0.497023
HFX020117-HFX020118	0.491021	1.26091	0.389417
HFX020137-HFX020138	0.0769326	0.126791	0.606767
HFX020139-HFX020140	0.009695	0.017035	0.569122
HFX020176-HFX020177	0.122974	0.171789	0.715843
HFX020178-HFX020179	0.288268	0.458242	0.629073
HFX020179-HFX020180	0.150698	0.389006	0.387393
HFX020180-HFX020181	0.192032	0.499793	0.384222
HFX020181-HFX020182	0.226173	0.584025	0.387266
HFX020182-HFX020183	0.291785	0.361896	0.806269
HFX020187-HFX020188	0.140004	0.179572	0.779653
HFX020262-HFX020263	0.0988193	0.222299	0.444533
HFX020302-HFX020303	0.128543	0.209076	0.614816
HFX020303-HFX020305	0.102527	0.14366	0.713678
HFX020313-HFX020315	0.142188	1.05628	0.134613
HFX020314-HFX020315	0.146921	0.571676	0.257
HFX020336-HFX020337	0.345398	1.01527	0.340204
HFX020338-HFX020340	0.422432	0.573429	0.736678
HFX020339-HFX020340	0.31771	0.584202	0.543835
HFX020350-HFX020351	0.134725	0.213977	0.629626
HFX020445-HFX020446	0.408865	2.30024	0.177749
HFX020471-HFX020472	0.306882	1.71521	0.178918
HFX020497-HFX020498	0.235802	0.897706	0.262672
HFX020502-HFX020503	0.0335022	0.434109	0.0771746
HFX020509-HFX020510	0.426763	0.795046	0.536778
HFX020510-HFX020511	0.371013	0.561465	0.660794
HFX020511-HFX020512	0.246511	0.57276	0.430391
HFX020512-HFX020513	0.058963	0.217425	0.271188
HFX020512-HFX020514	0.133706	0.259092	0.516057
HFX020523-HFX020524	0.693197	3.11511	0.222527
HFX020527-HFX020528	0.30228	0.970882	0.311346
HFX020575-HFX020576	0.441613	0.947885	0.465893
HFX020635-HFX020637	0.00563362	0.0101025	0.557645
HFX020642-HFX020643	0.064526	0.0885307	0.728854
HFX020674-HFX020675	0.160403	0.350584	0.457531
HFX020675-HFX020676	0.0624876	0.218248	0.286315
HFX020677-HFX020678	0.330998	0.651337	0.508182
HFX020678-HFX020679	0.320192	0.627084	0.510605
HFX020679-HFX020680	0.0456294	0.134394	0.33952
HFX020680-HFX020681	0.170018	0.366572	0.463804
HFX020681-HFX020682	0.122034	0.223728	0.545457
HFX020682-HFX020683	0.0431817	0.0839616	0.514303
HFX020704-HFX020705	0.350934	0.593457	0.591338
HFX020706-HFX020707	0.63511	0.741765	0.856215
HFX020707-HFX020708	0.124106	0.146171	0.84905
HFX020730-HFX020731	0.313579	0.70062	0.447573
HFX020844-HFX020845	0.361576	0.470743	0.768095
HFX020890-HFX020891	0.771105	1.52521	0.505574
HFX020909-HFX020910	0.111758	0.475266	0.235148
HFX020917-HFX020919	0.234277	2.16369	0.108277
HFX020937-HFX020938	0.0508789	0.0935283	0.543995
HFX020966-HFX020967	0.338556	0.625602	0.541168
HFX020967-HFX020968	0.553636	1.20229	0.460486
HFX021021-HFX021023	0.337024	0.559551	0.602312
HFX021032-HFX021033	0.357898	2.57177	0.139164
HFX021033-HFX021034	0.249912	0.815542	0.306436
HFX021034-HFX021035	0.0105997	0.00466748	2.27097
HFX021035-HFX021036	0.219798	0.671316	0.327414
HFX021045-HFX021046	0.366122	1.77508	0.206256
HFX021050-HFX021051	0.112107	0.31774	0.352827
HFX021055-HFX021057	0.120043	0.100285	1.19702
HFX021063-HFX021064	0.467681	1.95984	0.238632
HFX021086-HFX021087	0.374294	1.21659	0.307658
HFX021095-HFX021097	0.220332	0.885958	0.248694
HFX021099-HFX021100	0.324278	1.07711	0.301062
HFX021100-HFX021101	0.330523	1.38192	0.239177
HFX021101-HFX021102	0.384992	0.628055	0.612991
HFX021140-HFX021141	0.0346008	0.292345	0.118356
HFX021161-HFX021162	0.286318	0.489268	0.585197
HFX021326-HFX021327	0.467553	3.0448	0.153558
HFX021327-HFX021328	0.124155	0.291477	0.425951
HFX021345-HFX021346	1.05166	1.67486	0.62791
HFX021352-HFX021353	0.828012	1.57614	0.52534
HFX021355-HFX021357	0.130285	0.379261	0.343523
HFX021377-HFX021378	0.26839	1.44319	0.18597
HFX021380-HFX021381	0.0894692	0.183066	0.488726
HFX021381-HFX021382	0.0445912	0.112541	0.396221
HFX021392-HFX021394	0.261089	0.348858	0.748409
HFX021394-HFX021395	0.70721	0.99918	0.707791
HFX021395-HFX021396	0.313283	0.44351	0.706371
HFX021481-HFX021482	0.233492	0.710906	0.328443
HFX021496-HFX021497	0.595116	1.02322	0.581609
HFX021544-HFX021545	0.714567	1.70278	0.419648
HFX021559-HFX021560	0.0437499	0.0553171	0.790894
HFX021560-HFX021561	0.0306734	0.0625295	0.490542
HFX021600-HFX021601	0.0155118	0.036688	0.422803
HFX021614-HFX021615	0.0901095	0.111864	0.805528
HFX021615-HFX021616	0.0635303	0.0886624	0.716542
HFX021628-HFX021629	0.528603	3.1817	0.166139
HFX021647-HFX021648	0.0168097	0.335019	0.0501754
HFX021690-HFX021692	0.282755	0.403905	0.700052
HFX021742-HFX021744	0.0886372	0.578835	0.15313
HFX021800-HFX021801	0.750053	1.28931	0.581749
HFX021817-HFX021819	0.0384791	0.0423912	0.907715
HFX021820-HFX021821	0.638147	0.743707	0.858062
HFX021847-HFX021848	0.0743608	0.289092	0.257222
HFX021848-HFX021850	0.0859774	0.507591	0.169383
HFX021854-HFX021855	0.239919	0.456447	0.525624
HFX021855-HFX021856	0.133158	0.284825	0.467507
HFX021916-HFX021918	0.407014	0.822991	0.494555
HFX021924-HFX021925	0.0211896	0.158697	0.133522
HFX021934-HFX021935	0.384424	1.15169	0.333792
HFX021951-HFX021953	0.23461	0.447051	0.524795
HFX021964-HFX021965	0.674885	0.862697	0.782297
HFX021998-HFX021999	0.147402	0.158774	0.928372
HFX021999-HFX022000	0.0320118	0.0493827	0.64824
HFX022037-HFX022039	0.639548	5.05761	0.126453
HFX022042-HFX022043	0.356821	0.525453	0.679073
HFX022043-HFX022044	0.177742	0.265153	0.670337
HFX022071-HFX022072	0.325509	0.914931	0.355775
HFX022185-HFX022186	0.434646	1.61215	0.269606
HFX022186-HFX022187	0.43634	3.51056	0.124293
HFX022203-HFX022204	0.105506	0.533068	0.197923
HFX022229-HFX022230	0.325523	1.44133	0.225849
HFX022238-HFX022239	0.0819125	0.333715	0.245456
HFX022273-HFX022274	0.0919238	0.141332	0.650411
HFX022274-HFX022275	0.131125	0.295321	0.444009
HFX022276-HFX022277	0.364699	2.4039	0.151711
HFX022290-HFX022291	0.487775	2.02911	0.240389
HFX022313-HFX022314	0.257819	1.17012	0.220336
HFX022314-HFX022315	0.355583	3.06817	0.115894
HFX022350-HFX022351	0.570233	2.72111	0.209559
HFX022436-HFX022438	0.0903689	0.175881	0.513808
HFX022437-HFX022438	0.367373	0.547841	0.670583
HFX022438-HFX022439	0.0550514	0.153524	0.358585
HFX022447-HFX022449	0.0450861	0.0785948	0.573652
HFX022448-HFX022450	0.343147	0.50471	0.679888
HFX022452-HFX022454	0.0114693	0.0148839	0.770586
HFX022453-HFX022455	0.323185	0.639586	0.505304
HFX022480-HFX022482	0.00390145	0.504041	0.00774034
HFX022502-HFX022503	0.359932	0.608103	0.591893
HFX022504-HFX022505	1.28946	3.14507	0.409993
HFX022505-HFX022506	0.304911	0.650198	0.468951
HFX022532-HFX022533	0.00876782	0.0464175	0.188891
HFX022554-HFX022555	0.470043	1.67987	0.279809
HFX022571-HFX022572	0.132708	0.201361	0.659053
HFX022594-HFX022595	0.453432	0.996115	0.4552
HFX022653-HFX022654	0.0135481	0.0109187	1.24082
HFX022654-HFX022655	0.028823	0.0728082	0.395876
HFX022693-HFX022694	0.235592	0.94879	0.248308
HFX022704-HFX022705	0.0666965	0.0639123	1.04356
HFX022705-HFX022706	0.07778	0.183754	0.423283
HFX022706-HFX022707	0.0805625	0.309175	0.260572
HFX022784-HFX022785	0.146751	0.748768	0.19599
HFX022784-HFX022786	0.340277	0.874785	0.388983
HFX022809-HFX022810	0.629779	1.39323	0.452028
HFX022810-HFX022811	0.370373	1.01421	0.365182
HFX022811-HFX022812	0.402637	1.18923	0.338568
HFX022829-HFX022830	0.149338	0.279998	0.533352
HFX022847-HFX022848	0.560187	0.879349	0.637048
HFX022873-HFX022874	0.103027	0.315333	0.326724
HFX022874-HFX022875	0.403105	0.719148	0.560532
HFX022962-HFX022963	0.387359	0.807835	0.479503
HFX022963-HFX022964	0.137188	0.367739	0.37306
HFX022988-HFX022989	0.124552	0.259464	0.480036
HFX022989-HFX022990	0.147481	0.318059	0.463692
HFX022990-HFX022991	0.0775522	0.0973504	0.79663
HFX022991-HFX022992	0.358945	0.518641	0.692088
HFX022998-HFX022999	0.215237	0.660013	0.32611
HFX023019-HFX023020	0.209233	0.585263	0.357502
HFX023078-HFX023079	0.160926	0.407549	0.394864
HFX023095-HFX023096	0.0976486	0.390126	0.2503
HFX023095-HFX023097	0.262776	0.694463	0.378387
HFX023145-HFX023146	0.469803	0.797403	0.589166
HFX023146-HFX023147	0.41398	0.91764	0.451136
HFX023185-HFX023187	0.541404	0.829745	0.652494
HFX023186-HFX023187	0.155836	0.166562	0.935604
HFX023187-HFX023188	0.541404	0.829745	0.652494
HFX023188-HFX023190	0.584801	0.712411	0.820876
HFX023194-HFX023196	0.194261	1.27602	0.15224
HFX023212-HFX023213	0.487479	1.23234	0.395571
HFX023213-HFX023214	0.762211	0.962813	0.79165
HFX023215-HFX023217	0.312673	0.311451	1.00392
HFX023217-HFX023218	0.187062	0.392181	0.476979
HFX023247-HFX023248	0.081112	0.205197	0.395288
HFX023248-HFX023249	0.202084	0.481763	0.419468
HFX023253-HFX023254	0.244212	0.740523	0.329783
HFX023254-HFX023255	0.108286	0.429072	0.252372
HFX023256-HFX023257	0.0744404	0.116502	0.638963
HFX023280-HFX023281	0.0565671	0.104941	0.539037
HFX023282-HFX023283	0.142497	0.232901	0.611837
HFX023325-HFX023326	0.0962067	0.228832	0.420425
HFX023334-HFX023335	0.272813	0.44137	0.618105
HFX023336-HFX023338	1.32132	2.48974	0.530706
HFX023337-HFX023338	0.561006	1.79314	0.312863
HFX023387-HFX023388	0.155304	0.401435	0.386871
HFX023478-HFX023479	0.0557704	0.263305	0.211809
HFX023479-HFX023480	0.0581416	0.184649	0.314876
HFX023480-HFX023481	0.0243608	0.0640859	0.380128
HFX023481-HFX023482	0.0567716	0.229203	0.247692
HFX023529-HFX023530	0.066954	0.145106	0.461413
HFX023530-HFX023531	0.246856	0.705881	0.349714
HFX023531-HFX023532	0.241141	0.676556	0.356425
HFX023532-HFX023533	0.299028	0.718124	0.416402
HFX023543-HFX023544	0.0842652	0.257954	0.326667
HFX023544-HFX023545	0.0408168	0.0470377	0.867747
HFX023575-HFX023576	0.281025	1.66657	0.168625
HFX023577-HFX023578	0.139943	0.16338	0.856551
HFX023583-HFX023584	0.038479	0.0860099	0.447379
HFX023637-HFX023638	0.33606	0.557699	0.602583
HFX023689-HFX023690	0.382576	1.28689	0.297286
HFX023720-HFX023722	0.025117	0.0597245	0.420547
HFX023735-HFX023736	0.430858	0.870952	0.494698
HFX023735-HFX023737	0.130752	0.625581	0.209009
HFX023746-HFX023747	1.05935	2.7657	0.383032
HFX023757-HFX023758	0.0516185	0.0780172	0.661629
HFX023759-HFX023760	0.188294	0.524734	0.358837
HFX023760-HFX023761	0.022847	0.0542559	0.421097
HFX023761-HFX023762	0.0548224	0.154124	0.355702
HFX023766-HFX023767	0.281167	1.71018	0.164408
HFX023767-HFX023768	0.176178	1.38053	0.127616
HFX023781-HFX023782	0.34135	1.05411	0.323828
HFX023800-HFX023801	0.234432	1.28443	0.182517
HFX023807-HFX023808	0.531163	0.920103	0.577286
HFX023809-HFX023810	0.487443	1.99238	0.244654
HFX023810-HFX023811	0.072325	0.150888	0.47933
HFX023811-HFX023812	0.294424	0.48422	0.608037
HFX023813-HFX023814	1.15827	5.83211	0.198602
HFX023814-HFX023816	0.152627	0.24267	0.628946
HFX023825-HFX023827	0.355861	0.522918	0.68053
HFX023826-HFX023827	0.0947236	0.225268	0.420493
HFX023834-HFX023836	0.559827	1.07959	0.518555
HFX023837-HFX023838	0.417611	1.04508	0.399596
HFX023837-HFX023839	0.141628	0.995044	0.142334
HFX023841-HFX023842	0.071331	0.116415	0.612732
HFX023847-HFX023848	0.202245	0.558507	0.362118
HFX023862-HFX023863	0.18587	0.236448	0.786094
HFX023863-HFX023864	0.130512	0.228461	0.571267
HFX023913-HFX023914	0.14345	0.473985	0.302647
HFX023919-HFX023920	0.283721	1.51934	0.18674
HFX023936-HFX023937	0.0101559	0.0199516	0.509029
HFX023979-HFX023980	0.172138	0.491659	0.350118
HFX023983-HFX023984	0.169827	0.318159	0.53378
HFX024047-HFX024048	0.119226	0.153122	0.778632
HFX024110-HFX024111	0.28538	0.534666	0.533755
HFX024110-HFX024112	0.13396	0.291757	0.459149
HFX024194-HFX024195	0.135208	0.429137	0.31507
HFX024200-HFX024201	0.184539	0.326721	0.564822
HFX024256-HFX024257	0.321884	0.528572	0.608969
HFX024258-HFX024259	0.309053	0.410287	0.753259
HFX024270-HFX024271	0.476433	1.01254	0.470534
HFX024346-HFX024348	0.151087	0.451249	0.334819
HFX024352-HFX024353	0.230238	0.303401	0.758855
HFX024394-HFX024396	0.301311	0.475232	0.63403
HFX024429-HFX024430	0.0386546	0.0633349	0.610321
HFX024437-HFX024438	0.0373246	0.0671782	0.555605
HFX024438-HFX024439	0.153537	0.230326	0.666608
HFX024444-HFX024445	0.350749	1.93932	0.180862
HFX024468-HFX024469	0.00514289	0.0122451	0.419996
HFX024489-HFX024490	0.390797	2.35683	0.165815
HFX024528-HFX024529	0.123078	0.134561	0.914667
HFX024533-HFX024534	0.132342	0.292841	0.451925
HFX024540-HFX024542	0.244308	0.124906	1.95594
HFX024546-HFX024547	0.3553	2.31505	0.153474
HFX024562-HFX024563	0.0857532	0.294421	0.29126
HFX024579-HFX024580	0.0733435	0.107333	0.683324
HFX024580-HFX024581	0.0647296	0.0925441	0.699446
HFX024607-HFX024609	0.143727	6.07115	0.0236738
HFX024626-HFX024627	0.10458	0.576319	0.181461
HFX024627-HFX024628	0.193273	0.863685	0.223777
HFX024632-HFX024633	0.063713	0.122229	0.521261
HFX024664-HFX024665	0.274693	0.861888	0.318711
HFX024666-HFX024667	0.173923	0.281221	0.618457
HFX024668-HFX024669	0.200871	0.792779	0.253375
HFX024669-HFX024670	1.11571	1.84478	0.604792
HFX024675-HFX024676	0.107926	0.340442	0.317018
HFX024781-HFX024782	0.29769	0.332847	0.894374
HFX024786-HFX024787	0.384588	1.41364	0.272055
HFX024787-HFX024788	0.442532	2.21227	0.200035
HFX024793-HFX024794	0.108871	0.316285	0.344217
HFX024800-HFX024801	0.266372	1.75658	0.151643
HFX024802-HFX024803	0.341801	0.868759	0.393436
HFX024816-HFX024818	0.27518	0.561407	0.49016
HFX024832-HFX024833	0.0594972	0.185703	0.320389
HFX024837-HFX024838	0.46127	0.766528	0.601765
HFX024838-HFX024839	0.20688	0.336068	0.615591
HFX024850-HFX024851	0.190041	0.27021	0.703311
HFX024851-HFX024852	0.296673	0.521149	0.569267
HFX024851-HFX024853	0.407501	0.788387	0.51688
HFX024858-HFX024859	0.350063	0.962568	0.363676
HFX024859-HFX024860	0.134559	0.462432	0.290982
HFX024860-HFX024861	0.332757	0.95926	0.346889
HFX024880-HFX024881	0.263606	0.502486	0.524603
HFX024881-HFX024882	0.270327	0.588851	0.459076
HFX024882-HFX024883	0.352034	0.638032	0.551751
HFX024884-HFX024885	0.603265	0.797413	0.756528
HFX024894-HFX024895	0.0553282	0.394592	0.140216
HFX024895-HFX024896	0.0847683	0.402747	0.210475
HFX024904-HFX024905	0.0960532	0.434751	0.220938
HFX024932-HFX024934	0.341914	1.82184	0.187675
HFX024934-HFX024935	0.0145688	0.0448184	0.325064
HFX025026-HFX025027	0.556858	2.05807	0.270573
HFX025028-HFX025029	0.410604	1.06402	0.385898
HFX025029-HFX025031	0.434267	1.52556	0.28466
HFX025033-HFX025034	0.354413	0.58888	0.601842
HFX025052-HFX025054	0.205788	0.379412	0.542386
HFX025054-HFX025055	0.021651	0.0134017	1.61555
HFX025055-HFX025056	0.0399256	0.0547126	0.729734
HFX025075-HFX025076	0.348385	1.11265	0.313114
HFX025083-HFX025085	0.242666	0.719404	0.337315
HFX025085-HFX025086	0.722898	1.45502	0.49683
HFX025093-HFX025094	0.0475369	0.329801	0.144138
HFX025094-HFX025095	0.0123247	0.0640542	0.192411
HFX025095-HFX025096	0.0520481	0.572954	0.0908416
HFX025148-HFX025149	0.044837	0.131502	0.340959
HFX025149-HFX025151	0.335512	1.20898	0.277517
HFX025163-HFX025164	0.126218	0.819681	0.153985
HFX025168-HFX025169	0.268541	0.864053	0.310792
HFX025199-HFX025200	0.0779453	0.152569	0.510887
HFX025206-HFX025207	0.56032	1.55762	0.359728
HFX025234-HFX025235	0.399812	0.547518	0.730227
HFX025288-HFX025289	0.166707	0.380985	0.437569
HFX025301-HFX025302	0.29958	0.619993	0.4832
HFX025306-HFX025307	0.234978	0.586668	0.40053
HFX025307-HFX025308	0.0305258	0.0672264	0.454074
HFX025309-HFX025310	0.331192	0.416127	0.795891
HFX025310-HFX025311	0.358662	0.642962	0.557828
HFX025311-HFX025312	0.161525	0.312071	0.517592
HFX025373-HFX025374	0.228403	0.656151	0.348095
HFX025377-HFX025378	0.0425177	0.0878982	0.483715
HFX025409-HFX025410	0.240543	0.433946	0.554316
HFX025411-HFX025412	0.152403	0.365852	0.416569
HFX025494-HFX025495	0.06852	0.286767	0.23894
HFX025541-HFX025542	0.186444	0.405099	0.460244
HFX025547-HFX025548	0.256252	0.750996	0.341216
HFX025579-HFX025581	0.145061	0.16304	0.889727
HFX025580-HFX025582	0.00869833	0.0411455	0.211404
HFX025581-HFX025583	0.193407	0.284615	0.679541
HFX025582-HFX025584	0.270971	0.479599	0.564995
HFX025629-HFX025630	0.117046	0.336997	0.34732
HFX025666-HFX025667	0.236793	0.484758	0.488476
HFX025686-HFX025687	0.131421	0.234612	0.560165
HFX025687-HFX025688	0.028496	0.0389145	0.732272
HFX025734-HFX025736	0.265077	0.886128	0.299141
HFX025736-HFX025737	0.17034	0.343423	0.496005
HFX025737-HFX025738	0.0983063	0.148072	0.663907
HFX025747-HFX025748	0.0797803	0.11683	0.682874
HFX025762-HFX025763	0.0929863	0.129744	0.716689
HFX025785-HFX025787	0.255496	0.557301	0.458452
HFX025787-HFX025789	0.0387163	0.0494326	0.783214
HFX025788-HFX025790	0.0714383	0.117754	0.606673
HFX025791-HFX025792	0.332272	1.4566	0.228116
HFX025792-HFX025793	0.176943	0.650581	0.271977
HFX025824-HFX025826	0.166831	3.98345	0.0418812
HFX025839-HFX025840	0.4306	1.94475	0.221416
HFX025850-HFX025851	0.182748	0.399966	0.456908
HFX025919-HFX025920	NA	0.0211464	-0
HFX025935-HFX025936	0.130932	0.368542	0.355272
HFX025973-HFX025975	0.376141	0.85594	0.439448
HFX025974-HFX025976	0.385653	1.06994	0.360445
HFX026058-HFX026059	0.0174375	0.00818119	2.13142
HFX026059-HFX026060	0.0419252	0.116425	0.360106
HFX026078-HFX026080	0.160629	0.227071	0.707396
HFX026080-HFX026081	0.186918	0.530289	0.352483
HFX026099-HFX026101	0.644338	1.02787	0.626865
HFX026160-HFX026161	0.262064	0.397291	0.659628
HFX026195-HFX026196	0.00697299	0.017777	0.392249
HFX026218-HFX026219	0.116946	0.303737	0.385024
HFX026270-HFX026271	0.0397984	0.0812486	0.489836
HFX026302-HFX026304	0.334879	0.674293	0.496637
HFX026313-HFX026314	0.0620819	0.25558	0.242906
HFX026329-HFX026330	1.31656	3.17213	0.415039
HFX026365-HFX026366	0.0064832	0.0332741	0.194842
HFX026366-HFX026367	0.0775851	0.11211	0.692043
HFX026368-HFX026369	0.0917492	0.117338	0.781922
HFX026369-HFX026370	0.0192069	0.0247395	0.776366
HFX026370-HFX026371	0.0236939	0.05044	0.469743
HFX026379-HFX026380	0.179983	0.480594	0.374501
HFX026399-HFX026400	0.0374226	0.0459817	0.813858
HFX026399-HFX026401	0.0615978	0.0981904	0.627329
HFX026420-HFX026422	0.0987698	0.29319	0.33688
HFX026423-HFX026424	0.381228	1.49761	0.254558
HFX026424-HFX026425	0.192823	0.483054	0.399176
HFX026426-HFX026428	0.116741	0.145494	0.802379
HFX026446-HFX026448	0.500511	1.88318	0.26578
HFX026451-HFX026452	0.106996	0.165859	0.645106
HFX026453-HFX026454	0.0658838	0.110629	0.595539
HFX026490-HFX026491	0.500681	1.38686	0.361019
HFX026522-HFX026523	0.0763511	0.217751	0.350635
HFX026545-HFX026546	0.559879	1.19778	0.46743
HFX026577-HFX026578	0.0635556	0.0999624	0.635795
HFX026578-HFX026579	0.172251	1.16348	0.148049
HFX026586-HFX026587	0.277911	3.207	0.0866577
HFX026589-HFX026590	0.26242	0.707046	0.371151
HFX026590-HFX026591	0.244481	0.636487	0.38411
HFX026591-HFX026593	0.465199	1.31002	0.355108
HFX026607-HFX026609	0.53959	1.91483	0.281795
HFX026623-HFX026624	1.31887	3.60845	0.365495
HFX026624-HFX026625	0.621319	1.36732	0.454405
HFX026625-HFX026626	0.241029	1.12082	0.215048
HFX026633-HFX026634	0.48703	2.11553	0.230216
HFX026635-HFX026637	0.322515	2.08341	0.154802
HFX026641-HFX026642	0.38735	1.38256	0.280168
HFX026642-HFX026643	0.357315	1.39046	0.256977
HFX026643-HFX026644	0.443268	1.24856	0.355023
HFX026657-HFX026658	0.157651	3.44344	0.0457829
HFX026684-HFX026686	0.165452	0.5849	0.282872
HFX026688-HFX026689	0.178703	0.429845	0.415738
HFX026698-HFX026699	0.212659	0.618742	0.343695
HFX026699-HFX026700	0.174492	0.416724	0.418723
HFX026700-HFX026701	0.153003	0.29785	0.513692
HFX026716-HFX026717	0.231276	0.542003	0.426705
HFX026720-HFX026721	0.080275	0.117069	0.685706
HFX026721-HFX026722	0.30006	0.527765	0.568548
HFX026797-HFX026798	0.455354	0.761668	0.597838
HFX026832-HFX026833	0.289703	0.561244	0.516181
HFX026837-HFX026838	0.138526	0.349923	0.395877
HFX026851-HFX026852	0.02146	0.0235899	0.909711
HFX026906-HFX026907	0.227904	0.354293	0.643264
HFX026922-HFX026923	0.198327	0.177643	1.11644
HFX026923-HFX026924	0.536056	1.33001	0.403046
HFX026942-HFX026943	0.827948	1.60348	0.516345
HFX026943-HFX026944	0.802691	2.88475	0.278253
HFX026948-HFX026949	0.285042	0.422195	0.675142
HFX026956-HFX026957	0.343511	1.73272	0.19825
HFX026973-HFX026974	0.254156	0.640225	0.39698
HFX026974-HFX026975	0.352945	0.701453	0.503162
HFX026974-HFX026976	0.62737	0.863288	0.726722
HFX026998-HFX026999	0.368927	1.15925	0.318246
HFX027028-HFX027029	0.231049	0.498733	0.463272
HFX027074-HFX027076	0.313271	0.60061	0.521589
HFX027090-HFX027091	0.16233	0.349335	0.464682
HFX027091-HFX027092	0.00997861	0.0624694	0.159736
HFX027094-HFX027095	0.0174369	0.0707437	0.246481
HFX027095-HFX027096	0.0861893	0.27465	0.313815
HFX027096-HFX027097	0.0781025	0.178091	0.438555
HFX027097-HFX027099	0.232834	0.318284	0.73153
HFX027105-HFX027106	0.0957918	0.434079	0.220678
HFX027110-HFX027111	0.243765	1.0839	0.224896
HFX027132-HFX027134	0.78612	0.791298	0.993456
HFX027140-HFX027141	0.618084	2.11555	0.292162
HFX027141-HFX027142	0.393094	1.19391	0.32925
HFX027165-HFX027166	0.361807	1.47053	0.246038
HFX027166-HFX027167	0.223682	0.397238	0.563093
HFX027167-HFX027168	0.187838	0.466539	0.402621
HFX027167-HFX027169	0.106517	0.420332	0.253412
HFX027313-HFX027314	0.41179	0.739692	0.556705
HFX027350-HFX027351	0.3198	1.00222	0.319091
HFX027362-HFX027363	0.378599	0.880584	0.429941
HFX027401-HFX027403	0.119767	0.2208	0.542423
HFX027404-HFX027405	0.0175569	0.0386018	0.454823
HFX027421-HFX027423	0.344215	0.958926	0.358959
HFX027425-HFX027426	0.0617069	0.216807	0.284617
HFX027430-HFX027431	0.682477	2.83301	0.240902
HFX027438-HFX027439	0.40809	3.62031	0.112722
HFX027477-HFX027478	0.105052	0.294488	0.356729
HFX027478-HFX027479	0.178578	0.660725	0.270275
HFX027479-HFX027480	0.114598	0.483035	0.237246
HFX027496-HFX027497	0.0674739	0.109079	0.618581
HFX027497-HFX027499	0.441967	2.48525	0.177836
HFX027518-HFX027519	0.0522755	0.0341979	1.52862
HFX027647-HFX027648	0.312404	2.14788	0.145447
HFX027658-HFX027660	0.0798036	0.338079	0.23605
HFX027659-HFX027661	0.207296	0.224263	0.924344
HFX027677-HFX027679	0.0619869	0.684223	0.0905945
HFX027678-HFX027679	0.164924	0.295607	0.557917
HFX027707-HFX027708	0.640328	0.660146	0.969979
HFX027715-HFX027716	0.114325	0.190335	0.600649
HFX027729-HFX027731	0.358035	0.671835	0.532921
HFX027801-HFX027802	0.0252631	0.0369513	0.683686
HFX027925-HFX027927	0.158074	0.185946	0.850107
HFX027926-HFX027927	0.084065	0.166113	0.506072
HFX027947-HFX027948	0.0403014	0.262929	0.153279
HFX027967-HFX027969	0.317103	0.59342	0.534366
HFX027984-HFX027986	0.163277	0.476553	0.342621
HFX028021-HFX028022	0.206862	0.576004	0.359133
HFX028026-HFX028027	0.199742	0.365626	0.546302
HFX028027-HFX028028	1.7166	3.0294	0.566648
HFX028054-HFX028056	0.0548145	0.0885539	0.618996
HFX028099-HFX028100	0.0899535	0.443233	0.202949
HFX028102-HFX028103	0.135012	0.457644	0.295016
HFX028115-HFX028116	0.0823454	0.112582	0.731427
HFX028116-HFX028117	0.252254	0.542859	0.464678
HFX028132-HFX028133	0.056591	0.092322	0.612974
HFX028133-HFX028134	0.594681	1.48939	0.399278
HFX028133-HFX028135	0.409757	0.888505	0.461176
HFX028136-HFX028137	0.162785	0.702334	0.231777
HFX028137-HFX028138	0.153565	0.794012	0.193404
HFX028177-HFX028178	0.315721	0.74181	0.425609
HFX028196-HFX028197	0.447794	0.932844	0.480032
HFX028197-HFX028198	0.498573	1.27907	0.389795
HFX028206-HFX028207	0.0806916	0.30315	0.266177
HFX028225-HFX028226	0.341319	0.636842	0.535956
HFX028225-HFX028227	0.0818611	0.208419	0.392772
HFX028261-HFX028262	0.336014	0.5375	0.625143
HFX028275-HFX028276	0.230179	0.387304	0.594311
HFX028322-HFX028323	0.243409	1.02882	0.236592
HFX028330-HFX028331	1.03965	2.7287	0.381004
HFX028331-HFX028332	0.539247	1.31161	0.411135
HFX028332-HFX028333	0.11049	0.598123	0.184728
HFX028333-HFX028334	0.117679	0.432026	0.272388
HFX028420-HFX028421	0.04286	0.121526	0.352683
HFX028447-HFX028449	0.0493201	0.544176	0.0906327
HFX028450-HFX028452	0.0609798	0.202047	0.30181
HFX028458-HFX028459	0.0654625	0.18148	0.360715
HFX028471-HFX028472	0.217205	0.257126	0.844742
HFX028472-HFX028473	0.061033	0.139907	0.436239
HFX028474-HFX028476	0.331571	1.26534	0.26204
HFX028485-HFX028486	0.0218021	0.0688237	0.316782
HFX028531-HFX028532	0.0957731	0.485186	0.197395
HFX028532-HFX028533	0.433608	2.70877	0.160075
HFX028535-HFX028536	0.336461	1.97647	0.170233
HFX028548-HFX028550	0.160716	0.353389	0.454786
HFX028549-HFX028550	0.0641299	0.160586	0.39935
HFX028572-HFX028574	0.0595604	0.108405	0.549423
HFX028576-HFX028577	0.693044	1.26849	0.546353
HFX028585-HFX028587	0.103478	0.146674	0.705493
HFX028599-HFX028601	0.0587932	0.195194	0.301203
HFX028600-HFX028601	0.0462931	0.0974969	0.474816
HFX028613-HFX028615	0.595036	2.36032	0.2521
HFX028615-HFX028616	0.430113	3.25086	0.132307
HFX028616-HFX028618	0.0226746	0.0410894	0.551835
HFX028617-HFX028619	0.420523	0.529364	0.794392
HFX028658-HFX028660	0.627172	2.15336	0.291253
HFX028687-HFX028688	0.748771	1.57871	0.474293
HFX028738-HFX028739	0.311908	2.87613	0.108447
HFX028747-HFX028748	0.13695	0.376213	0.364023
HFX028748-HFX028749	0.283774	1.84864	0.153505
HFX028763-HFX028765	0.15483	0.292394	0.529524
HFX028773-HFX028774	0.63286	1.18453	0.534271
HFX028809-HFX028810	0.750895	0.828063	0.906808
HFX028816-HFX028817	0.166765	0.559839	0.297881
HFX028825-HFX028826	0.157402	1.14386	0.137607
HFX028826-HFX028828	0.164121	1.28152	0.128067
HFX028838-HFX028839	0.47088	2.50821	0.187735
HFX028846-HFX028848	0.0532975	0.103877	0.513084
HFX028873-HFX028874	0.819335	2.14071	0.38274
HFX028890-HFX028892	1.01009	1.62379	0.622057
HFX028893-HFX028894	0.185252	0.272514	0.679789
HFX028903-HFX028905	0.512886	0.944633	0.542948
HFX028931-HFX028932	0.0768297	0.177315	0.433294
HFX028932-HFX028933	0.362622	1.08423	0.334452
HFX028942-HFX028943	0.177962	0.394238	0.451408
HFX028943-HFX028944	0.364957	4.85013	0.0752468
HFX028944-HFX028945	0.396678	2.49116	0.159234
HFX028945-HFX028946	0.347369	2.84938	0.12191
HFX028946-HFX028947	0.282218	1.2806	0.22038
HFX028947-HFX028948	0.292085	1.16194	0.251377
HFX028948-HFX028949	0.284743	1.11097	0.256302
HFX028968-HFX028970	0.044387	0.188061	0.236024
HFX029137-HFX029138	0.229503	0.58561	0.391903
HFX029149-HFX029150	0.0634784	0.422208	0.150349
HFX029154-HFX029155	0.0388093	0.130243	0.297976
HFX029155-HFX029156	0.104859	0.533086	0.196701
HFX029213-HFX029214	0.299901	0.772147	0.3884
HFX029214-HFX029215	0.438432	2.51406	0.174392
HFX029285-HFX029286	0.341275	0.654581	0.521364
HFX029296-HFX029297	0.343878	0.964644	0.356481
HFX029298-HFX029299	0.32431	1.18835	0.272908
HFX029302-HFX029303	0.058819	0.040634	1.44753
HFX029364-HFX029365	0.0188554	0.703585	0.026799
HFX029370-HFX029371	0.859059	1.76271	0.48735
HFX029391-HFX029392	0.0920384	0.161542	0.569748
HFX029395-HFX029396	0.360902	0.675221	0.534495
HFX029398-HFX029399	0.313995	0.765294	0.410293
HFX029399-HFX029400	0.121498	0.133197	0.912163
HFX029400-HFX029401	0.121498	0.133197	0.912163
HFX029434-HFX029436	0.258644	0.248046	1.04272
HFX029440-HFX029441	0.258596	0.88006	0.293839
HFX029455-HFX029456	0.692975	2.42595	0.285651
HFX029462-HFX029463	0.256994	3.07944	0.0834546
HFX029515-HFX029517	0.0699656	0.275361	0.254087
HFX029516-HFX029518	0.114652	0.354418	0.323493
HFX029559-HFX029561	0.0113179	0.037775	0.299614
HFX029581-HFX029582	0.178959	0.463184	0.386367
HFX029594-HFX029595	0.389302	1.37264	0.283614
HFX029600-HFX029602	0.00446514	0.0573066	0.0779167
HFX029644-HFX029646	0.0836517	0.375916	0.222528
HFX029651-HFX029652	0.415049	2.10117	0.197533
HFX029653-HFX029654	0.207515	0.323308	0.64185
HFX029655-HFX029656	0.0324689	0.0582407	0.557496
HFX029681-HFX029683	0.357388	1.68692	0.211859
HFX029692-HFX029693	0.105863	0.234874	0.450724
HFX029734-HFX029735	0.104911	0.133677	0.784813
HFX029738-HFX029739	0.1545	0.409442	0.377342
HFX029738-HFX029740	0.171395	0.454247	0.377317
HFX029777-HFX029778	0.448601	2.01112	0.22306
HFX029778-HFX029780	0.35856	1.55425	0.230696
HFX029787-HFX029788	0.0927726	0.208556	0.444833
HFX029842-HFX029844	0.0388469	0.118616	0.327502
HFX029877-HFX029878	0.271633	0.598276	0.454027
HFX029894-HFX029895	0.531079	1.76118	0.301547
HFX029940-HFX029942	0.0644653	0.591218	0.109038
HFX029961-HFX029962	0.170303	0.673122	0.253004
HFX029963-HFX029964	0.0509347	0.472066	0.107898
HFX030010-HFX030011	0.0547847	0.0643517	0.851332
HFX030040-HFX030041	0.0927365	0.160307	0.578494
HFX030044-HFX030046	0.305389	1.86951	0.163353
HFX030051-HFX030052	0.968766	3.4079	0.284271
HFX030051-HFX030053	0.165444	0.190957	0.866396
HFX030090-HFX030091	0.639004	1.90629	0.335207
HFX030111-HFX030112	0.835156	1.2919	0.646457
HFX030136-HFX030137	0.461226	1.15328	0.399926
HFX030143-HFX030144	0.180229	1.35351	0.133157
HFX030165-HFX030166	0.115628	0.648155	0.178396
HFX030165-HFX030167	0.429009	0.942403	0.455229
HFX030198-HFX030199	0.210705	0.843297	0.249858
HFX030207-HFX030208	0.0797177	0.198258	0.402091
HFX030208-HFX030209	0.096543	0.219219	0.440395
HFX030209-HFX030210	0.0808012	0.110835	0.729021
HFX030233-HFX030235	0.143993	0.227205	0.633761
HFX030235-HFX030236	0.0517223	0.0651176	0.794291
HFX030265-HFX030266	0.0432851	0.292922	0.14777
HFX030322-HFX030324	0.487619	1.37076	0.355729
HFX030324-HFX030326	0.253157	1.47772	0.171316
HFX030432-HFX030433	0.25455	0.389054	0.65428
HFX030432-HFX030434	0.300505	0.624503	0.481191
HFX030439-HFX030440	0.836864	2.05743	0.406752
HFX030452-HFX030454	1.23135	3.19509	0.385387
HFX030453-HFX030454	0.160909	0.258776	0.621807
HFX030475-HFX030476	0.0830364	0.14709	0.564529
HFX030484-HFX030486	0.0590608	0.0665081	0.888024
HFX030495-HFX030496	0.246366	0.890209	0.276751
HFX030504-HFX030506	0.156388	0.806937	0.193804
HFX030519-HFX030520	0.171218	1.46345	0.116996
HFX030540-HFX030541	0.281767	1.64073	0.171733
HFX030546-HFX030547	0.378265	0.732687	0.51627
HFX030547-HFX030548	0.205697	0.271788	0.756829
HFX030563-HFX030564	0.0410936	0.0366275	1.12193
HFX030568-HFX030569	0.216625	0.455388	0.475693
HFX030619-HFX030621	0.211722	0.592206	0.357514
HFX030640-HFX030641	0.0205354	0.0865372	0.237301
HFX030641-HFX030642	0.0170761	0.0785648	0.21735
HFX030642-HFX030643	0.031634	0.154914	0.204203
HFX030701-HFX030702	0.0523424	0.103102	0.507675
HFX030709-HFX030710	0.21153	0.292164	0.724012
HFX030711-HFX030712	0.0665188	0.111863	0.594645
HFX030712-HFX030713	0.0463741	0.0780348	0.594274
HFX030735-HFX030736	0.363627	0.65783	0.552767
HFX030822-HFX030823	0.383857	0.741056	0.517987
HFX030826-HFX030828	0.193133	0.459721	0.42011
HFX030870-HFX030871	0.165049	0.418991	0.393919
HFX030886-HFX030887	0.110187	0.148351	0.742748
HFX030888-HFX030889	0.0411107	0.0918276	0.447695
HFX030889-HFX030890	0.0925932	0.184815	0.501005
HFX030890-HFX030891	0.0393969	0.0654828	0.601637
HFX030999-HFX031000	0.134463	0.135179	0.994701
HFX031014-HFX031016	0.163432	0.32513	0.502667
HFX031060-HFX031061	0.436747	0.826733	0.52828
HFX031073-HFX031075	0.257772	0.683216	0.377292
HFX031085-HFX031086	0.00453865	0.00767235	0.59156
HFX031133-HFX031134	0.0468956	0.156123	0.300377
HFX031137-HFX031139	0.025066	0.0295277	0.848897
HFX031153-HFX031154	0.0179778	0.0472106	0.3808
HFX031170-HFX031171	0.0151334	0.346164	0.0437175
HFX031174-HFX031175	0.256007	0.692311	0.369786
HFX031175-HFX031176	0.158694	0.591717	0.268193
HFX031176-HFX031177	0.168037	0.734873	0.228662
HFX031181-HFX031182	0.419493	0.730118	0.574555
HFX031243-HFX031244	0.25161	0.331162	0.759778
HFX031247-HFX031248	0.367032	1.80972	0.202811
HFX031279-HFX031280	0.0933029	0.191317	0.487687
HFX031317-HFX031318	0.19954	0.27098	0.736365
HFX031318-HFX031319	0.0785165	0.0895187	0.877096
HFX031319-HFX031320	0.117988	0.149193	0.79084
HFX031320-HFX031322	0.0637463	0.12053	0.528883
HFX031323-HFX031324	0.220831	1.65882	0.133126
HFX031327-HFX031328	0.320376	0.420471	0.761946
HFX031328-HFX031329	0.102238	0.112103	0.912006
HFX031329-HFX031331	0.535692	0.8216	0.65201
HFX031464-HFX031465	0.283251	0.478485	0.591975
HFX031465-HFX031466	0.0929271	0.138831	0.669356
HFX031466-HFX031467	0.108636	0.187532	0.579297
HFX031467-HFX031468	0.0888774	0.135049	0.658113
HFX031478-HFX031479	0.204822	0.583396	0.351086
HFX031479-HFX031480	0.127763	0.417612	0.305936
HFX031480-HFX031481	0.0467991	0.119304	0.392267
HFX031516-HFX031517	0.310911	0.447506	0.694763
HFX031517-HFX031518	0.165844	0.26365	0.629032
HFX031518-HFX031519	0.0901243	0.117886	0.764505
HFX031519-HFX031520	0.122231	0.113431	1.07757
HFX031522-HFX031523	0.0644948	0.106267	0.606915
HFX031555-HFX031556	0.00568246	0.025417	0.223569
HFX031571-HFX031573	0.208055	0.205557	1.01215
HFX031578-HFX031579	0.233827	1.6579	0.141038
HFX031607-HFX031608	0.00189181	0.00624723	0.302824
HFX031631-HFX031632	0.0320241	0.0489615	0.654068
HFX031632-HFX031633	0.0304926	0.126473	0.241099
HFX031638-HFX031639	0.0652805	0.0985691	0.662281
HFX031692-HFX031693	0.100797	0.0980761	1.02774
HFX031695-HFX031696	0.0616459	0.0512479	1.2029
HFX031696-HFX031697	0.0426112	0.0267726	1.5916
HFX031700-HFX031702	0.026801	0.0227648	1.1773
HFX031713-HFX031714	NA	0.00634863	-0
HFX031815-HFX031816	0.0109589	0.0223353	0.490654
HFX031817-HFX031818	0.479841	0.712031	0.673905
HFX031818-HFX031820	0.559481	0.84325	0.663482
HFX031819-HFX031821	0.323603	0.414198	0.781275
HFX031821-HFX031822	0.455085	0.467419	0.973613
HFX031822-HFX031824	0.567363	0.575256	0.986279
HFX031826-HFX031827	0.906119	1.31338	0.689914
HFX031828-HFX031830	0.392443	0.423245	0.927224
HFX031829-HFX031830	0.205923	0.266546	0.772561
HFX031830-HFX031831	0.165965	0.203788	0.814399
HFX031875-HFX031876	0.211177	0.211341	0.999226
HFX031889-HFX031890	0.670463	1.16682	0.574608
HFX031891-HFX031893	0.180006	0.185245	0.971718
HFX031893-HFX031895	0.278277	0.388693	0.715931
HFX031894-HFX031895	0.0659836	0.126109	0.523225
HFX031895-HFX031897	0.0832505	0.145998	0.570219
HFX031898-HFX031899	0.382009	0.540845	0.706319
HFX031900-HFX031902	0.0525474	0.0485166	1.08308
HFX031903-HFX031904	0.374357	0.537112	0.696981
HFX031903-HFX031905	0.110776	0.154193	0.718427
HFX031904-HFX031906	0.165923	0.270674	0.613
HFX031907-HFX031908	NA	0.0152622	-0
HFX031908-HFX031909	0.00949422	0.0113624	0.83558
HFX031909-HFX031910	0.00949422	0.0113624	0.83558
HFX031966-HFX031967	0.301838	0.744368	0.405495
HFX031999-HFX032000	0.00189242	0.0252801	0.0748582
