Seq	Ka	Ks	Ka/Ks
AANG000035-AANG000037	0.17945	0.372906	0.481221
AANG000038-AANG000040	0.628852	1.24925	0.503382
AANG000047-AANG000049	0.13583	0.284706	0.477087
AANG000065-AANG000066	0.120661	0.296828	0.406502
AANG000128-AANG000129	0.314557	0.483852	0.65011
AANG000138-AANG000139	0.432433	0.477297	0.906004
AANG000143-AANG000144	0.571746	1.70035	0.336253
AANG000165-AANG000166	0.00578206	0.00615446	0.93949
AANG000191-AANG000193	0.0263934	0.0850207	0.310435
AANG000201-AANG000202	1.01752	1.92692	0.528058
AANG000242-AANG000243	0.184021	0.760602	0.241941
AANG000279-AANG000281	0.143825	0.246506	0.583454
AANG000280-AANG000282	0.5919	1.04709	0.565284
AANG000304-AANG000306	0.229415	0.376292	0.609674
AANG000314-AANG000315	0.0797539	NA	NA
AANG000440-AANG000441	0.66642	NA	NA
AANG000471-AANG000472	0.295702	0.947082	0.312224
AANG000472-AANG000473	0.328694	1.06502	0.308628
AANG000473-AANG000474	0.323899	1.30199	0.248772
AANG000496-AANG000498	0.83185	3.72694	0.223199
AANG000501-AANG000502	1.13974	NA	NA
AANG000552-AANG000554	0.136462	0.721676	0.189091
AANG000623-AANG000624	0.543119	NA	NA
AANG000669-AANG000670	0.876549	1.88913	0.463996
AANG000685-AANG000686	0.0369849	0.179661	0.20586
AANG000728-AANG000729	0.387656	1.66969	0.232173
AANG000742-AANG000743	0.271456	1.06511	0.254861
AANG000748-AANG000749	0.0683762	0.281303	0.24307
AANG000765-AANG000766	0.375509	0.589806	0.636666
AANG000767-AANG000768	0.0981686	0.153783	0.638357
AANG000790-AANG000791	0.0242799	0.105578	0.229972
AANG000831-AANG000833	0.459536	0.729494	0.629937
AANG000862-AANG000863	0.234378	0.306121	0.76564
AANG000863-AANG000865	0.434571	0.48721	0.891957
AANG000864-AANG000866	2.00366	2.07342	0.966351
AANG000879-AANG000880	0.716564	1.47766	0.484931
AANG000906-AANG000907	0.671743	2.53257	0.265241
AANG000907-AANG000908	0.263265	3.36666	0.0781977
AANG000949-AANG000950	0.337003	NA	NA
AANG000959-AANG000960	0.332118	2.54696	0.130398
AANG000969-AANG000971	0.172798	0.731266	0.2363
AANG000979-AANG000980	0.232572	1.5529	0.149766
AANG000980-AANG000981	0.39397	1.72615	0.228236
AANG000981-AANG000982	0.461155	0.972701	0.474097
AANG000982-AANG000983	0.447866	1.61349	0.277575
AANG001009-AANG001010	0.283771	0.453532	0.625691
AANG001010-AANG001011	0.170561	0.154782	1.10195
AANG001015-AANG001017	0.0568481	0.153969	0.369218
AANG001023-AANG001025	0.0116184	0.237807	0.0488565
AANG001075-AANG001076	0.00625323	NA	NA
AANG001094-AANG001096	0.516685	1.69694	0.304481
AANG001111-AANG001112	0.300508	0.549532	0.546844
AANG001113-AANG001114	0.400298	0.854986	0.468192
AANG001146-AANG001147	0.410166	1.78391	0.229925
AANG001156-AANG001157	0.422067	NA	NA
AANG001173-AANG001174	0.180013	0.331375	0.54323
AANG001187-AANG001189	0.616193	0.952661	0.646813
AANG001188-AANG001189	0.668352	0.741369	0.901511
AANG001218-AANG001219	0.203721	0.172544	1.18069
AANG001219-AANG001221	0.075332	0.0386051	1.95135
AANG001229-AANG001231	0.0942896	0.163511	0.576656
AANG001320-AANG001322	0.0771533	0.30179	0.255653
AANG001343-AANG001344	0.401912	2.11164	0.190332
AANG001344-AANG001346	0.207234	0.389011	0.53272
AANG001345-AANG001347	0.3391	0.582598	0.582049
AANG001347-AANG001348	0.992771	3.00651	0.330208
AANG001355-AANG001356	0.287871	0.938557	0.306716
AANG001382-AANG001384	0.107325	0.210344	0.510234
AANG001384-AANG001385	0.534515	2.45423	0.217793
AANG001399-AANG001400	0.459519	0.972863	0.472337
AANG001400-AANG001401	0.427666	0.954936	0.447848
AANG001429-AANG001431	0.0269157	0.387211	0.0695116
AANG001448-AANG001449	0.110621	0.379285	0.291658
AANG001451-AANG001452	0.0687119	0.329339	0.208636
AANG001491-AANG001492	0.168722	0.264068	0.638931
AANG001556-AANG001558	0.422742	NA	NA
AANG001564-AANG001565	0.758519	2.01473	0.376486
AANG001574-AANG001576	0.388409	0.908084	0.427724
AANG001578-AANG001579	0.139963	0.402284	0.347922
AANG001579-AANG001580	0.398012	2.29195	0.173657
AANG001607-AANG001609	0.372773	1.94759	0.191402
AANG001627-AANG001628	0.413479	0.638822	0.647252
AANG001630-AANG001631	0.0694201	0.0940883	0.737819
AANG001631-AANG001632	0.580725	0.811898	0.715269
AANG001632-AANG001633	0.575673	0.72627	0.792644
AANG001663-AANG001665	0.363582	0.763039	0.476492
AANG001728-AANG001729	0.323566	4.0027	0.0808369
AANG001729-AANG001730	0.0419071	0.0395536	1.0595
AANG001768-AANG001769	0.192315	1.0918	0.176145
AANG001769-AANG001770	0.379053	1.69211	0.224012
AANG001778-AANG001779	0.571293	NA	NA
AANG001779-AANG001780	0.526821	1.84676	0.285268
AANG001806-AANG001807	0.140766	0.698043	0.201658
AANG001822-AANG001823	1.10624	2.20736	0.501158
AANG001823-AANG001825	0.489689	1.31229	0.373155
AANG001827-AANG001829	0.112872	0.290419	0.388652
AANG001846-AANG001847	0.358627	0.397443	0.902335
AANG001849-AANG001850	0.0593392	0.123124	0.481948
AANG001869-AANG001870	0.138749	0.185848	0.746573
AANG001875-AANG001877	0.0987242	0.143478	0.68808
AANG001893-AANG001894	0.671201	2.19556	0.305708
AANG001908-AANG001909	0.0468061	0.213484	0.219248
AANG001909-AANG001910	0.169341	0.957073	0.176936
AANG001913-AANG001914	0.00199859	0.0865817	0.0230833
AANG001916-AANG001917	NA	0.027912	-0
AANG001917-AANG001918	0.19273	0.278213	0.692743
AANG001967-AANG001968	0.0102785	0.0633874	0.162153
AANG001968-AANG001969	0.0565613	0.333918	0.169387
AANG001992-AANG001993	0.119938	0.318732	0.376299
AANG001992-AANG001994	0.129449	0.417279	0.310221
AANG002004-AANG002006	0.0777876	0.418601	0.185827
AANG002067-AANG002068	0.256457	0.33894	0.756642
AANG002101-AANG002103	0.212713	0.251299	0.846455
AANG002158-AANG002160	0.161985	0.273961	0.59127
AANG002176-AANG002177	0.269775	0.452412	0.596303
AANG002176-AANG002178	0.175244	0.385181	0.454965
AANG002213-AANG002214	0.341363	1.38464	0.246535
AANG002226-AANG002227	0.135979	0.178971	0.759781
AANG002227-AANG002228	0.0999246	0.100926	0.990075
AANG002293-AANG002294	0.253979	0.675696	0.375878
AANG002294-AANG002295	0.170753	0.285667	0.597735
AANG002337-AANG002338	0.0206617	0.0310636	0.665144
AANG002365-AANG002366	0.839478	1.04932	0.800019
AANG002413-AANG002415	0.180824	0.261042	0.692701
AANG002469-AANG002470	0.581229	2.16009	0.269077
AANG002470-AANG002471	0.0971551	0.307418	0.316035
AANG002495-AANG002496	0.0838066	0.134855	0.621458
AANG002497-AANG002498	0.574841	NA	NA
AANG002544-AANG002545	0.770238	2.30724	0.333836
AANG002572-AANG002573	0.338144	2.03578	0.1661
AANG002573-AANG002574	0.272716	0.781468	0.348978
AANG002583-AANG002584	0.272451	0.372035	0.732327
AANG002604-AANG002605	0.649811	2.47967	0.262056
AANG002641-AANG002643	0.284068	0.580999	0.488931
AANG002747-AANG002749	0.189103	0.650062	0.290901
AANG002752-AANG002754	0.515633	NA	NA
AANG002784-AANG002786	0.375001	1.2936	0.289889
AANG002879-AANG002880	0.393438	1.0591	0.371484
AANG002881-AANG002882	0.349629	1.1173	0.312923
AANG002889-AANG002890	0.138009	0.157492	0.876292
AANG002893-AANG002895	0.187078	0.40308	0.46412
AANG002909-AANG002911	0.26514	0.472459	0.561191
AANG002911-AANG002912	0.08221	0.210461	0.390619
AANG002937-AANG002938	0.00780991	0.0169343	0.461189
AANG003033-AANG003035	0.0293451	0.0958706	0.306091
AANG003068-AANG003069	0.63691	NA	NA
AANG003117-AANG003118	0.253659	1.34062	0.18921
AANG003120-AANG003121	0.325162	1.3238	0.245628
AANG003125-AANG003126	0.161306	1.59044	0.101423
AANG003126-AANG003128	1.07313	NA	NA
AANG003174-AANG003176	0.00809451	0.0165239	0.489867
AANG003203-AANG003205	1.09312	1.36726	0.799496
AANG003205-AANG003206	1.09421	1.84251	0.593868
AANG003230-AANG003231	0.127703	0.87269	0.146333
AANG003254-AANG003256	0.363617	0.52565	0.691746
AANG003260-AANG003262	NA	NA	NA
AANG003292-AANG003294	0.130821	0.347259	0.376725
AANG003293-AANG003295	0.242698	0.376784	0.644131
AANG003295-AANG003296	0.309073	1.17432	0.263194
AANG003305-AANG003306	0.0827051	0.206146	0.401197
AANG003306-AANG003307	0.0905674	0.149568	0.605525
AANG003307-AANG003308	0.0635881	0.173917	0.365624
AANG003308-AANG003309	0.0831802	0.232448	0.357844
AANG003310-AANG003311	0.833882	1.47131	0.566762
AANG003311-AANG003312	0.603803	1.38275	0.436669
AANG003315-AANG003316	0.0162323	0.0264692	0.613252
AANG003320-AANG003322	0.696283	1.53105	0.454775
AANG003332-AANG003334	0.944903	1.31451	0.718826
AANG003333-AANG003334	0.591439	1.416	0.417684
AANG003346-AANG003348	0.305565	0.429663	0.711174
AANG003383-AANG003384	0.02807	0.106529	0.263497
AANG003397-AANG003399	0.293664	0.684121	0.429257
AANG003417-AANG003418	0.00912559	NA	NA
AANG003418-AANG003419	0.0467806	0.0564973	0.828014
AANG003519-AANG003521	0.359277	0.500184	0.718288
AANG003521-AANG003522	0.294273	0.315253	0.93345
AANG003563-AANG003564	0.0470575	0.04156	1.13228
AANG003621-AANG003622	0.150629	0.267442	0.563221
AANG003640-AANG003642	0.375403	0.65051	0.57709
AANG003670-AANG003671	0.432861	1.26628	0.341837
AANG003680-AANG003681	0.00403168	0.0378405	0.106544
AANG003694-AANG003695	NA	NA	NA
AANG003695-AANG003696	0.17679	0.199793	0.884863
AANG003703-AANG003704	0.323736	0.391589	0.826723
AANG003704-AANG003705	0.333246	0.350812	0.949928
AANG003705-AANG003706	0.190494	0.328006	0.580763
AANG003706-AANG003707	0.36223	0.505375	0.716754
AANG003762-AANG003764	0.0672711	0.184112	0.365381
AANG003789-AANG003790	0.33943	0.438334	0.774363
AANG003794-AANG003796	0.0544552	0.0631953	0.861697
AANG003802-AANG003803	0.232713	0.45528	0.511142
AANG003847-AANG003848	0.348595	0.415387	0.839205
AANG003855-AANG003857	0.0458488	0.307392	0.149154
AANG003856-AANG003858	0.0233923	0.0580917	0.402678
AANG003910-AANG003911	0.217334	0.30234	0.71884
AANG003926-AANG003927	0.0397522	0.289275	0.13742
AANG003985-AANG003986	0.118541	0.49697	0.238528
AANG004002-AANG004003	0.0956049	0.110339	0.866461
AANG004005-AANG004006	0.1071	0.125713	0.851942
AANG004054-AANG004055	0.582005	NA	NA
AANG004056-AANG004058	0.545594	1.54865	0.352302
AANG004071-AANG004072	0.320604	1.93909	0.165338
AANG004147-AANG004148	0.0925922	0.141868	0.652666
AANG004172-AANG004173	0.495892	2.20444	0.224951
AANG004211-AANG004212	0.44065	2.35303	0.187269
AANG004212-AANG004214	0.241417	0.355453	0.679182
AANG004223-AANG004224	0.561639	NA	NA
AANG004239-AANG004240	0.387718	2.82292	0.137347
AANG004255-AANG004256	0.425334	0.90216	0.471462
AANG004272-AANG004274	0.389342	1.64106	0.237251
AANG004284-AANG004285	NA	NA	NA
AANG004287-AANG004288	0.0361315	0.258141	0.139968
AANG004288-AANG004289	0.0547329	0.266848	0.205109
AANG004316-AANG004317	0.333406	0.599391	0.556242
AANG004326-AANG004328	0.323792	0.429301	0.754231
AANG004328-AANG004329	0.283178	0.479536	0.590524
AANG004329-AANG004330	NA	NA	NA
AANG004338-AANG004339	0.0737696	0.189457	0.389374
AANG004338-AANG004340	0.140934	0.272999	0.516244
AANG004350-AANG004351	0.483352	0.543593	0.889179
AANG004357-AANG004358	0.312661	0.631207	0.495337
AANG004369-AANG004370	0.250956	0.448191	0.559931
AANG004385-AANG004387	0.0291605	0.0249198	1.17017
AANG004388-AANG004390	0.769315	1.99752	0.385135
AANG004394-AANG004395	0.165518	0.723091	0.228903
AANG004416-AANG004417	0.117968	0.350701	0.336379
AANG004479-AANG004480	0.274116	0.78549	0.348974
AANG004546-AANG004547	0.586538	1.31534	0.445921
AANG004547-AANG004548	0.614834	1.60843	0.382257
AANG004616-AANG004618	0.827024	2.08257	0.397118
AANG004618-AANG004619	0.906172	1.89571	0.478012
AANG004620-AANG004622	0.611111	2.83485	0.215571
AANG004657-AANG004658	0.657082	1.7293	0.37997
AANG004658-AANG004659	0.441917	1.27988	0.34528
AANG004661-AANG004663	0.0497295	0.0667864	0.744605
AANG004662-AANG004664	0.298085	0.544274	0.547675
AANG004672-AANG004673	0.71141	NA	NA
AANG004685-AANG004686	1.33885	NA	NA
AANG004707-AANG004708	0.110603	2.009	0.0550538
AANG004739-AANG004740	0.215426	0.268849	0.80129
AANG004740-AANG004741	0.312968	0.339011	0.92318
AANG004741-AANG004742	0.390665	0.414053	0.943516
AANG004742-AANG004743	0.146893	0.136029	1.07987
AANG004749-AANG004751	0.17843	0.332082	0.537308
AANG004799-AANG004800	0.151979	0.17282	0.879408
AANG004917-AANG004918	0.0994253	0.448937	0.221468
AANG004927-AANG004929	0.213607	1.07771	0.198205
AANG004937-AANG004938	0.149882	0.310502	0.48271
AANG004969-AANG004970	0.183712	0.384456	0.47785
AANG005001-AANG005003	0.155647	0.145273	1.07141
AANG005009-AANG005010	0.346243	0.735359	0.470849
AANG005010-AANG005011	0.204069	0.742954	0.274672
AANG005010-AANG005012	0.615561	1.08607	0.566779
AANG005032-AANG005033	0.0418505	0.0770743	0.542988
AANG005039-AANG005040	0.402049	1.01937	0.394409
AANG005040-AANG005041	0.121689	0.575694	0.211378
AANG005043-AANG005044	0.693941	2.25785	0.307346
AANG005054-AANG005056	0.38128	1.6125	0.236453
AANG005056-AANG005057	0.37514	1.21266	0.309352
AANG005058-AANG005059	0.770419	0.972057	0.792566
AANG005059-AANG005060	0.356323	0.309601	1.15091
AANG005108-AANG005110	0.0839508	1.88936	0.0444334
AANG005126-AANG005127	0.133468	0.165246	0.807693
AANG005127-AANG005129	NA	NA	NA
AANG005140-AANG005141	0.354514	0.523631	0.677031
AANG005152-AANG005154	0.235487	0.80376	0.292982
AANG005188-AANG005189	0.131464	0.171826	0.7651
AANG005223-AANG005224	0.125426	NA	NA
AANG005227-AANG005228	0.674102	0.906911	0.743295
AANG005294-AANG005295	0.239518	1.7624	0.135905
AANG005322-AANG005323	0.0269269	0.0719779	0.374099
AANG005339-AANG005341	0.727088	0.799467	0.909465
AANG005427-AANG005428	0.539666	0.716281	0.753427
AANG005432-AANG005433	0.360068	0.659615	0.545875
AANG005461-AANG005462	0.672489	1.99845	0.336504
AANG005502-AANG005503	0.273789	0.330497	0.828418
AANG005502-AANG005504	0.539352	1.27311	0.423648
AANG005518-AANG005519	0.0496147	0.145111	0.341909
AANG005524-AANG005525	1.56734	NA	NA
AANG005532-AANG005533	0.840131	1.82524	0.460286
AANG005547-AANG005548	0.105107	0.325603	0.322808
AANG005558-AANG005559	0.248066	1.65272	0.150096
AANG005585-AANG005587	0.0154968	0.0943365	0.164272
AANG005589-AANG005590	0.518377	1.68737	0.307209
AANG005596-AANG005598	0.335831	0.532313	0.630889
AANG005600-AANG005602	0.500399	0.682397	0.733295
AANG005633-AANG005635	0.0132664	0.0177968	0.745438
AANG005667-AANG005668	0.240713	0.265952	0.905097
AANG005669-AANG005670	0.213615	0.324918	0.657444
AANG005714-AANG005716	0.346345	2.05913	0.1682
AANG005715-AANG005716	0.729215	1.31548	0.554336
AANG005721-AANG005722	0.400263	0.583198	0.686324
AANG005731-AANG005732	NA	NA	NA
AANG005734-AANG005735	0.122902	0.133812	0.918472
AANG005739-AANG005740	0.266241	0.398782	0.667636
AANG005751-AANG005752	0.144278	0.191211	0.754547
AANG005801-AANG005803	0.36026	2.0256	0.177854
AANG005802-AANG005803	0.714269	1.85532	0.384984
AANG005827-AANG005828	0.246947	0.323843	0.762552
AANG005828-AANG005829	0.226379	0.635844	0.35603
AANG005833-AANG005834	0.164767	0.292664	0.56299
AANG005872-AANG005873	0.07098	0.136107	0.5215
AANG005890-AANG005891	0.162145	0.616837	0.262865
AANG005894-AANG005895	0.485403	1.65398	0.293475
AANG005895-AANG005896	0.479038	1.37381	0.348693
AANG005908-AANG005909	0.0522635	0.209291	0.249717
AANG005928-AANG005929	0.457243	2.54509	0.179657
AANG005934-AANG005936	0.461808	1.8367	0.251433
AANG005940-AANG005941	0.0112244	0.0351182	0.319617
AANG005941-AANG005942	0.0270555	0.0402288	0.672541
AANG005944-AANG005945	0.462453	NA	NA
AANG005948-AANG005949	0.0678216	0.184362	0.367872
AANG005957-AANG005959	0.33752	1.0222	0.330189
AANG005981-AANG005983	0.210498	0.301836	0.697391
AANG005982-AANG005984	0.0121535	0.0719094	0.169011
AANG006035-AANG006036	1.20531	NA	NA
AANG006109-AANG006111	0.174219	0.553298	0.314874
AANG006111-AANG006112	0.102745	0.611268	0.168085
AANG006113-AANG006115	0.153051	0.187784	0.815037
AANG006114-AANG006116	0.256574	0.271809	0.943949
AANG006115-AANG006117	0.244284	0.256626	0.951909
AANG006182-AANG006184	0.601251	0.757847	0.793367
AANG006189-AANG006191	1.02468	1.79648	0.570381
AANG006251-AANG006252	0.0391681	0.121499	0.322373
AANG006262-AANG006264	0.301196	0.745709	0.403905
AANG006265-AANG006266	0.581352	1.66393	0.349384
AANG006272-AANG006273	0.803998	1.7036	0.47194
AANG006362-AANG006363	0.00297179	NA	NA
AANG006377-AANG006379	0.440644	0.915254	0.481444
AANG006383-AANG006385	0.287277	0.367551	0.781599
AANG006388-AANG006390	0.403464	1.14935	0.351036
AANG006389-AANG006390	0.203587	0.562166	0.362147
AANG006390-AANG006391	0.36521	1.08426	0.33683
AANG006393-AANG006394	0.470222	0.967753	0.485891
AANG006414-AANG006415	0.88651	1.41227	0.627722
AANG006432-AANG006434	0.0988432	1.31907	0.0749342
AANG006437-AANG006438	0.559647	1.89342	0.295575
AANG006463-AANG006464	0.0631981	0.495007	0.127671
AANG006493-AANG006494	1.34985	2.24908	0.600176
AANG006505-AANG006506	NA	0.0314943	-0
AANG006516-AANG006518	1.23121	1.95848	0.628654
AANG006523-AANG006525	0.291604	0.581415	0.501541
AANG006527-AANG006529	NA	NA	NA
AANG006583-AANG006584	0.0767342	0.244505	0.313834
AANG006632-AANG006634	0.00791181	0.0319821	0.247382
AANG006644-AANG006646	0.329889	0.793223	0.415884
AANG006666-AANG006667	0.224105	0.715827	0.313072
AANG006676-AANG006677	0.511979	1.31392	0.389657
AANG006677-AANG006678	0.153162	0.297073	0.515571
AANG006678-AANG006679	0.305971	0.765645	0.399625
AANG006679-AANG006680	0.101275	0.352911	0.28697
AANG006715-AANG006716	1.14249	5.36368	0.213004
AANG006745-AANG006746	0.355268	0.539216	0.65886
AANG006749-AANG006750	0.0435907	0.299111	0.145734
AANG006753-AANG006754	NA	NA	NA
AANG006757-AANG006758	NA	NA	NA
AANG006758-AANG006759	NA	NA	NA
AANG006813-AANG006814	0.366959	0.557728	0.657954
AANG006844-AANG006846	NA	NA	NA
AANG006846-AANG006847	0.353757	1.24835	0.283379
AANG006853-AANG006854	NA	NA	NA
AANG006859-AANG006861	0.592943	0.780219	0.75997
AANG006866-AANG006868	0.320589	NA	NA
AANG006912-AANG006913	NA	NA	NA
AANG007018-AANG007019	0.296732	1.5201	0.195206
AANG007031-AANG007033	0.299389	2.49098	0.120189
AANG007035-AANG007036	1.80326	NA	NA
AANG007043-AANG007044	0.0204768	0.280341	0.0730425
AANG007044-AANG007045	0.0426175	0.240044	0.17754
AANG007045-AANG007046	0.170256	0.505509	0.336802
AANG007054-AANG007056	NA	NA	NA
AANG007056-AANG007057	NA	NA	NA
AANG007058-AANG007060	NA	NA	NA
AANG007059-AANG007060	NA	NA	NA
AANG007060-AANG007061	NA	NA	NA
AANG007061-AANG007062	NA	NA	NA
AANG007068-AANG007069	0.103864	0.41653	0.249356
AANG007089-AANG007090	0.0505954	0.127085	0.398122
AANG007101-AANG007102	0.136061	0.377139	0.36077
AANG007121-AANG007122	0.473586	1.96258	0.241308
AANG007189-AANG007191	0.171057	1.17544	0.145527
AANG007215-AANG007217	0.209564	0.849214	0.246774
AANG007219-AANG007220	0.357416	0.904243	0.395266
AANG007249-AANG007251	1.12745	1.65802	0.68
AANG007281-AANG007282	0.166429	0.222323	0.748591
AANG007333-AANG007334	0.0586736	0.214178	0.273947
AANG007341-AANG007342	0.0534751	0.122782	0.435528
AANG007357-AANG007358	0.339288	0.94233	0.360052
AANG007429-AANG007430	0.0679512	0.245097	0.277242
AANG007441-AANG007442	0.0995236	0.149832	0.664234
AANG007444-AANG007445	0.229201	2.03074	0.112865
AANG007452-AANG007453	0.243684	0.692377	0.351953
AANG007452-AANG007454	0.16428	0.570943	0.287734
AANG007465-AANG007467	0.735754	1.78672	0.41179
AANG007480-AANG007481	0.583395	1.04726	0.557067
AANG007481-AANG007482	0.271355	0.487669	0.556434
AANG007521-AANG007522	0.21093	0.847763	0.248807
AANG007550-AANG007551	0.147475	0.205866	0.716366
AANG007596-AANG007597	0.234455	1.51922	0.154325
AANG007601-AANG007602	0.124354	0.172314	0.721668
AANG007609-AANG007610	0.0160473	0.0294716	0.5445
AANG007639-AANG007640	0.746468	1.03348	0.722287
AANG007662-AANG007663	0.573083	1.99073	0.287876
AANG007663-AANG007664	0.403705	0.615178	0.656241
AANG007670-AANG007672	0.0921168	0.143433	0.642227
AANG007716-AANG007717	0.459967	2.33948	0.196611
AANG007719-AANG007720	0.237647	0.512239	0.463937
AANG007756-AANG007758	0.510756	0.839622	0.608317
AANG007758-AANG007759	0.4293	0.931051	0.461091
AANG007873-AANG007874	0.738527	5.73914	0.128683
AANG007898-AANG007899	0.554758	1.45994	0.379988
AANG007922-AANG007923	0.146564	0.265048	0.552972
AANG007923-AANG007924	0.0428897	0.06059	0.707868
AANG007970-AANG007972	0.362411	0.789189	0.459219
AANG007972-AANG007973	0.243226	1.02457	0.237394
AANG007973-AANG007975	0.0975207	0.116953	0.833848
AANG008004-AANG008006	0.0964395	0.162213	0.594522
AANG008040-AANG008042	0.140686	0.346759	0.405717
AANG008066-AANG008067	0.549088	2.07175	0.265036
AANG008068-AANG008069	0.386744	0.606839	0.637309
AANG008074-AANG008076	0.692543	0.801752	0.863786
AANG008082-AANG008083	0.184327	0.692642	0.266121
AANG008099-AANG008100	0.623196	5.08145	0.122641
AANG008112-AANG008114	0.412552	0.874837	0.471576
AANG008160-AANG008161	0.223499	0.336152	0.664874
AANG008165-AANG008166	0.117695	0.22309	0.527567
AANG008167-AANG008168	NA	NA	NA
AANG008208-AANG008209	0.116486	0.225754	0.515987
AANG008238-AANG008239	0.369183	0.461763	0.799507
AANG008239-AANG008240	0.587741	1.21614	0.483284
AANG008265-AANG008266	0.407113	1.77648	0.229168
AANG008280-AANG008281	0.33761	0.544014	0.620592
AANG008325-AANG008326	1.11611	1.56189	0.714591
AANG008339-AANG008340	0.171117	0.368305	0.464607
AANG008346-AANG008348	0.0913263	0.310285	0.29433
AANG008378-AANG008379	0.236127	0.448905	0.526007
AANG008379-AANG008380	0.0435778	0.0433056	1.00629
AANG008411-AANG008412	0.375934	0.819444	0.458767
AANG008432-AANG008433	0.626347	0.883022	0.709323
AANG008456-AANG008457	0.0371432	0.0634234	0.585639
AANG008457-AANG008458	0.923416	1.11893	0.825264
AANG008459-AANG008461	0.305168	0.400666	0.761653
AANG008466-AANG008467	0.565399	2.77612	0.203665
AANG008480-AANG008482	0.360372	0.504211	0.714724
AANG008499-AANG008500	0.0563167	0.136824	0.411599
AANG008531-AANG008533	0.318312	0.479552	0.66377
AANG008577-AANG008578	0.61353	0.684285	0.8966
AANG008607-AANG008608	1.2257	4.39675	0.278773
AANG008647-AANG008648	1.64148	2.05269	0.799674
AANG008678-AANG008680	0.458242	0.75258	0.608895
AANG008686-AANG008687	0.101262	0.157491	0.642973
AANG008694-AANG008695	0.0454688	0.239663	0.18972
AANG008724-AANG008726	0.198951	0.386438	0.514832
AANG008775-AANG008776	0.127078	0.896292	0.141782
AANG008776-AANG008777	0.390531	1.15129	0.33921
AANG008828-AANG008830	1.10493	0.884793	1.24881
AANG008870-AANG008871	0.144651	0.669889	0.215933
AANG008900-AANG008902	0.544007	0.997332	0.545463
AANG008918-AANG008919	0.573893	0.696612	0.823835
AANG008924-AANG008925	0.0459607	0.0828654	0.554643
AANG008932-AANG008933	0.0958312	0.16939	0.565743
AANG008942-AANG008943	0.0887515	0.255905	0.346814
AANG008957-AANG008958	0.249363	0.95222	0.261876
AANG008974-AANG008975	0.27953	0.445485	0.627472
AANG008981-AANG008982	NA	0.0516737	-0
AANG009013-AANG009014	0.285274	0.313072	0.911209
AANG009025-AANG009026	0.458972	2.49557	0.183915
AANG009026-AANG009027	0.643994	2.50182	0.25741
AANG009037-AANG009038	0.126942	1.72664	0.0735197
AANG009077-AANG009078	0.291239	1.2299	0.2368
AANG009088-AANG009090	0.0691795	0.10084	0.686035
AANG009089-AANG009091	NA	NA	NA
AANG009090-AANG009092	0.104919	0.150113	0.698931
AANG009092-AANG009094	0.216083	0.381895	0.565819
AANG009093-AANG009094	0.233849	0.215153	1.0869
AANG009164-AANG009165	0.261645	1.56675	0.166998
AANG009191-AANG009192	0.431643	0.632708	0.682214
AANG009195-AANG009196	0.327212	0.455107	0.718977
AANG009196-AANG009197	0.087973	0.133905	0.656982
AANG009205-AANG009207	1.11722	2.23181	0.500588
AANG009216-AANG009218	0.0145542	0.0208008	0.699694
AANG009230-AANG009231	0.242856	1.01432	0.239428
AANG009238-AANG009239	0.310253	0.466098	0.66564
AANG009248-AANG009249	0.114758	0.21091	0.544112
AANG009248-AANG009250	0.195778	0.327544	0.597715
AANG009261-AANG009262	0.196147	0.841865	0.232991
AANG009264-AANG009265	0.2408	0.42272	0.569645
AANG009276-AANG009277	0.452241	0.687577	0.657731
AANG009309-AANG009311	NA	NA	NA
AANG009311-AANG009312	NA	NA	NA
AANG009342-AANG009343	0.107916	0.309308	0.348894
AANG009365-AANG009366	0.131048	0.200333	0.654148
AANG009365-AANG009367	0.221605	0.31984	0.692863
AANG009424-AANG009425	0.212333	0.235764	0.900617
AANG009452-AANG009454	0.331278	0.322884	1.02599
AANG009528-AANG009530	0.128723	0.352206	0.365476
AANG009537-AANG009538	0.0859112	0.318607	0.269647
AANG009592-AANG009593	0.228651	0.360813	0.633712
AANG009640-AANG009641	0.305216	0.944469	0.323161
AANG009652-AANG009653	0.153064	0.564342	0.271226
AANG009661-AANG009662	0.446853	2.33826	0.191105
AANG009672-AANG009674	1.05059	2.49267	0.421473
AANG009681-AANG009683	0.179905	0.317959	0.565811
AANG009682-AANG009684	0.0400543	0.146883	0.272695
AANG009689-AANG009690	0.0923604	0.385122	0.239821
AANG009692-AANG009693	0.301194	0.497565	0.605337
AANG009701-AANG009702	0.274635	0.368169	0.745948
AANG009745-AANG009746	0.540301	0.933623	0.578714
AANG009748-AANG009749	0.187887	2.28888	0.0820869
AANG009795-AANG009796	0.274464	2.28118	0.120317
AANG009811-AANG009812	0.244393	0.871525	0.28042
AANG009828-AANG009829	1.44857	NA	NA
AANG009828-AANG009830	0.154899	0.214744	0.721318
AANG009853-AANG009855	0.402551	0.650937	0.618418
AANG009856-AANG009857	0.301152	0.833653	0.361245
AANG009857-AANG009858	0.302567	0.817671	0.370035
AANG009858-AANG009859	0.458496	1.22137	0.375393
AANG009882-AANG009883	1.09833	1.74154	0.630663
AANG009902-AANG009903	0.0839894	0.395894	0.212151
AANG009993-AANG009994	0.271237	2.28342	0.118785
AANG010011-AANG010012	0.62765	NA	NA
AANG010012-AANG010013	0.534152	2.03459	0.262535
AANG010044-AANG010045	0.17928	0.838292	0.213863
AANG010117-AANG010119	0.0577378	0.0601701	0.959576
AANG010119-AANG010120	0.40761	0.799843	0.509613
AANG010128-AANG010130	0.0491139	0.0201235	2.44063
AANG010133-AANG010134	0.658409	0.749524	0.878435
AANG010141-AANG010142	0.974894	NA	NA
AANG010173-AANG010175	1.23501	2.90399	0.425281
AANG010192-AANG010193	0.172817	0.193411	0.893522
AANG010192-AANG010194	0.0250094	0.0741041	0.33749
AANG010235-AANG010237	0.0820781	0.189826	0.432387
AANG010237-AANG010239	0.376721	0.514426	0.732313
AANG010240-AANG010241	0.0706493	0.173021	0.408328
AANG010272-AANG010273	0.691744	NA	NA
AANG010295-AANG010296	0.135457	0.303827	0.445836
AANG010346-AANG010347	1.12643	2.62953	0.428375
AANG010347-AANG010348	0.476731	0.727823	0.655009
AANG010434-AANG010435	0.253017	0.447747	0.565088
AANG010542-AANG010543	0.316861	1.74372	0.181715
AANG010576-AANG010578	0.237117	1.76482	0.134358
AANG010586-AANG010587	0.0555903	0.0762013	0.729519
AANG010604-AANG010606	0.451699	1.14208	0.395506
AANG010620-AANG010622	0.0134546	0.0428551	0.313956
AANG010674-AANG010675	0.363514	0.811697	0.447844
AANG010747-AANG010748	1.14945	NA	NA
AANG010768-AANG010769	0.756649	2.41931	0.312754
AANG010778-AANG010780	0.617849	1.28984	0.479012
AANG010780-AANG010781	0.854712	2.06214	0.414479
AANG010813-AANG010814	0.0932781	0.501903	0.185849
AANG010814-AANG010815	0.138589	0.500245	0.277043
AANG010816-AANG010818	0.117689	0.512874	0.22947
AANG010853-AANG010854	0.443897	1.62237	0.273611
AANG010950-AANG010951	0.314959	1.84666	0.170556
AANG010954-AANG010955	0.460885	6.00226	0.0767852
AANG010973-AANG010974	0.495378	0.669639	0.739769
AANG010990-AANG010991	0.0481982	0.279165	0.172652
AANG010997-AANG010998	0.981682	2.55787	0.383789
AANG011006-AANG011008	0.55998	2.39872	0.23345
AANG011008-AANG011010	0.537573	NA	NA
AANG011023-AANG011024	0.128766	0.480844	0.267792
AANG011024-AANG011025	0.178741	0.666947	0.267999
AANG011046-AANG011048	0.126928	0.262212	0.484066
AANG011058-AANG011059	0.332696	0.616067	0.540032
AANG011103-AANG011104	0.0291742	0.0772026	0.377891
AANG011108-AANG011109	0.381233	1.37764	0.276729
AANG011154-AANG011155	0.49159	2.11319	0.232629
AANG011178-AANG011180	0.306725	0.441453	0.694809
AANG011180-AANG011182	0.450337	1.79426	0.250988
AANG011181-AANG011182	0.418273	1.63869	0.255248
AANG011208-AANG011209	0.200689	0.829315	0.241994
AANG011209-AANG011211	0.305799	1.37007	0.2232
AANG011232-AANG011233	0.780876	1.52534	0.511935
AANG011232-AANG011234	0.931067	1.51676	0.613854
AANG011273-AANG011274	0.0586101	0.282595	0.2074
AANG011276-AANG011278	0.542692	1.20517	0.450305
AANG011277-AANG011279	0.445508	1.81031	0.246096
AANG011278-AANG011279	0.538313	1.54477	0.348474
AANG011301-AANG011302	0.221846	0.382677	0.579722
AANG011318-AANG011320	0.515016	1.03704	0.496623
AANG011320-AANG011322	0.268942	0.393362	0.683702
AANG011332-AANG011333	0.584525	0.751289	0.778029
AANG011350-AANG011351	0.126328	0.396074	0.31895
AANG011355-AANG011356	0.155068	0.614337	0.252415
AANG011356-AANG011357	0.375727	0.756108	0.496922
AANG011361-AANG011362	0.1125	0.943942	0.119181
AANG011377-AANG011378	0.108239	0.214347	0.504974
AANG011408-AANG011409	0.428954	1.24024	0.345864
AANG011409-AANG011410	0.366236	0.755711	0.484624
AANG011443-AANG011444	0.393062	1.47293	0.266857
AANG011502-AANG011503	1.29223	2.28641	0.565177
AANG011528-AANG011529	0.152936	1.04018	0.147029
AANG011529-AANG011530	0.103674	0.735862	0.140888
AANG011559-AANG011560	0.364765	1.904	0.191578
AANG011562-AANG011563	0.196566	0.882177	0.222819
AANG011563-AANG011564	0.124707	0.898123	0.138853
AANG011569-AANG011570	0.0049127	0.107753	0.0455921
AANG011617-AANG011618	0.32498	0.491917	0.660641
AANG011623-AANG011625	NA	NA	NA
AANG011624-AANG011626	2.2794	3.04893	0.747606
AANG011626-AANG011628	1.5884	1.78112	0.891799
AANG011627-AANG011628	0.201582	0.269061	0.749207
AANG011628-AANG011629	0.606408	0.825038	0.735007
AANG011673-AANG011674	0.498868	0.76925	0.648512
AANG011681-AANG011682	0.165887	0.294678	0.562942
AANG011685-AANG011686	NA	NA	NA
AANG011754-AANG011756	0.591498	0.924163	0.640036
AANG011755-AANG011756	0.215276	0.374349	0.575067
AANG011759-AANG011761	NA	NA	NA
AANG011761-AANG011762	NA	NA	NA
AANG011762-AANG011764	NA	NA	NA
AANG011769-AANG011771	0.767491	1.25639	0.610873
AANG011782-AANG011784	0.203723	0.324789	0.627247
AANG011811-AANG011813	0.67714	1.23761	0.547133
AANG011818-AANG011819	0.493269	2.10742	0.234063
AANG011839-AANG011840	0.493238	0.843174	0.584978
AANG011878-AANG011879	0.173723	0.224409	0.774135
AANG011898-AANG011899	0.249916	0.709411	0.352287
AANG011905-AANG011906	NA	0.0136505	-0
AANG011919-AANG011920	0.101919	0.388742	0.262177
AANG011948-AANG011949	0.46093	1.61315	0.285733
AANG011955-AANG011956	0.481698	1.21887	0.395201
AANG011956-AANG011957	0.325054	1.16899	0.278064
AANG011993-AANG011995	0.23271	0.370947	0.627341
AANG012068-AANG012069	0.279186	0.370883	0.752762
AANG012152-AANG012153	0.544166	0.973949	0.558722
AANG012190-AANG012192	0.0540265	0.148583	0.363611
AANG012191-AANG012192	0.0427712	0.104382	0.409757
AANG012194-AANG012195	0.133359	0.681611	0.195652
AANG012217-AANG012219	0.395204	0.407278	0.970355
AANG012219-AANG012220	0.590954	1.86838	0.316293
AANG012237-AANG012239	0.469225	0.524297	0.89496
AANG012240-AANG012241	0.675361	2.06359	0.327275
AANG012292-AANG012293	0.0786221	0.130641	0.601819
AANG012298-AANG012299	0.0357815	0.0811295	0.441041
AANG012353-AANG012355	0.138941	0.139684	0.99468
AANG012377-AANG012378	0.0551186	0.214236	0.25728
AANG012408-AANG012409	0.140828	0.733169	0.192081
AANG012409-AANG012411	1.62657	3.03092	0.536659
AANG012421-AANG012422	0.341736	1.22734	0.278438
AANG012422-AANG012423	0.0419518	0.168028	0.249672
AANG012442-AANG012444	1.0433	1.26506	0.824699
AANG012443-AANG012445	0.0219366	0.0711963	0.308114
AANG012551-AANG012553	0.169946	1.61016	0.105546
AANG012553-AANG012554	0.272243	NA	NA
AANG012573-AANG012574	0.314986	0.391627	0.804302
AANG012602-AANG012603	0.109908	0.182886	0.600964
AANG012629-AANG012630	0.0980206	0.164351	0.596411
AANG012630-AANG012631	0.146682	0.204251	0.718147
AANG012645-AANG012646	0.00890474	0.191312	0.0465456
AANG012689-AANG012690	0.162706	0.31636	0.514306
AANG012695-AANG012696	0.216238	0.589278	0.366954
AANG012741-AANG012742	0.0717205	0.0806124	0.889697
AANG012773-AANG012774	0.0195618	0.00878695	2.22624
AANG012785-AANG012786	NA	NA	NA
AANG012830-AANG012831	0.334056	0.759567	0.439798
AANG012849-AANG012851	0.437002	0.590113	0.740538
AANG012867-AANG012869	0.614666	NA	NA
AANG012894-AANG012895	0.139551	0.408174	0.341891
AANG012901-AANG012902	0.11938	0.285408	0.418279
AANG012904-AANG012905	0.314692	1.36279	0.230917
AANG012909-AANG012911	0.408074	1.02399	0.398515
AANG012922-AANG012924	0.182924	0.1892	0.966828
AANG012932-AANG012933	0.527208	0.487141	1.08225
AANG012983-AANG012984	0.335262	0.970579	0.345425
AANG013005-AANG013006	0.160696	0.440933	0.364445
AANG013044-AANG013045	1.0727	NA	NA
AANG013056-AANG013057	0.558939	NA	NA
AANG013057-AANG013058	0.398759	1.19498	0.333695
AANG013134-AANG013135	0.387429	1.5225	0.254469
AANG013135-AANG013137	0.0600623	0.060152	0.998509
AANG013136-AANG013138	0.539589	2.05849	0.262129
AANG013145-AANG013146	0.87325	NA	NA
AANG013154-AANG013156	0.0913704	0.281795	0.324245
AANG013184-AANG013185	0.195963	0.375618	0.521708
AANG013189-AANG013190	0.151963	0.36861	0.412259
AANG013227-AANG013229	0.258541	1.49714	0.17269
AANG013259-AANG013260	0.340866	0.289007	1.17944
AANG013294-AANG013295	0.109566	0.200396	0.546746
AANG013295-AANG013296	0.0679349	0.134338	0.505702
AANG013304-AANG013305	0.741751	1.44022	0.515025
AANG013304-AANG013306	0.337892	0.635379	0.531796
AANG013323-AANG013324	0.311765	1.02723	0.303502
AANG013332-AANG013334	0.822644	1.57266	0.52309
AANG013339-AANG013341	0.192533	0.243405	0.790998
AANG013365-AANG013367	NA	NA	NA
AANG013367-AANG013368	NA	NA	NA
AANG013372-AANG013373	0.214695	0.242786	0.8843
AANG013410-AANG013412	0.353841	0.422582	0.83733
AANG013412-AANG013413	0.120018	0.154129	0.778684
AANG013418-AANG013419	0.462037	1.21532	0.380177
AANG013487-AANG013488	0.370448	0.391963	0.945108
AANG013496-AANG013498	0.36882	0.380835	0.968452
AANG013500-AANG013501	0.117101	0.0945931	1.23795
AANG013507-AANG013509	0.276459	0.498393	0.554701
AANG013626-AANG013627	0.411334	0.728474	0.564652
AANG013661-AANG013662	0.498976	1.82854	0.272883
AANG013667-AANG013668	0.435305	1.48485	0.293164
AANG013682-AANG013683	0.33518	1.69714	0.197497
AANG013695-AANG013696	0.09141	0.201979	0.452572
AANG013736-AANG013737	0.413859	0.641693	0.64495
AANG013824-AANG013826	0.0496035	0.221184	0.224263
AANG013835-AANG013836	0.0512254	0.099838	0.513084
AANG013841-AANG013842	0.19921	1.52389	0.130724
AANG013860-AANG013861	0.827897	1.29565	0.63898
AANG013864-AANG013866	1.10465	2.27864	0.484783
AANG013866-AANG013867	0.921013	4.2306	0.217702
AANG013953-AANG013955	NA	0.0532129	-0
AANG013956-AANG013957	0.493594	1.33232	0.370476
AANG014056-AANG014057	0.452513	1.63022	0.277579
AANG014068-AANG014070	0.903122	2.89191	0.312293
AANG014094-AANG014096	0.182238	0.431629	0.422209
AANG014095-AANG014097	0.00912633	0.0441344	0.206785
AANG014229-AANG014230	0.600751	2.55058	0.235535
AANG014230-AANG014231	0.05412	0.0797016	0.679034
AANG014252-AANG014253	0.00709574	0.0103159	0.687845
AANG014253-AANG014254	0.128193	0.271654	0.471898
AANG014275-AANG014276	0.192793	0.223267	0.863506
AANG014316-AANG014317	0.0403652	0.0262486	1.53781
AANG014319-AANG014321	0.129606	0.20203	0.641516
AANG014360-AANG014361	0.0923587	0.385975	0.239287
AANG014361-AANG014363	0.102726	0.392299	0.261857
AANG014516-AANG014517	0.171402	0.173505	0.98788
AANG014538-AANG014539	0.0657893	0.081677	0.805481
AANG014612-AANG014613	1.62833	2.85085	0.571173
