Seq	Ka	Ks	Ka/Ks
KAA8490321.1-KAA8490322.1	0.80201	2.47563	0.323962
KAA8490327.1-KAA8490328.1	0.163751	1.11082	0.147414
KAA8490328.1-KAA8490329.1	0.0663715	0.400003	0.165928
KAA8490329.1-KAA8490330.1	0.395502	1.77312	0.223055
KAA8490336.1-KAA8490337.1	0.241203	0.428807	0.562498
KAA8490398.1-KAA8490400.1	0.39352	0.890822	0.44175
KAA8490448.1-KAA8490449.1	0.921488	2.24245	0.41093
KAA8490455.1-KAA8490456.1	0.767476	1.88109	0.407996
KAA8490485.1-KAA8490487.1	0.000306757	NA	NA
KAA8490620.1-KAA8490622.1	0.944905	2.0375	0.463756
KAA8490626.1-KAA8490627.1	0.943661	NA	NA
KAA8490639.1-KAA8490640.1	0.181734	0.461435	0.393844
KAA8490647.1-KAA8490649.1	0.00305083	0.0040493	0.75342
KAA8490674.1-KAA8490676.1	0.96175	1.85759	0.517742
KAA8490676.1-KAA8490677.1	0.79804	2.34357	0.340523
KAA8490682.1-KAA8490683.1	0.939149	NA	NA
KAA8490695.1-KAA8490696.1	0.181208	0.461468	0.392677
KAA8490710.1-KAA8490711.1	0.551851	2.74013	0.201396
KAA8490758.1-KAA8490759.1	0.505954	2.01424	0.251188
KAA8490947.1-KAA8490948.1	0.455367	1.96668	0.231541
KAA8490985.1-KAA8490986.1	0.497313	1.76297	0.282088
KAA8490986.1-KAA8490987.1	0.62943	2.66218	0.236434
KAA8491092.1-KAA8491093.1	0.79685	3.15903	0.252245
KAA8491107.1-KAA8491108.1	1.07353	3.54412	0.302905
KAA8491108.1-KAA8491109.1	1.20758	2.3075	0.523331
KAA8491113.1-KAA8491115.1	1.3379	2.60234	0.514115
KAA8491115.1-KAA8491117.1	0.970547	1.82275	0.532462
KAA8491223.1-KAA8491225.1	0.0415529	0.0874141	0.475357
KAA8491273.1-KAA8491275.1	0.539066	NA	NA
KAA8491319.1-KAA8491320.1	0.000536675	NA	NA
KAA8491430.1-KAA8491431.1	0.762069	2.22361	0.342717
KAA8491445.1-KAA8491446.1	0.36835	2.40215	0.153342
KAA8491446.1-KAA8491447.1	0.697641	2.73829	0.254772
KAA8491468.1-KAA8491469.1	0.186994	0.566632	0.33001
KAA8491531.1-KAA8491532.1	0.0326831	0.157969	0.206895
KAA8491532.1-KAA8491533.1	0.0975019	0.265163	0.367705
KAA8491623.1-KAA8491624.1	0.264692	0.884769	0.299165
KAA8491624.1-KAA8491625.1	0.116396	0.462283	0.251785
KAA8491626.1-KAA8491627.1	0.16113	0.636851	0.25301
KAA8491628.1-KAA8491630.1	0.186911	0.676688	0.276214
KAA8491670.1-KAA8491671.1	0.808167	1.58186	0.510897
KAA8491735.1-KAA8491736.1	0.144668	0.333383	0.433939
KAA8491820.1-KAA8491821.1	0.396352	1.62765	0.243511
KAA8491821.1-KAA8491822.1	0.277467	0.638374	0.434647
KAA8491822.1-KAA8491823.1	0.20768	0.415059	0.500362
KAA8491930.1-KAA8491931.1	0.518933	3.38717	0.153206
KAA8491931.1-KAA8491932.1	0.58933	2.00632	0.293737
KAA8491932.1-KAA8491933.1	0.717163	NA	NA
KAA8491933.1-KAA8491934.1	0.645029	NA	NA
KAA8491934.1-KAA8491935.1	0.716037	2.06297	0.347091
KAA8491934.1-KAA8491936.1	0.56404	2.90336	0.194271
KAA8491939.1-KAA8491940.1	1.03246	3.86418	0.267187
KAA8491957.1-KAA8491958.1	0.636251	NA	NA
KAA8491978.1-KAA8491979.1	0.215713	0.54578	0.395239
KAA8492078.1-KAA8492080.1	0.112932	0.29599	0.38154
KAA8492083.1-KAA8492084.1	0.128334	0.301397	0.425796
KAA8492130.1-KAA8492131.1	1.37857	2.29621	0.600367
KAA8492139.1-KAA8492140.1	0.485379	1.17869	0.411794
KAA8492142.1-KAA8492143.1	0.398093	1.35913	0.292903
KAA8492153.1-KAA8492154.1	0.443254	2.47852	0.178838
KAA8492154.1-KAA8492155.1	0.911514	NA	NA
KAA8492155.1-KAA8492156.1	0.655438	1.59088	0.411997
KAA8492156.1-KAA8492157.1	0.716959	NA	NA
KAA8492158.1-KAA8492159.1	0.971757	1.7841	0.544675
KAA8492159.1-KAA8492160.1	0.987145	2.4917	0.396172
KAA8492160.1-KAA8492161.1	0.932043	3.36472	0.277005
KAA8492166.1-KAA8492167.1	1.06396	2.3282	0.456986
KAA8492169.1-KAA8492171.1	0.640294	NA	NA
KAA8492171.1-KAA8492172.1	0.628299	2.45171	0.25627
KAA8492172.1-KAA8492173.1	0.821684	2.80418	0.293022
KAA8492173.1-KAA8492174.1	0.714844	1.4762	0.484247
KAA8492174.1-KAA8492175.1	0.752914	1.68802	0.446035
KAA8492175.1-KAA8492176.1	0.942378	2.04507	0.460806
KAA8492176.1-KAA8492178.1	0.522276	1.46535	0.356416
KAA8492179.1-KAA8492180.1	0.818056	2.63873	0.310018
KAA8492231.1-KAA8492232.1	1.07366	NA	NA
KAA8492236.1-KAA8492237.1	0.7175	1.89747	0.378136
KAA8492237.1-KAA8492238.1	0.650838	2.97248	0.218954
KAA8492247.1-KAA8492248.1	0.00102354	0.0367972	0.0278156
KAA8492251.1-KAA8492252.1	0.696067	2.76587	0.251663
KAA8492262.1-KAA8492263.1	0.346314	1.21714	0.28453
KAA8492286.1-KAA8492287.1	0.801219	2.4472	0.327402
KAA8492307.1-KAA8492308.1	0.161616	1.1262	0.143506
KAA8492308.1-KAA8492309.1	0.163759	0.633873	0.258347
KAA8492387.1-KAA8492388.1	0.68057	1.77308	0.383836
KAA8492690.1-KAA8492691.1	0.678013	2.76966	0.2448
KAA8492859.1-KAA8492860.1	0.0605868	0.10444	0.580113
KAA8492980.1-KAA8492982.1	1.38902	4.34285	0.319841
KAA8493162.1-KAA8493163.1	0.872789	3.17712	0.27471
KAA8493168.1-KAA8493170.1	0.0843356	0.0934998	0.901986
KAA8493181.1-KAA8493182.1	0.214864	1.78572	0.120323
KAA8493197.1-KAA8493198.1	0.750885	1.12639	0.666627
KAA8493224.1-KAA8493225.1	0.209767	0.341537	0.614185
KAA8493244.1-KAA8493246.1	0.902327	NA	NA
KAA8493246.1-KAA8493247.1	0.153044	0.339635	0.450615
KAA8493247.1-KAA8493248.1	0.187492	0.431601	0.434411
KAA8493248.1-KAA8493249.1	0.00798081	0.0129386	0.61682
KAA8493281.1-KAA8493282.1	0.778357	1.99998	0.389182
KAA8493375.1-KAA8493376.1	0.166106	0.555473	0.299035
KAA8493532.1-KAA8493533.1	0.4253	0.696201	0.610887
KAA8493533.1-KAA8493534.1	0.520984	2.60349	0.20011
KAA8493543.1-KAA8493544.1	0.0094905	0.0230161	0.412341
KAA8493570.1-KAA8493571.1	0.793475	3.53008	0.224776
KAA8493616.1-KAA8493618.1	0.825442	2.34473	0.352041
KAA8493695.1-KAA8493696.1	0.220083	1.88778	0.116583
KAA8493711.1-KAA8493712.1	0.403991	1.57845	0.255942
KAA8493714.1-KAA8493715.1	0.0657598	0.207006	0.317671
KAA8493715.1-KAA8493716.1	0.269077	0.96476	0.278905
KAA8493823.1-KAA8493824.1	0.351873	2.07496	0.16958
KAA8493824.1-KAA8493825.1	0.481416	1.83227	0.262742
KAA8493825.1-KAA8493826.1	0.313576	0.872627	0.359347
KAA8493955.1-KAA8493956.1	0.437649	1.42204	0.307761
KAA8494014.1-KAA8494016.1	0.902507	1.95257	0.462214
KAA8494374.1-KAA8494376.1	0.7407	1.64023	0.451582
KAA8494421.1-KAA8494422.1	0.000569513	NA	NA
KAA8494546.1-KAA8494547.1	1.57219	2.07002	0.759507
KAA8494687.1-KAA8494688.1	0.527657	1.58532	0.332839
KAA8494688.1-KAA8494689.1	0.788501	2.5	0.315401
KAA8494689.1-KAA8494690.1	0.385094	1.32841	0.289892
KAA8494690.1-KAA8494691.1	0.452	2.10486	0.214741
KAA8494809.1-KAA8494810.1	0.876328	2.57571	0.340227
KAA8494810.1-KAA8494811.1	0.847961	2.57861	0.328844
KAA8494822.1-KAA8494823.1	0.879642	1.86261	0.472264
KAA8494854.1-KAA8494855.1	0.494004	1.62007	0.304927
KAA8494855.1-KAA8494856.1	0.554887	NA	NA
KAA8494863.1-KAA8494864.1	0.217307	1.1382	0.190922
KAA8494864.1-KAA8494865.1	0.160905	0.898859	0.17901
KAA8494911.1-KAA8494912.1	0.0179326	0.0394611	0.454438
KAA8495005.1-KAA8495006.1	0.894295	3.24525	0.275571
KAA8495065.1-KAA8495066.1	0.399251	1.32741	0.300775
KAA8495067.1-KAA8495068.1	0.75751	1.61933	0.467792
KAA8495107.1-KAA8495108.1	0.144904	0.351654	0.412065
KAA8495180.1-KAA8495181.1	0.649851	NA	NA
KAA8495192.1-KAA8495193.1	0.955966	2.71832	0.351676
KAA8495217.1-KAA8495218.1	0.391106	1.71269	0.228358
KAA8495218.1-KAA8495219.1	0.752049	1.84657	0.407268
KAA8495225.1-KAA8495226.1	0.941388	NA	NA
KAA8495258.1-KAA8495259.1	0.265443	1.17954	0.22504
KAA8495319.1-KAA8495320.1	0.00933416	0.0444409	0.210035
KAA8495398.1-KAA8495399.1	0.716376	2.19123	0.326929
KAA8495406.1-KAA8495407.1	0.0566501	0.0820256	0.69064
KAA8495444.1-KAA8495445.1	0.215945	0.727782	0.296717
KAA8495445.1-KAA8495446.1	0.331761	0.743614	0.446146
KAA8495458.1-KAA8495459.1	0.0140391	0.0838212	0.167489
KAA8495618.1-KAA8495619.1	0.537412	2.02144	0.265856
KAA8495675.1-KAA8495676.1	0.602408	NA	NA
KAA8495676.1-KAA8495677.1	0.666413	NA	NA
KAA8495677.1-KAA8495678.1	0.88999	2.4353	0.365454
KAA8495743.1-KAA8495744.1	0.910347	NA	NA
KAA8495799.1-KAA8495800.1	0.339412	2.95719	0.114775
KAA8495886.1-KAA8495887.1	0.413714	0.830082	0.498401
KAA8495982.1-KAA8495983.1	0.769644	1.98864	0.387021
KAA8495983.1-KAA8495984.1	0.870606	NA	NA
KAA8496353.1-KAA8496354.1	0.389478	0.536389	0.726111
KAA8496404.1-KAA8496405.1	0.542636	1.3479	0.402578
KAA8496405.1-KAA8496406.1	0.154508	1.44844	0.106673
KAA8496424.1-KAA8496425.1	0.646937	1.79642	0.360127
KAA8496458.1-KAA8496459.1	1.09385	2.44545	0.447301
KAA8496500.1-KAA8496501.1	0.158142	0.326527	0.484314
KAA8496501.1-KAA8496503.1	0.133367	0.26918	0.495457
KAA8496732.1-KAA8496733.1	0.526388	2.96566	0.177494
KAA8496733.1-KAA8496735.1	0.87413	NA	NA
KAA8496739.1-KAA8496740.1	0.876818	1.44817	0.605466
KAA8496781.1-KAA8496783.1	0.237358	0.355254	0.668136
KAA8496837.1-KAA8496838.1	0.112403	0.497867	0.225769
KAA8496911.1-KAA8496912.1	0.472453	NA	NA
KAA8496913.1-KAA8496914.1	0.0133852	0.0130072	1.02906
KAA8497160.1-KAA8497161.1	0.352491	NA	NA
KAA8497161.1-KAA8497162.1	0.438444	NA	NA
KAA8497378.1-KAA8497379.1	NA	0.000797244	-0
KAA8497379.1-KAA8497380.1	NA	NA	NA
KAA8497422.1-KAA8497423.1	0.389359	1.28303	0.303468
KAA8497462.1-KAA8497464.1	0.131086	0.328483	0.399064
KAA8497507.1-KAA8497508.1	0.691797	NA	NA
KAA8497722.1-KAA8497723.1	0.758319	2.49022	0.304519
KAA8497857.1-KAA8497858.1	0.812769	1.57897	0.514747
KAA8497942.1-KAA8497943.1	0.368591	2.53848	0.145202
KAA8498039.1-KAA8498041.1	0.0276847	0.0343129	0.80683
KAA8498040.1-KAA8498042.1	0.000642924	NA	NA
KAA8498041.1-KAA8498043.1	NA	NA	NA
KAA8498042.1-KAA8498044.1	NA	NA	NA
KAA8498043.1-KAA8498045.1	0.42967	0.618345	0.694871
KAA8498062.1-KAA8498063.1	0.426666	1.05637	0.403898
KAA8498293.1-KAA8498294.1	0.0586982	0.107721	0.544908
KAA8498306.1-KAA8498307.1	1.09997	NA	NA
KAA8498318.1-KAA8498319.1	0.371948	1.04315	0.356561
KAA8498371.1-KAA8498373.1	0.55412	3.42318	0.161873
KAA8498376.1-KAA8498377.1	0.0328776	0.0686374	0.479005
KAA8498383.1-KAA8498384.1	0.220522	0.756883	0.291356
KAA8498421.1-KAA8498422.1	0.496602	2.49482	0.199054
KAA8498422.1-KAA8498423.1	0.421022	NA	NA
KAA8498529.1-KAA8498530.1	0.409844	2.00303	0.204612
KAA8498617.1-KAA8498619.1	0.737977	2.35363	0.313548
KAA8498779.1-KAA8498780.1	0.400407	1.23333	0.324656
KAA8498786.1-KAA8498787.1	0.556885	NA	NA
KAA8498841.1-KAA8498842.1	1.03812	NA	NA
KAA8498876.1-KAA8498877.1	0.00604276	0.067638	0.0893397
KAA8498877.1-KAA8498878.1	0.00191025	0.0391052	0.048849
KAA8498878.1-KAA8498879.1	0.00284467	0.0121471	0.234185
KAA8498888.1-KAA8498890.1	1.14716	1.6113	0.711945
KAA8498908.1-KAA8498909.1	0.164094	0.54623	0.300411
KAA8498941.1-KAA8498942.1	0.564287	1.50157	0.375799
KAA8499050.1-KAA8499051.1	1.40614	NA	NA
KAA8499182.1-KAA8499183.1	0.220366	NA	NA
KAA8499226.1-KAA8499227.1	0.618632	3.01854	0.204944
KAA8499227.1-KAA8499228.1	0.639356	NA	NA
KAA8499228.1-KAA8499229.1	0.487887	NA	NA
KAA8499264.1-KAA8499266.1	0.983904	2.50768	0.392355
KAA8499337.1-KAA8499338.1	0.00401849	0.0681389	0.0589749
KAA8499363.1-KAA8499364.1	0.274549	0.383287	0.716301
KAA8499494.1-KAA8499495.1	0.217724	1.97958	0.109985
KAA8499527.1-KAA8499528.1	0.763775	3.38008	0.225963
KAA8499531.1-KAA8499532.1	0.684205	2.12792	0.321537
KAA8499532.1-KAA8499533.1	0.530027	1.15899	0.457317
KAA8499535.1-KAA8499536.1	0.447542	2.2545	0.19851
KAA8499836.1-KAA8499837.1	0.974356	2.96123	0.329038
KAA8499863.1-KAA8499864.1	0.567121	NA	NA
KAA8499949.1-KAA8499950.1	0.0134303	0.0279287	0.48088
KAA8499950.1-KAA8499951.1	0.0556271	0.0910818	0.610737
KAA8499966.1-KAA8499967.1	1.02347	2.41412	0.42395
