Seq	Ka	Ks	Ka/Ks
KAG2421965.1-KAG2421966.1	NA	NA	NA
KAG2422044.1-KAG2422045.1	NA	NA	NA
KAG2422081.1-KAG2422082.1	0.031627	0.0240273	1.31629
KAG2422082.1-KAG2422084.1	0.117118	0.128037	0.914718
KAG2422122.1-KAG2422123.1	0.0156109	0.0203245	0.768083
KAG2422123.1-KAG2422124.1	0.0163085	0.0183771	0.887433
KAG2422195.1-KAG2422197.1	NA	NA	NA
KAG2422196.1-KAG2422198.1	0.00241618	0.00764587	0.316012
KAG2422239.1-KAG2422242.1	1.04379	0.656332	1.59034
KAG2422241.1-KAG2422243.1	0.185788	0.271611	0.684023
KAG2422248.1-KAG2422250.1	0.00286702	0.00769998	0.372341
KAG2422249.1-KAG2422251.1	1.31908	1.30013	1.01458
KAG2422316.1-KAG2422317.1	0.0163178	0.018348	0.88935
KAG2422316.1-KAG2422318.1	0.0238855	0.0312735	0.763759
KAG2422319.1-KAG2422321.1	0.0177263	0.0124989	1.41822
KAG2422320.1-KAG2422321.1	0.0918972	0.101462	0.905733
KAG2422322.1-KAG2422323.1	0.00590186	NA	NA
KAG2422340.1-KAG2422341.1	0.042945	0.232532	0.184684
KAG2422341.1-KAG2422342.1	0.158517	0.350783	0.451894
KAG2422342.1-KAG2422343.1	0.172037	0.349913	0.491657
KAG2422343.1-KAG2422344.1	0.207257	0.51898	0.399355
KAG2422352.1-KAG2422353.1	0.316758	0.476385	0.664919
KAG2422359.1-KAG2422360.1	0.672823	0.584654	1.1508
KAG2422366.1-KAG2422367.1	0.163144	0.165549	0.985473
KAG2422368.1-KAG2422369.1	0.159601	0.341029	0.467998
KAG2422383.1-KAG2422384.1	0.00645821	NA	NA
KAG2422385.1-KAG2422386.1	0.344025	0.724428	0.474891
KAG2422391.1-KAG2422393.1	0.275831	0.454398	0.607025
KAG2422395.1-KAG2422396.1	0.121737	0.360527	0.337664
KAG2422406.1-KAG2422407.1	0.185204	0.33028	0.560748
KAG2422440.1-KAG2422442.1	0.667923	0.714402	0.934939
KAG2422448.1-KAG2422450.1	0.462978	0.494635	0.935999
KAG2422450.1-KAG2422451.1	0.179397	0.196114	0.914757
KAG2422473.1-KAG2422474.1	0.81135	0.746277	1.0872
KAG2422474.1-KAG2422475.1	0.149717	0.235648	0.635341
KAG2422475.1-KAG2422476.1	0.253224	0.285613	0.886599
KAG2422495.1-KAG2422496.1	0.0489721	0.121323	0.403649
KAG2422557.1-KAG2422559.1	0.125676	0.150228	0.836569
KAG2422607.1-KAG2422610.1	0.0624682	0.309196	0.202034
KAG2422610.1-KAG2422612.1	0.0732733	0.415774	0.176233
KAG2422624.1-KAG2422625.1	0.440811	1.0208	0.431828
KAG2422753.1-KAG2422754.1	0.0792195	0.0879072	0.901172
KAG2422776.1-KAG2422777.1	0.262514	0.367416	0.714488
KAG2422843.1-KAG2422844.1	0.432076	0.621757	0.694927
KAG2422848.1-KAG2422851.1	0.231349	0.279255	0.828451
KAG2422891.1-KAG2422892.1	0.0843221	0.302431	0.278814
KAG2422892.1-KAG2422893.1	0.0132	0.0420595	0.31384
KAG2422924.1-KAG2422926.1	0.00910201	0.0180235	0.505007
KAG2422925.1-KAG2422927.1	0.0244551	0.0166094	1.47236
KAG2422967.1-KAG2422968.1	0.554661	0.502046	1.1048
KAG2422982.1-KAG2422984.1	0.00793118	0.0325054	0.243996
KAG2422983.1-KAG2422985.1	0.190956	0.24688	0.773479
KAG2423029.1-KAG2423030.1	0.236401	0.392459	0.602358
KAG2423038.1-KAG2423039.1	0.69196	0.79846	0.866619
KAG2423039.1-KAG2423040.1	0.495567	0.60161	0.823735
KAG2423048.1-KAG2423049.1	0.778005	0.666287	1.16767
KAG2423050.1-KAG2423051.1	0.497257	0.670493	0.741629
KAG2423074.1-KAG2423075.1	0.0192328	0.028109	0.684221
KAG2423081.1-KAG2423082.1	0.0293535	0.14077	0.20852
KAG2423082.1-KAG2423083.1	0.0584013	0.163717	0.356721
KAG2423082.1-KAG2423084.1	0.0299924	0.154441	0.194199
KAG2423092.1-KAG2423094.1	1.08342	1.26826	0.854254
KAG2423099.1-KAG2423100.1	0.287674	0.396234	0.72602
KAG2423128.1-KAG2423129.1	0.095673	0.168122	0.56907
KAG2423145.1-KAG2423146.1	0.231827	0.493897	0.469384
KAG2423146.1-KAG2423147.1	0.232023	0.57855	0.401042
KAG2423147.1-KAG2423149.1	0.146975	0.381944	0.384806
KAG2423155.1-KAG2423156.1	0.107941	0.227429	0.474616
KAG2423178.1-KAG2423179.1	0.126942	0.393786	0.322363
KAG2423233.1-KAG2423235.1	0.00511339	0.0240916	0.212247
KAG2423238.1-KAG2423240.1	0.671833	0.832973	0.806548
KAG2423266.1-KAG2423267.1	0.0761477	0.140244	0.542967
KAG2423272.1-KAG2423274.1	0.270256	0.43515	0.621065
KAG2423280.1-KAG2423281.1	0.366423	0.992496	0.369194
KAG2423285.1-KAG2423287.1	0.189036	0.367423	0.514492
KAG2423302.1-KAG2423305.1	0.072828	0.0906326	0.803552
KAG2423303.1-KAG2423307.1	0.0129621	0.0611753	0.211884
KAG2423340.1-KAG2423341.1	0.380396	0.681817	0.557915
KAG2423441.1-KAG2423442.1	0.108294	0.182366	0.593831
KAG2423505.1-KAG2423506.1	0.19773	0.288482	0.685413
KAG2423512.1-KAG2423513.1	0.00130796	0.00915252	0.142907
KAG2423517.1-KAG2423518.1	0.175943	0.223049	0.788809
KAG2423518.1-KAG2423519.1	1.16052	0.981408	1.1825
KAG2423525.1-KAG2423526.1	0.181123	0.291856	0.620591
KAG2423556.1-KAG2423558.1	0.211987	0.318878	0.664792
KAG2423557.1-KAG2423559.1	0.0815805	0.127267	0.641016
KAG2423573.1-KAG2423574.1	0.121388	0.226126	0.536816
KAG2423578.1-KAG2423579.1	0.104491	0.201453	0.518686
KAG2423587.1-KAG2423589.1	0.188058	0.2229	0.843686
KAG2423588.1-KAG2423589.1	0.524784	0.646269	0.81202
KAG2423589.1-KAG2423590.1	0.15645	0.204192	0.76619
KAG2423590.1-KAG2423591.1	0.125081	0.20583	0.607691
KAG2423617.1-KAG2423618.1	1.08628	0.887529	1.22393
KAG2423619.1-KAG2423621.1	0.194403	0.244025	0.796652
KAG2423620.1-KAG2423622.1	0.082262	0.159629	0.515331
KAG2423636.1-KAG2423638.1	0.167642	0.274894	0.609843
KAG2423647.1-KAG2423648.1	0.199916	0.467436	0.427687
KAG2423648.1-KAG2423649.1	0.387061	0.648933	0.596458
KAG2423649.1-KAG2423650.1	0.353071	0.620986	0.568566
KAG2423650.1-KAG2423651.1	0.407066	0.81025	0.502395
KAG2423655.1-KAG2423657.1	1.01367	0.887632	1.142
KAG2423707.1-KAG2423708.1	0.462416	0.677585	0.682447
KAG2423716.1-KAG2423717.1	0.432395	0.501485	0.862229
KAG2423779.1-KAG2423780.1	0.0419324	0.107633	0.389586
KAG2423785.1-KAG2423786.1	0.388836	0.685505	0.567225
KAG2423822.1-KAG2423823.1	0.127375	0.174262	0.730937
KAG2423842.1-KAG2423844.1	0.0523585	0.0964684	0.542753
KAG2423885.1-KAG2423886.1	0.825244	1.14017	0.723791
KAG2423886.1-KAG2423887.1	1.06459	1.46249	0.72793
KAG2423952.1-KAG2423954.1	0.0461725	0.16161	0.285703
KAG2423958.1-KAG2423959.1	0.723044	0.745577	0.969777
KAG2423978.1-KAG2423980.1	0.0444552	0.13572	0.32755
KAG2423986.1-KAG2423988.1	0.0701807	0.146775	0.478153
KAG2424000.1-KAG2424002.1	0.205118	0.223808	0.916489
KAG2424015.1-KAG2424016.1	0.286619	0.513468	0.558202
KAG2424037.1-KAG2424040.1	0.00314582	0.00886657	0.354796
KAG2424049.1-KAG2424050.1	NA	NA	NA
KAG2424050.1-KAG2424051.1	0.000603512	NA	NA
KAG2424091.1-KAG2424093.1	0.699263	0.597625	1.17007
KAG2424113.1-KAG2424114.1	0.761434	0.672896	1.13158
KAG2424119.1-KAG2424120.1	0.434115	0.706959	0.61406
KAG2424119.1-KAG2424121.1	0.45816	0.632769	0.724055
KAG2424131.1-KAG2424132.1	0.0166762	0.0566957	0.294135
KAG2424163.1-KAG2424164.1	0.517235	0.611715	0.845548
KAG2424177.1-KAG2424178.1	0.270624	0.276834	0.977565
KAG2424197.1-KAG2424198.1	1.44414	0.851088	1.69682
KAG2424207.1-KAG2424208.1	0.19651	0.369143	0.532341
KAG2424210.1-KAG2424211.1	0.443833	0.416334	1.06605
KAG2424219.1-KAG2424222.1	0.0771614	0.129832	0.594317
KAG2424252.1-KAG2424254.1	0.135051	0.163423	0.826393
KAG2424270.1-KAG2424271.1	0.583406	0.984531	0.592572
KAG2424271.1-KAG2424272.1	1.04539	1.24536	0.839424
KAG2424272.1-KAG2424273.1	0.942881	1.19729	0.787514
KAG2424273.1-KAG2424275.1	0.665888	1.03172	0.645413
KAG2424278.1-KAG2424280.1	0.920598	1.12261	0.820048
KAG2424289.1-KAG2424291.1	0.540651	0.577306	0.936507
KAG2424346.1-KAG2424347.1	0.484701	0.584035	0.829917
KAG2424355.1-KAG2424356.1	0.482827	0.686689	0.703123
KAG2424356.1-KAG2424357.1	0.436021	0.657421	0.663229
KAG2424364.1-KAG2424365.1	0.199061	0.281639	0.706795
KAG2424374.1-KAG2424376.1	NA	0.0155766	-0
KAG2424375.1-KAG2424377.1	0.186482	0.233961	0.797066
KAG2424377.1-KAG2424378.1	0.173946	0.181339	0.959232
KAG2424425.1-KAG2424426.1	0.795645	0.821482	0.968548
KAG2424430.1-KAG2424431.1	0.858625	0.920863	0.932413
KAG2424471.1-KAG2424472.1	0.893866	0.810309	1.10312
KAG2424508.1-KAG2424509.1	0.0202084	0.0786599	0.256908
KAG2424544.1-KAG2424545.1	0.587719	0.693502	0.847466
KAG2424583.1-KAG2424584.1	0.0427307	0.0507253	0.842394
KAG2424584.1-KAG2424585.1	0.00274484	0.00372634	0.736606
KAG2424585.1-KAG2424586.1	0.00132833	NA	NA
KAG2424586.1-KAG2424587.1	NA	0.00179744	-0
KAG2424588.1-KAG2424591.1	0.00994285	0.0225851	0.440239
KAG2424590.1-KAG2424593.1	0.0159048	0.0326813	0.486663
KAG2424591.1-KAG2424594.1	NA	0.00214985	-0
KAG2424593.1-KAG2424595.1	0.0454896	0.0653042	0.69658
KAG2424594.1-KAG2424596.1	0.0200193	0.0217958	0.918494
KAG2424595.1-KAG2424597.1	0.0314501	0.0464886	0.676511
KAG2424604.1-KAG2424606.1	0.1067	0.243964	0.437359
KAG2424608.1-KAG2424609.1	0.00628506	0.0209835	0.299524
KAG2424637.1-KAG2424638.1	0.894027	0.99645	0.897212
KAG2424646.1-KAG2424647.1	0.827157	0.643667	1.28507
KAG2424687.1-KAG2424689.1	0.0775786	0.187611	0.413508
KAG2424688.1-KAG2424690.1	0.0468903	0.161697	0.289988
KAG2424710.1-KAG2424712.1	0.0754685	0.114424	0.659553
KAG2424717.1-KAG2424719.1	0.0134359	0.00873766	1.5377
KAG2424718.1-KAG2424720.1	0.393957	0.502736	0.783627
KAG2424722.1-KAG2424724.1	0.0148259	0.0690828	0.21461
KAG2424724.1-KAG2424725.1	0.0915713	0.194059	0.471874
KAG2424736.1-KAG2424738.1	0.757271	0.877513	0.862973
KAG2424770.1-KAG2424772.1	NA	NA	NA
KAG2424771.1-KAG2424773.1	0.00839218	0.0086664	0.968358
KAG2424779.1-KAG2424780.1	0.210323	0.394563	0.533052
KAG2424788.1-KAG2424789.1	0.238241	0.367807	0.647735
KAG2424799.1-KAG2424802.1	NA	0.0118201	-0
KAG2424801.1-KAG2424803.1	0.0813916	0.0868514	0.937136
KAG2424863.1-KAG2424864.1	0.278872	0.259224	1.0758
KAG2424863.1-KAG2424865.1	0.0219966	0.0142353	1.54521
KAG2424864.1-KAG2424866.1	0.000904186	0.00144104	0.627454
KAG2424869.1-KAG2424870.1	0.00649792	0.0396369	0.163936
KAG2424957.1-KAG2424958.1	0.712495	0.945502	0.753563
KAG2424967.1-KAG2424968.1	0.689715	0.819636	0.84149
KAG2424973.1-KAG2424975.1	0.021247	0.0662016	0.320943
KAG2425024.1-KAG2425025.1	1.06711	0.906184	1.17759
KAG2425055.1-KAG2425056.1	0.035769	0.0814357	0.43923
KAG2425070.1-KAG2425071.1	1.02305	0.776767	1.31706
KAG2425071.1-KAG2425072.1	0.920572	0.982521	0.936949
KAG2425080.1-KAG2425081.1	0.115265	0.431195	0.267314
KAG2425083.1-KAG2425084.1	0.0016637	0.00807502	0.20603
KAG2425084.1-KAG2425085.1	0.0753321	0.177154	0.425235
KAG2425091.1-KAG2425092.1	0.272754	0.59526	0.458211
KAG2425107.1-KAG2425108.1	0.281869	0.301617	0.934528
KAG2425151.1-KAG2425152.1	0.518893	0.945724	0.548673
KAG2425169.1-KAG2425170.1	0.311748	0.642429	0.485265
KAG2425170.1-KAG2425171.1	0.317579	0.628679	0.505153
KAG2425171.1-KAG2425172.1	0.265151	0.451725	0.586973
KAG2425261.1-KAG2425262.1	0.0815316	0.174137	0.468203
KAG2425267.1-KAG2425268.1	0.438623	0.692863	0.633059
KAG2425308.1-KAG2425309.1	0.00331099	0.0257597	0.128534
KAG2425334.1-KAG2425335.1	0.897096	0.942554	0.951771
KAG2425362.1-KAG2425363.1	0.276099	0.450697	0.612604
KAG2425375.1-KAG2425376.1	0.975322	0.895039	1.0897
KAG2425477.1-KAG2425478.1	0.0365683	0.0219402	1.66673
KAG2425478.1-KAG2425479.1	0.0150449	0.0132382	1.13648
KAG2425479.1-KAG2425481.1	0.0144659	0.0127152	1.13769
KAG2425490.1-KAG2425492.1	0.507366	0.740854	0.684839
KAG2425492.1-KAG2425493.1	0.469404	0.729142	0.643776
KAG2425494.1-KAG2425495.1	0.865016	0.918588	0.94168
KAG2425495.1-KAG2425496.1	1.02382	0.817071	1.25304
KAG2425495.1-KAG2425497.1	1.36505	1.21799	1.12074
KAG2425498.1-KAG2425499.1	1.26612	0.921707	1.37367
KAG2425516.1-KAG2425517.1	0.0396978	0.0927828	0.427857
KAG2425517.1-KAG2425518.1	0.955508	0.825156	1.15797
KAG2425518.1-KAG2425519.1	0.927703	0.790692	1.17328
KAG2425558.1-KAG2425560.1	0.126005	0.253997	0.496087
KAG2425561.1-KAG2425562.1	0.108961	0.197663	0.551243
KAG2425576.1-KAG2425578.1	1.12006	1.07292	1.04393
KAG2425578.1-KAG2425579.1	0.50445	0.587206	0.859067
KAG2425641.1-KAG2425642.1	0.0394727	0.0301053	1.31115
KAG2425659.1-KAG2425660.1	0.0071524	0.0305641	0.234013
KAG2425676.1-KAG2425677.1	1.16101	1.06117	1.09408
KAG2425679.1-KAG2425680.1	0.381537	0.45596	0.836777
KAG2425710.1-KAG2425712.1	0.751218	0.78408	0.958088
KAG2425719.1-KAG2425720.1	0.449982	0.472335	0.952677
KAG2425779.1-KAG2425781.1	0.0630575	0.101002	0.624322
KAG2425780.1-KAG2425782.1	NA	NA	NA
KAG2425781.1-KAG2425783.1	0.537823	0.790905	0.680009
KAG2425783.1-KAG2425784.1	0.350279	0.393642	0.889841
KAG2425818.1-KAG2425819.1	1.37481	0.874226	1.5726
KAG2425824.1-KAG2425825.1	0.418143	0.625922	0.668043
KAG2425825.1-KAG2425826.1	0.454569	0.548877	0.828179
KAG2425830.1-KAG2425831.1	0.00383738	0.0148905	0.257706
KAG2425835.1-KAG2425837.1	0.977864	1.27607	0.766309
KAG2425946.1-KAG2425947.1	0.719903	0.888238	0.810484
KAG2425967.1-KAG2425968.1	0.531462	0.501491	1.05976
KAG2425968.1-KAG2425970.1	0.672731	0.700322	0.960603
KAG2426005.1-KAG2426006.1	0.269458	0.341892	0.788137
KAG2426006.1-KAG2426007.1	0.0924107	0.274598	0.33653
KAG2426032.1-KAG2426033.1	0.812012	0.739691	1.09777
KAG2426039.1-KAG2426041.1	0.14604	0.254475	0.573889
KAG2426041.1-KAG2426042.1	0.156185	0.253735	0.615544
KAG2426046.1-KAG2426048.1	0.356574	0.526216	0.677619
KAG2426048.1-KAG2426049.1	0.16241	0.364232	0.445898
KAG2426059.1-KAG2426063.1	0.895404	0.944083	0.948438
KAG2426078.1-KAG2426079.1	0.515044	0.816013	0.631171
KAG2426086.1-KAG2426087.1	0.822675	1.02699	0.801055
KAG2426094.1-KAG2426095.1	0.0949784	0.150007	0.633161
KAG2426153.1-KAG2426154.1	0.0549801	0.136541	0.402663
KAG2426166.1-KAG2426167.1	0.131992	0.45679	0.288954
KAG2426170.1-KAG2426171.1	0.5094	0.767694	0.663546
KAG2426172.1-KAG2426173.1	0.127892	0.188987	0.676725
KAG2426172.1-KAG2426174.1	0.0558986	0.10026	0.557533
KAG2426181.1-KAG2426182.1	0.626228	0.747011	0.838312
KAG2426198.1-KAG2426199.1	0.128127	0.190531	0.672473
KAG2426199.1-KAG2426200.1	0.129875	0.213774	0.607533
KAG2426204.1-KAG2426205.1	0.329216	0.627447	0.524692
KAG2426205.1-KAG2426206.1	0.357387	0.745043	0.479687
KAG2426213.1-KAG2426214.1	0.0876536	0.215307	0.407111
KAG2426214.1-KAG2426215.1	0.100768	0.284197	0.354569
KAG2426215.1-KAG2426216.1	0.04754	0.194389	0.244561
KAG2426216.1-KAG2426217.1	0.0395421	0.159122	0.248502
KAG2426217.1-KAG2426220.1	0.0718226	0.234951	0.305692
KAG2426221.1-KAG2426223.1	0.74118	0.944203	0.78498
KAG2426223.1-KAG2426224.1	0.506179	0.804162	0.629449
KAG2426224.1-KAG2426225.1	0.299704	0.644345	0.465129
KAG2426254.1-KAG2426255.1	0.535526	0.697314	0.767985
KAG2426257.1-KAG2426258.1	0.244937	0.422108	0.58027
KAG2426259.1-KAG2426260.1	0.669739	0.790688	0.847033
KAG2426290.1-KAG2426291.1	NA	NA	NA
KAG2426333.1-KAG2426334.1	0.0150672	0.0196192	0.76798
KAG2426348.1-KAG2426349.1	0.0827522	0.122231	0.677017
KAG2426349.1-KAG2426350.1	0.953107	0.777844	1.22532
KAG2426364.1-KAG2426366.1	0.10947	0.309126	0.354127
KAG2426460.1-KAG2426461.1	0.802564	1.00425	0.799167
KAG2426503.1-KAG2426504.1	0.0446316	0.0756115	0.590275
KAG2426504.1-KAG2426505.1	0.0839241	0.124	0.676808
KAG2426543.1-KAG2426544.1	0.926954	1.04652	0.885752
KAG2426546.1-KAG2426548.1	NA	NA	NA
KAG2426547.1-KAG2426549.1	0.0493825	0.0402465	1.227
KAG2426551.1-KAG2426553.1	0.458153	0.49634	0.923063
KAG2426611.1-KAG2426613.1	0.0540562	0.0429839	1.25759
KAG2426612.1-KAG2426614.1	0.167339	0.182886	0.914989
KAG2426674.1-KAG2426675.1	0.204648	0.270857	0.755558
KAG2426675.1-KAG2426676.1	0.0957999	0.150212	0.637763
KAG2426683.1-KAG2426684.1	0.146319	0.239739	0.610328
KAG2426741.1-KAG2426742.1	1.02037	0.978349	1.04295
KAG2426754.1-KAG2426755.1	0.373486	0.673352	0.554666
KAG2426757.1-KAG2426759.1	0.0463442	0.133566	0.346976
KAG2426784.1-KAG2426786.1	0.886196	1.24072	0.714259
KAG2426786.1-KAG2426787.1	0.801964	0.958669	0.836539
KAG2426789.1-KAG2426791.1	0.447713	0.566807	0.789886
KAG2426790.1-KAG2426792.1	0.336384	0.473504	0.710416
KAG2426801.1-KAG2426803.1	0.440746	0.604247	0.729413
KAG2426802.1-KAG2426804.1	0.0895083	0.122919	0.728187
KAG2426803.1-KAG2426806.1	0.0822472	0.154384	0.532746
KAG2426804.1-KAG2426807.1	0.11282	0.138875	0.812382
KAG2426819.1-KAG2426820.1	0.309141	0.599711	0.515483
KAG2426878.1-KAG2426879.1	0.0891223	0.235968	0.377688
KAG2426920.1-KAG2426921.1	0.295128	0.636232	0.463869
KAG2426927.1-KAG2426928.1	0.292185	0.513625	0.568868
KAG2426928.1-KAG2426929.1	0.0114424	0.0130438	0.877227
KAG2426970.1-KAG2426971.1	0.317786	0.304887	1.04231
KAG2426972.1-KAG2426974.1	0.995716	1.46872	0.677949
KAG2426993.1-KAG2426994.1	NA	0.00377842	-0
KAG2427046.1-KAG2427047.1	0.335868	0.723534	0.464204
KAG2427064.1-KAG2427067.1	0.0483605	0.079901	0.605255
KAG2427134.1-KAG2427135.1	0.376682	0.474351	0.794099
KAG2427135.1-KAG2427136.1	0.37741	0.542789	0.695316
KAG2427138.1-KAG2427140.1	1.02342	1.07787	0.949476
KAG2427158.1-KAG2427159.1	NA	0.0027142	-0
KAG2427158.1-KAG2427161.1	0.385863	0.491647	0.784838
KAG2427198.1-KAG2427199.1	0.0907481	0.199277	0.455388
KAG2427199.1-KAG2427201.1	0.484663	0.524	0.924929
KAG2427322.1-KAG2427323.1	0.125875	0.192235	0.654799
KAG2427330.1-KAG2427331.1	0.306936	0.46119	0.66553
KAG2427331.1-KAG2427333.1	0.295913	0.504477	0.586575
KAG2427345.1-KAG2427346.1	0.592007	0.711026	0.832609
KAG2427416.1-KAG2427417.1	0.207062	0.35825	0.577983
KAG2427418.1-KAG2427419.1	0.0328183	0.0405683	0.808964
KAG2427438.1-KAG2427439.1	0.0304068	0.10276	0.295903
KAG2427445.1-KAG2427446.1	0.50103	0.632322	0.792365
KAG2427459.1-KAG2427460.1	0.873579	0.957896	0.911977
KAG2427463.1-KAG2427465.1	0.0926186	0.226216	0.409425
KAG2427464.1-KAG2427466.1	0.0265298	0.14421	0.183967
KAG2427546.1-KAG2427547.1	0.310842	0.510857	0.608471
KAG2427552.1-KAG2427554.1	0.204878	0.224783	0.91145
KAG2427654.1-KAG2427655.1	0.345588	0.563535	0.613251
KAG2427658.1-KAG2427659.1	0.00658715	0.0612323	0.107576
KAG2427668.1-KAG2427670.1	0.393361	0.472391	0.832702
KAG2427729.1-KAG2427730.1	0.766947	1.1995	0.639389
KAG2427743.1-KAG2427744.1	0.550562	0.525677	1.04734
KAG2427760.1-KAG2427761.1	0.85265	0.883378	0.965215
KAG2427761.1-KAG2427762.1	0.971265	0.987448	0.983612
KAG2427793.1-KAG2427794.1	0.116923	0.138054	0.846933
KAG2427828.1-KAG2427830.1	1.06141	0.984522	1.0781
KAG2427829.1-KAG2427830.1	0.406595	0.506226	0.803188
KAG2427845.1-KAG2427846.1	0.723329	0.882363	0.819764
KAG2427846.1-KAG2427847.1	0.197213	0.403286	0.489015
KAG2427856.1-KAG2427858.1	0.977808	0.618256	1.58156
KAG2427867.1-KAG2427868.1	0.557451	0.866488	0.643345
KAG2427875.1-KAG2427876.1	0.196338	0.292521	0.671192
KAG2427936.1-KAG2427937.1	0.0961133	0.178237	0.539246
KAG2427942.1-KAG2427943.1	0.191994	0.328016	0.585319
KAG2428006.1-KAG2428007.1	0.272012	0.383698	0.708921
KAG2428120.1-KAG2428121.1	1.10619	1.47237	0.751296
KAG2428121.1-KAG2428122.1	1.05183	1.42494	0.738157
KAG2428122.1-KAG2428124.1	1.08902	1.31278	0.829555
KAG2428124.1-KAG2428125.1	0.899388	1.2861	0.699314
KAG2428125.1-KAG2428126.1	0.959828	1.0975	0.87456
KAG2428137.1-KAG2428139.1	NA	0.0037896	-0
KAG2428138.1-KAG2428140.1	0.0170917	0.0247526	0.690501
KAG2428142.1-KAG2428144.1	0.0465034	0.0549666	0.846031
KAG2428151.1-KAG2428152.1	0.531869	0.630637	0.843384
KAG2428158.1-KAG2428159.1	0.491533	0.736079	0.667773
KAG2428176.1-KAG2428177.1	0.0309082	0.0540708	0.571624
KAG2428177.1-KAG2428178.1	0.0943051	0.136346	0.691662
KAG2428177.1-KAG2428179.1	0.0272116	0.0563213	0.483148
KAG2428178.1-KAG2428180.1	0.0516138	0.127098	0.406093
KAG2428184.1-KAG2428185.1	0.15126	0.51031	0.296408
KAG2428194.1-KAG2428196.1	0.454507	0.361196	1.25834
KAG2428195.1-KAG2428197.1	NA	NA	NA
KAG2428196.1-KAG2428198.1	0.241409	0.263787	0.91517
KAG2428214.1-KAG2428216.1	0.0561743	0.0877632	0.640067
KAG2428216.1-KAG2428217.1	0.297543	0.39452	0.75419
KAG2428217.1-KAG2428218.1	0.90398	1.09161	0.828114
KAG2428222.1-KAG2428223.1	0.167428	0.24767	0.676011
KAG2428277.1-KAG2428278.1	0.138599	0.568148	0.243949
KAG2428288.1-KAG2428289.1	0.492126	0.587352	0.837872
KAG2428302.1-KAG2428304.1	0.0967912	0.0926929	1.04421
KAG2428303.1-KAG2428304.1	0.393488	0.519577	0.757323
KAG2428304.1-KAG2428305.1	0.144125	0.171557	0.840098
KAG2428305.1-KAG2428306.1	0.848561	0.607879	1.39594
KAG2428310.1-KAG2428312.1	0.471887	0.539229	0.875115
KAG2428332.1-KAG2428333.1	0.10304	0.135498	0.760452
KAG2428337.1-KAG2428339.1	0.0326772	0.174155	0.187633
KAG2428339.1-KAG2428340.1	0.0122596	0.0437221	0.280398
KAG2428340.1-KAG2428342.1	0.0106171	0.121957	0.0870556
KAG2428350.1-KAG2428351.1	0.417985	0.650724	0.642338
KAG2428354.1-KAG2428355.1	0.320253	0.439914	0.72799
KAG2428369.1-KAG2428371.1	0.158824	0.200426	0.792428
KAG2428415.1-KAG2428416.1	0.508527	0.462223	1.10018
KAG2428416.1-KAG2428417.1	0.0676061	0.0738106	0.915941
KAG2428428.1-KAG2428429.1	0.471715	0.649416	0.726369
KAG2428429.1-KAG2428430.1	0.619748	0.880389	0.703948
KAG2428433.1-KAG2428434.1	0.00155137	NA	NA
KAG2428434.1-KAG2428435.1	0.00818616	0.0368753	0.221996
KAG2428445.1-KAG2428446.1	0.141447	0.21157	0.668557
KAG2428453.1-KAG2428456.1	0.0914612	0.136346	0.670803
KAG2428455.1-KAG2428457.1	0.00498248	0.0100729	0.494642
KAG2428456.1-KAG2428458.1	0.116683	0.21896	0.532898
KAG2428457.1-KAG2428459.1	0.0263481	0.0197202	1.3361
KAG2428458.1-KAG2428460.1	0.0364929	0.0829586	0.439893
KAG2428462.1-KAG2428464.1	1.1879	1.06422	1.11621
KAG2428474.1-KAG2428476.1	1.82086	0.933519	1.95054
KAG2428490.1-KAG2428492.1	0.338367	0.498597	0.678638
KAG2428499.1-KAG2428501.1	0.090029	0.163869	0.549397
KAG2428519.1-KAG2428521.1	1.18994	1.05916	1.12347
KAG2428522.1-KAG2428523.1	0.173693	0.20199	0.859909
KAG2428523.1-KAG2428524.1	0.0183474	0.0198798	0.922913
KAG2428525.1-KAG2428526.1	0.00349519	0.00904506	0.38642
KAG2428638.1-KAG2428639.1	0.1137	0.265634	0.428034
KAG2428648.1-KAG2428649.1	0.418337	0.586597	0.713159
KAG2428649.1-KAG2428651.1	0.458633	0.706045	0.649581
KAG2428697.1-KAG2428698.1	0.871834	0.859593	1.01424
KAG2428711.1-KAG2428713.1	1.4315	0.95651	1.49659
KAG2428713.1-KAG2428714.1	1.18435	0.958205	1.23601
KAG2428721.1-KAG2428723.1	0.31285	0.507071	0.616974
KAG2428781.1-KAG2428782.1	0.657145	0.858915	0.765087
KAG2428809.1-KAG2428811.1	0.501392	1.10108	0.455364
KAG2428937.1-KAG2428938.1	0.0291224	0.141467	0.205861
KAG2428957.1-KAG2428958.1	0.846882	1.11706	0.758132
KAG2429030.1-KAG2429032.1	0.158576	0.191	0.830241
KAG2429049.1-KAG2429050.1	0.597164	0.828001	0.721213
KAG2429071.1-KAG2429073.1	0.185838	0.242928	0.764991
KAG2429309.1-KAG2429310.1	0.344004	0.238168	1.44438
KAG2429310.1-KAG2429312.1	0.0917066	0.0551258	1.66359
KAG2429311.1-KAG2429313.1	0.0947182	0.128607	0.736491
KAG2429364.1-KAG2429365.1	0.401437	0.539931	0.743497
KAG2429369.1-KAG2429370.1	0.124617	0.510814	0.243959
KAG2429382.1-KAG2429383.1	0.96546	0.635045	1.5203
KAG2429489.1-KAG2429491.1	0.711885	0.777996	0.915025
KAG2429499.1-KAG2429500.1	0.4182	0.750248	0.557416
KAG2429500.1-KAG2429501.1	0.320599	0.40642	0.788837
KAG2429501.1-KAG2429502.1	0.811755	0.834729	0.972478
KAG2429514.1-KAG2429516.1	1.25571	0.905757	1.38636
KAG2429533.1-KAG2429534.1	1.26576	1.27647	0.991606
KAG2429557.1-KAG2429558.1	0.0202202	0.0455031	0.444371
KAG2429589.1-KAG2429590.1	0.145542	0.178053	0.817409
KAG2429606.1-KAG2429607.1	0.138073	0.169823	0.813041
KAG2429622.1-KAG2429623.1	0.673732	0.806537	0.835339
KAG2429632.1-KAG2429633.1	0.620374	1.44157	0.430348
KAG2429633.1-KAG2429634.1	0.787889	1.00272	0.785752
KAG2429752.1-KAG2429753.1	0.539665	0.626094	0.861955
KAG2429757.1-KAG2429758.1	0.566218	1.02708	0.551287
KAG2429775.1-KAG2429776.1	0.105967	0.318931	0.332257
KAG2429790.1-KAG2429792.1	0.565338	0.692961	0.81583
KAG2429794.1-KAG2429796.1	0.0805037	0.122804	0.655546
KAG2429814.1-KAG2429816.1	0.243148	0.412287	0.589754
KAG2429850.1-KAG2429852.1	0.414467	0.601973	0.688515
KAG2429852.1-KAG2429853.1	0.634502	0.85912	0.738549
KAG2429853.1-KAG2429854.1	0.137501	0.252168	0.545278
KAG2429854.1-KAG2429856.1	0.249979	0.469235	0.532738
KAG2429857.1-KAG2429859.1	0.63503	0.472584	1.34374
KAG2429867.1-KAG2429869.1	1.1495	1.12438	1.02233
KAG2429876.1-KAG2429877.1	0.710924	0.805055	0.883075
KAG2429886.1-KAG2429887.1	0.258712	0.525076	0.492714
KAG2429907.1-KAG2429909.1	0.382586	0.664474	0.575773
KAG2429909.1-KAG2429910.1	0.0919597	0.210853	0.436133
KAG2430070.1-KAG2430071.1	NA	0.00404881	-0
KAG2430109.1-KAG2430110.1	0.744003	1.07411	0.692673
KAG2430118.1-KAG2430119.1	0.332954	0.414615	0.803045
KAG2430121.1-KAG2430123.1	0.443125	0.964244	0.459557
KAG2430130.1-KAG2430131.1	0.176379	0.284332	0.620328
KAG2430159.1-KAG2430160.1	0.0940898	0.112331	0.837612
KAG2430161.1-KAG2430162.1	0.161024	0.437187	0.368318
KAG2430167.1-KAG2430168.1	0.527441	0.461609	1.14261
KAG2430192.1-KAG2430194.1	0.0103065	0.00923788	1.11568
KAG2430414.1-KAG2430415.1	0.529178	0.719976	0.734994
KAG2430514.1-KAG2430516.1	0.00848884	0.08625	0.0984213
KAG2430541.1-KAG2430542.1	0.417898	0.830926	0.502931
KAG2430565.1-KAG2430566.1	0.77731	0.55953	1.38922
KAG2430592.1-KAG2430593.1	0.0906656	0.27914	0.324803
KAG2430602.1-KAG2430603.1	0.982488	0.780876	1.25819
KAG2430603.1-KAG2430604.1	0.0128582	0.046398	0.277128
KAG2430622.1-KAG2430623.1	0.0509808	0.0717563	0.710471
KAG2430623.1-KAG2430625.1	0.0826562	0.102126	0.809358
KAG2430624.1-KAG2430626.1	0.165933	0.289043	0.574078
KAG2430808.1-KAG2430809.1	0.182175	0.240431	0.757701
KAG2430818.1-KAG2430819.1	0.355733	0.588227	0.604755
KAG2430819.1-KAG2430821.1	0.349974	0.612799	0.571108
KAG2430842.1-KAG2430843.1	0.496846	0.79161	0.627641
KAG2430853.1-KAG2430855.1	0.193006	0.405673	0.475769
KAG2430868.1-KAG2430869.1	0.221591	0.265496	0.83463
KAG2430897.1-KAG2430898.1	0.222151	0.318357	0.697804
KAG2430915.1-KAG2430916.1	0.431938	0.461381	0.936185
KAG2430916.1-KAG2430918.1	0.0125179	0.0238612	0.524612
KAG2430932.1-KAG2430934.1	0.12004	0.190865	0.628923
KAG2430938.1-KAG2430939.1	0.507391	0.677611	0.748794
KAG2430943.1-KAG2430946.1	0.0223827	0.0416263	0.537706
KAG2431085.1-KAG2431087.1	0.46307	0.619215	0.747834
KAG2431101.1-KAG2431104.1	1.02795	1.13186	0.908194
KAG2431110.1-KAG2431112.1	1.02584	1.25647	0.81645
KAG2431122.1-KAG2431124.1	0.200499	0.340237	0.589292
KAG2431143.1-KAG2431144.1	0.124373	0.184662	0.673515
KAG2431147.1-KAG2431149.1	0.164317	0.219865	0.747351
KAG2431184.1-KAG2431185.1	0.0804139	0.221368	0.36326
KAG2431191.1-KAG2431192.1	0.816239	0.750281	1.08791
KAG2431196.1-KAG2431197.1	0.288059	0.56963	0.505695
KAG2431198.1-KAG2431199.1	0.345185	0.796491	0.433382
KAG2431199.1-KAG2431200.1	0.486355	1.00587	0.483517
KAG2431199.1-KAG2431201.1	0.187262	0.351508	0.532739
KAG2431208.1-KAG2431209.1	0.00696103	0.0237219	0.293443
KAG2431233.1-KAG2431234.1	0.678185	0.924137	0.733858
KAG2431234.1-KAG2431235.1	0.182124	0.351624	0.517951
KAG2431463.1-KAG2431466.1	0.0911608	0.160153	0.569211
KAG2431486.1-KAG2431488.1	0.0660839	0.103812	0.636572
KAG2431492.1-KAG2431494.1	0.0863468	0.159476	0.541441
KAG2431493.1-KAG2431495.1	0.109789	0.277643	0.395433
KAG2431494.1-KAG2431496.1	0.104671	0.171493	0.610352
KAG2431495.1-KAG2431496.1	0.221433	0.421863	0.524892
KAG2431496.1-KAG2431497.1	0.110753	0.223065	0.496504
KAG2431534.1-KAG2431535.1	0.0668133	0.211255	0.316269
KAG2431550.1-KAG2431551.1	0.102861	0.219793	0.467992
KAG2431572.1-KAG2431574.1	0.0261233	0.0757387	0.344914
KAG2431574.1-KAG2431575.1	0.0150949	0.0303743	0.496965
KAG2431581.1-KAG2431582.1	0.0730078	0.236289	0.308976
KAG2431582.1-KAG2431583.1	0.0582112	0.159557	0.364831
KAG2431709.1-KAG2431710.1	0.359045	0.397967	0.902199
KAG2431729.1-KAG2431730.1	0.0159919	0.0656707	0.243517
KAG2431760.1-KAG2431761.1	0.597522	0.744273	0.802826
KAG2431811.1-KAG2431812.1	0.249895	0.41061	0.608594
KAG2431824.1-KAG2431826.1	0.0179139	0.031402	0.57047
KAG2431839.1-KAG2431840.1	0.110599	0.225529	0.490398
KAG2431843.1-KAG2431844.1	0.981191	0.922192	1.06398
KAG2431867.1-KAG2431868.1	0.116531	0.164234	0.709544
KAG2431883.1-KAG2431884.1	0.489664	0.517895	0.945489
KAG2431884.1-KAG2431885.1	1.20597	1.07275	1.12419
KAG2431885.1-KAG2431886.1	0.541036	0.823697	0.656839
KAG2432078.1-KAG2432079.1	0.072348	0.283794	0.254932
KAG2432079.1-KAG2432080.1	0.164049	0.428808	0.382568
KAG2432126.1-KAG2432127.1	0.198404	0.362339	0.547564
KAG2432126.1-KAG2432128.1	0.573921	0.821395	0.698715
KAG2432132.1-KAG2432134.1	0.655364	0.738745	0.887131
KAG2432133.1-KAG2432134.1	0.461832	0.490496	0.941562
KAG2432134.1-KAG2432135.1	0.195369	0.344135	0.567709
KAG2432153.1-KAG2432154.1	0.0169871	0.0290632	0.58449
KAG2432165.1-KAG2432166.1	0.963392	1.2937	0.744678
KAG2432173.1-KAG2432174.1	0.445507	0.582741	0.764502
KAG2432198.1-KAG2432201.1	0.487705	0.725332	0.672389
KAG2432201.1-KAG2432203.1	0.280602	0.528968	0.530471
KAG2432211.1-KAG2432212.1	0.0662042	0.0914734	0.723754
KAG2432219.1-KAG2432220.1	0.55357	0.815541	0.678777
KAG2432228.1-KAG2432229.1	0.310153	0.44157	0.702387
KAG2432232.1-KAG2432233.1	0.838844	1.11372	0.753191
KAG2432233.1-KAG2432234.1	0.592762	0.8408	0.704997
KAG2432246.1-KAG2432247.1	0.405949	0.669732	0.606136
KAG2432247.1-KAG2432248.1	0.0376248	0.131008	0.287194
KAG2432248.1-KAG2432249.1	0.190957	0.399067	0.478509
KAG2432249.1-KAG2432250.1	0.317782	0.644374	0.493164
KAG2432257.1-KAG2432259.1	1.28509	1.49316	0.860652
KAG2432449.1-KAG2432451.1	0.914219	0.588596	1.55322
KAG2432451.1-KAG2432452.1	1.35958	0.633226	2.14707
KAG2432452.1-KAG2432453.1	1.14296	0.679915	1.68104
KAG2432465.1-KAG2432466.1	0.650175	1.06751	0.609056
KAG2432479.1-KAG2432480.1	0.0621117	0.153772	0.40392
KAG2432501.1-KAG2432503.1	0.162239	0.25226	0.643144
KAG2432510.1-KAG2432511.1	0.0114745	0.00729609	1.57269
KAG2432513.1-KAG2432514.1	NA	NA	NA
KAG2432531.1-KAG2432532.1	0.00168923	0.010416	0.162177
KAG2432573.1-KAG2432575.1	0.517986	0.628035	0.824772
KAG2432595.1-KAG2432596.1	0.323857	0.247384	1.30913
KAG2432607.1-KAG2432609.1	0.100566	0.172922	0.581572
KAG2432608.1-KAG2432610.1	0.0101269	0.0198897	0.509155
KAG2432609.1-KAG2432611.1	0.733679	0.729641	1.00553
KAG2432640.1-KAG2432641.1	0.74737	0.816908	0.914876
KAG2432645.1-KAG2432646.1	0.684443	0.840817	0.814022
KAG2432791.1-KAG2432793.1	0.162848	0.492161	0.330884
KAG2432835.1-KAG2432836.1	0.0677161	0.181754	0.372571
KAG2432840.1-KAG2432841.1	0.112528	0.444176	0.253342
KAG2432885.1-KAG2432887.1	0.868191	0.539373	1.60963
KAG2432923.1-KAG2432925.1	0.782905	0.771662	1.01457
KAG2432924.1-KAG2432925.1	1.08155	1.18593	0.911979
KAG2432925.1-KAG2432926.1	0.989446	0.781286	1.26643
KAG2432935.1-KAG2432936.1	0.575212	0.624497	0.92108
KAG2432936.1-KAG2432938.1	0.603325	0.737571	0.817989
KAG2433012.1-KAG2433013.1	NA	0.00199033	-0
KAG2433013.1-KAG2433014.1	0.00069578	0.00398596	0.174558
KAG2433034.1-KAG2433036.1	0.64806	1.11985	0.578705
KAG2433238.1-KAG2433239.1	0.0898869	0.341115	0.263509
KAG2433239.1-KAG2433240.1	0.217598	0.470054	0.462921
KAG2433250.1-KAG2433251.1	0.376941	0.566913	0.664901
KAG2433265.1-KAG2433266.1	0.77417	1.14031	0.678913
KAG2433293.1-KAG2433294.1	0.712058	0.758072	0.939301
KAG2433294.1-KAG2433295.1	0.758607	1.05335	0.720185
KAG2433295.1-KAG2433296.1	1.10099	1.1029	0.998269
KAG2433307.1-KAG2433308.1	0.0353504	0.0669664	0.527882
KAG2433308.1-KAG2433309.1	NA	NA	NA
KAG2433328.1-KAG2433330.1	0.305424	0.491353	0.621598
KAG2433350.1-KAG2433352.1	0.15023	0.232566	0.645966
KAG2433364.1-KAG2433365.1	0.332091	0.528535	0.628323
KAG2433365.1-KAG2433366.1	0.609043	0.849757	0.716726
KAG2433388.1-KAG2433390.1	0.632977	0.814894	0.77676
KAG2433417.1-KAG2433418.1	0.285311	0.479363	0.595189
KAG2433673.1-KAG2433675.1	0.0338623	0.0796633	0.425068
KAG2433683.1-KAG2433684.1	0.911415	0.878902	1.03699
KAG2433696.1-KAG2433698.1	0.474365	0.516745	0.917987
KAG2433698.1-KAG2433699.1	0.222926	0.251701	0.885678
KAG2433707.1-KAG2433709.1	0.0816082	0.213346	0.382516
KAG2433722.1-KAG2433723.1	0.222882	0.394726	0.564649
KAG2433729.1-KAG2433732.1	0.0537576	0.108859	0.493828
KAG2433737.1-KAG2433738.1	1.04296	0.940865	1.10851
KAG2433746.1-KAG2433747.1	0.675495	0.715525	0.944055
KAG2433749.1-KAG2433750.1	0.625628	0.653169	0.957835
KAG2433750.1-KAG2433751.1	0.660642	0.808079	0.817546
KAG2433751.1-KAG2433752.1	0.168422	0.343045	0.490961
KAG2433757.1-KAG2433759.1	0.413136	0.571426	0.722991
KAG2433773.1-KAG2433775.1	0.591038	0.790185	0.747975
KAG2433792.1-KAG2433793.1	0.0241207	0.0854552	0.282261
KAG2433795.1-KAG2433797.1	NA	NA	NA
KAG2433811.1-KAG2433812.1	0.786561	0.522718	1.50475
KAG2433829.1-KAG2433830.1	0.0138479	NA	NA
KAG2433855.1-KAG2433856.1	0.440171	0.543838	0.809379
KAG2433861.1-KAG2433863.1	0.190572	0.398104	0.478701
KAG2433924.1-KAG2433925.1	NA	NA	NA
KAG2433926.1-KAG2433928.1	0.0015042	0.00805821	0.186667
KAG2433927.1-KAG2433929.1	0.215285	0.33971	0.633731
KAG2434055.1-KAG2434057.1	0.689747	0.852108	0.809459
KAG2434093.1-KAG2434094.1	0.169686	0.387546	0.437848
KAG2434125.1-KAG2434126.1	0.0346544	0.211497	0.163853
KAG2434140.1-KAG2434141.1	0.106955	0.327039	0.32704
KAG2434152.1-KAG2434153.1	0.337427	0.459383	0.734522
KAG2434168.1-KAG2434169.1	0.833587	0.974041	0.855803
KAG2434170.1-KAG2434171.1	0.0981731	0.120586	0.814132
KAG2434188.1-KAG2434189.1	0.307539	0.588389	0.52268
KAG2434189.1-KAG2434190.1	0.384087	0.622217	0.617289
KAG2434189.1-KAG2434191.1	0.830344	0.927624	0.89513
KAG2434201.1-KAG2434202.1	0.309062	2.86395	0.107915
KAG2434226.1-KAG2434228.1	0.68853	0.821052	0.838595
KAG2434241.1-KAG2434242.1	0.187616	0.64968	0.288782
KAG2434249.1-KAG2434251.1	0.415836	0.439549	0.946051
KAG2434250.1-KAG2434251.1	1.00079	0.633972	1.57861
KAG2434250.1-KAG2434252.1	0.0903959	0.225151	0.40149
KAG2434253.1-KAG2434254.1	0.99705	1.26231	0.78986
KAG2434255.1-KAG2434256.1	0.462863	0.530251	0.872913
KAG2434265.1-KAG2434266.1	0.877246	0.682428	1.28548
KAG2434275.1-KAG2434277.1	0.350848	0.534004	0.657013
KAG2434288.1-KAG2434289.1	0.542075	0.790771	0.685502
KAG2434290.1-KAG2434291.1	0.375002	0.536428	0.699073
KAG2434581.1-KAG2434583.1	0.0018911	NA	NA
KAG2434582.1-KAG2434584.1	0.0780576	0.132603	0.588656
KAG2434592.1-KAG2434593.1	0.528024	0.672443	0.785233
KAG2434624.1-KAG2434625.1	1.0375	1.05559	0.982864
KAG2434634.1-KAG2434635.1	1.42164	0.737694	1.92713
KAG2434668.1-KAG2434669.1	0.0996399	0.2475	0.402585
KAG2434670.1-KAG2434671.1	0.87524	1.06638	0.820759
KAG2434675.1-KAG2434676.1	0.0670504	0.253579	0.264416
KAG2434691.1-KAG2434692.1	0.212734	0.291893	0.728809
KAG2434702.1-KAG2434704.1	0.0668118	0.146838	0.455003
KAG2434721.1-KAG2434722.1	0.132372	0.323202	0.409566
KAG2434728.1-KAG2434729.1	0.260882	0.665854	0.391801
KAG2434731.1-KAG2434732.1	0.122456	0.390816	0.313335
KAG2434777.1-KAG2434778.1	0.183684	0.198985	0.923105
KAG2434778.1-KAG2434779.1	0.0400439	0.0765034	0.523426
KAG2434779.1-KAG2434780.1	0.00965366	0.0188067	0.51331
KAG2434780.1-KAG2434781.1	0.0501343	0.0695149	0.721202
KAG2434789.1-KAG2434791.1	0.0682279	0.103704	0.65791
KAG2434791.1-KAG2434792.1	0.341226	0.532539	0.640753
KAG2434829.1-KAG2434831.1	0.0700775	0.0870148	0.805351
KAG2434861.1-KAG2434862.1	0.966888	1.41498	0.683324
KAG2435121.1-KAG2435122.1	0.206775	0.492958	0.419457
KAG2435134.1-KAG2435135.1	0.638025	0.740679	0.861406
KAG2435139.1-KAG2435140.1	0.437626	0.680867	0.642748
KAG2435144.1-KAG2435145.1	0.508706	0.584071	0.870965
KAG2435145.1-KAG2435146.1	NA	NA	NA
KAG2435146.1-KAG2435147.1	0.349109	0.464661	0.75132
KAG2435154.1-KAG2435156.1	0.0356586	0.104142	0.342402
KAG2435188.1-KAG2435189.1	0.566942	0.801429	0.707414
KAG2435201.1-KAG2435202.1	0.415495	0.564725	0.735747
KAG2435202.1-KAG2435203.1	0.38384	0.438973	0.874405
KAG2435209.1-KAG2435211.1	0.399013	0.517871	0.770488
KAG2435239.1-KAG2435240.1	0.25657	0.399595	0.642074
KAG2435260.1-KAG2435261.1	0.0903321	0.290465	0.310991
KAG2435265.1-KAG2435267.1	0.545125	0.911706	0.597918
KAG2435279.1-KAG2435280.1	0.646685	0.654826	0.987568
KAG2435280.1-KAG2435281.1	0.515545	0.676785	0.761755
KAG2435303.1-KAG2435305.1	0.152172	0.225886	0.673665
KAG2435311.1-KAG2435312.1	0.376791	0.641863	0.587028
KAG2435313.1-KAG2435314.1	0.958598	0.888882	1.07843
KAG2435338.1-KAG2435340.1	0.0770462	0.194475	0.396176
KAG2435351.1-KAG2435352.1	0.778984	0.822467	0.94713
KAG2435367.1-KAG2435369.1	0.043299	0.080984	0.534661
KAG2435369.1-KAG2435370.1	0.71507	0.673134	1.0623
KAG2435370.1-KAG2435371.1	0.61171	0.693259	0.882368
KAG2435384.1-KAG2435385.1	1.11308	0.917268	1.21347
KAG2435385.1-KAG2435386.1	0.428363	0.485367	0.882554
KAG2435385.1-KAG2435387.1	0.117217	0.211397	0.554487
KAG2435396.1-KAG2435397.1	0.290969	0.485427	0.599408
KAG2435627.1-KAG2435628.1	0.0888589	0.195758	0.453922
KAG2435650.1-KAG2435652.1	0.537557	0.984167	0.546205
KAG2435654.1-KAG2435655.1	1.07277	1.03242	1.03908
KAG2435658.1-KAG2435660.1	0.969912	1.73296	0.559686
KAG2435663.1-KAG2435664.1	1.13752	1.16699	0.97475
KAG2435711.1-KAG2435712.1	0.137591	0.277181	0.496395
KAG2435738.1-KAG2435739.1	0.424178	0.673304	0.629995
KAG2435739.1-KAG2435740.1	0.323726	0.619656	0.522428
KAG2435742.1-KAG2435743.1	0.171764	0.351091	0.489229
KAG2435751.1-KAG2435752.1	0.854558	1.09993	0.776921
KAG2435775.1-KAG2435776.1	0.0657487	0.209786	0.313408
KAG2435776.1-KAG2435777.1	0.0716368	0.17936	0.399403
KAG2435798.1-KAG2435799.1	NA	NA	NA
KAG2435825.1-KAG2435826.1	0.0151724	0.0604279	0.251082
KAG2435901.1-KAG2435902.1	0.669112	0.79596	0.840635
KAG2435930.1-KAG2435931.1	0.0314043	0.026239	1.19686
KAG2436183.1-KAG2436184.1	0.314452	0.425475	0.73906
KAG2436222.1-KAG2436224.1	0.354418	0.633243	0.559687
KAG2436245.1-KAG2436246.1	NA	NA	NA
KAG2436273.1-KAG2436274.1	0.859515	1.06065	0.810366
KAG2436298.1-KAG2436299.1	0.51607	0.869734	0.593365
KAG2436305.1-KAG2436306.1	NA	NA	NA
KAG2436306.1-KAG2436307.1	NA	NA	NA
KAG2436315.1-KAG2436316.1	0.398755	1.01356	0.393419
KAG2436358.1-KAG2436359.1	0.369316	0.538533	0.685781
KAG2436487.1-KAG2436488.1	0.715199	0.869812	0.822246
KAG2436651.1-KAG2436652.1	0.321868	0.584212	0.550944
KAG2436657.1-KAG2436658.1	0.249519	0.380551	0.655679
KAG2436665.1-KAG2436666.1	0.120895	0.206598	0.58517
KAG2436681.1-KAG2436682.1	0.00165405	0.00705038	0.234604
KAG2436699.1-KAG2436700.1	0.371451	0.676662	0.548946
KAG2436700.1-KAG2436701.1	0.0859046	0.173602	0.494837
KAG2436701.1-KAG2436702.1	0.124329	0.273018	0.455388
KAG2436742.1-KAG2436743.1	1.16474	1.28601	0.905707
KAG2436768.1-KAG2436769.1	0.930242	0.608515	1.52871
KAG2436790.1-KAG2436791.1	0.56165	1.45207	0.386793
KAG2436826.1-KAG2436828.1	1.07776	1.19257	0.903732
KAG2436857.1-KAG2436858.1	0.144639	0.173749	0.832461
KAG2436865.1-KAG2436866.1	0.251494	0.338953	0.741973
KAG2436868.1-KAG2436869.1	0.609232	0.652688	0.93342
KAG2436869.1-KAG2436870.1	0.356511	0.479776	0.743078
KAG2436870.1-KAG2436871.1	0.676014	0.726521	0.930482
KAG2436890.1-KAG2436891.1	0.369412	0.543833	0.679273
KAG2436924.1-KAG2436925.1	0.504129	0.696598	0.7237
KAG2437153.1-KAG2437154.1	0.419583	0.457857	0.916406
KAG2437154.1-KAG2437157.1	0.371509	0.510486	0.727755
KAG2437168.1-KAG2437170.1	0.470777	0.49608	0.948996
KAG2437170.1-KAG2437171.1	0.794516	0.843428	0.942009
KAG2437171.1-KAG2437172.1	0.271936	0.421025	0.64589
KAG2437172.1-KAG2437173.1	0.918206	0.912222	1.00656
KAG2437176.1-KAG2437177.1	0.19209	0.385284	0.498567
KAG2437187.1-KAG2437188.1	0.211511	0.486358	0.434888
KAG2437188.1-KAG2437189.1	0.0198216	0.0930613	0.212995
KAG2437215.1-KAG2437216.1	0.112087	0.370914	0.302191
KAG2437243.1-KAG2437244.1	0.247284	0.467716	0.528705
KAG2437264.1-KAG2437265.1	0.200148	0.329221	0.607946
KAG2437265.1-KAG2437266.1	0.125091	0.34899	0.358439
KAG2437280.1-KAG2437281.1	0.53462	0.921599	0.580101
KAG2437328.1-KAG2437329.1	0.807421	1.05108	0.768179
KAG2437335.1-KAG2437336.1	0.362013	0.567492	0.637917
KAG2437405.1-KAG2437406.1	0.23579	0.367446	0.641698
KAG2437431.1-KAG2437432.1	0.952552	1.06466	0.894699
KAG2437435.1-KAG2437437.1	0.0301031	0.0656632	0.458447
KAG2437489.1-KAG2437490.1	0.265873	0.380985	0.697859
KAG2437789.1-KAG2437791.1	0.299608	0.406615	0.736834
KAG2437806.1-KAG2437807.1	0.59852	1.58921	0.376616
KAG2437877.1-KAG2437879.1	0.0282446	0.0847011	0.333461
KAG2437880.1-KAG2437881.1	0.119267	0.154917	0.769876
KAG2437902.1-KAG2437903.1	0.0260647	0.0757932	0.343893
KAG2437902.1-KAG2437904.1	0.0342494	0.0951401	0.359989
KAG2437916.1-KAG2437917.1	0.0981926	0.183918	0.533893
KAG2437916.1-KAG2437918.1	0.589121	0.802993	0.733657
KAG2437925.1-KAG2437926.1	0.085655	0.162915	0.525766
KAG2437930.1-KAG2437931.1	0.215245	0.347765	0.618939
KAG2437933.1-KAG2437934.1	0.368866	0.51299	0.719052
KAG2437939.1-KAG2437940.1	0.0181229	0.0977025	0.185491
KAG2437950.1-KAG2437951.1	1.30696	0.968205	1.34988
KAG2437951.1-KAG2437952.1	0.931084	0.80771	1.15275
KAG2437954.1-KAG2437955.1	0.0770681	0.110191	0.699403
KAG2437993.1-KAG2437995.1	0.00685685	NA	NA
KAG2438063.1-KAG2438065.1	0.959752	1.01536	0.945235
KAG2438084.1-KAG2438085.1	0.203999	0.376605	0.541679
KAG2438119.1-KAG2438121.1	0.000781695	0.00216266	0.361451
KAG2438120.1-KAG2438122.1	0.00458421	NA	NA
KAG2438150.1-KAG2438151.1	0.254959	0.380801	0.669532
KAG2438151.1-KAG2438152.1	0.394266	0.565187	0.697585
KAG2438152.1-KAG2438153.1	0.31289	0.511455	0.611765
KAG2438153.1-KAG2438154.1	0.947268	0.856217	1.10634
KAG2438175.1-KAG2438177.1	0.572726	0.652736	0.877425
KAG2438186.1-KAG2438187.1	0.633556	0.811719	0.780512
KAG2438188.1-KAG2438189.1	0.187483	0.513187	0.365331
KAG2438192.1-KAG2438193.1	NA	0.00199649	-0
KAG2438202.1-KAG2438203.1	1.06787	1.06031	1.00713
KAG2438208.1-KAG2438209.1	0.00928069	0.022184	0.418351
KAG2438596.1-KAG2438598.1	NA	NA	NA
KAG2438640.1-KAG2438642.1	0.990834	1.00837	0.982611
KAG2438650.1-KAG2438651.1	0.219232	0.194516	1.12706
KAG2438651.1-KAG2438652.1	0.855087	1.07476	0.795607
KAG2438652.1-KAG2438654.1	0.105105	0.178569	0.588596
KAG2438653.1-KAG2438655.1	0.00480071	0.0201012	0.238827
KAG2438691.1-KAG2438693.1	0.553085	0.679017	0.814538
KAG2438707.1-KAG2438708.1	0.348236	0.896093	0.388616
KAG2438712.1-KAG2438713.1	0.00382882	0.0491037	0.0779742
KAG2438763.1-KAG2438767.1	0.0690745	0.0545744	1.26569
KAG2438772.1-KAG2438773.1	0.40821	0.673547	0.60606
KAG2438773.1-KAG2438774.1	0.368476	0.454456	0.810807
KAG2438812.1-KAG2438813.1	0.388717	0.734645	0.529123
KAG2438825.1-KAG2438827.1	0.460258	0.68874	0.668261
KAG2438841.1-KAG2438842.1	0.38176	0.535236	0.713255
KAG2438846.1-KAG2438847.1	0.0032645	0.00112309	2.90672
KAG2438859.1-KAG2438860.1	0.0207792	0.0821073	0.253074
KAG2438860.1-KAG2438861.1	0.369046	0.503459	0.733021
KAG2439121.1-KAG2439122.1	0.18357	0.540659	0.339529
KAG2439129.1-KAG2439130.1	0.303492	0.385383	0.787507
KAG2439152.1-KAG2439154.1	0.0302268	0.0495131	0.610481
KAG2439167.1-KAG2439168.1	0.781485	1.12238	0.696278
KAG2439168.1-KAG2439169.1	0.703305	0.881318	0.798015
KAG2439189.1-KAG2439190.1	0.308051	0.77999	0.394942
KAG2439191.1-KAG2439193.1	0.0334765	0.078618	0.425812
KAG2439303.1-KAG2439305.1	0.01386	0.0663011	0.209045
KAG2439305.1-KAG2439306.1	0.997358	0.661577	1.50755
KAG2439309.1-KAG2439310.1	0.575552	0.7149	0.805081
KAG2439329.1-KAG2439330.1	0.223865	0.380944	0.58766
KAG2439480.1-KAG2439481.1	0.204816	0.400936	0.510846
KAG2439557.1-KAG2439559.1	0.329817	0.723129	0.456097
KAG2439563.1-KAG2439564.1	0.490152	0.69663	0.703605
KAG2439626.1-KAG2439627.1	0.293324	0.46412	0.632001
KAG2439941.1-KAG2439942.1	0.854923	0.709832	1.2044
KAG2439956.1-KAG2439957.1	0.203191	0.359921	0.564544
KAG2439957.1-KAG2439959.1	0.098135	0.205107	0.478457
KAG2439958.1-KAG2439960.1	0.108694	0.132066	0.823028
KAG2440055.1-KAG2440056.1	0.244315	0.472385	0.517194
KAG2440056.1-KAG2440057.1	0.19856	0.45194	0.439351
KAG2440063.1-KAG2440065.1	0.0087005	0.0342405	0.2541
KAG2440066.1-KAG2440068.1	0.242307	0.259852	0.932478
KAG2440067.1-KAG2440069.1	0.165366	0.258723	0.639161
KAG2440082.1-KAG2440083.1	0.202834	0.335249	0.605024
KAG2440096.1-KAG2440097.1	1.14787	1.23299	0.930966
KAG2440128.1-KAG2440130.1	0.0339477	0.0966262	0.35133
KAG2440156.1-KAG2440157.1	0.418846	0.711217	0.588915
KAG2440157.1-KAG2440158.1	0.965961	0.841186	1.14833
KAG2440180.1-KAG2440181.1	0.476769	1.25887	0.378727
KAG2440258.1-KAG2440259.1	0.658715	0.802138	0.821199
KAG2440275.1-KAG2440276.1	0.347914	0.55712	0.624486
KAG2440298.1-KAG2440300.1	0.0692404	0.193663	0.35753
KAG2440310.1-KAG2440311.1	0.100963	0.208102	0.485158
KAG2440332.1-KAG2440334.1	1.0915	1.35158	0.807574
KAG2440335.1-KAG2440336.1	0.148365	0.292336	0.507514
KAG2440375.1-KAG2440376.1	NA	NA	NA
KAG2440381.1-KAG2440382.1	0.354634	0.537318	0.660007
KAG2440703.1-KAG2440704.1	0.872276	1.49312	0.584199
KAG2440722.1-KAG2440723.1	0.146995	0.384879	0.381925
KAG2440723.1-KAG2440724.1	0.0372031	0.0924985	0.402203
KAG2440860.1-KAG2440862.1	0.111157	0.148932	0.746362
KAG2440881.1-KAG2440882.1	0.00286236	0.0255407	0.112071
KAG2440883.1-KAG2440885.1	1.05221	0.949031	1.10872
KAG2440939.1-KAG2440940.1	0.524216	0.800149	0.655148
KAG2440948.1-KAG2440949.1	0.952383	1.0047	0.947924
KAG2440966.1-KAG2440967.1	0.0590014	0.1053	0.560316
KAG2440997.1-KAG2440999.1	0.611263	0.941028	0.649569
KAG2441004.1-KAG2441005.1	0.156852	0.195041	0.804203
KAG2441005.1-KAG2441006.1	0.00127203	NA	NA
KAG2441006.1-KAG2441007.1	0.218119	0.208832	1.04447
KAG2441045.1-KAG2441046.1	0.230779	0.527875	0.437185
KAG2441050.1-KAG2441051.1	0.0203813	0.0377187	0.540351
KAG2441051.1-KAG2441052.1	0.0524876	0.0722795	0.726175
KAG2441052.1-KAG2441053.1	0.0442914	0.0565141	0.783723
KAG2441053.1-KAG2441054.1	0.0053392	0.0215722	0.247504
KAG2441054.1-KAG2441055.1	0.0293858	0.0596237	0.492854
KAG2441055.1-KAG2441056.1	0.395365	0.413575	0.955969
KAG2441058.1-KAG2441059.1	0.449736	0.313462	1.43474
KAG2441067.1-KAG2441068.1	0.442508	0.593968	0.745004
KAG2441069.1-KAG2441071.1	0.00347969	0.0112004	0.310676
KAG2441095.1-KAG2441096.1	0.718222	0.769076	0.933876
KAG2441129.1-KAG2441130.1	1.12655	1.11816	1.00751
KAG2441147.1-KAG2441148.1	0.0256179	0.147715	0.173428
KAG2441160.1-KAG2441161.1	0.889276	0.791449	1.12361
KAG2441453.1-KAG2441454.1	0.171669	0.307158	0.558896
KAG2441456.1-KAG2441457.1	0.451642	0.598308	0.754866
KAG2441464.1-KAG2441465.1	0.605883	0.617043	0.981915
KAG2441469.1-KAG2441470.1	0.556006	0.684594	0.812169
KAG2441471.1-KAG2441472.1	0.917346	1.14524	0.801011
KAG2441483.1-KAG2441484.1	0.00470129	0.0129943	0.361796
KAG2441483.1-KAG2441485.1	0.0186016	0.0352222	0.528122
KAG2441489.1-KAG2441490.1	0.968928	0.96962	0.999287
KAG2441499.1-KAG2441500.1	0.357157	0.608697	0.586756
KAG2441500.1-KAG2441501.1	0.576889	0.680186	0.848135
KAG2441503.1-KAG2441504.1	0.658858	1.08685	0.606207
KAG2441519.1-KAG2441520.1	0.183775	0.270649	0.679015
KAG2441524.1-KAG2441525.1	0.173921	0.244311	0.711886
KAG2441540.1-KAG2441541.1	0.121185	0.215171	0.563204
KAG2441545.1-KAG2441546.1	0.172986	0.471895	0.366578
KAG2441555.1-KAG2441556.1	0.127538	0.382824	0.33315
KAG2441566.1-KAG2441567.1	0.18758	0.577665	0.324721
KAG2441632.1-KAG2441633.1	0.784908	1.03431	0.758869
KAG2441633.1-KAG2441634.1	NA	NA	NA
KAG2441642.1-KAG2441644.1	0.574465	0.846345	0.67876
KAG2441647.1-KAG2441648.1	0.785406	0.793048	0.990364
KAG2441650.1-KAG2441652.1	0.0218338	0.0909749	0.239998
KAG2441655.1-KAG2441656.1	0.191291	0.417728	0.457931
KAG2441656.1-KAG2441657.1	0.475847	0.614403	0.774488
KAG2441702.1-KAG2441703.1	0.781855	1.37161	0.570029
KAG2441705.1-KAG2441706.1	0.463734	0.773726	0.599352
KAG2441728.1-KAG2441729.1	0.0928915	0.227911	0.407579
KAG2441756.1-KAG2441757.1	0.0181468	0.0913602	0.198629
KAG2441783.1-KAG2441784.1	0.882293	0.956408	0.922507
KAG2441804.1-KAG2441805.1	0.774824	1.44259	0.537108
KAG2441819.1-KAG2441822.1	0.337101	0.640297	0.526475
KAG2441830.1-KAG2441831.1	0.099248	0.196701	0.504562
KAG2441832.1-KAG2441833.1	0.281954	0.615619	0.458001
KAG2441843.1-KAG2441844.1	1.25013	1.09111	1.14574
KAG2441844.1-KAG2441845.1	0.685757	1.04329	0.6573
KAG2441853.1-KAG2441855.1	0.00252475	0.00748579	0.337272
KAG2441856.1-KAG2441858.1	0.123888	0.265874	0.465966
KAG2441883.1-KAG2441884.1	0.0756984	0.208466	0.363121
KAG2441899.1-KAG2441900.1	0.349607	0.595174	0.587403
KAG2441916.1-KAG2441917.1	0.449923	0.686475	0.655411
KAG2441940.1-KAG2441942.1	0.169988	0.214889	0.791052
KAG2442322.1-KAG2442323.1	0.367663	0.680892	0.539972
KAG2442326.1-KAG2442327.1	0.13827	0.236973	0.583484
KAG2442370.1-KAG2442372.1	0.0738923	0.0974259	0.758446
KAG2442371.1-KAG2442372.1	0.0593599	0.127633	0.465084
KAG2442390.1-KAG2442391.1	0.851996	0.834401	1.02109
KAG2442391.1-KAG2442392.1	0.558548	0.677299	0.82467
KAG2442392.1-KAG2442393.1	0.50265	0.845122	0.594767
KAG2442396.1-KAG2442397.1	0.470511	0.645176	0.729275
KAG2442399.1-KAG2442400.1	0.320275	0.368572	0.868963
KAG2442409.1-KAG2442410.1	0.31167	0.404419	0.770661
KAG2442432.1-KAG2442433.1	0.119544	0.649954	0.183926
KAG2442455.1-KAG2442456.1	0.0165451	0.0433018	0.382089
KAG2442456.1-KAG2442457.1	0.227336	0.401024	0.566888
KAG2442465.1-KAG2442466.1	0.27017	0.164763	1.63975
KAG2442466.1-KAG2442467.1	0.408517	0.419325	0.974226
KAG2442494.1-KAG2442495.1	0.382878	0.492442	0.777507
KAG2442581.1-KAG2442582.1	0.71888	0.844313	0.851438
KAG2442582.1-KAG2442583.1	0.883321	0.898847	0.982727
KAG2442606.1-KAG2442607.1	0.176268	0.45524	0.387199
KAG2442607.1-KAG2442609.1	0.2508	0.647441	0.387371
KAG2442633.1-KAG2442634.1	0.343368	0.54581	0.629098
KAG2442636.1-KAG2442637.1	0.634999	0.714888	0.888249
KAG2442637.1-KAG2442638.1	0.683564	0.775263	0.881719
KAG2442679.1-KAG2442680.1	0.120487	0.401157	0.300348
KAG2442685.1-KAG2442686.1	0.168362	0.262047	0.642489
KAG2442739.1-KAG2442741.1	0.630977	0.693172	0.910274
KAG2442744.1-KAG2442745.1	1.01752	0.977204	1.04126
KAG2442747.1-KAG2442749.1	0.205558	0.333729	0.615943
KAG2442770.1-KAG2442771.1	0.741331	0.671265	1.10438
KAG2442793.1-KAG2442794.1	0.0436706	0.0771541	0.566017
KAG2442798.1-KAG2442800.1	0.0204794	0.0439544	0.465924
KAG2442841.1-KAG2442842.1	0.367027	0.61059	0.601102
KAG2442868.1-KAG2442870.1	0.0906273	0.166262	0.545086
KAG2442884.1-KAG2442885.1	0.071263	0.108694	0.655631
KAG2442885.1-KAG2442888.1	0.0743536	0.040981	1.81434
KAG2442904.1-KAG2442905.1	0.702543	1.06527	0.659495
KAG2442915.1-KAG2442916.1	0.0229651	0.0708792	0.324004
KAG2442921.1-KAG2442922.1	0.00571026	0.00863928	0.660965
KAG2442922.1-KAG2442923.1	0.00127516	0.00396113	0.321919
KAG2442938.1-KAG2442939.1	0.511818	0.531463	0.963036
KAG2443379.1-KAG2443380.1	0.345516	0.524124	0.659225
KAG2443388.1-KAG2443389.1	0.140864	0.187806	0.750047
KAG2443412.1-KAG2443413.1	0.0539602	0.0874267	0.617205
KAG2443432.1-KAG2443434.1	0.864905	0.938142	0.921934
KAG2443434.1-KAG2443435.1	1.12566	0.990875	1.13603
KAG2443460.1-KAG2443461.1	0.332315	0.625694	0.531115
KAG2443461.1-KAG2443462.1	0.35113	0.563662	0.622944
KAG2443479.1-KAG2443480.1	0.196336	0.550115	0.3569
KAG2443490.1-KAG2443492.1	1.12959	0.844269	1.33795
KAG2443491.1-KAG2443493.1	0.073381	0.108629	0.675517
KAG2443503.1-KAG2443504.1	1.13514	1.3985	0.811686
KAG2443506.1-KAG2443507.1	0.402131	0.531957	0.755946
KAG2443523.1-KAG2443524.1	0.480283	0.921272	0.521326
KAG2443524.1-KAG2443525.1	0.0807504	0.0855543	0.943849
KAG2443527.1-KAG2443528.1	0.699303	1.03687	0.674437
KAG2443529.1-KAG2443531.1	0.132131	0.320881	0.411776
KAG2443579.1-KAG2443580.1	0.0693977	0.111519	0.622294
KAG2443586.1-KAG2443588.1	0.0479861	0.0984533	0.4874
KAG2443596.1-KAG2443597.1	0.210103	0.666289	0.315334
KAG2443623.1-KAG2443624.1	0.0958188	0.174972	0.547622
KAG2443651.1-KAG2443652.1	0.167625	0.177135	0.946316
KAG2443658.1-KAG2443659.1	0.738854	0.779631	0.947697
KAG2443659.1-KAG2443660.1	0.50419	0.650412	0.775186
KAG2443671.1-KAG2443673.1	0.236915	0.289886	0.81727
KAG2443672.1-KAG2443674.1	0.0204902	0.0553968	0.36988
KAG2443681.1-KAG2443682.1	0.347902	0.855821	0.406512
KAG2443713.1-KAG2443715.1	0.271078	0.566181	0.478783
KAG2443715.1-KAG2443717.1	0.300659	0.83923	0.358256
KAG2443735.1-KAG2443736.1	0.188545	0.433224	0.435213
KAG2443736.1-KAG2443737.1	0.198378	0.442627	0.448183
KAG2443737.1-KAG2443738.1	0.0811208	0.257463	0.315078
KAG2443741.1-KAG2443742.1	0.143975	0.427101	0.337098
KAG2443742.1-KAG2443743.1	0.256303	0.751522	0.341046
KAG2443744.1-KAG2443746.1	0.0733656	0.123333	0.594858
KAG2443775.1-KAG2443776.1	0.189744	0.375351	0.50551
KAG2443778.1-KAG2443779.1	0.112711	0.243212	0.463429
KAG2443779.1-KAG2443781.1	0.11461	0.196037	0.584636
KAG2443823.1-KAG2443824.1	0.591171	0.923407	0.640206
KAG2443843.1-KAG2443845.1	0.0124375	0.0565671	0.219872
KAG2443845.1-KAG2443847.1	0.0418019	0.0352808	1.18483
KAG2443868.1-KAG2443869.1	0.0391498	0.106917	0.366169
KAG2444267.1-KAG2444268.1	0.489986	0.68242	0.718013
KAG2444283.1-KAG2444284.1	0.138486	0.166921	0.82965
KAG2444298.1-KAG2444300.1	0.0613481	0.109753	0.558963
KAG2444319.1-KAG2444320.1	0.49866	1.7362	0.287213
KAG2444322.1-KAG2444323.1	0.201737	0.431036	0.468028
KAG2444323.1-KAG2444324.1	0.0469879	0.0890928	0.527404
KAG2444324.1-KAG2444326.1	0.238289	0.504983	0.471875
KAG2444329.1-KAG2444330.1	0.972762	1.25296	0.776368
KAG2444330.1-KAG2444331.1	0.0911087	0.108051	0.843199
KAG2444332.1-KAG2444333.1	0.366706	0.943337	0.388733
KAG2444345.1-KAG2444346.1	0.580569	0.872669	0.66528
KAG2444346.1-KAG2444347.1	0.700137	0.975879	0.717442
KAG2444347.1-KAG2444349.1	0.450523	0.787139	0.572355
KAG2444362.1-KAG2444363.1	0.532257	0.797261	0.667607
KAG2444390.1-KAG2444391.1	0.20335	0.559946	0.36316
KAG2444401.1-KAG2444403.1	0.178859	0.316768	0.564637
KAG2444403.1-KAG2444404.1	0.246508	0.404159	0.609927
KAG2444434.1-KAG2444435.1	NA	NA	NA
KAG2444448.1-KAG2444449.1	0.194474	0.479694	0.405413
KAG2444449.1-KAG2444451.1	0.243717	0.648404	0.375871
KAG2444497.1-KAG2444500.1	0.827441	1.11429	0.742571
KAG2444544.1-KAG2444545.1	0.0265169	0.0684114	0.387609
KAG2444555.1-KAG2444556.1	0.129029	0.213119	0.605434
KAG2444567.1-KAG2444568.1	0.0955069	0.152416	0.626619
KAG2444568.1-KAG2444569.1	0.760874	0.862774	0.881893
KAG2444572.1-KAG2444573.1	0.00507083	0.0188148	0.269513
KAG2444573.1-KAG2444574.1	0.000634499	NA	NA
KAG2444574.1-KAG2444575.1	0.000634499	0.00169028	0.375381
KAG2444575.1-KAG2444576.1	NA	NA	NA
KAG2444576.1-KAG2444577.1	0.00126158	0.00337256	0.374073
KAG2444601.1-KAG2444603.1	0.879513	1.0793	0.814891
KAG2444603.1-KAG2444604.1	0.241492	0.533669	0.452514
KAG2444604.1-KAG2444605.1	0.194059	0.388598	0.499381
KAG2444604.1-KAG2444606.1	0.0605499	0.128669	0.470585
KAG2444614.1-KAG2444615.1	0.470847	0.837642	0.56211
KAG2444645.1-KAG2444646.1	0.410071	0.683194	0.600227
KAG2444725.1-KAG2444727.1	0.820342	0.866805	0.946397
KAG2444829.1-KAG2444830.1	0.440122	0.810028	0.543342
KAG2444852.1-KAG2444853.1	0.355663	0.696893	0.510355
KAG2444915.1-KAG2444917.1	0.0501163	0.0966305	0.518639
KAG2444927.1-KAG2444928.1	0.720578	0.832039	0.866038
KAG2444962.1-KAG2444963.1	1.36582	1.48357	0.920632
KAG2444966.1-KAG2444968.1	0.977164	0.972568	1.00473
KAG2444968.1-KAG2444970.1	0.0182879	0.0566023	0.323095
KAG2445421.1-KAG2445422.1	1.00209	1.0719	0.934872
KAG2445434.1-KAG2445435.1	0.0731341	0.0695511	1.05151
KAG2445435.1-KAG2445436.1	0.106102	0.152457	0.695947
KAG2445437.1-KAG2445439.1	0.00357108	0.00776683	0.459786
KAG2445438.1-KAG2445440.1	0.0816041	0.0983985	0.829323
KAG2445441.1-KAG2445442.1	0.217485	0.384187	0.56609
KAG2445441.1-KAG2445443.1	0.352179	0.570878	0.616907
KAG2445466.1-KAG2445467.1	0.160337	0.367677	0.43608
KAG2445489.1-KAG2445490.1	0.00174297	0.00993724	0.175398
KAG2445504.1-KAG2445505.1	0.73718	0.908623	0.811316
KAG2445545.1-KAG2445546.1	0.000847847	NA	NA
KAG2445546.1-KAG2445547.1	NA	0.00434897	-0
KAG2445547.1-KAG2445548.1	NA	0.00434897	-0
KAG2445548.1-KAG2445549.1	0.000847847	NA	NA
KAG2445549.1-KAG2445551.1	0.00759712	0.0169515	0.448168
KAG2445572.1-KAG2445573.1	0.721783	0.851273	0.847887
KAG2445579.1-KAG2445580.1	0.494104	0.708686	0.697211
KAG2445595.1-KAG2445597.1	0.066434	0.141594	0.469186
KAG2445597.1-KAG2445598.1	0.413508	0.628297	0.658142
KAG2445598.1-KAG2445599.1	0.295513	0.586197	0.504118
KAG2445626.1-KAG2445628.1	0.159581	0.217384	0.7341
KAG2445699.1-KAG2445700.1	0.107774	0.275656	0.390973
KAG2445700.1-KAG2445702.1	0.501929	0.757858	0.6623
KAG2445731.1-KAG2445732.1	0.230629	0.370162	0.62305
KAG2445779.1-KAG2445780.1	0.577208	0.64686	0.892322
KAG2445797.1-KAG2445798.1	0.107014	0.153425	0.697502
KAG2445800.1-KAG2445801.1	0.873969	0.661803	1.32059
KAG2445844.1-KAG2445845.1	0.214438	0.273332	0.784532
KAG2445890.1-KAG2445891.1	0.0457217	0.0398022	1.14872
KAG2445894.1-KAG2445895.1	0.881585	1.47484	0.597751
KAG2445927.1-KAG2445928.1	0.169818	0.434483	0.390851
KAG2445992.1-KAG2445993.1	0.258155	0.397493	0.649457
KAG2446008.1-KAG2446009.1	0.237139	0.2295	1.03329
KAG2446030.1-KAG2446031.1	0.998258	1.38476	0.720889
KAG2446051.1-KAG2446052.1	0.45497	0.672344	0.676693
KAG2446054.1-KAG2446055.1	0.645054	1.15483	0.55857
KAG2446094.1-KAG2446095.1	0.173142	0.679573	0.254781
KAG2446099.1-KAG2446101.1	0.0775984	0.136444	0.568719
KAG2446102.1-KAG2446103.1	0.314878	0.532592	0.591218
KAG2446148.1-KAG2446152.1	0.561479	0.868193	0.646722
KAG2446153.1-KAG2446154.1	0.0370286	0.091141	0.406278
KAG2446159.1-KAG2446160.1	0.58505	0.755021	0.774879
KAG2446180.1-KAG2446181.1	0.449455	0.685121	0.656023
KAG2446189.1-KAG2446190.1	0.510448	0.621537	0.821267
KAG2446198.1-KAG2446199.1	0.627243	0.810251	0.774134
KAG2446199.1-KAG2446200.1	0.452937	0.618923	0.731814
KAG2446200.1-KAG2446201.1	1.07283	1.0656	1.00679
KAG2446202.1-KAG2446203.1	0.433154	0.661271	0.655033
KAG2446204.1-KAG2446205.1	0.235623	0.323183	0.729069
KAG2446279.1-KAG2446281.1	0.747998	1.14583	0.652798
KAG2446288.1-KAG2446289.1	0.0841869	0.131126	0.642029
KAG2446289.1-KAG2446290.1	0.00503521	0.00273981	1.8378
KAG2446290.1-KAG2446292.1	0.0502703	0.0551235	0.911958
KAG2446336.1-KAG2446338.1	0.104322	0.13175	0.791818
KAG2446337.1-KAG2446339.1	0.029594	0.0680933	0.43461
KAG2446339.1-KAG2446341.1	1.33678	0.841437	1.58868
KAG2446354.1-KAG2446356.1	0.943217	1.23916	0.761175
KAG2446356.1-KAG2446357.1	0.955006	1.21298	0.787325
KAG2446363.1-KAG2446365.1	0.264694	0.35116	0.75377
KAG2446368.1-KAG2446369.1	0.545886	0.615042	0.887559
