Seq	Ka	Ks	Ka/Ks
Pedmi_jg10000.t1-Pedmi_jg10001.t1	0.670414	1.92152	0.348898
Pedmi_jg1001.t1-Pedmi_jg1002.t1	0.475682	1.29919	0.366137
Pedmi_jg10021.t1-Pedmi_jg10022.t1	0.642738	1.98439	0.323897
Pedmi_jg10050.t1-Pedmi_jg10051.t1	0.0928256	0.189962	0.488653
Pedmi_jg10083.t1-Pedmi_jg10084.t1	0.371117	0.682189	0.54401
Pedmi_jg10083.t1-Pedmi_jg10085.t1	0.90118	1.24717	0.722579
Pedmi_jg10106.t1-Pedmi_jg10107.t1	0.969007	1.58049	0.613107
Pedmi_jg10109.t1-Pedmi_jg10110.t1	0.60328	1.02951	0.585985
Pedmi_jg10137.t1-Pedmi_jg10139.t1	0.707976	1.13041	0.626302
Pedmi_jg10139.t1-Pedmi_jg10140.t1	0.650375	1.20349	0.540405
Pedmi_jg10143.t1-Pedmi_jg10144.t1	0.0727422	0.110362	0.659127
Pedmi_jg10144.t1-Pedmi_jg10145.t1	0.354969	0.40502	0.876423
Pedmi_jg10194.t1-Pedmi_jg10195.t1	1.58265	2.04194	0.775072
Pedmi_jg10206.t1-Pedmi_jg10207.t1	1.00679	1.70243	0.591383
Pedmi_jg10219.t1-Pedmi_jg10220.t1	0.433277	0.629469	0.688321
Pedmi_jg10237.t1-Pedmi_jg10238.t1	0.205766	0.585843	0.351231
Pedmi_jg10238.t1-Pedmi_jg10239.t1	0.814023	2.74517	0.29653
Pedmi_jg10240.t1-Pedmi_jg10241.t1	0.621554	1.15793	0.536781
Pedmi_jg10241.t1-Pedmi_jg10242.t1	0.660424	1.20971	0.545935
Pedmi_jg10242.t1-Pedmi_jg10244.t1	0.233503	0.430409	0.542514
Pedmi_jg10248.t1-Pedmi_jg10249.t1	0.719569	1.85131	0.388681
Pedmi_jg10313.t1-Pedmi_jg10314.t1	0.469268	0.730009	0.642825
Pedmi_jg10322.t1-Pedmi_jg10323.t1	0.215309	0.300149	0.717339
Pedmi_jg10332.t1-Pedmi_jg10333.t1	0.155897	0.165483	0.942071
Pedmi_jg10347.t1-Pedmi_jg10348.t1	NA	NA	NA
Pedmi_jg1037.t1-Pedmi_jg1038.t1	0.740067	1.46289	0.505892
Pedmi_jg10438.t1-Pedmi_jg10439.t1	0.5723	0.766772	0.746375
Pedmi_jg10470.t1-Pedmi_jg10472.t1	1.30744	1.55051	0.843229
Pedmi_jg10471.t1-Pedmi_jg10472.t1	0.634018	1.22969	0.515594
Pedmi_jg10553.t1-Pedmi_jg10554.t1	0.054325	0.190324	0.285434
Pedmi_jg10605.t1-Pedmi_jg10606.t1	0.133181	0.503105	0.264719
Pedmi_jg10608.t1-Pedmi_jg10610.t1	0.058887	0.09174	0.641891
Pedmi_jg10638.t1-Pedmi_jg10639.t1	0.529907	NA	NA
Pedmi_jg10648.t1-Pedmi_jg10649.t1	0.0309909	0.023892	1.29712
Pedmi_jg1064.t1-Pedmi_jg1066.t1	0.00590953	0.053485	0.11049
Pedmi_jg10688.t1-Pedmi_jg10689.t1	0.0417353	0.115169	0.362384
Pedmi_jg10722.t1-Pedmi_jg10723.t1	0.715388	0.984065	0.726972
Pedmi_jg10723.t1-Pedmi_jg10724.t1	0.389366	0.982272	0.396393
Pedmi_jg10724.t1-Pedmi_jg10725.t1	0.415665	0.530567	0.783436
Pedmi_jg10725.t1-Pedmi_jg10726.t1	0.404598	0.994793	0.406715
Pedmi_jg10747.t1-Pedmi_jg10748.t1	0.112674	0.257831	0.437008
Pedmi_jg10749.t1-Pedmi_jg10751.t1	0.0823259	0.226271	0.363838
Pedmi_jg10750.t1-Pedmi_jg10752.t1	0.207106	0.430608	0.480962
Pedmi_jg10773.t1-Pedmi_jg10775.t1	NA	NA	NA
Pedmi_jg10774.t1-Pedmi_jg10776.t1	0.000912292	0.00241239	0.378169
Pedmi_jg10827.t1-Pedmi_jg10828.t1	0.934555	0.772449	1.20986
Pedmi_jg10896.t1-Pedmi_jg10897.t1	0.0698249	0.12838	0.543893
Pedmi_jg10897.t1-Pedmi_jg10898.t1	0.0254211	0.0315543	0.805631
Pedmi_jg10964.t1-Pedmi_jg10965.t1	0.141954	0.260154	0.545655
Pedmi_jg11010.t1-Pedmi_jg11012.t1	0.497564	0.718688	0.692322
Pedmi_jg11013.t1-Pedmi_jg11015.t1	0.271321	0.553647	0.490062
Pedmi_jg11028.t1-Pedmi_jg11030.t1	0.132812	0.215753	0.615572
Pedmi_jg11054.t1-Pedmi_jg11055.t1	0.817865	1.34661	0.607349
Pedmi_jg11058.t1-Pedmi_jg11059.t1	0.348019	0.642232	0.541889
Pedmi_jg11067.t1-Pedmi_jg11068.t1	0.070093	0.108435	0.646408
Pedmi_jg11078.t1-Pedmi_jg11079.t1	0.119838	0.347777	0.344584
Pedmi_jg11081.t1-Pedmi_jg11082.t1	0.0433029	0.0181157	2.39035
Pedmi_jg11091.t1-Pedmi_jg11092.t1	0.483522	0.627831	0.770147
Pedmi_jg11162.t1-Pedmi_jg11163.t1	NA	NA	NA
Pedmi_jg1118.t1-Pedmi_jg1119.t1	0.0577639	0.132903	0.434632
Pedmi_jg113.t1-Pedmi_jg114.t1	0.824321	1.54436	0.533761
Pedmi_jg115.t1-Pedmi_jg116.t1	0.128822	0.159737	0.806464
Pedmi_jg116.t1-Pedmi_jg117.t1	1.08538	1.52073	0.713722
Pedmi_jg1171.t1-Pedmi_jg1173.t1	0.612881	0.398838	1.53667
Pedmi_jg1172.t1-Pedmi_jg1173.t1	0.725003	1.24196	0.583759
Pedmi_jg1193.t1-Pedmi_jg1194.t1	0.0433281	0.0384648	1.12644
Pedmi_jg1194.t1-Pedmi_jg1195.t1	0.200574	0.335079	0.598587
Pedmi_jg1227.t1-Pedmi_jg1229.t1	0.0872942	0.182414	0.47855
Pedmi_jg1240.t1-Pedmi_jg1241.t1	NA	NA	NA
Pedmi_jg1241.t1-Pedmi_jg1242.t1	NA	NA	NA
Pedmi_jg1242.t1-Pedmi_jg1243.t1	0.0154107	0.0482133	0.319635
Pedmi_jg1328.t1-Pedmi_jg1329.t1	0.33537	0.917812	0.365402
Pedmi_jg1339.t1-Pedmi_jg1338.t1	0.0387456	0.0617463	0.627496
Pedmi_jg1362.t1-Pedmi_jg1363.t1	0.0942542	0.127242	0.740746
Pedmi_jg1363.t1-Pedmi_jg1364.t1	0.00985199	0.0763206	0.129087
Pedmi_jg1370.t1-Pedmi_jg1371.t1	0.853152	1.0237	0.833404
Pedmi_jg1371.t1-Pedmi_jg1372.t1	0.852038	1.00682	0.846267
Pedmi_jg1388.t1-Pedmi_jg1389.t1	0.0723173	0.206592	0.35005
Pedmi_jg138.t1-Pedmi_jg139.t1	0.00675092	0.0455271	0.148283
Pedmi_jg139.t1-Pedmi_jg140.t1	0.0108352	0.0327936	0.330408
Pedmi_jg1408.t1-Pedmi_jg1409.t1	NA	0.0208943	-0
Pedmi_jg1409.t1-Pedmi_jg1410.t1	NA	NA	NA
Pedmi_jg1410.t1-Pedmi_jg1411.t1	NA	0.0103744	-0
Pedmi_jg1424.t1-Pedmi_jg1426.t1	0.399092	0.931278	0.428542
Pedmi_jg1430.t1-Pedmi_jg1431.t1	0.238841	0.48816	0.489267
Pedmi_jg1455.t1-Pedmi_jg1456.t1	0.0121911	0.00888492	1.37211
Pedmi_jg1536.t1-Pedmi_jg1538.t1	0.0276358	0.0574567	0.480985
Pedmi_jg1549.t1-Pedmi_jg1550.t1	NA	NA	NA
Pedmi_jg1550.t1-Pedmi_jg1551.t1	NA	NA	NA
Pedmi_jg1551.t1-Pedmi_jg1552.t1	NA	NA	NA
Pedmi_jg1556.t1-Pedmi_jg1557.t1	0.942972	1.19881	0.786592
Pedmi_jg1557.t1-Pedmi_jg1558.t1	0.28933	0.388877	0.744014
Pedmi_jg1600.t1-Pedmi_jg1601.t1	0.0427844	0.0178543	2.3963
Pedmi_jg169.t1-Pedmi_jg170.t1	0.841366	1.43457	0.586493
Pedmi_jg171.t1-Pedmi_jg173.t1	0.11106	0.145643	0.762549
Pedmi_jg172.t1-Pedmi_jg174.t1	0.676241	1.25403	0.539253
Pedmi_jg1730.t1-Pedmi_jg1731.t1	0.678314	1.06296	0.638136
Pedmi_jg1761.t1-Pedmi_jg1763.t1	0.564259	0.602735	0.936163
Pedmi_jg1769.t1-Pedmi_jg1770.t1	0.0240229	0.043704	0.549674
Pedmi_jg1773.t1-Pedmi_jg1775.t1	0.566552	0.445945	1.27045
Pedmi_jg1873.t1-Pedmi_jg1875.t1	0.00212891	NA	NA
Pedmi_jg1874.t1-Pedmi_jg1876.t1	0.00351619	0.00402965	0.872579
Pedmi_jg1875.t1-Pedmi_jg1877.t1	0.00212891	NA	NA
Pedmi_jg1876.t1-Pedmi_jg1878.t1	0.00351619	0.00402965	0.872579
Pedmi_jg1877.t1-Pedmi_jg1879.t1	NA	NA	NA
Pedmi_jg1878.t1-Pedmi_jg1880.t1	NA	NA	NA
Pedmi_jg1879.t1-Pedmi_jg1881.t1	0.0112314	0.0111905	1.00366
Pedmi_jg1880.t1-Pedmi_jg1881.t1	0.0265152	0.0486728	0.544766
Pedmi_jg1919.t1-Pedmi_jg1920.t1	0.000739	NA	NA
Pedmi_jg1952.t1-Pedmi_jg1953.t1	0.581877	1.46615	0.396874
Pedmi_jg1989.t1-Pedmi_jg1991.t1	0.197794	0.343261	0.576221
Pedmi_jg2029.t1-Pedmi_jg2030.t1	0.0148536	0.0224788	0.660781
Pedmi_jg202.t1-Pedmi_jg203.t1	0.00394963	NA	NA
Pedmi_jg2075.t1-Pedmi_jg2077.t1	1.61237	1.19266	1.35192
Pedmi_jg2079.t1-Pedmi_jg2080.t1	NA	0.0130837	-0
Pedmi_jg2103.t1-Pedmi_jg2104.t1	0.461986	0.758869	0.608782
Pedmi_jg2125.t1-Pedmi_jg2126.t1	0.568055	0.744116	0.763396
Pedmi_jg2126.t1-Pedmi_jg2127.t1	0.0562403	0.102569	0.548315
Pedmi_jg2133.t1-Pedmi_jg2134.t1	0.337658	0.6487	0.520514
Pedmi_jg2162.t1-Pedmi_jg2163.t1	0.0534862	0.102544	0.521592
Pedmi_jg2171.t1-Pedmi_jg2172.t1	NA	0.117032	-0
Pedmi_jg2189.t1-Pedmi_jg2190.t1	0.858486	1.7312	0.495889
Pedmi_jg2196.t1-Pedmi_jg2197.t1	0.389387	0.838802	0.464218
Pedmi_jg2197.t1-Pedmi_jg2198.t1	0.449072	0.993856	0.451848
Pedmi_jg2198.t1-Pedmi_jg2199.t1	0.390485	1.32619	0.294442
Pedmi_jg2199.t1-Pedmi_jg2200.t1	0.39041	0.977422	0.399428
Pedmi_jg2200.t1-Pedmi_jg2201.t1	0.598496	1.24805	0.479544
Pedmi_jg2218.t1-Pedmi_jg2219.t1	0.0332468	0.0361641	0.919331
Pedmi_jg2219.t1-Pedmi_jg2220.t1	1.25888	1.35649	0.928042
Pedmi_jg2237.t1-Pedmi_jg2238.t1	0.428239	1.82466	0.234694
Pedmi_jg2243.t1-Pedmi_jg2244.t1	1.07804	2.04466	0.527244
Pedmi_jg2244.t1-Pedmi_jg2246.t1	0.0356144	0.0534986	0.665707
Pedmi_jg2276.t1-Pedmi_jg2277.t1	1.08464	1.10433	0.982171
Pedmi_jg2301.t1-Pedmi_jg2303.t1	0.11597	0.165729	0.699758
Pedmi_jg2335.t1-Pedmi_jg2336.t1	0.360589	1.04668	0.344508
Pedmi_jg2362.t1-Pedmi_jg2363.t1	1.41796	1.42355	0.996074
Pedmi_jg2366.t1-Pedmi_jg2367.t1	0.588333	0.752647	0.781684
Pedmi_jg2412.t1-Pedmi_jg2413.t1	0.0654389	0.0744721	0.878704
Pedmi_jg2414.t1-Pedmi_jg2415.t1	0.276906	0.451732	0.612987
Pedmi_jg2445.t1-Pedmi_jg2446.t1	0.319594	0.915173	0.349217
Pedmi_jg2446.t1-Pedmi_jg2447.t1	0.563206	1.53623	0.366615
Pedmi_jg2544.t1-Pedmi_jg2545.t1	0.0602593	0.147322	0.409032
Pedmi_jg2581.t1-Pedmi_jg2582.t1	0.298939	0.460544	0.6491
Pedmi_jg2621.t1-Pedmi_jg2622.t1	0.433939	0.602536	0.720188
Pedmi_jg2652.t1-Pedmi_jg2653.t1	1.05831	1.02784	1.02965
Pedmi_jg2653.t1-Pedmi_jg2655.t1	0.82298	0.390354	2.10829
Pedmi_jg2672.t1-Pedmi_jg2673.t1	0.0439763	0.0356933	1.23206
Pedmi_jg2677.t1-Pedmi_jg2678.t1	0.0100642	0.0560098	0.179687
Pedmi_jg2786.t1-Pedmi_jg2787.t1	0.18001	0.296056	0.608027
Pedmi_jg2792.t1-Pedmi_jg2793.t1	1.26587	0.807747	1.56717
Pedmi_jg2809.t1-Pedmi_jg2810.t1	0.45731	0.440713	1.03766
Pedmi_jg2831.t1-Pedmi_jg2833.t1	0.165346	0.469487	0.352184
Pedmi_jg2914.t1-Pedmi_jg2916.t1	0.0689458	0.0798546	0.863391
Pedmi_jg2919.t1-Pedmi_jg2921.t1	0.0263782	0.0603214	0.437294
Pedmi_jg2920.t1-Pedmi_jg2922.t1	0.0902136	0.175654	0.513586
Pedmi_jg2986.t1-Pedmi_jg2988.t1	NA	NA	NA
Pedmi_jg3009.t1-Pedmi_jg3010.t1	0.516779	2.83753	0.182123
Pedmi_jg3028.t1-Pedmi_jg3029.t1	0.149071	0.166317	0.896304
Pedmi_jg3037.t1-Pedmi_jg3039.t1	NA	0.017336	-0
Pedmi_jg3060.t1-Pedmi_jg3061.t1	0.286883	0.39312	0.72976
Pedmi_jg3061.t1-Pedmi_jg3062.t1	NA	NA	NA
Pedmi_jg3062.t1-Pedmi_jg3063.t1	NA	0.00375123	-0
Pedmi_jg3063.t1-Pedmi_jg3064.t1	0.0552454	0.0727692	0.759187
Pedmi_jg3087.t1-Pedmi_jg3088.t1	0.0576689	0.108787	0.530108
Pedmi_jg3178.t1-Pedmi_jg3179.t1	0.0958001	0.24195	0.39595
Pedmi_jg3267.t1-Pedmi_jg3268.t1	NA	NA	NA
Pedmi_jg3268.t1-Pedmi_jg3269.t1	0.0337824	0.0427145	0.790887
Pedmi_jg3278.t1-Pedmi_jg3280.t1	0.00630671	0.0538142	0.117194
Pedmi_jg3299.t1-Pedmi_jg3301.t1	0.00413548	NA	NA
Pedmi_jg3300.t1-Pedmi_jg3302.t1	0.14494	0.339029	0.427516
Pedmi_jg3315.t1-Pedmi_jg3317.t1	0.0798336	0.145403	0.54905
Pedmi_jg3359.t1-Pedmi_jg3360.t1	0.627947	1.36344	0.460562
Pedmi_jg3371.t1-Pedmi_jg3373.t1	0.0483383	0.0775657	0.623191
Pedmi_jg3377.t1-Pedmi_jg3378.t1	0.0974211	0.185159	0.526148
Pedmi_jg3382.t1-Pedmi_jg3383.t1	0.31201	0.437769	0.712728
Pedmi_jg3458.t1-Pedmi_jg3459.t1	0.228386	0.28905	0.790128
Pedmi_jg3464.t1-Pedmi_jg3465.t1	0.215541	0.788154	0.273475
Pedmi_jg3488.t1-Pedmi_jg3489.t1	0.334298	2.42987	0.137579
Pedmi_jg3489.t1-Pedmi_jg3490.t1	0.641214	2.13987	0.299652
Pedmi_jg349.t1-Pedmi_jg351.t1	0.519943	2.31938	0.224173
Pedmi_jg3500.t1-Pedmi_jg3502.t1	0.0650948	0.137841	0.472246
Pedmi_jg3502.t1-Pedmi_jg3503.t1	0.0958648	0.216431	0.442936
Pedmi_jg356.t1-Pedmi_jg357.t1	0.736138	0.959969	0.766836
Pedmi_jg3582.t1-Pedmi_jg3584.t1	0.0487299	0.0954912	0.510308
Pedmi_jg3680.t1-Pedmi_jg3682.t1	NA	NA	NA
Pedmi_jg3690.t1-Pedmi_jg3691.t1	NA	NA	NA
Pedmi_jg3716.t1-Pedmi_jg3718.t1	0.00260963	NA	NA
Pedmi_jg3730.t1-Pedmi_jg3731.t1	0.935451	1.13581	0.823599
Pedmi_jg3735.t1-Pedmi_jg3737.t1	0.0195788	0.0811387	0.241301
Pedmi_jg3736.t1-Pedmi_jg3738.t1	0.211854	0.390205	0.542929
Pedmi_jg373.t1-Pedmi_jg374.t1	0.161043	0.174887	0.920838
Pedmi_jg3750.t1-Pedmi_jg3751.t1	0.518343	0.414542	1.2504
Pedmi_jg3751.t1-Pedmi_jg3752.t1	NA	NA	NA
Pedmi_jg3752.t1-Pedmi_jg3753.t1	0.200328	0.212396	0.943179
Pedmi_jg3767.t1-Pedmi_jg3769.t1	0.00445377	0.0288495	0.154379
Pedmi_jg3828.t1-Pedmi_jg3829.t1	0.0665723	0.0927173	0.718014
Pedmi_jg3859.t1-Pedmi_jg3860.t1	NA	0.00181582	-0
Pedmi_jg3866.t1-Pedmi_jg3867.t1	0.0059362	0.0231274	0.256673
Pedmi_jg3951.t1-Pedmi_jg3952.t1	NA	0.0109313	-0
Pedmi_jg3968.t1-Pedmi_jg3969.t1	1.5746	1.67502	0.940046
Pedmi_jg4073.t1-Pedmi_jg4074.t1	2.05692	0.895254	2.29759
Pedmi_jg4087.t1-Pedmi_jg4088.t1	0.211087	0.301837	0.699343
Pedmi_jg4087.t1-Pedmi_jg4089.t1	0.851149	1.75871	0.483962
Pedmi_jg4090.t1-Pedmi_jg4091.t1	0.357321	0.534847	0.66808
Pedmi_jg4093.t1-Pedmi_jg4094.t1	0.72337	0.968152	0.747166
Pedmi_jg4095.t1-Pedmi_jg4097.t1	0.68297	0.767196	0.890216
Pedmi_jg4151.t1-Pedmi_jg4152.t1	0.466339	0.74613	0.62501
Pedmi_jg4164.t1-Pedmi_jg4166.t1	1.03561	1.73978	0.595254
Pedmi_jg4179.t1-Pedmi_jg4180.t1	0.105925	0.274777	0.385494
Pedmi_jg4202.t1-Pedmi_jg4203.t1	0.243474	0.512254	0.4753
Pedmi_jg4211.t1-Pedmi_jg4212.t1	0.0377902	0.0650863	0.580617
Pedmi_jg4226.t1-Pedmi_jg4228.t1	0.0397625	0.172178	0.230939
Pedmi_jg426.t1-Pedmi_jg427.t1	0.913712	0.892937	1.02327
Pedmi_jg427.t1-Pedmi_jg428.t1	0.0981489	0.210607	0.466029
Pedmi_jg4336.t1-Pedmi_jg4337.t1	0.935047	0.77842	1.20121
Pedmi_jg4369.t1-Pedmi_jg4370.t1	0.00609317	0.0391202	0.155755
Pedmi_jg4370.t1-Pedmi_jg4371.t1	0.0341935	0.0475812	0.718634
Pedmi_jg4419.t1-Pedmi_jg4420.t1	0.0901825	0.231492	0.389571
Pedmi_jg4423.t1-Pedmi_jg4424.t1	0.517309	0.965174	0.535974
Pedmi_jg4427.t1-Pedmi_jg4428.t1	0.444079	0.861316	0.515582
Pedmi_jg4435.t1-Pedmi_jg4436.t1	0.680226	1.6462	0.41321
Pedmi_jg4439.t1-Pedmi_jg4441.t1	NA	NA	NA
Pedmi_jg4440.t1-Pedmi_jg4442.t1	NA	NA	NA
Pedmi_jg4453.t1-Pedmi_jg4455.t1	0.00170732	0.0203107	0.0840599
Pedmi_jg4494.t1-Pedmi_jg4495.t1	0.237224	0.23008	1.03105
Pedmi_jg450.t1-Pedmi_jg452.t1	0.0178974	0.0507835	0.352425
Pedmi_jg451.t1-Pedmi_jg453.t1	0.0212041	0.0518658	0.408826
Pedmi_jg4532.t1-Pedmi_jg4533.t1	0.895364	1.31539	0.680684
Pedmi_jg4547.t1-Pedmi_jg4549.t1	0.366131	1.52716	0.239747
Pedmi_jg4559.t1-Pedmi_jg4560.t1	0.45734	1.19742	0.381937
Pedmi_jg460.t1-Pedmi_jg461.t1	0.0462047	0.170428	0.271109
Pedmi_jg4610.t1-Pedmi_jg4612.t1	0.00186937	NA	NA
Pedmi_jg461.t1-Pedmi_jg462.t1	0.813302	1.54846	0.525234
Pedmi_jg4627.t1-Pedmi_jg4629.t1	0.0228889	0.0265385	0.862478
Pedmi_jg4641.t1-Pedmi_jg4642.t1	0.0228889	0.0265385	0.862478
Pedmi_jg4662.t1-Pedmi_jg4664.t1	0.0118606	0.0649673	0.182562
Pedmi_jg4688.t1-Pedmi_jg4690.t1	0.935101	0.891738	1.04863
Pedmi_jg4698.t1-Pedmi_jg4700.t1	0.0150393	0.0247757	0.607018
Pedmi_jg4728.t1-Pedmi_jg4729.t1	0.125734	0.181667	0.692113
Pedmi_jg4763.t1-Pedmi_jg4764.t1	0.00227551	NA	NA
Pedmi_jg4783.t1-Pedmi_jg4785.t1	0.882983	1.49343	0.591246
Pedmi_jg482.t1-Pedmi_jg484.t1	0.579002	1.71199	0.338205
Pedmi_jg483.t1-Pedmi_jg484.t1	0.562407	1.08085	0.520338
Pedmi_jg4846.t1-Pedmi_jg4847.t1	0.327512	0.918932	0.356405
Pedmi_jg4848.t1-Pedmi_jg4849.t1	0.441132	1.79572	0.245657
Pedmi_jg4849.t1-Pedmi_jg4850.t1	0.482771	1.2396	0.389456
Pedmi_jg484.t1-Pedmi_jg485.t1	0.865547	1.74707	0.495426
Pedmi_jg4850.t1-Pedmi_jg4851.t1	0.490427	0.809752	0.60565
Pedmi_jg4850.t1-Pedmi_jg4852.t1	0.66963	1.6507	0.405665
Pedmi_jg4855.t1-Pedmi_jg4857.t1	0.230689	0.658322	0.35042
Pedmi_jg4856.t1-Pedmi_jg4857.t1	0.34548	1.41631	0.24393
Pedmi_jg4869.t1-Pedmi_jg4870.t1	0.206264	0.262019	0.787208
Pedmi_jg4870.t1-Pedmi_jg4871.t1	0.116253	0.154314	0.753353
Pedmi_jg4871.t1-Pedmi_jg4872.t1	0.0485637	0.196345	0.247339
Pedmi_jg4872.t1-Pedmi_jg4873.t1	0.194964	0.504212	0.386671
Pedmi_jg4873.t1-Pedmi_jg4874.t1	0.181365	0.172305	1.05258
Pedmi_jg4894.t1-Pedmi_jg4895.t1	0.57368	2.70775	0.211866
Pedmi_jg4908.t1-Pedmi_jg4910.t1	0.0615009	0.14598	0.421297
Pedmi_jg4909.t1-Pedmi_jg4911.t1	0.0272483	0.0633477	0.430139
Pedmi_jg4933.t1-Pedmi_jg4934.t1	0.131506	0.271495	0.484376
Pedmi_jg4936.t1-Pedmi_jg4937.t1	0.466042	1.44108	0.323398
Pedmi_jg4949.t1-Pedmi_jg4950.t1	0.333208	0.831214	0.400869
Pedmi_jg4976.t1-Pedmi_jg4977.t1	0.256756	1.0605	0.242107
Pedmi_jg4997.t1-Pedmi_jg4999.t1	0.0245812	0.0700336	0.350992
Pedmi_jg5005.t1-Pedmi_jg5006.t1	0.0298284	0.0728528	0.409433
Pedmi_jg5053.t1-Pedmi_jg5054.t1	0.31794	0.764788	0.415723
Pedmi_jg5068.t1-Pedmi_jg5069.t1	0.42393	1.3303	0.318672
Pedmi_jg5113.t1-Pedmi_jg5115.t1	NA	NA	NA
Pedmi_jg5114.t1-Pedmi_jg5115.t1	NA	NA	NA
Pedmi_jg5137.t1-Pedmi_jg5138.t1	0.232838	0.443435	0.525079
Pedmi_jg5144.t1-Pedmi_jg5145.t1	0.266441	0.84849	0.314017
Pedmi_jg5147.t1-Pedmi_jg5148.t1	0.442805	1.17031	0.378366
Pedmi_jg5148.t1-Pedmi_jg5149.t1	0.405211	1.36685	0.296455
Pedmi_jg516.t1-Pedmi_jg517.t1	0.617792	2.08846	0.295813
Pedmi_jg5177.t1-Pedmi_jg5178.t1	0.225395	0.424996	0.530347
Pedmi_jg517.t1-Pedmi_jg518.t1	0.979487	2.05799	0.475943
Pedmi_jg5189.t1-Pedmi_jg5190.t1	NA	NA	NA
Pedmi_jg521.t1-Pedmi_jg522.t1	0.736325	0.984477	0.747935
Pedmi_jg5230.t1-Pedmi_jg5231.t1	0.00583385	0.0198095	0.294498
Pedmi_jg5330.t1-Pedmi_jg5331.t1	0.306509	0.360328	0.85064
Pedmi_jg5359.t1-Pedmi_jg5360.t1	0.439496	0.621117	0.707591
Pedmi_jg5365.t1-Pedmi_jg5366.t1	0.601851	0.665093	0.904912
Pedmi_jg5404.t1-Pedmi_jg5405.t1	0.183068	0.701605	0.260927
Pedmi_jg5429.t1-Pedmi_jg5430.t1	0.0568324	0.200099	0.284022
Pedmi_jg5440.t1-Pedmi_jg5441.t1	NA	NA	NA
Pedmi_jg5443.t1-Pedmi_jg5444.t1	0.117437	0.234633	0.500516
Pedmi_jg5459.t1-Pedmi_jg5460.t1	0.724425	1.56447	0.463049
Pedmi_jg5498.t1-Pedmi_jg5499.t1	0.00662843	NA	NA
Pedmi_jg5514.t1-Pedmi_jg5515.t1	NA	NA	NA
Pedmi_jg5517.t1-Pedmi_jg5519.t1	0.357402	1.5339	0.233003
Pedmi_jg5518.t1-Pedmi_jg5519.t1	0.633833	1.58106	0.40089
Pedmi_jg5605.t1-Pedmi_jg5606.t1	0.00272782	NA	NA
Pedmi_jg5626.t1-Pedmi_jg5627.t1	0.259208	0.927921	0.279343
Pedmi_jg5641.t1-Pedmi_jg5642.t1	0.823581	0.5476	1.50398
Pedmi_jg5641.t1-Pedmi_jg5643.t1	0.561881	0.525129	1.06999
Pedmi_jg5645.t1-Pedmi_jg5646.t1	0.118559	0.0459254	2.58156
Pedmi_jg5650.t1-Pedmi_jg5652.t1	0.573143	0.565899	1.0128
Pedmi_jg5651.t1-Pedmi_jg5652.t1	0.823581	0.5476	1.50398
Pedmi_jg5682.t1-Pedmi_jg5683.t1	0.519294	2.23764	0.232072
Pedmi_jg5690.t1-Pedmi_jg5691.t1	0.937142	1.63172	0.574327
Pedmi_jg5691.t1-Pedmi_jg5692.t1	0.757654	1.46759	0.516258
Pedmi_jg5692.t1-Pedmi_jg5693.t1	0.791509	1.74657	0.453179
Pedmi_jg5712.t1-Pedmi_jg5713.t1	0.982248	1.51019	0.650412
Pedmi_jg5714.t1-Pedmi_jg5716.t1	NA	NA	NA
Pedmi_jg5715.t1-Pedmi_jg5717.t1	0.0101427	0.00750249	1.35192
Pedmi_jg5727.t1-Pedmi_jg5728.t1	0.154539	0.0907923	1.70212
Pedmi_jg5733.t1-Pedmi_jg5734.t1	0.00635095	0.0725085	0.0875891
Pedmi_jg5734.t1-Pedmi_jg5735.t1	NA	0.0533842	-0
Pedmi_jg5788.t1-Pedmi_jg5789.t1	0.0931764	0.15395	0.605238
Pedmi_jg5834.t1-Pedmi_jg5835.t1	0.723566	0.978371	0.739562
Pedmi_jg5838.t1-Pedmi_jg5839.t1	NA	0.00912024	-0
Pedmi_jg5855.t1-Pedmi_jg5856.t1	0.132132	0.35864	0.368424
Pedmi_jg5909.t1-Pedmi_jg5910.t1	0.0925968	0.319876	0.289477
Pedmi_jg5911.t1-Pedmi_jg5912.t1	0.302962	0.644978	0.469725
Pedmi_jg5923.t1-Pedmi_jg5924.t1	0.564828	0.843139	0.669911
Pedmi_jg5924.t1-Pedmi_jg5925.t1	0.801769	1.34187	0.597502
Pedmi_jg5930.t1-Pedmi_jg5931.t1	1.18537	1.24486	0.952211
Pedmi_jg5940.t1-Pedmi_jg5941.t1	0.257147	0.426871	0.602399
Pedmi_jg5963.t1-Pedmi_jg5965.t1	0.010304	0.0960328	0.107297
Pedmi_jg5980.t1-Pedmi_jg5981.t1	0.687742	2.37803	0.289206
Pedmi_jg5981.t1-Pedmi_jg5982.t1	0.359582	0.471104	0.763275
Pedmi_jg599.t1-Pedmi_jg600.t1	0.517704	1.35295	0.382649
Pedmi_jg6007.t1-Pedmi_jg6008.t1	0.0563853	0.0230991	2.44102
Pedmi_jg6013.t1-Pedmi_jg6014.t1	0.113307	0.214914	0.527217
Pedmi_jg6034.t1-Pedmi_jg6035.t1	0.477505	0.737102	0.647815
Pedmi_jg6035.t1-Pedmi_jg6036.t1	0.0760802	0.190725	0.398899
Pedmi_jg6036.t1-Pedmi_jg6037.t1	0.559473	0.849857	0.658314
Pedmi_jg6041.t1-Pedmi_jg6042.t1	0.538059	0.450979	1.19309
Pedmi_jg6048.t1-Pedmi_jg6050.t1	0.356955	0.906116	0.39394
Pedmi_jg6049.t1-Pedmi_jg6050.t1	1.16479	1.35991	0.856522
Pedmi_jg6064.t1-Pedmi_jg6065.t1	0.54012	1.21056	0.446175
Pedmi_jg6087.t1-Pedmi_jg6088.t1	0.0121246	0.0389372	0.311389
Pedmi_jg6105.t1-Pedmi_jg6106.t1	0.155897	0.165483	0.942071
Pedmi_jg6183.t1-Pedmi_jg6184.t1	0.0864744	0.120109	0.719965
Pedmi_jg6184.t1-Pedmi_jg6185.t1	0.0254211	0.0315543	0.805631
Pedmi_jg619.t1-Pedmi_jg621.t1	1.26823	1.9108	0.663721
Pedmi_jg6238.t1-Pedmi_jg6240.t1	NA	NA	NA
Pedmi_jg6239.t1-Pedmi_jg6241.t1	0.0279031	0.022504	1.23992
Pedmi_jg6257.t1-Pedmi_jg6258.t1	0.0062715	0.0328912	0.190674
Pedmi_jg626.t1-Pedmi_jg627.t1	0.467129	0.66026	0.707493
Pedmi_jg6328.t1-Pedmi_jg6329.t1	0.978326	0.814433	1.20124
Pedmi_jg6347.t1-Pedmi_jg6348.t1	NA	0.00544527	-0
Pedmi_jg6362.t1-Pedmi_jg6363.t1	0.965451	0.879303	1.09797
Pedmi_jg6368.t1-Pedmi_jg6370.t1	0.382065	0.585294	0.652774
Pedmi_jg6398.t1-Pedmi_jg6399.t1	0.858458	1.50514	0.570352
Pedmi_jg6416.t1-Pedmi_jg6417.t1	0.498958	1.16342	0.428871
Pedmi_jg6417.t1-Pedmi_jg6418.t1	0.534739	0.942545	0.567336
Pedmi_jg6474.t1-Pedmi_jg6476.t1	0.0875329	0.116167	0.75351
Pedmi_jg6475.t1-Pedmi_jg6476.t1	0.136076	0.352971	0.385515
Pedmi_jg6488.t1-Pedmi_jg6490.t1	0.0750867	0.205873	0.364722
Pedmi_jg6489.t1-Pedmi_jg6491.t1	0.132804	0.199232	0.666579
Pedmi_jg6523.t1-Pedmi_jg6524.t1	0.25517	0.633313	0.402913
Pedmi_jg6538.t1-Pedmi_jg6540.t1	0.172814	0.462074	0.373997
Pedmi_jg653.t1-Pedmi_jg654.t1	0.528138	0.425491	1.24124
Pedmi_jg654.t1-Pedmi_jg655.t1	0.0939857	0.151181	0.621675
Pedmi_jg6576.t1-Pedmi_jg6577.t1	0.765874	0.906821	0.844571
Pedmi_jg6608.t1-Pedmi_jg6609.t1	0.306418	0.45103	0.679375
Pedmi_jg6618.t1-Pedmi_jg6619.t1	1.19278	2.21283	0.539028
Pedmi_jg6635.t1-Pedmi_jg6636.t1	0.0785369	0.128205	0.61259
Pedmi_jg6637.t1-Pedmi_jg6638.t1	0.534234	NA	NA
Pedmi_jg6702.t1-Pedmi_jg6703.t1	0.0446871	0.133486	0.334768
Pedmi_jg6708.t1-Pedmi_jg6709.t1	0.805073	1.1171	0.720681
Pedmi_jg6709.t1-Pedmi_jg6710.t1	0.634099	0.914121	0.693671
Pedmi_jg6716.t1-Pedmi_jg6717.t1	0.123254	0.257925	0.477867
Pedmi_jg6741.t1-Pedmi_jg6743.t1	0.55315	0.77489	0.713844
Pedmi_jg6742.t1-Pedmi_jg6743.t1	0.419478	0.909071	0.461436
Pedmi_jg6794.t1-Pedmi_jg6796.t1	0.295198	0.474537	0.622077
Pedmi_jg6795.t1-Pedmi_jg6797.t1	0.879105	2.03394	0.432218
Pedmi_jg6796.t1-Pedmi_jg6797.t1	0.799761	1.2502	0.639706
Pedmi_jg6900.t1-Pedmi_jg6902.t1	NA	NA	NA
Pedmi_jg693.t1-Pedmi_jg694.t1	0.131963	0.161973	0.814725
Pedmi_jg694.t1-Pedmi_jg695.t1	0.873572	1.49608	0.583907
Pedmi_jg6954.t1-Pedmi_jg6955.t1	0.631201	0.854601	0.738592
Pedmi_jg6955.t1-Pedmi_jg6956.t1	0.320857	0.504657	0.635792
Pedmi_jg6964.t1-Pedmi_jg6965.t1	0.160522	0.332513	0.482755
Pedmi_jg6965.t1-Pedmi_jg6966.t1	0.0577851	0.214111	0.269883
Pedmi_jg6965.t1-Pedmi_jg6967.t1	0.283488	0.550582	0.514888
Pedmi_jg6980.t1-Pedmi_jg6981.t1	0.937329	1.88705	0.496718
Pedmi_jg6981.t1-Pedmi_jg6982.t1	0.257745	0.402419	0.640489
Pedmi_jg6993.t1-Pedmi_jg6994.t1	0.401541	1.27189	0.315704
Pedmi_jg6993.t1-Pedmi_jg6995.t1	1.31893	1.12546	1.1719
Pedmi_jg6999.t1-Pedmi_jg7000.t1	0.126181	0.104799	1.20404
Pedmi_jg7006.t1-Pedmi_jg7007.t1	0.9366	1.94413	0.481759
Pedmi_jg702.t1-Pedmi_jg703.t1	0.208089	0.317742	0.654901
Pedmi_jg7045.t1-Pedmi_jg7047.t1	0.485833	1.16221	0.418024
Pedmi_jg7046.t1-Pedmi_jg7048.t1	0.235958	0.504949	0.46729
Pedmi_jg7050.t1-Pedmi_jg7051.t1	0.125071	0.460882	0.271372
Pedmi_jg7110.t1-Pedmi_jg7111.t1	1.44037	NA	NA
Pedmi_jg7117.t1-Pedmi_jg7118.t1	1.48775	1.37542	1.08167
Pedmi_jg7139.t1-Pedmi_jg7140.t1	0.154147	0.310113	0.497066
Pedmi_jg7154.t1-Pedmi_jg7156.t1	NA	NA	NA
Pedmi_jg7198.t1-Pedmi_jg7199.t1	0.417971	2.6216	0.159433
Pedmi_jg7209.t1-Pedmi_jg7210.t1	0.573261	1.56694	0.365847
Pedmi_jg7225.t1-Pedmi_jg7226.t1	0.485667	0.961962	0.504872
Pedmi_jg7281.t1-Pedmi_jg7282.t1	0.459758	1.63214	0.281691
Pedmi_jg7304.t1-Pedmi_jg7305.t1	0.0839254	0.167851	0.499999
Pedmi_jg7315.t1-Pedmi_jg7316.t1	0.00645008	0.0207612	0.310679
Pedmi_jg7332.t1-Pedmi_jg7333.t1	0.269541	1.72672	0.1561
Pedmi_jg7336.t1-Pedmi_jg7337.t1	1.31936	1.07946	1.22224
Pedmi_jg7346.t1-Pedmi_jg7348.t1	0.341037	0.815361	0.418265
Pedmi_jg7408.t1-Pedmi_jg7409.t1	0.242631	0.388062	0.625238
Pedmi_jg7415.t1-Pedmi_jg7416.t1	0.872596	1.64687	0.52985
Pedmi_jg7418.t1-Pedmi_jg7419.t1	0.722811	1.02493	0.705229
Pedmi_jg7423.t1-Pedmi_jg7424.t1	0.30121	0.408981	0.73649
Pedmi_jg7463.t1-Pedmi_jg7464.t1	0.425812	1.7382	0.244973
Pedmi_jg7466.t1-Pedmi_jg7468.t1	1.2758	1.24243	1.02686
Pedmi_jg7474.t1-Pedmi_jg7475.t1	0.320501	0.904766	0.354237
Pedmi_jg7515.t1-Pedmi_jg7516.t1	0.423211	0.968239	0.437094
Pedmi_jg7516.t1-Pedmi_jg7517.t1	0.30342	0.72643	0.417686
Pedmi_jg7551.t1-Pedmi_jg7552.t1	NA	NA	NA
Pedmi_jg755.t1-Pedmi_jg756.t1	NA	NA	NA
Pedmi_jg756.t1-Pedmi_jg757.t1	0.145829	0.257954	0.565331
Pedmi_jg7581.t1-Pedmi_jg7582.t1	0.0153463	0.0796687	0.192626
Pedmi_jg7588.t1-Pedmi_jg7589.t1	0.0422798	0.0632815	0.668124
Pedmi_jg7644.t1-Pedmi_jg7645.t1	0.132132	0.35864	0.368424
Pedmi_jg7720.t1-Pedmi_jg7722.t1	0.249353	0.571832	0.436059
Pedmi_jg7729.t1-Pedmi_jg7730.t1	0.45525	0.480037	0.948364
Pedmi_jg7744.t1-Pedmi_jg7745.t1	0.377395	1.01004	0.373644
Pedmi_jg7753.t1-Pedmi_jg7754.t1	0.797195	1.65585	0.481443
Pedmi_jg7754.t1-Pedmi_jg7755.t1	1.02061	1.92655	0.529759
Pedmi_jg7797.t1-Pedmi_jg7798.t1	0.670414	1.92152	0.348898
Pedmi_jg7832.t1-Pedmi_jg7833.t1	0.00918785	0.017757	0.517421
Pedmi_jg7850.t1-Pedmi_jg7852.t1	0.694725	0.969845	0.716326
Pedmi_jg7853.t1-Pedmi_jg7854.t1	0.302211	0.480714	0.628671
Pedmi_jg7928.t1-Pedmi_jg7930.t1	0.0814232	0.0735277	1.10738
Pedmi_jg7991.t1-Pedmi_jg7992.t1	0.0215657	0.041429	0.520546
Pedmi_jg7992.t1-Pedmi_jg7993.t1	0.00231004	0.00690743	0.334428
Pedmi_jg7.t1-Pedmi_jg8.t1	NA	NA	NA
Pedmi_jg8009.t1-Pedmi_jg8011.t1	0.0305106	0.131244	0.232472
Pedmi_jg8020.t1-Pedmi_jg8022.t1	NA	0.0445355	-0
Pedmi_jg8034.t1-Pedmi_jg8035.t1	1.37952	1.28241	1.07573
Pedmi_jg8038.t1-Pedmi_jg8039.t1	0.0409434	0.0286583	1.42867
Pedmi_jg8048.t1-Pedmi_jg8049.t1	1.09526	0.808635	1.35445
Pedmi_jg8086.t1-Pedmi_jg8087.t1	0.612611	1.24628	0.49155
Pedmi_jg8091.t1-Pedmi_jg8093.t1	1.32525	1.47427	0.898917
Pedmi_jg8119.t1-Pedmi_jg8121.t1	NA	0.104461	-0
Pedmi_jg8147.t1-Pedmi_jg8148.t1	0.901372	1.51725	0.594084
Pedmi_jg8158.t1-Pedmi_jg8159.t1	0.678229	1.01894	0.665621
Pedmi_jg8204.t1-Pedmi_jg8206.t1	0.00808603	0.00633423	1.27656
Pedmi_jg8205.t1-Pedmi_jg8207.t1	0.000561502	NA	NA
Pedmi_jg8206.t1-Pedmi_jg8208.t1	NA	NA	NA
Pedmi_jg8267.t1-Pedmi_jg8268.t1	0.525646	1.04053	0.505171
Pedmi_jg8352.t1-Pedmi_jg8353.t1	0.680016	2.22844	0.305153
Pedmi_jg8382.t1-Pedmi_jg8383.t1	0.0203122	0.0953355	0.21306
Pedmi_jg8417.t1-Pedmi_jg8418.t1	NA	NA	NA
Pedmi_jg8467.t1-Pedmi_jg8468.t1	1.02162	0.688252	1.48437
Pedmi_jg8468.t1-Pedmi_jg8469.t1	0.187963	0.286359	0.656391
Pedmi_jg8477.t1-Pedmi_jg8478.t1	1.01938	1.54026	0.661819
Pedmi_jg849.t1-Pedmi_jg850.t1	0.0021606	0.00318138	0.679139
Pedmi_jg850.t1-Pedmi_jg851.t1	0.00324219	NA	NA
Pedmi_jg8535.t1-Pedmi_jg8536.t1	0.944762	0.854484	1.10565
Pedmi_jg8536.t1-Pedmi_jg8537.t1	1.52725	0.914774	1.66953
Pedmi_jg8547.t1-Pedmi_jg8549.t1	0.0023652	0.0356695	0.0663088
Pedmi_jg8607.t1-Pedmi_jg8608.t1	0.0468831	0.0735214	0.63768
Pedmi_jg8626.t1-Pedmi_jg8627.t1	0.531476	0.813384	0.653413
Pedmi_jg8627.t1-Pedmi_jg8628.t1	0.238324	0.43049	0.553611
Pedmi_jg8636.t1-Pedmi_jg8637.t1	0.024958	0.0517884	0.481923
Pedmi_jg863.t1-Pedmi_jg864.t1	0.674853	1.04288	0.647103
Pedmi_jg8643.t1-Pedmi_jg8644.t1	0.449241	0.783885	0.573096
Pedmi_jg864.t1-Pedmi_jg866.t1	0.503191	1.15427	0.435939
Pedmi_jg8657.t1-Pedmi_jg8659.t1	0.157278	0.202199	0.777837
Pedmi_jg865.t1-Pedmi_jg867.t1	0.781771	1.19542	0.653975
Pedmi_jg867.t1-Pedmi_jg868.t1	0.477546	1.27585	0.374296
Pedmi_jg874.t2-Pedmi_jg875.t2	0.625534	1.16109	0.538748
Pedmi_jg875.t2-Pedmi_jg877.t1	0.836175	1.1029	0.758163
Pedmi_jg878.t1-Pedmi_jg879.t1	NA	NA	NA
Pedmi_jg8884.t1-Pedmi_jg8885.t1	0.255081	0.523177	0.487561
Pedmi_jg890.t2-Pedmi_jg891.t1	1.14937	1.50054	0.765971
Pedmi_jg891.t1-Pedmi_jg892.t1	0.330749	0.561657	0.58888
Pedmi_jg8935.t1-Pedmi_jg8936.t1	0.534321	2.06721	0.258475
Pedmi_jg8941.t1-Pedmi_jg8942.t1	0.39767	0.693945	0.573057
Pedmi_jg8942.t1-Pedmi_jg8943.t1	0.454782	0.758748	0.599384
Pedmi_jg8942.t1-Pedmi_jg8944.t1	0.600775	0.808487	0.743086
Pedmi_jg8963.t1-Pedmi_jg8964.t1	0.421828	1.91196	0.220626
Pedmi_jg8989.t1-Pedmi_jg8991.t1	NA	0.00790753	-0
Pedmi_jg8997.t1-Pedmi_jg8998.t1	0.0340894	0.122775	0.277658
Pedmi_jg899.t3-Pedmi_jg899.t4	0.476573	1.10171	0.432578
Pedmi_jg9058.t1-Pedmi_jg9059.t1	0.0583755	0.079791	0.731605
Pedmi_jg905.t2-Pedmi_jg906.t2	0.110627	0.207941	0.532013
Pedmi_jg9068.t1-Pedmi_jg9070.t1	0.788991	0.696743	1.1324
Pedmi_jg9074.t1-Pedmi_jg9076.t1	0.785522	0.765334	1.02638
Pedmi_jg9105.t1-Pedmi_jg9106.t1	NA	NA	NA
Pedmi_jg911.t2-Pedmi_jg912.t1	0.16086	0.375263	0.428658
Pedmi_jg911.t2-Pedmi_jg913.t1	0.492111	0.654801	0.751543
Pedmi_jg912.t1-Pedmi_jg914.t2	0.712309	1.14616	0.621474
Pedmi_jg9140.t1-Pedmi_jg9141.t1	NA	NA	NA
Pedmi_jg9141.t1-Pedmi_jg9142.t1	NA	NA	NA
Pedmi_jg9142.t1-Pedmi_jg9143.t1	NA	0.00604985	-0
Pedmi_jg9143.t1-Pedmi_jg9144.t1	0.193778	0.240745	0.80491
Pedmi_jg9186.t1-Pedmi_jg9187.t1	0.0651108	0.200349	0.324987
Pedmi_jg9191.t1-Pedmi_jg9192.t1	0.861061	0.799841	1.07654
Pedmi_jg9192.t1-Pedmi_jg9193.t1	0.825002	0.851048	0.969395
Pedmi_jg9210.t1-Pedmi_jg9211.t1	0.434934	0.623614	0.69744
Pedmi_jg9218.t1-Pedmi_jg9219.t1	0.789277	1.15813	0.681509
Pedmi_jg9224.t1-Pedmi_jg9225.t1	0.508688	0.706418	0.720095
Pedmi_jg9233.t1-Pedmi_jg9235.t1	0.356342	0.78661	0.45301
Pedmi_jg9234.t1-Pedmi_jg9235.t1	0.347868	0.538961	0.645442
Pedmi_jg9296.t1-Pedmi_jg9297.t1	0.505056	0.736732	0.685536
Pedmi_jg9303.t1-Pedmi_jg9304.t1	0.92636	0.886371	1.04511
Pedmi_jg9352.t1-Pedmi_jg9354.t1	0.000521582	0.00135241	0.385669
Pedmi_jg9472.t1-Pedmi_jg9473.t1	0.00269607	0.000741846	3.63428
Pedmi_jg9591.t1-Pedmi_jg9592.t1	0.337658	0.6487	0.520514
Pedmi_jg9635.t1-Pedmi_jg9636.t1	1.37178	1.4806	0.926502
Pedmi_jg9665.t1-Pedmi_jg9667.t1	0.0352382	0.0370406	0.951341
Pedmi_jg9668.t1-Pedmi_jg9669.t1	0.951605	1.92702	0.493822
Pedmi_jg9669.t1-Pedmi_jg9671.t1	1.20265	2.26211	0.531651
Pedmi_jg9674.t1-Pedmi_jg9675.t1	0.514805	1.13869	0.452103
Pedmi_jg9675.t1-Pedmi_jg9676.t1	0.796181	2.15534	0.369399
Pedmi_jg9718.t1-Pedmi_jg9720.t1	0.0895113	0.121213	0.738461
Pedmi_jg9719.t1-Pedmi_jg9720.t1	0.188662	0.160313	1.17684
Pedmi_jg9724.t1-Pedmi_jg9725.t1	0.887505	2.22701	0.398518
Pedmi_jg972.t1-Pedmi_jg973.t1	0.552721	0.792837	0.697143
Pedmi_jg974.t1-Pedmi_jg975.t1	0.776784	1.63694	0.474533
Pedmi_jg9767.t1-Pedmi_jg9768.t1	0.341738	0.42125	0.811248
Pedmi_jg9768.t1-Pedmi_jg9770.t1	0.40323	1.16349	0.34657
Pedmi_jg9772.t1-Pedmi_jg9773.t1	0.452264	1.16638	0.387749
Pedmi_jg9790.t1-Pedmi_jg9791.t1	0.0236365	0.0119809	1.97285
Pedmi_jg9834.t1-Pedmi_jg9836.t1	0.0550413	0.0725108	0.759078
Pedmi_jg9867.t1-Pedmi_jg9868.t1	NA	NA	NA
Pedmi_jg9868.t1-Pedmi_jg9869.t1	NA	NA	NA
Pedmi_jg9869.t1-Pedmi_jg9870.t1	NA	NA	NA
Pedmi_jg9918.t1-Pedmi_jg9919.t1	0.0602056	0.242603	0.248165
Pedmi_jg9963.t1-Pedmi_jg9964.t1	0.3227	1.16082	0.277993
