Seq	Ka	Ks	Ka/Ks
Cz01g05060.t1-Cz01g05080.t1	0.408105	2.78284	0.146651
Cz01g09010.t1-Cz01g09030.t1	0.721216	2.11925	0.340317
Cz01g09180.t1-Cz01g09200.t1	0.363115	1.02352	0.354772
Cz01g09210.t1-Cz01g09230.t1	0.272511	0.330518	0.824499
Cz01g10090.t1-Cz01g10100.t1	0.288063	1.31895	0.218403
Cz01g10100.t1-Cz01g10120.t1	0.283691	2.00511	0.141484
Cz01g13070.t1-Cz01g13090.t1	0.317077	0.735926	0.430854
Cz01g19020.t1-Cz01g19040.t1	0.293144	0.885521	0.331041
Cz01g19030.t1-Cz01g19040.t1	0.215316	0.701145	0.307091
Cz01g19110.t1-Cz01g19130.t1	0.25194	1.19296	0.211189
Cz01g21030.t1-Cz01g21040.t1	0.176256	0.845473	0.208471
Cz01g21030.t1-Cz01g21050.t1	0.26216	0.92383	0.283775
Cz01g21120.t1-Cz01g21130.t1	0.11186	0.277773	0.402704
Cz01g21130.t1-Cz01g21140.t1	0.053833	0.173554	0.31018
Cz01g26200.t1-Cz01g26210.t1	0.561064	1.51283	0.37087
Cz01g28240.t1-Cz01g28250.t1	0.856696	2.17138	0.394539
Cz01g29200.t1-Cz01g29210.t1	0.345404	0.912709	0.378439
Cz01g32030.t1-Cz01g32050.t1	0.199946	0.385644	0.518473
Cz01g32260.t1-Cz01g32280.t1	0.0956981	0.273765	0.349563
Cz01g34080.t1-Cz01g34090.t1	0.0930925	0.168943	0.551028
Cz01g34080.t1-Cz01g34100.t1	0.717447	1.02928	0.697035
Cz01g34150.t1-Cz01g34170.t1	0.0464819	0.080102	0.580285
Cz01g34180.t1-Cz01g34200.t1	0.0195617	0.0408811	0.478502
Cz01g34210.t1-Cz01g34220.t1	0.0141783	0.0352827	0.401849
Cz01g36040.t1-Cz01g36050.t1	1.42807	5.0974	0.280157
Cz01g37050.t1-Cz01g37070.t1	0.138332	0.344443	0.40161
Cz01g37190.t1-Cz01g37210.t1	0.47785	1.27146	0.375829
Cz01g37200.t1-Cz01g37220.t1	0.0666361	0.208686	0.319313
Cz01g38200.t1-Cz01g38220.t1	0.0191124	0.0447653	0.426948
Cz01g38210.t1-Cz01g38230.t1	0.822405	NA	NA
Cz01g38250.t1-Cz01g38260.t1	0.447336	1.43514	0.311703
Cz01g44050.t1-Cz01g44060.t1	0.482065	1.74152	0.276807
Cz01g44060.t1-Cz01g44070.t1	0.421649	NA	NA
Cz01g45180.t1-Cz01g45190.t1	0.104288	0.284486	0.366585
Cz01g46100.t1-Cz01g46120.t1	0.598302	2.43275	0.245936
Cz02g01240.t1-Cz02g01250.t1	0.381276	0.518893	0.734787
Cz02g03020.t1-Cz02g03030.t1	0.39003	0.71853	0.542816
Cz02g03130.t1-Cz02g03150.t1	0.160912	0.193292	0.832482
Cz02g05070.t1-Cz02g05080.t1	0.310055	0.545505	0.568382
Cz02g06160.t1-Cz02g06170.t1	0.487334	2.18552	0.222983
Cz02g07260.t1-Cz02g07270.t1	0.134839	0.262403	0.513863
Cz02g09120.t1-Cz02g09130.t1	0.777938	NA	NA
Cz02g09150.t1-Cz02g09160.t1	0.0382882	0.207381	0.184628
Cz02g10090.t1-Cz02g10100.t1	1.5358	NA	NA
Cz02g11020.t1-Cz02g11030.t1	1.30101	2.99622	0.434216
Cz02g14050.t1-Cz02g14060.t1	0.290393	0.313006	0.927756
Cz02g19210.t1-Cz02g20010.t1	1.14836	2.04174	0.56244
Cz02g20140.t1-Cz02g20150.t1	1.26648	3.41108	0.371284
Cz02g20250.t1-Cz02g20270.t1	1.55059	NA	NA
Cz02g20270.t1-Cz02g20280.t1	0.472035	0.780634	0.604681
Cz02g21030.t1-Cz02g21050.t1	0.0632711	0.0785226	0.80577
Cz02g21060.t1-Cz02g21080.t1	0.076328	0.144785	0.527183
Cz02g21200.t1-Cz02g21220.t1	0.0806539	0.0870877	0.926123
Cz02g23110.t1-Cz02g23120.t1	0.355661	0.529555	0.671622
Cz02g26140.t1-Cz02g26160.t1	0.858483	2.34527	0.366048
Cz02g36020.t1-Cz02g36040.t1	0.220798	0.990693	0.222873
Cz02g36030.t1-Cz02g36040.t1	0.330985	5.29822	0.0624709
Cz02g36270.t1-Cz02g36280.t1	0.245074	0.375757	0.652214
Cz02g38065.t1-Cz02g38090.t1	0.148172	0.326012	0.454499
Cz02g38070.t1-Cz02g38090.t1	0.0563547	0.232452	0.242435
Cz02g38220.t1-Cz02g38230.t1	0.3724	0.876104	0.425063
Cz02g38230.t1-Cz02g38240.t1	0.322047	0.64258	0.501177
Cz02g39270.t1-Cz02g39280.t1	0.902519	4.85233	0.185997
Cz03g00060.t1-Cz03g00070.t1	0.82364	NA	NA
Cz03g01070.t1-Cz03g01080.t1	0.11332	0.354984	0.319226
Cz03g01240.t1-Cz03g01260.t1	0.20514	0.931653	0.220189
Cz03g03090.t1-Cz03g03100.t1	0.474468	0.642322	0.738675
Cz03g03170.t1-Cz03g03190.t1	0.120916	0.230047	0.525611
Cz03g03180.t1-Cz03g03200.t1	0.389039	0.758869	0.512657
Cz03g04190.t1-Cz03g05010.t1	0.27252	0.542753	0.502108
Cz03g06180.t1-Cz03g06190.t1	0.369942	2.67627	0.13823
Cz03g07190.t1-Cz03g07200.t1	0.263902	1.64562	0.160366
Cz03g15090.t1-Cz03g15110.t1	0.264469	0.382811	0.69086
Cz03g15100.t1-Cz03g15120.t1	0.350189	0.759718	0.460946
Cz03g23110.t1-Cz03g23120.t1	0.082204	0.301583	0.272575
Cz03g24040.t1-Cz03g24060.t1	0.580284	1.29301	0.448784
Cz03g24110.t1-Cz03g24120.t1	NA	NA	NA
Cz03g25170.t1-Cz03g25180.t1	0.0247257	0.0753741	0.32804
Cz03g26130.t1-Cz03g26140.t1	0.994759	1.54672	0.643141
Cz03g29010.t1-Cz03g29020.t1	1.02013	NA	NA
Cz03g29180.t1-Cz03g29200.t1	0.321247	0.36977	0.868774
Cz03g29200.t1-Cz03g29210.t1	0.238438	0.298811	0.797956
Cz03g31180.t1-Cz03g31190.t1	0.0971854	0.235835	0.412091
Cz03g31280.t1-Cz03g31290.t1	0.411261	0.722358	0.569332
Cz03g31290.t1-Cz03g32010.t1	0.579072	1.50924	0.383685
Cz03g33090.t1-Cz03g33110.t1	0.0543478	0.2468	0.22021
Cz03g38090.t1-Cz03g38110.t1	0.35467	0.542458	0.65382
Cz04g00080.t1-Cz04g00090.t1	0.788798	1.82934	0.431194
Cz04g00200.t1-Cz04g00210.t1	0.487323	1.85756	0.262346
Cz04g02230.t1-Cz04g02240.t1	0.172379	0.555522	0.310301
Cz04g08170.t1-Cz04g08180.t1	1.01931	NA	NA
Cz04g10230.t1-Cz04g10240.t1	0.0944949	0.131792	0.716998
Cz04g10280.t1-Cz04g10290.t1	0.222235	1.03238	0.215265
Cz04g10280.t1-Cz04g11010.t1	0.502721	1.15399	0.435637
Cz04g12280.t1-Cz04g13010.t1	0.213695	0.33075	0.646092
Cz04g13010.t1-Cz04g13020.t1	0.152958	0.46809	0.326771
Cz04g13030.t1-Cz04g13040.t1	0.39204	1.24122	0.31585
Cz04g14150.t1-Cz04g14160.t1	0.441264	1.6585	0.266063
Cz04g16110.t1-Cz04g16120.t1	0.390924	1.04253	0.374978
Cz04g17220.t1-Cz04g17230.t1	0.742026	NA	NA
Cz04g20030.t1-Cz04g20040.t1	0.165511	1.056	0.156734
Cz04g20220.t1-Cz04g20230.t1	0.379483	1.0614	0.357531
Cz04g30060.t1-Cz04g30070.t1	0.598747	1.77094	0.338095
Cz04g34030.t1-Cz04g34040.t1	0.347741	1.06904	0.325284
Cz04g36130.t1-Cz04g36140.t1	1.45016	3.57435	0.405712
Cz04g38180.t1-Cz04g38190.t1	0.530278	2.23165	0.237617
Cz04g40180.t1-Cz04g40190.t1	0.00740498	0.0520301	0.142321
Cz04g40200.t1-Cz04g40210.t1	0.0421104	0.0755696	0.557241
Cz04g40220.t1-Cz04g40230.t1	0.00740498	0.0520301	0.142321
Cz05g03110.t1-Cz05g03130.t1	0.194624	0.417747	0.46589
Cz05g04100.t1-Cz05g04120.t1	0.3111	0.182551	1.70418
Cz05g05230.t1-Cz05g05240.t1	0.449685	3.63092	0.123849
Cz05g06110.t1-Cz05g06120.t1	0.0174999	0.052957	0.330455
Cz05g06120.t1-Cz05g06130.t1	0.00140681	NA	NA
Cz05g08030.t1-Cz05g08040.t1	0.434377	1.00339	0.432911
Cz05g18220.t1-Cz05g18240.t1	0.248548	0.470426	0.528347
Cz05g19150.t1-Cz05g19170.t1	0.0874477	0.173976	0.502643
Cz05g19160.t1-Cz05g19170.t1	0.0899301	0.435186	0.206648
Cz05g19170.t1-Cz05g19190.t1	0.10282	0.256559	0.400765
Cz05g25110.t1-Cz05g25130.t1	0.0420333	0.0401014	1.04818
Cz05g25120.t1-Cz05g25140.t1	0.141943	0.312141	0.45474
Cz05g28130.t1-Cz05g28150.t1	0.971167	1.89529	0.512412
Cz05g28190.t1-Cz05g28200.t1	0.759183	2.49094	0.304777
Cz05g35120.t1-Cz05g35130.t1	0.147215	0.349941	0.420684
Cz05g37220.t1-Cz05g37240.t1	0.00352798	0.00164834	2.14033
Cz06g00140.t1-Cz06g00150.t1	0.437006	0.884233	0.49422
Cz06g01060.t1-Cz06g01070.t1	0.947069	2.23853	0.423076
Cz06g01060.t1-Cz06g01080.t1	1.38752	3.01764	0.459801
Cz06g02200.t1-Cz06g02220.t1	0.04727	0.216296	0.218543
Cz06g06140.t1-Cz06g06150.t1	0.0686529	0.271618	0.252756
Cz06g11040.t1-Cz06g11050.t1	0.114473	0.47506	0.240965
Cz06g11040.t1-Cz06g11060.t1	0.0347502	0.103979	0.334204
Cz06g12090.t1-Cz06g12100.t1	0.968208	1.40955	0.686891
Cz06g18060.t1-Cz06g18080.t1	0.150271	0.267736	0.561266
Cz06g29140.t1-Cz06g29150.t1	0.191367	1.12016	0.170839
Cz06g32220.t1-Cz06g32230.t1	0.0590999	0.0960339	0.615407
Cz06g32270.t1-Cz06g33010.t1	0.00188991	0.00651293	0.290179
Cz06g34020.t1-Cz06g34030.t1	0.490051	0.896746	0.546478
Cz06g34030.t1-Cz06g34050.t1	0.308233	0.526023	0.585969
Cz06g34070.t1-Cz06g34080.t1	0.582142	1.43552	0.405527
Cz06g36120.t1-Cz06g36130.t1	0.0815064	0.286475	0.284515
Cz06g36130.t1-Cz06g36140.t1	0.0951759	0.251411	0.378567
Cz07g02100.t1-Cz07g02110.t1	0.0509362	0.118522	0.429761
Cz07g04080.t1-Cz07g04100.t1	NA	NA	NA
Cz07g05030.t1-Cz07g05040.t1	0.569738	2.17792	0.261597
Cz07g05200.t1-Cz07g05210.t1	0.136952	0.185778	0.737181
Cz07g05240.t1-Cz07g05250.t1	0.400103	1.74859	0.228814
Cz07g08230.t1-Cz07g08240.t1	0.293424	0.253402	1.15794
Cz07g11150.t1-Cz07g11160.t1	0.851878	3.55947	0.239327
Cz07g12120.t1-Cz07g12130.t1	0.318935	0.459518	0.694064
Cz07g18240.t1-Cz07g18260.t1	0.27647	0.379167	0.729151
Cz07g19020.t1-Cz07g19040.t1	0.107902	0.823488	0.13103
Cz07g22240.t1-Cz07g23020.t1	0.386678	1.33275	0.290134
Cz07g24020.t1-Cz07g24030.t1	0.851322	1.54976	0.549324
Cz07g26150.t1-Cz07g26160.t1	1.28688	NA	NA
Cz07g26180.t1-Cz07g26190.t1	0.626037	3.15263	0.198576
Cz07g27150.t1-Cz07g27160.t1	0.344892	1.28602	0.268185
Cz07g28190.t1-Cz07g28210.t1	0.123369	0.281883	0.437659
Cz07g30160.t1-Cz07g30170.t1	0.229744	1.16072	0.197933
Cz07g30170.t1-Cz07g30180.t1	0.227019	0.484102	0.468949
Cz07g30170.t1-Cz07g30190.t1	0.19577	0.318485	0.61469
Cz07g32080.t1-Cz07g32090.t1	0.911495	NA	NA
Cz07g33190.t1-Cz07g33210.t1	1.01985	2.3356	0.436653
Cz08g01180.t1-Cz08g01190.t1	0.347613	0.459694	0.756183
Cz08g03300.t1-Cz08g04010.t1	0.960734	2.09042	0.459589
Cz08g03300.t1-Cz08g04020.t1	0.548621	1.64171	0.334175
Cz08g07090.t1-Cz08g07110.t1	0.236034	0.892495	0.264465
Cz08g07100.t1-Cz08g07110.t1	0.11265	0.848557	0.132755
Cz08g07140.t1-Cz08g07150.t1	0.616062	1.65394	0.372481
Cz08g09230.t1-Cz08g09240.t1	1.14518	2.78433	0.411295
Cz08g11070.t1-Cz08g11080.t1	0.407047	1.44579	0.28154
Cz08g16080.t1-Cz08g16090.t1	0.606831	1.13382	0.535208
Cz08g25270.t1-Cz08g25280.t1	0.357887	1.42096	0.251863
Cz09g00320.t1-Cz09g00340.t1	0.847523	NA	NA
Cz09g02260.t1-Cz09g03010.t1	0.0472263	0.29623	0.159425
Cz09g02260.t1-Cz09g03020.t1	0.107719	0.331126	0.325311
Cz09g04130.t1-Cz09g04140.t1	0.69837	1.92116	0.363516
Cz09g05220.t1-Cz09g05230.t1	0.143222	0.358607	0.399383
Cz09g06250.t1-Cz09g06260.t1	1.06333	3.37523	0.315038
Cz09g08120.t1-Cz09g08140.t1	0.234923	0.283245	0.829399
Cz09g08130.t1-Cz09g08150.t1	0.138592	0.325785	0.425409
Cz09g11160.t1-Cz09g11170.t1	0.647583	2.38543	0.271474
Cz09g16130.t1-Cz09g16140.t1	0.289288	0.613338	0.471662
Cz09g17060.t1-Cz09g17070.t1	0.114271	0.184278	0.620101
Cz09g21160.t1-Cz09g21170.t1	0.164161	0.691193	0.237504
Cz09g23130.t1-Cz09g23140.t1	0.47338	0.567477	0.834185
Cz09g24210.t1-Cz09g24220.t1	0.618086	1.22897	0.502932
Cz09g24220.t1-Cz09g24230.t1	1.09793	2.64734	0.414727
Cz09g24220.t1-Cz09g24240.t1	0.960473	2.03001	0.473136
Cz09g25210.t1-Cz09g25220.t1	0.775899	1.54657	0.501689
Cz09g25230.t1-Cz09g25240.t1	1.34956	1.95829	0.689154
Cz09g25240.t1-Cz09g25250.t1	1.1792	2.09525	0.562794
Cz09g26040.t1-Cz09g26060.t1	0.105798	0.157084	0.673514
Cz09g27110.t1-Cz09g27130.t1	0.325076	0.399156	0.814409
Cz09g27120.t1-Cz09g27140.t1	0.0800643	0.155285	0.515597
Cz09g27130.t1-Cz09g27150.t1	0.554273	0.637141	0.869937
Cz09g31110.t1-Cz09g31120.t1	0.381011	2.09567	0.181809
Cz09g31230.t1-Cz09g31240.t1	0.650285	1.1638	0.558761
Cz09g32100.t1-Cz09g32110.t1	1.29307	NA	NA
Cz09g32200.t1-Cz09g32220.t1	1.69746	NA	NA
Cz10g00010.t1-Cz10g00020.t1	0.0635238	0.273382	0.232362
Cz10g04150.t1-Cz10g04160.t1	0.714754	NA	NA
Cz10g06100.t1-Cz10g06120.t1	0.0760217	0.112743	0.67429
Cz10g06220.t1-Cz10g06230.t1	0.418769	1.2802	0.327113
Cz10g13220.t1-Cz10g13230.t1	0.691895	2.57486	0.268712
Cz10g13230.t1-Cz10g14010.t1	0.483805	1.33866	0.36141
Cz10g14280.t1-Cz10g14290.t1	1.08237	3.01503	0.35899
Cz10g18050.t1-Cz10g18070.t1	0.125938	0.341748	0.368511
Cz10g18060.t1-Cz10g18070.t1	0.180764	0.362849	0.498178
Cz10g18070.t1-Cz10g18080.t1	0.177058	0.405036	0.437142
Cz10g18280.t1-Cz10g19010.t1	0.109684	0.399793	0.274352
Cz10g19030.t1-Cz10g19040.t1	0.309988	NA	NA
Cz10g19060.t1-Cz10g19070.t1	1.13022	2.234	0.505918
Cz10g19130.t1-Cz10g19140.t1	0.925837	2.3755	0.389744
Cz10g21170.t1-Cz10g21180.t1	1.20643	2.83504	0.425541
Cz10g25130.t1-Cz10g25150.t1	0.0719109	0.176695	0.406978
Cz10g26150.t1-Cz10g26160.t1	0.2361	0.520672	0.453453
Cz11g01030.t1-Cz11g01040.t1	0.878072	1.63028	0.538602
Cz11g01270.t1-Cz11g01280.t1	0.589174	1.16395	0.506183
Cz11g01290.t1-Cz11g01310.t1	0.316926	0.429292	0.738252
Cz11g02060.t1-Cz11g02080.t1	0.98656	2.77361	0.355695
Cz11g03310.t1-Cz11g03320.t1	0.406726	0.751044	0.541547
Cz11g03310.t1-Cz11g03330.t1	0.226977	0.412478	0.550275
Cz11g04050.t1-Cz11g04060.t1	0.962055	NA	NA
Cz11g04150.t1-Cz11g04170.t1	0.281244	0.417486	0.673663
Cz11g04260.t1-Cz11g04280.t1	0.170887	0.392031	0.435902
Cz11g04270.t1-Cz11g04280.t1	0.116144	0.398557	0.291412
Cz11g05190.t1-Cz11g05200.t1	0.0734131	0.276959	0.265068
Cz11g07230.t1-Cz11g08010.t1	1.00194	2.03509	0.492331
Cz11g09310.t1-Cz11g09320.t1	1.13772	NA	NA
Cz11g09310.t1-Cz11g09330.t1	0.457799	1.77946	0.257268
Cz11g09340.t1-Cz11g10010.t1	0.35218	0.911967	0.386177
Cz11g10010.t1-Cz11g10030.t1	0.0648144	0.100873	0.642532
Cz11g12110.t1-Cz11g12120.t1	0.296529	1.08208	0.274036
Cz11g13090.t1-Cz11g13100.t1	0.310601	1.043	0.297797
Cz11g13100.t1-Cz11g13110.t1	1.01648	3.68631	0.275743
Cz11g13170.t1-Cz11g13180.t1	0.225283	0.701563	0.321117
Cz11g18210.t1-Cz11g18220.t1	1.10055	2.21501	0.496859
Cz11g18220.t1-Cz11g18230.t1	0.845139	2.93333	0.288115
Cz11g21150.t1-Cz11g21160.t1	0.162547	0.43981	0.369585
Cz11g21160.t1-Cz11g21170.t1	0.651981	1.59457	0.408876
Cz11g21170.t1-Cz11g21180.t1	0.44653	1.48774	0.30014
Cz11g27010.t1-Cz11g27020.t1	0.541824	1.582	0.342494
Cz11g27020.t1-Cz11g27030.t1	0.571381	2.83729	0.201383
Cz11g27160.t1-Cz11g27180.t1	1.18171	3.23671	0.365095
Cz12g00140.t1-Cz12g00150.t1	0.140848	0.552447	0.254954
Cz12g02090.t1-Cz12g02100.t1	0.339644	1.23346	0.275359
Cz12g05120.t1-Cz12g05130.t1	0.485016	0.411975	1.17729
Cz12g10250.t1-Cz12g10260.t1	0.440037	1.42989	0.307743
Cz12g14200.t1-Cz12g14210.t1	0.452129	1.59357	0.283721
Cz12g23150.t1-Cz12g23170.t1	0.0932966	0.331488	0.281448
Cz12g23160.t1-Cz12g23170.t1	0.269668	0.694337	0.388382
Cz12g23300.t1-Cz12g24010.t1	0.575872	2.16397	0.266119
Cz12g25160.t1-Cz12g25170.t1	0.321601	3.39556	0.0947122
Cz12g25180.t1-Cz12g25190.t1	0.530787	2.44623	0.216982
Cz13g00250.t1-Cz13g00260.t1	1.02952	2.39579	0.429721
Cz13g02070.t1-Cz13g02080.t1	1.09894	NA	NA
Cz13g02140.t1-Cz13g02160.t1	0.22664	0.410142	0.55259
Cz13g02150.t1-Cz13g02160.t1	0.307045	0.588651	0.521608
Cz13g02190.t1-Cz13g02210.t1	0.169446	0.217616	0.778647
Cz13g02200.t1-Cz13g02220.t1	NA	NA	NA
Cz13g03080.t1-Cz13g03100.t1	0.21951	0.460132	0.477058
Cz13g03100.t1-Cz13g03110.t1	0.238336	0.362026	0.65834
Cz13g05050.t1-Cz13g05060.t1	0.134293	0.670202	0.200377
Cz13g05060.t1-Cz13g05070.t1	0.246637	0.80315	0.307087
Cz13g06170.t1-Cz13g06180.t1	0.283615	0.501508	0.565524
Cz13g06240.t1-Cz13g06250.t1	0.104628	0.467576	0.223768
Cz13g07040.t1-Cz13g07060.t1	0.866569	1.40309	0.617616
Cz13g07060.t1-Cz13g07080.t1	0.71608	NA	NA
Cz13g07070.t1-Cz13g07090.t1	0.248387	0.623753	0.398214
Cz13g07200.t1-Cz13g07210.t1	0.495834	1.23414	0.401765
Cz13g07240.t1-Cz13g07250.t1	0.906926	NA	NA
Cz13g07240.t1-Cz13g07260.t1	0.81452	2.55166	0.319212
Cz13g08190.t1-Cz13g08200.t1	0.175944	0.253871	0.693043
Cz13g09090.t1-Cz13g09100.t1	0.487401	2.76445	0.17631
Cz13g10140.t1-Cz13g10150.t1	0.219758	0.499695	0.439784
Cz13g10150.t1-Cz13g10170.t1	0.209486	0.4251	0.492792
Cz13g11260.t1-Cz13g11280.t1	0.0229642	0.141562	0.16222
Cz13g11320.t1-Cz13g11330.t1	0.0797407	0.271502	0.293702
Cz13g16020.t1-Cz13g16030.t1	0.971873	NA	NA
Cz13g16250.t1-Cz13g17010.t1	0.207954	0.325533	0.638812
Cz14g02030.t1-Cz14g02040.t1	0.474231	1.5278	0.3104
Cz14g03130.t1-Cz14g03140.t1	0.307157	2.49766	0.122977
Cz14g04230.t1-Cz14g04240.t1	0.159688	0.614761	0.259756
Cz14g05070.t1-Cz14g05080.t1	0.63449	2.36759	0.267989
Cz14g05080.t1-Cz14g05090.t1	0.512341	1.66224	0.308223
Cz14g05100.t1-Cz14g05110.t1	0.242465	0.572028	0.423869
Cz14g05110.t1-Cz14g05120.t1	0.497931	1.10314	0.451376
Cz14g07020.t1-Cz14g07040.t1	0.617599	2.46959	0.250081
Cz14g07040.t1-Cz14g07050.t1	1.24297	1.76137	0.705681
Cz14g09220.t1-Cz14g10020.t1	0.163334	0.787405	0.207433
Cz14g11040.t1-Cz14g11050.t1	1.29247	NA	NA
Cz14g12230.t1-Cz14g12240.t1	0.0225174	0.154782	0.145478
Cz14g15210.t1-Cz14g15230.t1	0.441408	0.63597	0.69407
Cz14g16140.t1-Cz14g16150.t1	0.045986	0.159399	0.288496
Cz14g17140.t1-Cz14g17150.t1	0.210999	0.334224	0.631312
Cz14g17150.t1-Cz14g17170.t1	0.168193	0.289167	0.581648
Cz14g20100.t1-Cz14g20110.t1	0.863768	1.99972	0.431945
Cz14g21170.t1-Cz14g21190.t1	0.54658	0.921471	0.593161
Cz14g21180.t1-Cz14g21190.t1	0.311778	0.596146	0.52299
Cz14g23030.t1-Cz14g23040.t1	0.0983943	0.392359	0.250776
Cz14g26060.t1-Cz14g26070.t1	0.71975	2.71654	0.264951
Cz15g06070.t1-Cz15g06080.t1	0.954333	1.37364	0.694745
Cz15g06120.t1-Cz15g06130.t1	0.0364507	0.197922	0.184167
Cz15g09270.t1-Cz15g10010.t1	0.0922127	0.205951	0.447741
Cz15g09280.t1-Cz15g10010.t1	0.200737	0.531417	0.377739
Cz15g10320.t1-Cz15g10330.t1	0.265341	1.22495	0.216613
Cz15g10340.t1-Cz15g10360.t1	0.258931	0.543803	0.476149
Cz15g10360.t1-Cz15g11010.t1	1.17196	1.89985	0.61687
Cz15g12210.t1-Cz15g12220.t1	0.181765	0.38889	0.467394
Cz15g16040.t1-Cz15g16060.t1	0.438244	0.660469	0.663535
Cz15g18210.t1-Cz15g18220.t1	0.683757	NA	NA
Cz15g21190.t1-Cz15g21210.t1	1.23167	3.54854	0.347093
Cz15g21200.t1-Cz15g21210.t1	0.191399	0.500654	0.382299
Cz16g02190.t1-Cz16g02200.t1	0.542319	1.5172	0.357447
Cz16g02200.t1-Cz16g02210.t1	0.166537	0.299989	0.555142
Cz16g02210.t1-Cz16g02220.t1	0.300856	0.451231	0.666745
Cz16g04160.t1-Cz16g04170.t1	0.578494	2.01996	0.286389
Cz16g05040.t1-Cz16g05050.t1	0.0106367	NA	NA
Cz16g10180.t1-Cz16g10190.t1	0.185845	0.390255	0.476214
Cz16g10220.t1-Cz16g10230.t1	0.640781	1.94464	0.329511
Cz16g11210.t1-Cz16g11230.t1	0.116032	0.285748	0.406065
Cz16g11220.t1-Cz16g11240.t1	0.397619	0.793626	0.501016
Cz16g11240.t1-Cz16g11250.t1	0.321772	0.548117	0.587051
Cz16g12080.t1-Cz16g12090.t1	0.305667	NA	NA
Cz16g14010.t1-Cz16g14020.t1	1.16319	2.94701	0.394703
Cz16g14230.t1-Cz16g14250.t1	0.134788	0.288053	0.467928
Cz16g14240.t1-Cz16g14250.t1	0.075276	0.274319	0.27441
Cz16g15090.t1-Cz16g15100.t1	0.304551	0.936884	0.325069
Cz16g20160.t1-Cz16g20170.t1	0.439712	1.18247	0.371859
Cz17g03080.t1-Cz17g03090.t1	0.663816	2.26825	0.292656
Cz17g08040.t1-Cz17g08050.t1	0.327325	0.820301	0.39903
Cz17g09030.t1-Cz17g09040.t1	0.352962	1.08391	0.325637
Cz17g10210.t1-Cz17g10220.t1	NA	NA	NA
Cz17g13110.t1-Cz17g13120.t1	0.734052	2.93023	0.25051
Cz17g13120.t1-Cz17g13130.t1	0.267614	0.643042	0.416169
Cz17g13130.t1-Cz17g13140.t1	0.231849	0.499069	0.464563
Cz17g13190.t1-Cz17g13200.t1	0.0916581	0.254703	0.359862
Cz17g15050.t1-Cz17g15070.t1	0.31021	0.463995	0.668564
Cz17g17010.t1-Cz17g17020.t1	0.00288493	NA	NA
Cz17g17020.t1-Cz17g17030.t1	0.0411532	0.0703544	0.584942
Cz17g17030.t1-Cz17g17040.t1	0.0443581	0.0805641	0.550594
Cz17g17040.t1-Cz17g17050.t1	0.00433023	0.00877737	0.493341
Cz17g17170.t1-Cz17g17190.t1	0.139235	0.280336	0.49667
Cz18g00130.t1-Cz18g00150.t1	0.0905746	0.209146	0.433069
Cz18g00140.t1-Cz18g00150.t1	0.205081	0.241194	0.850277
Cz18g00190.t1-Cz18g00200.t1	0.0852218	0.33915	0.251281
Cz18g00220.t1-Cz18g00230.t1	0.732932	0.943419	0.77689
Cz18g00230.t1-Cz18g01010.t1	0.163679	0.146505	1.11723
Cz18g01010.t1-Cz18g01020.t1	0.378814	0.451923	0.838228
Cz18g01020.t1-Cz18g01030.t1	0.27938	0.235269	1.18749
Cz18g01030.t1-Cz18g01040.t1	0.363362	0.3382	1.0744
Cz18g01040.t1-Cz18g01050.t1	0.075097	0.0941472	0.797655
Cz18g01050.t1-Cz18g01060.t1	0.319954	0.377942	0.84657
Cz18g08010.t1-Cz18g08020.t1	NA	NA	NA
Cz18g08010.t1-Cz18g08030.t1	0.0223208	0.0334273	0.667741
Cz18g09190.t1-Cz18g09230.t1	0.0613154	0.219041	0.279927
Cz18g10100.t1-Cz18g10110.t1	0.26197	0.456949	0.573301
Cz19g00020.t1-Cz19g00030.t1	0.242209	0.480157	0.504437
Cz19g01070.t1-Cz19g01080.t1	0.535355	NA	NA
Cz19g01210.t1-Cz19g01230.t1	0.267937	0.888834	0.301447
Cz19g01220.t1-Cz19g01230.t1	0.239864	0.99496	0.241079
Cz19g02220.t1-Cz19g02230.t1	0.120932	0.393445	0.307368
Cz19g02240.t1-Cz19g02250.t1	0.155773	0.338842	0.459722
Cz19g03060.t1-Cz19g03070.t1	0.77814	2.68998	0.289273
Cz19g07090.t1-Cz19g07110.t1	0.124371	0.130803	0.950828
Cz19g09020.t1-Cz19g09030.t1	0.0977816	0.271481	0.360178
UNPLg00129.t1-UNPLg00130.t1	0.336135	0.481536	0.698048
UNPLg00133.t1-UNPLg00134.t1	0.304594	0.431926	0.705198
UNPLg00135.t1-UNPLg00136.t1	0.139615	0.438505	0.318388
UNPLg00136.t1-UNPLg00138.t1	0.275003	0.605036	0.454524
UNPLg00137.t1-UNPLg00139.t1	0.308084	0.776055	0.396987
UNPLg00371.t1-UNPLg00372.t1	0.414246	0.998985	0.414667
UNPLg00430.t1-UNPLg00432.t1	0.890021	NA	NA
UNPLg00432.t1-UNPLg00433.t1	0.475562	1.35891	0.349959
UNPLg00433.t1-UNPLg00434.t1	0.128679	0.216254	0.595036
UNPLg00451.t1-UNPLg00453.t1	0.358921	1.25826	0.285253
UNPLg00452.t1-UNPLg00454.t1	0.0983053	0.279723	0.351438
UNPLg00462.t1-UNPLg00464.t1	0.309911	0.567917	0.545698
UNPLg00757.t1-UNPLg00758.t1	0.137271	0.181986	0.754298
UNPLg00779.t1-UNPLg00780.t1	0.58062	0.79618	0.729257
