Seq	Ka	Ks	Ka/Ks
GER24467.1-GER24468.1	0.850666	2.7282	0.311805
GER24478.1-GER24479.1	0.160579	0.562136	0.285658
GER24479.1-GER24481.1	0.0374913	0.292364	0.128235
GER24548.1-GER24549.1	0.39702	1.22838	0.323206
GER24556.1-GER24557.1	0.484628	1.82439	0.265638
GER24574.1-GER24575.1	0.0683013	0.152051	0.449201
GER24624.1-GER24625.1	1.12248	2.2769	0.492988
GER24637.1-GER24638.1	1.3767	2.39572	0.57465
GER24645.1-GER24646.1	0.150303	0.156042	0.96322
GER24646.1-GER24647.1	0.255786	0.595423	0.429587
GER24649.1-GER24650.1	0.603683	0.967013	0.624276
GER24650.1-GER24651.1	0.342227	0.430909	0.794197
GER24661.1-GER24662.1	0.654842	1.70677	0.383673
GER24692.1-GER24693.1	0.487951	0.499456	0.976966
GER24712.1-GER24713.1	0.350872	0.763143	0.459772
GER24717.1-GER24718.1	0.544541	1.43393	0.379755
GER24740.1-GER24741.1	0.304487	0.446251	0.682322
GER24745.1-GER24746.1	0.0788261	0.302059	0.260962
GER24752.1-GER24753.1	0.11044	0.242942	0.454594
GER24759.1-GER24760.1	0.183363	0.326734	0.5612
GER24760.1-GER24761.1	0.177632	0.29751	0.597061
GER24761.1-GER24762.1	0.101381	0.265534	0.3818
GER24762.1-GER24763.1	0.118112	0.247534	0.477154
GER24764.1-GER24765.1	0.107575	0.136791	0.78642
GER24775.1-GER24777.1	0.735786	2.33193	0.315527
GER24776.1-GER24777.1	0.327216	1.32712	0.24656
GER24826.1-GER24828.1	NA	NA	NA
GER24827.1-GER24829.1	NA	NA	NA
GER24828.1-GER24830.1	NA	NA	NA
GER24829.1-GER24831.1	NA	NA	NA
GER24868.1-GER24870.1	0.485424	NA	NA
GER25020.1-GER25021.1	0.193544	0.424182	0.456276
GER25025.1-GER25026.1	0.42943	1.42895	0.300521
GER25047.1-GER25049.1	0.452043	1.64815	0.274273
GER25048.1-GER25050.1	0.0484903	0.0795513	0.609547
GER25049.1-GER25051.1	0.208072	0.406441	0.511936
GER25074.1-GER25076.1	0.0570772	0.199189	0.286548
GER25112.1-GER25113.1	0.638121	0.934699	0.682702
GER25146.1-GER25147.1	0.552494	0.78029	0.708062
GER25148.1-GER25149.1	0.0313005	0.0365312	0.856815
GER25150.1-GER25152.1	1.28247	3.58489	0.357742
GER25286.1-GER25287.1	0.0734839	0.0630262	1.16593
GER25289.1-GER25291.1	0.58494	0.595083	0.982956
GER25311.1-GER25313.1	0.223868	0.32911	0.680222
GER25332.1-GER25333.1	0.0666213	0.675527	0.0986211
GER25376.1-GER25377.1	0.3134	0.778557	0.40254
GER25391.1-GER25393.1	0.176677	0.288989	0.611361
GER25426.1-GER25427.1	0.767659	4.23809	0.181133
GER25447.1-GER25448.1	0.523257	1.00019	0.523159
GER25464.1-GER25465.1	0.0954968	0.174872	0.546096
GER25501.1-GER25504.1	0.347459	2.75002	0.126348
GER25526.1-GER25528.1	NA	NA	NA
GER25527.1-GER25529.1	0.050279	0.0585971	0.858047
GER25565.1-GER25566.1	0.244585	2.13738	0.114432
GER25570.1-GER25571.1	0.125636	0.192621	0.652244
GER25586.1-GER25587.1	0.286177	0.478359	0.598247
GER25589.1-GER25591.1	0.545275	NA	NA
GER25591.1-GER25593.1	0.065332	0.0837483	0.7801
GER25641.1-GER25643.1	0.421884	0.674948	0.625062
GER25715.1-GER25716.1	0.407277	NA	NA
GER25789.1-GER25790.1	0.491877	3.13702	0.156798
GER25821.1-GER25823.1	0.439208	0.331791	1.32375
GER25822.1-GER25823.1	0.295694	0.346351	0.853742
GER25850.1-GER25851.1	0.448218	1.61534	0.277475
GER25979.1-GER25981.1	1.03033	1.51554	0.679848
GER25985.1-GER25986.1	0.731104	1.34774	0.542468
GER25993.1-GER25994.1	0.524622	4.45555	0.117746
GER25994.1-GER25995.1	0.762203	1.66095	0.458897
GER25994.1-GER25996.1	0.862508	2.40526	0.358592
GER26012.1-GER26013.1	1.31649	NA	NA
GER26026.1-GER26027.1	0.02208	0.107012	0.206332
GER26063.1-GER26065.1	0.470409	0.826431	0.569205
GER26065.1-GER26066.1	0.471313	0.753976	0.625103
GER26081.1-GER26083.1	0.25264	1.4737	0.171433
GER26102.1-GER26103.1	0.10738	0.241562	0.444525
GER26103.1-GER26104.1	0.0344824	0.0610508	0.564815
GER26132.1-GER26134.1	0.15726	0.825578	0.190485
GER26134.1-GER26135.1	0.213996	0.852568	0.251002
GER26135.1-GER26136.1	0.226055	0.942765	0.239779
GER26144.1-GER26145.1	0.0538429	0.18358	0.293294
GER26197.1-GER26199.1	1.07213	1.82603	0.587136
GER26208.1-GER26210.1	0.0530989	0.257473	0.206231
GER26210.1-GER26211.1	0.194941	1.31505	0.148238
GER26401.1-GER26403.1	0.267808	1.89291	0.14148
GER26415.1-GER26416.1	1.15636	2.32845	0.496621
GER26422.1-GER26424.1	0.0322253	0.115263	0.27958
GER26423.1-GER26425.1	0.0605038	0.0730944	0.827749
GER26458.1-GER26459.1	1.22852	2.01722	0.609013
GER26481.1-GER26482.1	0.0971805	0.452029	0.214987
GER26495.1-GER26496.1	0.760149	2.90167	0.261969
GER26512.1-GER26513.1	0.151128	0.260485	0.580178
GER26568.1-GER26570.1	0.113541	0.460891	0.246351
GER26569.1-GER26570.1	0.186913	0.41967	0.44538
GER26576.1-GER26577.1	0.289825	0.324502	0.893136
GER26622.1-GER26623.1	0.334264	0.572959	0.583399
GER26637.1-GER26638.1	0.021721	0.00988879	2.19653
GER26679.1-GER26680.1	0.341655	0.6839	0.499568
GER26681.1-GER26682.1	0.252682	0.399538	0.632434
GER26686.1-GER26687.1	0.280745	0.30086	0.933144
GER26687.1-GER26688.1	0.267624	0.466888	0.573209
GER26703.1-GER26704.1	0.531037	0.98077	0.541449
GER26717.1-GER26718.1	0.0357026	0.0722518	0.494142
GER26752.1-GER26753.1	0.37567	1.12908	0.332723
GER26754.1-GER26755.1	0.687907	0.932348	0.737822
GER26817.1-GER26819.1	0.142095	0.680504	0.208809
GER26847.1-GER26848.1	NA	NA	NA
GER26856.1-GER26857.1	0.0122681	0.125067	0.0980923
GER26951.1-GER26953.1	0.00174173	0.0789204	0.0220695
GER26974.1-GER26975.1	0.181768	1.55972	0.116539
GER27162.1-GER27164.1	0.698224	0.89254	0.782289
GER27217.1-GER27218.1	0.229696	1.42034	0.161719
GER27254.1-GER27255.1	0.400121	0.837165	0.477948
GER27254.1-GER27256.1	0.37691	0.675255	0.558175
GER27261.1-GER27263.1	0.146832	0.397114	0.369749
GER27283.1-GER27285.1	0.118995	0.279201	0.426197
GER27286.1-GER27287.1	0.115828	0.109244	1.06027
GER27287.1-GER27288.1	0.0763218	0.122758	0.621724
GER27288.1-GER27289.1	1.39009	NA	NA
GER27352.1-GER27353.1	0.258256	0.497278	0.519339
GER27477.1-GER27478.1	0.257075	2.11199	0.121722
GER27478.1-GER27479.1	0.0183548	0.134491	0.136476
GER27497.1-GER27498.1	0.0155244	0.0174366	0.890334
GER27498.1-GER27499.1	0.153321	0.199013	0.770408
GER27517.1-GER27519.1	0.407314	1.81829	0.224009
GER27544.1-GER27545.1	0.317951	0.555576	0.572292
GER27579.1-GER27580.1	0.073065	0.178686	0.408903
GER27610.1-GER27611.1	0.00683183	0.0826616	0.0826482
GER27615.1-GER27616.1	0.30093	1.07632	0.279591
GER27740.1-GER27741.1	0.897138	NA	NA
GER27765.1-GER27766.1	0.666854	1.01146	0.659298
GER27766.1-GER27767.1	0.633641	1.37249	0.461672
GER27766.1-GER27768.1	0.536195	0.957239	0.560148
GER27776.1-GER27778.1	0.606977	1.98828	0.305278
GER27798.1-GER27799.1	0.515677	1.41814	0.363629
GER27860.1-GER27862.1	0.0870344	0.38735	0.224692
GER27862.1-GER27863.1	0.0477145	0.169258	0.281905
GER27875.1-GER27876.1	0.424688	0.879688	0.482771
GER27881.1-GER27882.1	0.023659	0.158239	0.149514
GER27910.1-GER27911.1	0.108792	0.361803	0.300694
GER27915.1-GER27916.1	0.418942	NA	NA
GER27955.1-GER27956.1	0.441177	2.02266	0.218117
GER27959.1-GER27961.1	0.0945877	0.255729	0.369875
GER27960.1-GER27962.1	1.07412	2.37486	0.452288
GER27966.1-GER27967.1	0.356093	0.459759	0.77452
GER27985.1-GER27986.1	0.414537	1.54539	0.268241
GER27986.1-GER27988.1	0.0791322	0.255701	0.309471
GER27988.1-GER27989.1	0.267146	1.1027	0.242265
GER28004.1-GER28005.1	0.240949	1.58846	0.151687
GER28033.1-GER28034.1	0.550767	1.63426	0.337014
GER28034.1-GER28036.1	0.270735	1.56339	0.173172
GER28111.1-GER28113.1	0.16542	0.638704	0.258993
GER28131.1-GER28132.1	0.204394	0.98738	0.207006
GER28135.1-GER28136.1	0.673973	1.10426	0.610341
GER28236.1-GER28238.1	0.0378905	0.0311424	1.21668
GER28238.1-GER28240.1	0.0131073	NA	NA
GER28283.1-GER28284.1	0.682358	2.0153	0.338589
GER28315.1-GER28316.1	0.0291339	0.483974	0.0601973
GER28362.1-GER28363.1	0.462763	1.22576	0.377531
GER28439.1-GER28441.1	0.327266	0.400468	0.81721
GER28447.1-GER28448.1	0.208782	0.136893	1.52515
GER28466.1-GER28468.1	1.20913	2.57171	0.470167
GER28467.1-GER28469.1	0.498621	0.705972	0.70629
GER28468.1-GER28470.1	0.331454	0.577674	0.573774
GER28508.1-GER28509.1	0.376234	0.599479	0.627602
GER28598.1-GER28599.1	0.0475375	0.141723	0.335424
GER28622.1-GER28624.1	0.0596741	0.171134	0.348697
GER28670.1-GER28672.1	0.464252	0.461163	1.0067
GER28683.1-GER28685.1	0.0896344	0.131704	0.680573
GER28719.1-GER28720.1	0.0842386	0.19584	0.43014
GER28743.1-GER28745.1	0.284566	0.289313	0.983592
GER28762.1-GER28761.1	0.0434767	0.0840936	0.517004
GER28797.1-GER28798.1	0.149479	0.188098	0.794691
GER28853.1-GER28854.1	0.621918	1.10083	0.564952
GER28926.1-GER28927.1	0.0391131	0.101021	0.387179
GER28945.1-GER28946.1	0.365245	0.464845	0.785736
GER28946.1-GER28947.1	0.704488	2.05456	0.342889
GER29061.1-GER29062.1	0.0443782	0.181947	0.243907
GER29075.1-GER29076.1	0.124774	0.179668	0.694469
GER29075.1-GER29077.1	0.134926	0.288126	0.468288
GER29105.1-GER29106.1	0.0862607	0.221319	0.389757
GER29106.1-GER29108.1	0.124318	0.192152	0.646976
GER29122.1-GER29123.1	0.0747588	0.159844	0.467698
GER29152.1-GER29154.1	0.433581	1.55793	0.278306
GER29175.1-GER29177.1	0.437606	0.604976	0.723345
GER29218.1-GER29219.1	0.264827	0.429571	0.616491
GER29253.1-GER29254.1	0.107769	0.118109	0.912451
GER29278.1-GER29279.1	0.118922	0.155099	0.766747
GER29284.1-GER29286.1	0.766839	1.71671	0.44669
GER29358.1-GER29359.1	0.384919	0.463615	0.830255
GER29440.1-GER29442.1	1.32365	NA	NA
GER29442.1-GER29443.1	0.709734	1.39777	0.50776
GER29443.1-GER29444.1	0.574944	0.970868	0.592196
GER29462.1-GER29464.1	0.0686024	0.12327	0.556521
GER29516.1-GER29517.1	1.60747	NA	NA
GER29545.1-GER29547.1	0.407364	NA	NA
GER29578.1-GER29579.1	0.437808	0.665084	0.658274
GER29578.1-GER29580.1	0.16981	0.342541	0.495737
GER29583.1-GER29585.1	0.133261	0.18099	0.736291
GER29589.1-GER29590.1	0.715862	1.03225	0.693497
GER29650.1-GER29652.1	0.0364523	0.0288002	1.2657
GER29720.1-GER29721.1	0.481574	NA	NA
GER29769.1-GER29770.1	0.290634	0.481195	0.603984
GER29780.1-GER29782.1	0.231886	1.17553	0.19726
GER29790.1-GER29792.1	0.219256	NA	NA
GER29810.1-GER29811.1	0.526253	0.628245	0.837656
GER29840.1-GER29841.1	0.034803	0.157571	0.220871
GER29860.1-GER29862.1	0.770673	1.09174	0.705914
GER29875.1-GER29876.1	0.42744	1.78446	0.239535
GER29882.1-GER29883.1	0.772585	1.45425	0.531259
GER29981.1-GER29982.1	0.0237853	0.0654003	0.363687
GER29982.1-GER29984.1	0.0340607	0.157215	0.216651
GER29985.1-GER29986.1	0.109688	0.272895	0.401943
GER29986.1-GER29987.1	0.136881	0.28502	0.480249
GER30043.1-GER30045.1	0.446442	1.14356	0.390398
GER30118.1-GER30120.1	0.00800084	0.00722711	1.10706
GER30234.1-GER30235.1	0.350999	1.41601	0.247878
GER30267.1-GER30268.1	0.118875	0.154602	0.768907
GER30268.1-GER30269.1	0.356535	0.828764	0.430201
GER30282.1-GER30283.1	1.15266	2.34133	0.492309
GER30538.1-GER30539.1	0.20275	1.01056	0.200632
GER30539.1-GER30540.1	0.295861	1.81965	0.162592
GER30566.1-GER30567.1	0.417432	0.445177	0.937676
GER30580.1-GER30581.1	0.336414	1.5606	0.215568
GER30627.1-GER30628.1	0.203812	0.216219	0.942618
GER30650.1-GER30652.1	0.282097	0.530353	0.531903
GER30652.1-GER30654.1	0.163263	0.325584	0.501446
GER30729.1-GER30731.1	1.09478	NA	NA
GER30733.1-GER30734.1	0.0667006	0.100149	0.666017
GER30750.1-GER30752.1	0.55392	NA	NA
GER30825.1-GER30826.1	0.468058	1.65192	0.283342
GER30827.1-GER30828.1	0.0920382	0.158859	0.579369
GER30828.1-GER30829.1	0.149051	0.255056	0.584387
GER30829.1-GER30830.1	0.222861	0.447314	0.498221
GER30830.1-GER30831.1	0.660249	1.88401	0.350448
GER30838.1-GER30840.1	0.591134	2.30081	0.256924
GER30847.1-GER30849.1	0.468645	1.4525	0.322647
GER30929.1-GER30931.1	0.325836	0.544944	0.597925
GER30931.1-GER30932.1	0.0927985	0.325062	0.28548
GER30941.1-GER30942.1	0.54182	NA	NA
GER30989.1-GER30990.1	0.401162	2.93872	0.136509
GER30990.1-GER30991.1	0.204428	1.42731	0.143226
GER30993.1-GER30994.1	0.492025	1.85185	0.265694
GER30994.1-GER30995.1	0.148378	0.354099	0.419031
GER31051.1-GER31052.1	0.281795	0.300148	0.938854
GER31058.1-GER31059.1	1.71701	NA	NA
GER31083.1-GER31084.1	0.430711	0.580524	0.741935
GER31181.1-GER31183.1	0.306013	0.313365	0.97654
GER31184.1-GER31186.1	0.142854	0.220472	0.647946
GER31185.1-GER31187.1	0.034107	0.0295297	1.15501
GER31201.1-GER31202.1	0.835366	1.36104	0.613771
GER31240.1-GER31242.1	0.10946	0.794891	0.137704
GER31252.1-GER31253.1	0.352461	2.46527	0.142971
GER31267.1-GER31268.1	0.0464578	0.241905	0.19205
GER31337.1-GER31338.1	0.0114092	0.194329	0.0587105
GER31419.1-GER31420.1	0.251334	0.352471	0.713063
GER31476.1-GER31478.1	0.456019	0.759479	0.600437
GER31487.1-GER31488.1	0.979819	1.74488	0.561538
GER31506.1-GER31508.1	0.183468	0.295721	0.62041
GER31507.1-GER31509.1	0.49692	0.703486	0.706368
GER31509.1-GER31510.1	0.0339333	0.029819	1.13798
GER31513.1-GER31515.1	0.277216	0.930097	0.29805
GER31514.1-GER31516.1	0.0512448	0.120044	0.426885
GER31588.1-GER31590.1	0.368496	1.19906	0.307322
GER31600.1-GER31601.1	0.250455	0.32601	0.768242
GER31613.1-GER31615.1	0.653046	1.81685	0.359438
GER31652.1-GER31654.1	0.573106	0.64396	0.889972
GER31676.1-GER31677.1	0.721501	1.02136	0.706413
GER31679.1-GER31680.1	0.0541184	0.0748361	0.723159
GER31742.1-GER31744.1	1.44254	2.75831	0.522978
GER31785.1-GER31786.1	0.637589	1.0983	0.580526
GER31809.1-GER31810.1	0.152304	0.222613	0.684164
GER31810.1-GER31812.1	0.23629	0.776164	0.304433
GER31829.1-GER31830.1	0.727438	NA	NA
GER31854.1-GER31855.1	0.0389973	0.158829	0.24553
GER32051.1-GER32052.1	0.0310422	1.39783	0.0222075
GER32070.1-GER32071.1	0.0037549	0.175654	0.0213767
GER32127.1-GER32129.1	0.375001	0.994954	0.376903
GER32157.1-GER32158.1	0.0951603	0.186001	0.511611
GER32161.1-GER32162.1	0.0695471	0.564068	0.123296
GER32170.1-GER32172.1	0.0164488	0.0566216	0.290504
GER32172.1-GER32174.1	0.0520915	0.207581	0.250946
GER32196.1-GER32197.1	0.0648314	0.140726	0.460692
GER32205.1-GER32206.1	0.0397074	0.0664959	0.59714
GER32215.1-GER32216.1	0.0652991	0.133878	0.487752
GER32227.1-GER32228.1	0.131541	0.25437	0.517123
GER32260.1-GER32261.1	1.08659	2.56954	0.422874
GER32272.1-GER32273.1	0.0532812	0.113606	0.468999
GER32296.1-GER32298.1	0.0665561	0.116244	0.572557
GER32303.1-GER32304.1	0.0621935	0.0690706	0.900433
GER32304.1-GER32305.1	0.171266	0.338745	0.50559
GER32350.1-GER32351.1	0.185411	0.186065	0.996481
GER32351.1-GER32352.1	0.306158	0.290707	1.05315
GER32531.1-GER32532.1	0.311443	1.03258	0.301615
GER32580.1-GER32582.1	0.0261007	0.114708	0.22754
GER32627.1-GER32628.1	0.311819	0.503934	0.61877
GER32630.1-GER32631.1	0.00694103	NA	NA
GER32647.1-GER32649.1	0.0673439	0.141298	0.47661
GER32649.1-GER32650.1	0.164798	0.317605	0.518876
GER32681.1-GER32683.1	0.826955	2.12595	0.388982
GER32682.1-GER32684.1	0.216112	0.378907	0.570357
GER32684.1-GER32685.1	0.276246	0.421495	0.655396
GER32751.1-GER32752.1	0.00444758	NA	NA
GER32810.1-GER32811.1	0.302461	0.531952	0.568586
GER32818.1-GER32820.1	0.120801	0.353943	0.3413
GER32819.1-GER32821.1	0.254491	0.271581	0.937073
GER32843.1-GER32844.1	0.887402	NA	NA
GER32866.1-GER32867.1	0.649161	0.996153	0.651668
GER33012.1-GER33014.1	0.116898	0.253472	0.461186
GER33113.1-GER33114.1	0.0277241	0.413934	0.0669771
GER33155.1-GER33156.1	0.511444	1.47233	0.347371
GER33272.1-GER33273.1	0.308385	0.33817	0.911922
GER33289.1-GER33290.1	0.00348296	NA	NA
GER33404.1-GER33406.1	0.0546014	0.101122	0.539957
GER33423.1-GER33424.1	0.42305	1.39889	0.302417
GER33424.1-GER33425.1	0.472709	NA	NA
GER33441.1-GER33442.1	1.33867	3.04642	0.439425
GER33456.1-GER33457.1	0.309757	0.829585	0.373387
GER33529.1-GER33530.1	0.20564	0.988737	0.207982
GER33601.1-GER33602.1	0.0519892	0.0639079	0.813502
GER33625.1-GER33626.1	0.379708	0.907046	0.41862
GER33630.1-GER33631.1	0.125181	0.170703	0.733326
GER33631.1-GER33633.1	0.178808	0.24398	0.732879
GER33632.1-GER33634.1	0.124229	0.180823	0.687023
GER33702.1-GER33703.1	0.983752	1.77504	0.554214
GER33709.1-GER33710.1	0.0739036	0.224741	0.328839
GER33787.1-GER33788.1	0.0758839	0.0961059	0.789586
GER33818.1-GER33819.1	0.195826	0.33705	0.581001
GER33834.1-GER33836.1	0.736714	1.18672	0.620797
GER33866.1-GER33867.1	0.11716	NA	NA
GER33955.1-GER33956.1	0.492673	0.547945	0.899129
GER34027.1-GER34028.1	0.674069	NA	NA
GER34043.1-GER34045.1	0.0473379	0.429972	0.110095
GER34085.1-GER34086.1	1.46696	NA	NA
GER34091.1-GER34094.1	1.5542	NA	NA
GER34111.1-GER34112.1	0.178599	0.280872	0.635875
GER34131.1-GER34132.1	1.45048	3.48629	0.416054
GER34131.1-GER34133.1	1.84821	NA	NA
GER34153.1-GER34155.1	1.6189	NA	NA
GER34179.1-GER34181.1	0.397996	1.08406	0.367136
GER34181.1-GER34182.1	0.0684195	0.131124	0.521792
GER34216.1-GER34217.1	0.525829	2.63084	0.199871
GER34244.1-GER34245.1	0.281081	NA	NA
GER34279.1-GER34281.1	0.613648	NA	NA
GER34307.1-GER34309.1	0.926097	NA	NA
GER34372.1-GER34373.1	0.359546	NA	NA
GER34428.1-GER34429.1	0.0245869	0.303533	0.0810023
GER34511.1-GER34512.1	0.0235168	0.109693	0.214388
GER34533.1-GER34534.1	0.0385966	0.0662213	0.582842
GER34606.1-GER34609.1	0.200218	0.491757	0.407148
GER34612.1-GER34613.1	0.223444	0.293679	0.760844
GER34663.1-GER34664.1	0.171652	0.207089	0.828884
GER34721.1-GER34722.1	0.589848	0.759136	0.776999
GER34733.1-GER34734.1	0.223811	0.317109	0.705785
GER34794.1-GER34795.1	0.048375	0.0462408	1.04615
GER34828.1-GER34829.1	0.499291	NA	NA
GER34843.1-GER34844.1	0.5098	1.93917	0.262896
GER34850.1-GER34851.1	0.369437	2.41232	0.153146
GER34851.1-GER34853.1	0.291935	1.30075	0.224436
GER34881.1-GER34883.1	1.20307	NA	NA
GER34921.1-GER34922.1	0.169287	0.225272	0.751479
GER34995.1-GER34997.1	0.0596798	0.155522	0.383738
GER34999.1-GER35000.1	0.184242	0.463354	0.397627
GER35025.1-GER35027.1	0.0557043	0.240706	0.231421
GER35026.1-GER35028.1	0.0825458	0.0864647	0.954676
GER35027.1-GER35029.1	0.0409949	0.196305	0.208833
GER35029.1-GER35030.1	0.0570065	0.228263	0.24974
GER35043.1-GER35044.1	0.271632	0.41107	0.660792
GER35044.1-GER35045.1	0.578049	1.30887	0.441638
GER35049.1-GER35050.1	0.599526	1.09106	0.549491
GER35067.1-GER35068.1	0.27212	0.67885	0.400854
GER35067.1-GER35069.1	0.0483181	0.0968541	0.498875
GER35096.1-GER35097.1	0.75304	1.9919	0.378051
GER35167.1-GER35168.1	0.1161	0.132158	0.878496
GER35226.1-GER35228.1	0.306096	0.472102	0.648369
GER35236.1-GER35237.1	0.272757	0.612504	0.445315
GER35237.1-GER35239.1	0.351637	0.9845	0.357173
GER35408.1-GER35409.1	0.109077	0.128141	0.851224
GER35409.1-GER35410.1	0.298298	0.484935	0.61513
GER35410.1-GER35411.1	0.776105	2.38232	0.325778
GER35507.1-GER35509.1	0.0597809	0.557572	0.107216
GER35532.1-GER35533.1	0.420188	0.970477	0.432971
GER35535.1-GER35536.1	0.0909903	0.11378	0.799704
GER35537.1-GER35538.1	0.174613	0.431784	0.404399
GER35581.1-GER35582.1	0.00156544	0.0101937	0.15357
GER35625.1-GER35626.1	0.171356	0.267671	0.640174
GER35636.1-GER35638.1	0.359905	1.5029	0.239474
GER35647.1-GER35649.1	0.52954	NA	NA
GER35649.1-GER35650.1	0.402237	1.67657	0.239918
GER35663.1-GER35664.1	0.0354859	0.209382	0.16948
GER35671.1-GER35672.1	0.176857	0.142528	1.24086
GER35678.1-GER35679.1	0.576605	0.9907	0.582018
GER35682.1-GER35683.1	1.17705	NA	NA
GER35750.1-GER35751.1	0.185148	0.314247	0.589178
GER35752.1-GER35753.1	0.182345	0.275877	0.660967
GER35753.1-GER35754.1	0.185448	0.309865	0.598479
GER35754.1-GER35756.1	0.156897	0.392893	0.399338
GER35782.1-GER35783.1	NA	NA	NA
GER35783.1-GER35784.1	NA	NA	NA
GER35784.1-GER35785.1	0.0302118	0.027531	1.09737
GER35785.1-GER35786.1	NA	NA	NA
GER35786.1-GER35787.1	NA	NA	NA
GER35787.1-GER35788.1	0.0276117	0.0126921	2.1755
GER35810.1-GER35811.1	1.12683	1.65684	0.680107
GER35908.1-GER35910.1	0.434233	1.25765	0.345274
GER35910.1-GER35912.1	0.0661122	0.114489	0.577454
GER35916.1-GER35917.1	0.0734367	0.230276	0.318908
GER35917.1-GER35918.1	0.403738	0.909013	0.444149
GER35918.1-GER35920.1	0.403413	1.10386	0.365457
GER35944.1-GER35945.1	0.00883187	0.0128961	0.684848
GER36002.1-GER36003.1	1.3649	NA	NA
GER36012.1-GER36013.1	0.932272	NA	NA
GER36026.1-GER36028.1	0.12938	0.523714	0.247042
GER36028.1-GER36029.1	0.0948297	0.38229	0.248057
GER36061.1-GER36062.1	0.0162013	0.15153	0.106918
GER36062.1-GER36063.1	0.72068	3.45623	0.208516
GER36120.1-GER36121.1	0.449309	1.02983	0.436296
GER36126.1-GER36127.1	0.755371	1.21865	0.619842
GER36152.1-GER36153.1	0.392861	NA	NA
GER36339.1-GER36340.1	1.16755	2.31409	0.504539
GER36378.1-GER36380.1	0.107788	0.353628	0.304807
GER36489.1-GER36490.1	0.0941894	0.316898	0.297223
GER36537.1-GER36539.1	0.136622	0.443927	0.307758
GER36573.1-GER36575.1	0.0885472	0.407113	0.2175
GER36577.1-GER36578.1	0.312615	2.06989	0.15103
GER36622.1-GER36624.1	0.0451442	0.0323294	1.39638
GER36628.1-GER36629.1	0.00922518	0.0386375	0.238762
GER36713.1-GER36714.1	0.062079	0.263215	0.235849
GER36754.1-GER36755.1	0.0922353	0.408433	0.225827
GER36770.1-GER36772.1	1.00859	1.97288	0.511229
GER36802.1-GER36803.1	0.517577	2.51566	0.205742
GER36803.1-GER36805.1	0.230121	0.518248	0.444037
GER36925.1-GER36926.1	0.0756151	0.212976	0.355041
GER36951.1-GER36953.1	0.529834	1.56361	0.338853
GER36999.1-GER37001.1	0.0355641	0.0249981	1.42267
GER37057.1-GER37058.1	NA	NA	NA
GER37077.1-GER37078.1	0.282128	0.842264	0.334964
GER37175.1-GER37177.1	0.370158	1.05984	0.349259
GER37204.1-GER37206.1	0.729477	NA	NA
GER37212.1-GER37213.1	0.431907	0.76935	0.561392
GER37249.1-GER37250.1	0.335954	0.188958	1.77793
GER37258.1-GER37259.1	0.0779973	0.106608	0.731628
GER37344.1-GER37345.1	0.0489197	0.0651251	0.751165
GER37351.1-GER37353.1	0.601418	1.10914	0.542239
GER37369.1-GER37371.1	0.256498	0.333477	0.769162
GER37370.1-GER37371.1	0.051811	0.0846677	0.611934
GER37471.1-GER37472.1	0.388058	0.48128	0.806305
GER37486.1-GER37488.1	0.0179991	0.0925416	0.194497
GER37492.1-GER37493.1	0.19959	0.344145	0.579958
GER37547.1-GER37549.1	0.0564109	0.271049	0.208121
GER37549.1-GER37551.1	0.0478875	0.244529	0.195836
GER37559.1-GER37561.1	0.600118	0.844674	0.710474
GER37561.1-GER37562.1	0.0808952	0.132098	0.612385
GER37574.1-GER37575.1	0.391177	1.24749	0.313571
GER37597.1-GER37598.1	0.466672	0.878763	0.531056
GER37603.1-GER37604.1	0.0621413	0.165778	0.374845
GER37615.1-GER37616.1	0.0487327	0.0976149	0.499235
GER37637.1-GER37639.1	0.104251	0.181588	0.57411
GER37654.1-GER37655.1	0.0265323	0.0788993	0.336281
GER37654.1-GER37656.1	1.18144	NA	NA
GER37682.1-GER37684.1	0.703006	0.685124	1.0261
GER37686.1-GER37687.1	0.251881	2.03781	0.123604
GER37728.1-GER37729.1	0.1616	0.256862	0.629129
GER37729.1-GER37730.1	0.453227	1.21137	0.374144
GER37751.1-GER37752.1	0.84098	1.55316	0.541464
GER37796.1-GER37797.1	0.274752	1.40123	0.196078
GER37797.1-GER37798.1	0.666895	2.4919	0.267625
GER37819.1-GER37821.1	0.316305	1.54286	0.205012
GER37997.1-GER37998.1	0.0577418	0.126487	0.456504
GER38006.1-GER38008.1	0.0268648	0.0664617	0.404215
GER38046.1-GER38048.1	0.574128	0.830006	0.691715
GER38047.1-GER38048.1	0.492532	0.945415	0.520969
GER38048.1-GER38049.1	1.59855	2.24224	0.712925
GER38397.1-GER38398.1	0.495524	0.785162	0.631111
GER38440.1-GER38441.1	0.169193	0.212568	0.795948
GER38457.1-GER38458.1	0.330184	0.375638	0.878994
GER38466.1-GER38468.1	0.637599	1.34073	0.475562
GER38500.1-GER38502.1	0.286925	0.502031	0.571529
GER38511.1-GER38512.1	0.47813	0.950146	0.503217
GER38583.1-GER38584.1	0.212406	0.384691	0.552147
GER38684.1-GER38685.1	0.22381	1.04865	0.213426
GER38725.1-GER38727.1	0.017108	0.0352071	0.485924
GER38751.1-GER38752.1	0.699616	0.933174	0.749717
GER38771.1-GER38773.1	0.114278	1.12354	0.101712
GER38772.1-GER38773.1	0.124003	1.74522	0.0710531
GER38786.1-GER38788.1	0.162451	0.312615	0.519651
GER38797.1-GER38799.1	0.107212	0.130616	0.820815
GER38815.1-GER38817.1	0.0778087	0.0755109	1.03043
GER38817.1-GER38818.1	NA	NA	NA
GER38819.1-GER38820.1	0.453409	0.73969	0.612971
GER38845.1-GER38846.1	1.47575	NA	NA
GER38846.1-GER38847.1	0.235168	0.22621	1.0396
GER38869.1-GER38870.1	0.186219	1.35216	0.13772
GER38875.1-GER38876.1	0.145235	0.194844	0.745392
GER38877.1-GER38878.1	0.16654	0.403673	0.412562
GER38921.1-GER38922.1	0.0969316	0.213607	0.453786
GER39254.1-GER39255.1	0.183417	0.386905	0.474061
GER39286.1-GER39287.1	0.150458	0.214195	0.702436
GER39406.1-GER39407.1	0.919545	2.86462	0.321
GER39434.1-GER39435.1	0.0401563	0.123615	0.32485
GER39437.1-GER39438.1	0.0820322	0.0993772	0.825463
GER39482.1-GER39483.1	0.0110061	0.0717649	0.153364
GER39511.1-GER39513.1	0.0166195	0.15854	0.104828
GER39531.1-GER39532.1	0.0273727	0.188554	0.145172
GER39624.1-GER39626.1	0.00716078	NA	NA
GER39696.1-GER39698.1	1.43024	NA	NA
GER39705.1-GER39706.1	0.591889	1.1026	0.536812
GER39705.1-GER39707.1	0.237505	0.382016	0.621716
GER39772.1-GER39773.1	0.367653	1.5295	0.240375
GER39773.1-GER39774.1	0.790432	2.1938	0.360302
GER39862.1-GER39864.1	0.296747	0.709391	0.418312
GER39882.1-GER39883.1	0.493411	0.651331	0.757544
GER39883.1-GER39884.1	0.657965	1.55129	0.424142
GER39891.1-GER39893.1	0.0973871	0.176729	0.551055
GER39927.1-GER39929.1	0.383351	0.69187	0.554079
GER39935.1-GER39937.1	0.21472	0.374602	0.573193
GER39958.1-GER39959.1	0.0896523	0.191386	0.468437
GER39977.1-GER39978.1	0.0184036	0.330705	0.0556496
GER39980.1-GER39981.1	0.0783267	0.725014	0.108035
GER39994.1-GER39996.1	0.0451274	0.12038	0.374875
GER40059.1-GER40060.1	0.374132	1.36389	0.274312
GER40120.1-GER40121.1	0.273069	0.491395	0.555703
GER40138.1-GER40140.1	0.306528	0.291131	1.05289
GER40140.1-GER40141.1	0.238365	0.174208	1.36828
GER40186.1-GER40187.1	NA	NA	NA
GER40229.1-GER40231.1	0.604188	1.91542	0.315434
GER40277.1-GER40278.1	0.0715187	0.109583	0.652645
GER40295.1-GER40296.1	0.360335	0.488076	0.738277
GER40308.1-GER40309.1	0.0352663	0.146207	0.241209
GER40347.1-GER40349.1	NA	NA	NA
GER40424.1-GER40426.1	0.556436	0.714513	0.778762
GER40426.1-GER40427.1	0.0952747	0.0849637	1.12136
GER40448.1-GER40449.1	0.0695995	0.0759163	0.916792
GER40458.1-GER40460.1	0.219649	0.141036	1.5574
GER40463.1-GER40465.1	0.339321	NA	NA
GER40473.1-GER40475.1	0.0728934	0.178483	0.408407
GER40499.1-GER40501.1	0.152387	0.19969	0.763117
GER40513.1-GER40514.1	0.684301	1.27925	0.534925
GER40531.1-GER40532.1	0.0295423	0.111302	0.265425
GER40537.1-GER40539.1	0.158898	0.417766	0.380352
GER40548.1-GER40550.1	0.269492	0.789029	0.341549
GER40552.1-GER40554.1	0.0810072	0.133296	0.607722
GER40554.1-GER40555.1	0.153125	0.253824	0.603271
GER40554.1-GER40556.1	0.227956	0.281777	0.808996
GER40629.1-GER40630.1	0.0894333	0.0569602	1.5701
GER40691.1-GER40693.1	0.194342	0.150451	1.29173
GER40708.1-GER40710.1	0.085529	0.122492	0.69824
GER40739.1-GER40741.1	0.05935	0.0959184	0.618755
GER40763.1-GER40764.1	0.0909115	0.122099	0.744572
GER40776.1-GER40777.1	0.288092	1.07198	0.268746
GER40781.1-GER40782.1	0.310843	2.92526	0.106262
GER40784.1-GER40786.1	0.3655	0.635034	0.575559
GER40796.1-GER40797.1	1.06442	NA	NA
GER40796.1-GER40798.1	1.05734	2.96327	0.356816
GER40849.1-GER40850.1	0.0870837	0.198967	0.437678
GER40867.1-GER40869.1	0.283296	0.237107	1.1948
GER40869.1-GER40870.1	0.0958091	0.058594	1.63513
GER40882.1-GER40883.1	0.235	0.333372	0.704919
GER40922.1-GER40924.1	0.144175	0.332019	0.434238
GER40970.1-GER40971.1	0.265455	0.373515	0.710696
GER40989.1-GER40990.1	0.221871	0.161332	1.37524
GER41079.1-GER41081.1	0.17442	0.474297	0.367745
GER41089.1-GER41091.1	0.471429	0.715168	0.659187
GER41090.1-GER41092.1	0.135854	0.209061	0.64983
GER41136.1-GER41137.1	0.0642336	0.129805	0.494848
GER41168.1-GER41170.1	0.428705	1.9175	0.223575
GER41222.1-GER41224.1	0.13672	0.575403	0.237607
GER41247.1-GER41248.1	0.0836564	0.129156	0.647718
GER41280.1-GER41281.1	0.732684	0.839943	0.872302
GER41416.1-GER41417.1	0.691191	2.03118	0.34029
GER41515.1-GER41516.1	0.154916	0.251398	0.616215
GER41516.1-GER41518.1	0.123805	0.194099	0.637846
GER41611.1-GER41613.1	0.149282	0.248814	0.599976
GER41713.1-GER41714.1	0.411753	0.909991	0.45248
GER41769.1-GER41770.1	0.295876	0.57468	0.514852
GER41771.1-GER41772.1	0.556099	NA	NA
GER41774.1-GER41776.1	0.503065	1.02741	0.489644
GER41776.1-GER41777.1	0.00991545	0.0498073	0.199076
GER41834.1-GER41835.1	0.310158	0.491812	0.630644
GER41835.1-GER41836.1	0.0711027	0.107774	0.65974
GER41856.1-GER41858.1	0.188829	0.235847	0.800644
GER41871.1-GER41873.1	0.0558139	0.0989952	0.563804
GER41880.1-GER41882.1	0.694216	1.58342	0.438429
GER41966.1-GER41967.1	0.325634	0.341538	0.953434
GER41988.1-GER41990.1	0.436683	0.885518	0.493138
GER41990.1-GER41991.1	0.538982	0.795793	0.67729
GER42024.1-GER42025.1	0.139648	0.262221	0.53256
GER42027.1-GER42029.1	0.453422	0.716723	0.632633
GER42029.1-GER42030.1	0.488051	0.713903	0.683638
GER42039.1-GER42040.1	0.021645	NA	NA
GER42061.1-GER42063.1	0.0264135	0.0648909	0.407045
GER42070.1-GER42071.1	0.293648	0.331649	0.885418
GER42123.1-GER42124.1	0.723257	1.28876	0.561203
GER42200.1-GER42201.1	0.330183	0.553016	0.597058
GER42219.1-GER42220.1	0.193896	0.289083	0.670726
GER42234.1-GER42236.1	0.993727	1.66307	0.597525
GER42298.1-GER42300.1	0.149944	0.321154	0.466889
GER42337.1-GER42338.1	0.14444	0.21595	0.668859
GER42355.1-GER42356.1	0.23996	0.319453	0.751161
GER42357.1-GER42359.1	0.228182	0.372333	0.612845
GER42397.1-GER42399.1	0.182996	0.342295	0.534615
GER42495.1-GER42497.1	0.056025	1.26958	0.0441286
GER42505.1-GER42506.1	1.46191	NA	NA
GER42524.1-GER42526.1	0.259678	1.95229	0.133012
GER42562.1-GER42563.1	0.18293	0.247871	0.738008
GER42601.1-GER42603.1	0.243579	0.44918	0.542275
GER42609.1-GER42610.1	0.429008	0.859568	0.499097
GER42665.1-GER42666.1	0.270243	0.867682	0.311454
GER42676.1-GER42677.1	0.0224918	NA	NA
GER42677.1-GER42678.1	0.0187925	NA	NA
GER42832.1-GER42833.1	0.425651	0.652334	0.652505
GER42835.1-GER42836.1	0.0359907	0.0385043	0.934718
GER42865.1-GER42866.1	0.0628802	0.242677	0.259111
GER42872.1-GER42873.1	0.291759	1.18997	0.245183
GER42899.1-GER42900.1	0.58793	2.71022	0.216931
GER42900.1-GER42902.1	0.600363	2.39626	0.250541
GER42970.1-GER42971.1	0.0379259	0.0810597	0.467876
GER42989.1-GER42991.1	0.0577152	0.0620576	0.930026
GER42990.1-GER42992.1	0.0106267	0.0491473	0.216222
GER42998.1-GER43000.1	0.267022	0.538347	0.496004
GER43028.1-GER43029.1	0.289022	0.420001	0.688145
GER43029.1-GER43030.1	0.367916	0.540038	0.681277
GER43030.1-GER43031.1	0.181836	0.282375	0.643954
GER43033.1-GER43034.1	0.368739	0.464135	0.794464
GER43035.1-GER43036.1	0.218805	0.26029	0.840623
GER43083.1-GER43084.1	0.60245	1.3692	0.44
GER43100.1-GER43102.1	0.584944	2.17344	0.269132
GER43107.1-GER43109.1	0.317285	0.705877	0.44949
GER43108.1-GER43110.1	0.233517	0.369994	0.631136
GER43110.1-GER43111.1	0.344992	1.19323	0.289124
GER43162.1-GER43164.1	0.531541	0.643946	0.825442
GER43163.1-GER43165.1	0.098527	0.119584	0.823915
GER43165.1-GER43166.1	0.169315	0.132739	1.27555
GER43220.1-GER43222.1	0.0851354	0.140227	0.607125
GER43274.1-GER43275.1	0.782437	0.854395	0.91578
GER43275.1-GER43276.1	0.115174	0.139756	0.82411
GER43277.1-GER43278.1	0.343006	0.878082	0.390631
GER43323.1-GER43324.1	0.0187589	0.0329317	0.569629
GER43360.1-GER43362.1	0.341982	0.478127	0.715253
GER43369.1-GER43370.1	0.0686356	0.0908235	0.755703
GER43371.1-GER43372.1	0.338376	0.403286	0.839045
GER43434.1-GER43436.1	1.96632	2.05462	0.957024
GER43442.1-GER43444.1	0.280947	0.658133	0.426885
GER43479.1-GER43480.1	1.70358	NA	NA
GER43528.1-GER43529.1	0.0837242	0.187753	0.445927
GER43529.1-GER43531.1	0.095781	0.213077	0.449514
GER43530.1-GER43532.1	0.202219	0.345494	0.585305
GER43546.1-GER43548.1	0.231222	0.845604	0.27344
GER43562.1-GER43563.1	0.0097939	0.0362904	0.269876
GER43630.1-GER43632.1	0.268292	1.10789	0.242165
GER43631.1-GER43633.1	0.583466	1.03058	0.566152
GER43656.1-GER43658.1	0.246015	0.450067	0.546618
GER43849.1-GER43850.1	0.0474288	0.109168	0.434456
GER43863.1-GER43865.1	0.295609	0.543775	0.543624
GER43898.1-GER43899.1	0.044152	0.0639905	0.689978
GER43921.1-GER43923.1	0.0724922	0.135729	0.534096
GER43927.1-GER43928.1	0.509149	1.10274	0.461712
GER43971.1-GER43973.1	0.125402	0.222342	0.564004
GER44069.1-GER44070.1	0.0843097	0.148033	0.569532
GER44098.1-GER44099.1	0.132537	0.154643	0.857046
GER44099.1-GER44100.1	0.304422	0.527838	0.576733
GER44192.1-GER44193.1	0.0917106	0.145452	0.630523
GER44200.1-GER44201.1	0.176338	0.260957	0.675736
GER44202.1-GER44203.1	0.198838	0.244628	0.812819
GER44203.1-GER44204.1	0.186692	0.261307	0.714454
GER44221.1-GER44222.1	0.510491	0.859812	0.593724
GER44281.1-GER44282.1	0.369583	1.54143	0.239766
GER44292.1-GER44293.1	0.66606	1.95456	0.340772
GER44382.1-GER44383.1	0.378884	0.4596	0.824378
GER44390.1-GER44392.1	0.319676	1.86248	0.17164
GER44449.1-GER44451.1	0.130414	0.744949	0.175064
GER44452.1-GER44454.1	0.00975915	0.342377	0.0285041
GER44531.1-GER44532.1	1.30729	NA	NA
GER44561.1-GER44562.1	0.182582	3.88334	0.0470167
GER44576.1-GER44578.1	0.0106356	0.0149987	0.709101
GER44577.1-GER44579.1	0.246124	0.383806	0.641273
GER44615.1-GER44616.1	0.011019	0.0864381	0.127479
GER44618.1-GER44620.1	0.0703245	0.170288	0.412975
GER44705.1-GER44707.1	0.369031	2.44458	0.150959
GER44707.1-GER44708.1	0.0662381	0.619182	0.106977
GER44732.1-GER44733.1	0.692112	1.72519	0.401181
GER44733.1-GER44735.1	0.73679	1.89303	0.389211
GER44760.1-GER44762.1	0.233282	0.687485	0.339326
GER44870.1-GER44872.1	0.749006	2.88223	0.25987
GER44877.1-GER44879.1	0.304233	0.871228	0.3492
GER44878.1-GER44879.1	0.302889	0.770893	0.392906
GER44879.1-GER44880.1	0.0950165	0.193892	0.490049
GER44893.1-GER44894.1	0.699565	2.25801	0.309815
GER45008.1-GER45010.1	0.295947	0.545978	0.54205
GER45103.1-GER45105.1	0.375778	NA	NA
GER45140.1-GER45141.1	0.0225132	0.340024	0.0662107
GER45300.1-GER45301.1	0.194506	0.335629	0.579527
GER45303.1-GER45305.1	1.58613	NA	NA
GER45352.1-GER45353.1	0.0431463	0.0183383	2.3528
GER45402.1-GER45404.1	0.857627	NA	NA
GER45403.1-GER45406.1	0.103377	0.538891	0.191833
GER45404.1-GER45403.1	0.916471	NA	NA
GER45426.1-GER45428.1	0.474743	1.02286	0.464134
GER45428.1-GER45429.1	0.507411	1.01795	0.498462
GER45453.1-GER45455.1	0.277286	0.604375	0.458798
GER45455.1-GER45457.1	0.100203	0.260916	0.384043
GER45461.1-GER45462.1	0.425364	NA	NA
GER45465.1-GER45466.1	0.242084	1.21046	0.199994
GER45468.1-GER45469.1	0.117302	0.456572	0.256918
GER45533.1-GER45534.1	0.0175262	0.0730742	0.239841
GER45566.1-GER45567.1	0.194754	0.245752	0.792482
GER45567.1-GER45568.1	0.0879399	0.10356	0.849164
GER45663.1-GER45664.1	0.930051	NA	NA
GER45686.1-GER45688.1	0.00192755	NA	NA
GER45758.1-GER45760.1	0.0041428	0.111165	0.037267
GER45774.1-GER45775.1	0.0508933	0.084704	0.600837
GER45803.1-GER45804.1	0.139988	0.206884	0.676646
GER45814.1-GER45815.1	0.0433288	0.173523	0.249701
GER45902.1-GER45904.1	0.981924	2.3941	0.410143
GER45904.1-GER45906.1	0.241761	0.318579	0.758873
GER45954.1-GER45957.1	0.113918	0.830317	0.137199
GER45996.1-GER45997.1	0.0146002	0.117196	0.12458
GER46018.1-GER46019.1	0.365508	0.55009	0.664451
GER46022.1-GER46023.1	0.203509	1.18445	0.171818
GER46023.1-GER46025.1	0.0267929	0.342178	0.0783009
GER46090.1-GER46091.1	0.358377	0.628921	0.569828
GER46328.1-GER46329.1	0.126138	0.114543	1.10123
GER46388.1-GER46390.1	0.987507	2.57495	0.383506
GER46402.1-GER46404.1	0.143381	0.26357	0.543996
GER46404.1-GER46405.1	0.731441	2.51064	0.291337
GER46429.1-GER46430.1	0.14651	0.20975	0.698497
GER46447.1-GER46449.1	0.232618	0.379668	0.612687
GER46449.1-GER46450.1	0.161086	0.228326	0.705507
GER46454.1-GER46455.1	0.222745	0.298905	0.745205
GER46519.1-GER46521.1	1.00874	2.13845	0.471716
GER46520.1-GER46522.1	0.153067	0.241694	0.633308
GER46542.1-GER46543.1	0.0676196	0.555066	0.121823
GER46543.1-GER46544.1	0.318527	1.22084	0.260908
GER46544.1-GER46545.1	0.323176	1.16614	0.277132
GER46545.1-GER46547.1	0.0312759	0.203584	0.153627
GER46598.1-GER46600.1	0.86491	2.15599	0.401166
GER46642.1-GER46643.1	0.92358	1.42198	0.649502
GER46651.1-GER46652.1	0.87213	NA	NA
GER46669.1-GER46670.1	0.0393641	0.150281	0.261937
GER46853.1-GER46854.1	0.216448	0.594892	0.363844
GER46872.1-GER46873.1	1.08024	1.87614	0.575778
GER46944.1-GER46946.1	0.104992	0.126062	0.832862
GER47042.1-GER47043.1	0.678921	1.56135	0.434829
GER47042.1-GER47044.1	0.867407	1.37743	0.629727
GER47045.1-GER47046.1	0.34867	0.379879	0.917845
GER47068.1-GER47069.1	0.173462	0.231313	0.749904
GER47095.1-GER47096.1	0.102132	0.702533	0.145377
GER47114.1-GER47115.1	0.205945	0.227452	0.905442
GER47117.1-GER47119.1	0.533753	0.378337	1.41078
GER47136.1-GER47137.1	0.0161454	0.134324	0.120197
GER47137.1-GER47138.1	0.032646	0.122165	0.26723
GER47138.1-GER47139.1	0.036916	0.158205	0.233342
GER47238.1-GER47239.1	0.672452	1.10602	0.607992
GER47250.1-GER47252.1	0.429152	NA	NA
GER47264.1-GER47266.1	0.0319225	0.07952	0.40144
GER47420.1-GER47423.1	0.627363	1.13897	0.550816
GER47421.1-GER47422.1	0.423494	0.75205	0.56312
GER47428.1-GER47429.1	0.316306	1.11643	0.283319
GER47429.1-GER47430.1	0.390331	1.05011	0.371703
GER47482.1-GER47483.1	0.0410485	0.151875	0.270279
GER47492.1-GER47494.1	0.593097	0.804519	0.737207
GER47503.1-GER47504.1	1.22624	4.34085	0.282488
GER47530.1-GER47532.1	0.453273	0.838936	0.540295
GER47535.1-GER47536.1	0.32901	0.701656	0.468904
GER47577.1-GER47578.1	0.170548	0.329559	0.517503
GER47619.1-GER47621.1	0.0541204	0.273857	0.197623
GER47664.1-GER47665.1	NA	NA	NA
GER47856.1-GER47858.1	0.308443	1.55972	0.197756
GER47880.1-GER47881.1	0.0916103	0.400034	0.229006
GER47943.1-GER47944.1	0.162326	0.300903	0.539463
GER47997.1-GER47998.1	0.0645225	0.0839557	0.76853
GER48120.1-GER48121.1	0.587953	0.827411	0.710593
GER48140.1-GER48141.1	0.556586	1.16558	0.477517
GER48198.1-GER48199.1	0.239238	1.00469	0.238122
GER48214.1-GER48216.1	0.807755	1.66278	0.485787
GER48288.1-GER48289.1	0.125245	0.214134	0.584894
GER48289.1-GER48290.1	0.0199491	0.0306122	0.651669
GER48290.1-GER48291.1	0.214718	0.363449	0.590778
GER48357.1-GER48358.1	0.276146	0.510727	0.540692
GER48358.1-GER48359.1	0.148552	0.426466	0.348332
GER48359.1-GER48360.1	0.201882	0.572243	0.352792
GER48378.1-GER48379.1	0.144676	0.228899	0.632049
GER48379.1-GER48380.1	0.16649	0.238771	0.697281
GER48380.1-GER48381.1	0.255925	0.460918	0.555252
GER48382.1-GER48384.1	0.270453	0.369644	0.731657
GER48412.1-GER48414.1	0.0361733	0.0819468	0.441424
GER48432.1-GER48434.1	0.45401	0.68906	0.658883
GER48508.1-GER48510.1	0.197544	0.281528	0.701684
GER48551.1-GER48552.1	0.0642834	0.161133	0.398947
GER48578.1-GER48579.1	0.0108829	0.0470955	0.231081
GER48583.1-GER48584.1	0.680284	1.58453	0.429329
GER48688.1-GER48689.1	0.0764562	0.1195	0.6398
GER48710.1-GER48711.1	0.515499	1.59569	0.323056
GER48735.1-GER48736.1	0.126256	0.186511	0.676934
GER48742.1-GER48743.1	0.127528	0.12369	1.03103
GER48776.1-GER48778.1	0.101812	0.522683	0.194787
GER48918.1-GER48919.1	0.502142	1.35899	0.369497
GER48945.1-GER48946.1	0.264627	0.645102	0.410209
GER48949.1-GER48950.1	0.144303	0.268063	0.53832
GER49020.1-GER49021.1	0.322082	0.506741	0.635595
GER49029.1-GER49031.1	0.207353	0.266426	0.778275
GER49037.1-GER49038.1	0.761783	1.39989	0.544172
GER49072.1-GER49073.1	0.0150375	0.0439219	0.342369
GER49102.1-GER49104.1	0.212495	0.375561	0.565807
GER49144.1-GER49145.1	1.04612	1.85528	0.56386
GER49175.1-GER49176.1	0.234673	0.26838	0.874405
GER49188.1-GER49189.1	0.201707	0.108162	1.86485
GER49255.1-GER49257.1	0.110195	0.420863	0.261831
GER49269.1-GER49271.1	0.119399	0.271313	0.440078
GER49270.1-GER49272.1	0.332986	0.555269	0.599683
GER49271.1-GER49273.1	0.106116	0.285979	0.371062
GER49272.1-GER49274.1	0.310216	0.639507	0.485086
GER49295.1-GER49296.1	0.246439	NA	NA
GER49332.1-GER49333.1	0.202188	0.540053	0.374385
GER49379.1-GER49381.1	0.0301381	0.02986	1.00931
GER49392.1-GER49394.1	0.0954886	0.156389	0.610585
GER49394.1-GER49395.1	0.0701272	0.144546	0.485154
GER49395.1-GER49396.1	0.106877	0.195413	0.546928
GER49496.1-GER49497.1	0.143161	0.126906	1.12809
GER49497.1-GER49498.1	0.374853	0.512939	0.730794
GER49542.1-GER49544.1	0.869771	1.14702	0.758288
GER49596.1-GER49597.1	0.0877435	0.126671	0.69269
GER49597.1-GER49598.1	0.0937711	0.137639	0.681281
GER49613.1-GER49614.1	0.643189	1.79944	0.357439
GER49649.1-GER49651.1	0.222934	0.987944	0.225654
GER49701.1-GER49703.1	0.970493	1.45313	0.667866
GER49703.1-GER49704.1	0.115072	0.292367	0.393589
GER49708.1-GER49709.1	0.0632739	0.557076	0.113582
GER49775.1-GER49776.1	0.0489903	0.114359	0.42839
GER49813.1-GER49814.1	0.340806	1.3115	0.25986
GER49870.1-GER49871.1	0.542864	NA	NA
GER49877.1-GER49878.1	0.257252	0.365335	0.704153
GER49910.1-GER49911.1	0.115923	0.168685	0.687214
GER49914.1-GER49913.1	0.0339191	0.0559212	0.606552
GER49921.1-GER49923.1	0.0659088	0.23005	0.286498
GER49957.1-GER49958.1	0.417936	2.28953	0.182542
GER49969.1-GER49970.1	0.118416	0.292266	0.405164
GER49970.1-GER49971.1	0.0997988	0.222584	0.448364
GER50003.1-GER50004.1	0.114001	0.607479	0.187662
GER50004.1-GER50005.1	0.358679	1.94913	0.18402
GER50089.1-GER50090.1	0.0151394	0.158898	0.0952771
GER50132.1-GER50133.1	0.637408	0.813579	0.783462
GER50199.1-GER50200.1	0.10983	0.334667	0.328178
GER50277.1-GER50279.1	0.233647	1.41312	0.165342
GER50278.1-GER50280.1	0.311527	0.956113	0.325827
GER50284.1-GER50285.1	0.251616	1.5256	0.164929
GER50299.1-GER50300.1	0.16692	0.920022	0.181431
GER50300.1-GER50301.1	0.423705	2.27177	0.186509
GER50354.1-GER50355.1	0.462401	NA	NA
GER50361.1-GER50363.1	0.49156	3.01539	0.163017
GER50363.1-GER50364.1	0.276314	0.85147	0.324514
GER50381.1-GER50382.1	0.097835	0.184673	0.529773
GER50436.1-GER50438.1	1.31178	2.77698	0.472376
GER50444.1-GER50445.1	0.0857189	0.1849	0.463596
GER50467.1-GER50468.1	0.422012	NA	NA
GER50523.1-GER50524.1	0.0392752	0.0676949	0.58018
GER50561.1-GER50562.1	0.0456001	0.0676362	0.674197
GER50615.1-GER50617.1	0.177626	0.185958	0.955189
GER50625.1-GER50627.1	0.0699727	0.103614	0.675318
GER50626.1-GER50628.1	0.0716331	0.183548	0.390269
GER50656.1-GER50657.1	0.0186233	0.0307345	0.605942
GER50658.1-GER50660.1	0.0137137	0.0303525	0.451814
GER50659.1-GER50661.1	0.0094097	0.0459275	0.204882
GER50669.1-GER50670.1	0.0300902	0.0397209	0.757542
GER50728.1-GER50730.1	0.864356	3.01394	0.286786
GER50746.1-GER50748.1	0.0258357	0.125782	0.205401
GER50775.1-GER50776.1	0.371687	2.05713	0.180683
GER50810.1-GER50811.1	0.276494	0.91383	0.302566
GER50811.1-GER50812.1	0.301034	0.887865	0.339054
GER50827.1-GER50828.1	0.522136	1.37489	0.379766
GER50828.1-GER50829.1	0.840903	0.956606	0.879048
GER50840.1-GER50841.1	0.0502243	0.141938	0.353846
GER50858.1-GER50859.1	0.658702	0.794121	0.829474
GER50873.1-GER50875.1	0.828877	NA	NA
GER50900.1-GER50901.1	0.18188	0.333408	0.545518
GER50907.1-GER50908.1	0.360956	1.43667	0.251245
GER50960.1-GER50961.1	0.362434	4.07815	0.0888722
GER51001.1-GER51003.1	0.0896033	0.221841	0.403908
GER51004.1-GER51005.1	0.160448	0.640942	0.250331
GER51027.1-GER51029.1	0.138568	0.168648	0.821642
GER51083.1-GER51084.1	0.0287288	0.0668452	0.429781
GER51174.1-GER51175.1	0.730165	2.13668	0.341729
GER51210.1-GER51212.1	0.240579	1.31575	0.182845
GER51212.1-GER51213.1	0.0935968	0.242925	0.385291
GER51304.1-GER51306.1	0.698928	1.76838	0.395236
GER51311.1-GER51312.1	0.7515	1.54912	0.485115
GER51370.1-GER51371.1	0.127753	1.14819	0.111264
GER51426.1-GER51427.1	0.447489	0.537518	0.83251
GER51448.1-GER51449.1	0.795393	1.92933	0.412264
GER51449.1-GER51450.1	0.353783	0.666378	0.530904
GER51502.1-GER51503.1	0.123801	0.150035	0.825143
GER51571.1-GER51573.1	1.27765	2.81548	0.453794
GER51572.1-GER51574.1	1.38847	NA	NA
GER51622.1-GER51623.1	0.725205	0.939088	0.772244
GER51626.1-GER51627.1	0.568202	1.65659	0.342996
GER51691.1-GER51693.1	0.239148	0.599712	0.398771
GER51697.1-GER51698.1	0.119615	0.295823	0.404349
GER51730.1-GER51731.1	0.159649	0.270249	0.590745
GER51784.1-GER51786.1	0.0867006	0.515721	0.168116
GER51863.1-GER51864.1	0.379129	1.42406	0.266231
GER51868.1-GER51869.1	0.0925739	0.28512	0.324683
GER51915.1-GER51916.1	0.120714	0.144849	0.833376
GER51930.1-GER51931.1	0.021103	0.119095	0.177194
GER51931.1-GER51933.1	0.27237	0.480232	0.567164
GER51955.1-GER51957.1	0.28943	0.632645	0.457493
GER51968.1-GER51969.1	0.0595091	0.107466	0.553747
GER52001.1-GER52002.1	0.133799	0.13436	0.995825
GER52002.1-GER52004.1	0.0437571	0.0575705	0.760061
GER52034.1-GER52035.1	0.455662	0.714986	0.637302
GER52079.1-GER52080.1	1.53078	2.62376	0.583429
GER52112.1-GER52113.1	0.346994	0.917972	0.378001
GER52134.1-GER52136.1	0.236357	0.749409	0.315391
GER52136.1-GER52137.1	0.234129	1.02897	0.227536
GER52149.1-GER52150.1	0.806382	1.11125	0.725656
GER52198.1-GER52199.1	0.338882	0.593038	0.571433
GER52199.1-GER52200.1	0.00945491	0.0130296	0.725649
GER52201.1-GER52202.1	0.0727792	0.0972937	0.748036
GER52203.1-GER52204.1	0.134488	0.20337	0.661296
GER52228.1-GER52229.1	0.500499	0.667739	0.749542
GER52263.1-GER52264.1	0.488607	1.4592	0.334846
GER52281.1-GER52282.1	0.291996	0.994786	0.293526
GER52286.1-GER52287.1	0.480155	1.00023	0.480043
GER52287.1-GER52289.1	0.4315	2.00366	0.215356
GER52341.1-GER52342.1	0.203467	0.225402	0.902688
GER52345.1-GER52346.1	0.0222851	0.0370917	0.600811
GER52356.1-GER52358.1	1.59973	2.04576	0.781975
GER52424.1-GER52425.1	0.225115	0.287324	0.783487
GER52425.1-GER52426.1	0.506446	0.570173	0.888232
GER52471.1-GER52473.1	0.245217	0.501433	0.489032
GER52524.1-GER52525.1	0.0867304	0.20145	0.43053
GER52526.1-GER52527.1	0.18847	0.274694	0.68611
GER52542.1-GER52543.1	1.51941	2.19648	0.69175
GER52597.1-GER52598.1	0.104872	0.221743	0.472946
GER52598.1-GER52599.1	0.101532	0.238885	0.425025
GER52625.1-GER52627.1	0.0441655	0.117868	0.374704
GER52646.1-GER52647.1	0.299839	0.527413	0.56851
GER52662.1-GER52663.1	0.34404	0.772208	0.445527
GER52666.1-GER52667.1	1.79973	1.48235	1.2141
GER52680.1-GER52682.1	0.0354575	0.0778696	0.455344
GER52716.1-GER52718.1	0.468867	NA	NA
GER52812.1-GER52814.1	0.269985	0.491051	0.549811
GER52864.1-GER52865.1	0.0195384	0.0707124	0.276309
GER52867.1-GER52868.1	0.230936	0.338676	0.68188
GER52868.1-GER52869.1	1.28581	3.71035	0.346546
GER52869.1-GER52870.1	0.958529	3.5021	0.273701
GER52869.1-GER52871.1	0.892551	1.33764	0.667257
GER52887.1-GER52888.1	0.406628	1.1793	0.344803
GER52936.1-GER52937.1	0.24455	0.342265	0.714505
GER52936.1-GER52938.1	0.630286	0.734392	0.858242
GER52956.1-GER52957.1	0.146256	0.589024	0.248302
GER52983.1-GER52984.1	0.168259	0.435103	0.386711
GER52984.1-GER52985.1	0.364764	0.749339	0.486782
GER52998.1-GER52999.1	0.503984	NA	NA
GER53007.1-GER53008.1	0.112042	0.26312	0.425819
GER53008.1-GER53010.1	0.0615745	0.121548	0.506586
GER53021.1-GER53022.1	0.250297	0.409452	0.611298
GER53029.1-GER53030.1	0.0434568	0.215526	0.201632
GER53078.1-GER53080.1	0.265997	0.332299	0.800473
GER53126.1-GER53127.1	0.394622	0.583378	0.676444
GER53127.1-GER53128.1	0.344964	0.472791	0.729633
GER53147.1-GER53149.1	0.224264	0.161605	1.38772
GER53171.1-GER53172.1	0.168573	0.268907	0.626883
GER53234.1-GER53235.1	0.718719	1.94526	0.369471
GER53235.1-GER53236.1	0.394931	1.01226	0.39015
GER53240.1-GER53241.1	0.0411726	0.195193	0.210933
GER53246.1-GER53247.1	0.538219	1.76308	0.305272
GER53335.1-GER53337.1	0.175789	0.177008	0.993113
GER53337.1-GER53339.1	0.161932	0.289406	0.559532
GER53339.1-GER53340.1	0.246932	0.406929	0.606817
GER53340.1-GER53341.1	0.193722	0.197288	0.981929
GER53341.1-GER53342.1	0.273023	0.407364	0.670219
GER53341.1-GER53343.1	0.713442	1.93309	0.369068
GER53351.1-GER53352.1	0.440063	0.443446	0.992371
GER53363.1-GER53365.1	0.233663	1.02482	0.228005
GER53365.1-GER53366.1	0.442911	1.53429	0.288675
GER53379.1-GER53381.1	0.095667	0.171881	0.556588
GER53381.1-GER53383.1	0.0669835	0.125489	0.533781
GER53405.1-GER53407.1	0.525237	0.847058	0.620072
GER53421.1-GER53422.1	0.082943	0.49955	0.166035
GER53422.1-GER53423.1	0.08062	0.516635	0.156048
GER53423.1-GER53424.1	0.052058	0.221343	0.235191
GER53424.1-GER53426.1	0.262026	NA	NA
GER53521.1-GER53523.1	0.164352	0.361206	0.455011
GER53523.1-GER53524.1	0.0281827	0.117116	0.240639
GER53525.1-GER53526.1	0.352387	1.14554	0.307616
GER53548.1-GER53549.1	0.174834	0.284269	0.615029
GER53549.1-GER53551.1	0.134946	0.389342	0.346601
GER53555.1-GER53556.1	0.112831	0.35523	0.317627
GER53630.1-GER53631.1	0.178412	0.288237	0.618975
GER53663.1-GER53664.1	0.306815	0.486851	0.630204
GER53698.1-GER53699.1	0.224422	0.446221	0.502939
GER53701.1-GER53702.1	0.847066	1.16506	0.72706
GER53768.1-GER53769.1	0.36153	NA	NA
GER53769.1-GER53770.1	0.731015	2.12684	0.34371
GER53796.1-GER53798.1	0.480061	0.645154	0.744103
GER53879.1-GER53881.1	0.175924	0.238719	0.73695
GER53881.1-GER53882.1	0.169892	0.257091	0.660824
GER53897.1-GER53898.1	0.666268	1.57356	0.423414
GER53980.1-GER53981.1	0.490714	0.911064	0.538616
GER53981.1-GER53982.1	0.636322	0.905867	0.702445
GER53982.1-GER53983.1	0.668063	0.88374	0.755949
GER53983.1-GER53984.1	0.384052	1.12753	0.340615
GER54005.1-GER54006.1	0.525026	0.890284	0.589729
GER54007.1-GER54008.1	0.590266	0.779865	0.756883
GER54016.1-GER54018.1	0.27155	0.377114	0.720074
GER54052.1-GER54053.1	0.138846	1.22856	0.113016
GER54053.1-GER54055.1	0.0352037	0.227649	0.15464
GER54100.1-GER54101.1	0.139675	0.244683	0.57084
GER54107.1-GER54108.1	0.09704	0.105219	0.922266
GER54129.1-GER54131.1	0.0677225	0.120209	0.563375
GER54131.1-GER54132.1	0.309937	0.369233	0.839408
GER54148.1-GER54150.1	0.127237	0.143945	0.883926
GER54204.1-GER54206.1	0.238903	0.372074	0.642084
GER54234.1-GER54236.1	0.853092	1.39179	0.612946
GER54237.1-GER54239.1	0.0978628	0.239094	0.409307
GER54239.1-GER54240.1	0.183491	0.250447	0.732653
GER54274.1-GER54276.1	0.207646	0.582699	0.356352
GER54350.1-GER54351.1	0.0417753	0.676858	0.0617194
GER54368.1-GER54369.1	0.0229234	0.0427719	0.535945
GER54394.1-GER54396.1	0.045265	0.196932	0.229851
GER54407.1-GER54408.1	0.142439	0.27252	0.522672
GER54423.1-GER54424.1	0.272217	1.33215	0.204344
GER54444.1-GER54446.1	0.197482	0.238151	0.82923
GER54528.1-GER54529.1	0.168461	0.345366	0.487775
GER54529.1-GER54530.1	0.371195	0.539962	0.687445
GER54613.1-GER54614.1	0.134455	0.126969	1.05896
GER54624.1-GER54626.1	0.0734859	0.166724	0.440763
GER54693.1-GER54694.1	0.53116	2.85697	0.185917
GER54735.1-GER54736.1	1.28513	1.78407	0.720339
GER54736.1-GER54737.1	1.75348	NA	NA
GER54742.1-GER54743.1	0.43783	1.41454	0.309521
GER54744.1-GER54745.1	0.269676	0.416626	0.647285
GER54836.1-GER54837.1	0.306161	1.36309	0.224608
GER54910.1-GER54911.1	0.160893	0.742293	0.216752
GER55046.1-GER55047.1	0.306815	1.06181	0.288955
GER55064.1-GER55065.1	0.0417571	0.125326	0.333189
GER55086.1-GER55087.1	0.0507439	0.174388	0.290984
GER55208.1-GER55210.1	0.0599843	0.145995	0.410865
GER55359.1-GER55360.1	0.132616	0.507111	0.261512
GER55360.1-GER55361.1	0.0849171	0.227944	0.372534
GER55515.1-GER55517.1	0.420486	1.25386	0.335354
GER55529.1-GER55530.1	0.311628	1.09327	0.285042
GER55587.1-GER55588.1	0.171376	0.426006	0.402286
GER55594.1-GER55595.1	0.166843	0.370501	0.450316
GER55595.1-GER55596.1	0.182065	0.385603	0.472156
GER55671.1-GER55673.1	0.179693	0.273928	0.655986
GER55718.1-GER55720.1	0.282719	0.363797	0.777134
GER55721.1-GER55722.1	0.590915	1.28288	0.460617
GER55741.1-GER55742.1	0.177238	1.59889	0.110851
GER55748.1-GER55749.1	0.296609	1.14351	0.259386
GER55802.1-GER55803.1	0.219003	1.07655	0.20343
GER55842.1-GER55843.1	0.339109	0.651307	0.520659
GER55845.1-GER55846.1	0.314383	NA	NA
GER55862.1-GER55864.1	0.216037	0.668775	0.323034
GER55878.1-GER55880.1	0.86652	3.053	0.283826
GER55895.1-GER55896.1	0.149056	0.151276	0.985323
GER55896.1-GER55897.1	0.933724	2.45856	0.379785
GER55897.1-GER55899.1	0.105154	0.131533	0.799455
GER55914.1-GER55915.1	0.152197	0.169141	0.899825
GER55980.1-GER55982.1	0.276725	0.612624	0.451704
GER56032.1-GER56034.1	0.323091	0.705037	0.458261
GER56132.1-GER56133.1	0.65476	0.710838	0.92111
GER56154.1-GER56153.1	0.341325	1.94554	0.17544
GER56191.1-GER56193.1	0.463522	1.91518	0.242026
GER56193.1-GER56195.1	1.26732	NA	NA
GER56203.1-GER56204.1	0.491324	NA	NA
GER56204.1-GER56205.1	0.259104	0.705133	0.367453
GER56208.1-GER56209.1	0.885465	1.65832	0.533953
GER56222.1-GER56223.1	0.359159	1.38924	0.258529
GER56311.1-GER56313.1	0.291658	1.09003	0.267569
GER56316.1-GER56317.1	0.118626	0.398903	0.29738
GER56318.1-GER56320.1	0.506628	0.963582	0.525775
GER56328.1-GER56329.1	0.391116	0.651398	0.600425
GER56346.1-GER56347.1	1.3233	2.487	0.532088
GER56400.1-GER56401.1	0.633854	0.738663	0.858109
GER56467.1-GER56468.1	0.291199	0.273631	1.0642
GER56477.1-GER56478.1	0.326993	NA	NA
GER56488.1-GER56489.1	0.35052	0.412679	0.849376
GER56585.1-GER56586.1	0.0393927	0.136259	0.289101
GER56594.1-GER56595.1	0.432767	0.779096	0.555473
GER56647.1-GER56648.1	0.739976	NA	NA
GER56658.1-GER56659.1	0.491788	0.620702	0.792309
GER56660.1-GER56661.1	0.278466	1.17037	0.23793
GER56745.1-GER56747.1	0.123022	0.281723	0.436677
GER56746.1-GER56748.1	0.924997	2.31787	0.399072
GER56747.1-GER56748.1	1.00177	1.80832	0.553981
GER56748.1-GER56749.1	0.577456	3.23937	0.178262
GER56758.1-GER56759.1	0.484216	2.80245	0.172783
GER56759.1-GER56760.1	0.449155	3.4143	0.131551
GER56762.1-GER56763.1	0.293412	0.953231	0.307808
GER56767.1-GER56768.1	0.314796	1.41551	0.222391
GER56793.1-GER56796.1	0.488509	1.41755	0.344616
GER56795.1-GER56797.1	0.592118	0.901016	0.657167
GER56796.1-GER56797.1	1.49138	3.9443	0.37811
GER56797.1-GER56799.1	0.173948	0.218532	0.795986
GER56798.1-GER56800.1	0.0498552	0.0712397	0.699824
GER56834.1-GER56835.1	0.375592	0.482119	0.779044
GER56837.1-GER56838.1	0.198016	0.188489	1.05054
GER56838.1-GER56839.1	0.192593	0.166862	1.15421
GER56861.1-GER56863.1	0.0190484	0.125295	0.152029
GER56862.1-GER56864.1	0.787452	1.05583	0.745811
GER56869.1-GER56871.1	0.00673289	0.211506	0.0318331
GER56896.1-GER56897.1	0.083795	0.322625	0.259729
GER56937.1-GER56938.1	0.345013	0.565781	0.609798
GER56957.1-GER56958.1	1.17204	NA	NA
GER56961.1-GER56962.1	0.173076	0.248256	0.697167
GER56976.1-GER56978.1	0.258911	0.496709	0.521253
GER56977.1-GER56979.1	0.122914	0.188378	0.652484
GER56979.1-GER56980.1	0.905629	1.40324	0.645385
GER56993.1-GER56995.1	0.265135	0.946652	0.280077
GER56995.1-GER56996.1	0.194605	0.64675	0.300896
GER57014.1-GER57015.1	0.515206	1.13454	0.454112
GER57052.1-GER57053.1	0.00762407	0.105431	0.0723134
GER57054.1-GER57056.1	0.285992	NA	NA
GER57146.1-GER57147.1	0.230394	1.43696	0.160334
GER57158.1-GER57159.1	0.126048	0.577848	0.218134
GER57159.1-GER57160.1	0.093573	0.927055	0.100936
GER57160.1-GER57162.1	0.0725651	0.911097	0.0796458
GER57211.1-GER57212.1	0.0703171	0.314518	0.223571
GER57220.1-GER57221.1	0.056362	0.0811081	0.6949
GER57328.1-GER57330.1	0.233601	0.306433	0.762323
GER57338.1-GER57340.1	0.139577	0.281552	0.495743
GER57339.1-GER57340.1	0.342032	0.658473	0.519433
GER57366.1-GER57368.1	0.174068	0.216943	0.80237
GER57367.1-GER57369.1	0.0502808	0.0677997	0.741609
GER57414.1-GER57416.1	0.778602	2.52596	0.30824
GER57418.1-GER57419.1	1.37199	3.05808	0.448644
GER57504.1-GER57505.1	0.0653752	0.235319	0.277815
GER57536.1-GER57538.1	0.101494	0.207934	0.48811
GER57613.1-GER57614.1	0.28075	1.12337	0.249918
GER57645.1-GER57646.1	0.392058	0.765281	0.512306
GER57660.1-GER57662.1	NA	0.0127848	-0
GER57661.1-GER57663.1	0.27347	0.356726	0.766612
GER57715.1-GER57717.1	0.0377213	0.0983527	0.383531
GER57736.1-GER57737.1	0.141744	0.120807	1.17331
GER57737.1-GER57739.1	0.0952192	0.0935874	1.01744
GER57750.1-GER57751.1	0.185567	0.270062	0.687129
GER57788.1-GER57790.1	0.475852	NA	NA
GER57795.1-GER57796.1	0.085316	0.141204	0.604204
GER57837.1-GER57838.1	0.399125	1.97479	0.20211
GER57875.1-GER57877.1	0.189741	1.01394	0.187132
