Seq	Ka	Ks	Ka/Ks
CAA7387652.1-CAA7387654.1	0.508186	NA	NA
CAA7387898.1-CAA7387899.1	0.702856	0.787127	0.892939
CAA7387905.1-CAA7387906.1	0.398835	0.934848	0.42663
CAA7387929.1-CAA7387931.1	0.188293	1.16103	0.162178
CAA7387938.1-CAA7387939.1	0.237495	0.351511	0.675641
CAA7387939.1-CAA7387940.1	0.24808	0.395234	0.627679
CAA7387941.1-CAA7387943.1	0.000799404	NA	NA
CAA7387947.1-CAA7387948.1	0.0164707	0.056299	0.292557
CAA7387948.1-CAA7387949.1	0.0133374	0.0527729	0.252731
CAA7387948.1-CAA7387950.1	0.112347	0.184348	0.609431
CAA7387953.1-CAA7387954.1	0.00408446	0.0181272	0.225322
CAA7387954.1-CAA7387955.1	0.00408517	0.0120298	0.339587
CAA7387955.1-CAA7387956.1	NA	0.00598696	-0
CAA7387961.1-CAA7387962.1	0.00306193	0.00599002	0.511172
CAA7387962.1-CAA7387963.1	0.00101925	0.00599002	0.170159
CAA7387965.1-CAA7387967.1	0.00160196	0.00264181	0.606387
CAA7387971.1-CAA7387972.1	0.00510573	0.00902618	0.565658
CAA7388002.1-CAA7388004.1	0.283914	0.203524	1.39499
CAA7388004.1-CAA7388008.1	0.331492	0.404151	0.820218
CAA7388043.1-CAA7388044.1	0.348432	1.14676	0.30384
CAA7388082.1-CAA7388083.1	NA	0.00653031	-0
CAA7388083.1-CAA7388084.1	0.00110291	0.0400572	0.0275334
CAA7388089.1-CAA7388090.1	0.153112	2.66836	0.0573803
CAA7388115.1-CAA7388116.1	0.17223	0.364528	0.472475
CAA7388116.1-CAA7388118.1	0.0154593	0.0253225	0.610497
CAA7388129.1-CAA7388130.1	0.00748643	0.020899	0.358219
CAA7388184.1-CAA7388187.1	0.243756	0.29672	0.8215
CAA7388187.1-CAA7388189.1	0.0960665	0.043889	2.18885
CAA7388189.1-CAA7388191.1	0.0961493	0.0437858	2.1959
CAA7388214.1-CAA7388216.1	NA	0.0206381	-0
CAA7388321.1-CAA7388325.1	0.132549	0.365435	0.362716
CAA7388325.1-CAA7388329.1	0.173602	0.566497	0.306449
CAA7388329.1-CAA7388333.1	0.174469	0.573023	0.304471
CAA7388333.1-CAA7388335.1	0.313034	0.747038	0.419033
CAA7388335.1-CAA7388337.1	0.00180379	0.0116885	0.154323
CAA7388337.1-CAA7388339.1	0.00451959	0.0295283	0.153059
CAA7388352.1-CAA7388353.1	0.0491608	0.100489	0.489218
CAA7388353.1-CAA7388355.1	0.0604107	0.251231	0.240459
CAA7388356.1-CAA7388357.1	0.342798	0.751491	0.456157
CAA7388367.1-CAA7388369.1	0.139836	0.395332	0.353719
CAA7388404.1-CAA7388405.1	0.160152	0.463487	0.345537
CAA7388405.1-CAA7388406.1	0.160152	0.463487	0.345537
CAA7388411.1-CAA7388412.1	0.250151	0.391749	0.638549
CAA7388420.1-CAA7388421.1	0.298612	0.527983	0.565571
CAA7388421.1-CAA7388423.1	0.206603	0.357912	0.577245
CAA7388461.1-CAA7388463.1	0.163842	0.259834	0.630565
CAA7388542.1-CAA7388543.1	0.147783	0.300817	0.491271
CAA7388622.1-CAA7388624.1	0.68301	0.854729	0.799095
CAA7388661.1-CAA7388663.1	0.00707111	0.013807	0.512138
CAA7388689.1-CAA7388691.1	0.0796946	0.153885	0.517884
CAA7388691.1-CAA7388692.1	0.0679914	0.157959	0.430438
CAA7388787.1-CAA7388788.1	0.354354	1.00012	0.354311
CAA7388792.1-CAA7388793.1	NA	NA	NA
CAA7388820.1-CAA7388821.1	0.0710364	0.240978	0.294784
CAA7388832.1-CAA7388833.1	0.311288	0.281385	1.10627
CAA7388854.1-CAA7388855.1	0.264121	1.60731	0.164324
CAA7388865.1-CAA7388866.1	0.355637	0.76406	0.465457
CAA7388961.1-CAA7388962.1	0.0808689	0.141794	0.570325
CAA7388966.1-CAA7388967.1	0.346355	0.901605	0.384154
CAA7388980.1-CAA7388981.1	0.0228943	0.087759	0.260877
CAA7388999.1-CAA7389000.1	0.0611916	0.0739221	0.827784
CAA7389000.1-CAA7389001.1	0.116472	0.143758	0.810199
CAA7389077.1-CAA7389078.1	0.834996	0.884823	0.943687
CAA7389084.1-CAA7389086.1	0.0436712	0.0857593	0.50923
CAA7389091.1-CAA7389092.1	0.706912	1.16229	0.608204
CAA7389092.1-CAA7389093.1	0.614224	0.685515	0.896004
CAA7389093.1-CAA7389094.1	0.639966	0.717281	0.892212
CAA7389093.1-CAA7389095.1	0.368846	0.655736	0.562492
CAA7389146.1-CAA7389150.1	0.298819	0.730871	0.408854
CAA7389152.1-CAA7389156.1	0.0854977	0.175546	0.487039
CAA7389156.1-CAA7389158.1	0.0936939	0.210824	0.444418
CAA7389220.1-CAA7389221.1	0.314944	0.495896	0.635101
CAA7389221.1-CAA7389222.1	0.409676	0.556681	0.735926
CAA7389245.1-CAA7389246.1	0.132566	0.259306	0.511234
CAA7389253.1-CAA7389255.1	0.318323	1.0384	0.306552
CAA7389255.1-CAA7389256.1	0.134993	0.370404	0.364449
CAA7389256.1-CAA7389257.1	0.0239116	0.0428821	0.557611
CAA7389257.1-CAA7389258.1	0.116531	0.431609	0.269993
CAA7389263.1-CAA7389264.1	0.324031	0.877789	0.369144
CAA7389266.1-CAA7389267.1	0.213517	0.262515	0.813352
CAA7389290.1-CAA7389291.1	0.450717	1.54493	0.291739
CAA7389294.1-CAA7389296.1	0.439001	1.7539	0.250301
CAA7389312.1-CAA7389313.1	0.723756	2.36733	0.305727
CAA7389374.1-CAA7389376.1	0.410552	1.69174	0.242681
CAA7389400.1-CAA7389401.1	0.0273526	0.0312735	0.874625
CAA7389424.1-CAA7389425.1	0.249519	1.28665	0.19393
CAA7389560.1-CAA7389561.1	0.581306	1.28129	0.453689
CAA7389564.1-CAA7389565.1	0.310559	1.20128	0.258523
CAA7389586.1-CAA7389589.1	0.0223835	0.0353838	0.632591
CAA7389630.1-CAA7389631.1	0.0303168	0.0196731	1.54103
CAA7389631.1-CAA7389632.1	0.0338721	0.00590171	5.73937
CAA7389671.1-CAA7389673.1	0.272462	0.307372	0.886423
CAA7389678.1-CAA7389679.1	0.0741954	0.285076	0.260265
CAA7389679.1-CAA7389681.1	0.0823189	0.127837	0.643934
CAA7389703.1-CAA7389704.1	0.0860436	0.237391	0.362455
CAA7389704.1-CAA7389705.1	0.112323	0.221174	0.50785
CAA7389728.1-CAA7389729.1	0.105506	0.159053	0.663337
CAA7389740.1-CAA7389743.1	0.442264	1.0161	0.435257
CAA7389789.1-CAA7389793.1	0.51658	1.27586	0.404886
CAA7389791.1-CAA7389793.1	0.336397	0.474577	0.708836
CAA7389809.1-CAA7389810.1	0.483637	0.868374	0.556945
CAA7389813.1-CAA7389815.1	0.0990261	0.30561	0.324028
CAA7389815.1-CAA7389816.1	0.0420595	0.0955119	0.440359
CAA7389829.1-CAA7389831.1	0.00115945	NA	NA
CAA7389831.1-CAA7389832.1	0.0730018	0.214507	0.340323
CAA7389832.1-CAA7389833.1	0.0453562	0.166103	0.27306
CAA7389841.1-CAA7389843.1	0.0015755	0.0135987	0.115857
CAA7389843.1-CAA7389845.1	0.0015755	0.00450556	0.34968
CAA7389845.1-CAA7389847.1	NA	0.00904534	-0
CAA7389919.1-CAA7389920.1	NA	NA	NA
CAA7389921.1-CAA7389923.1	0.157772	0.301582	0.523148
CAA7390538.1-CAA7390542.1	0.245078	0.87604	0.279757
CAA7390540.1-CAA7390544.1	0.322603	0.573582	0.562436
CAA7390584.1-CAA7390586.1	0.442626	0.638044	0.693723
CAA7390705.1-CAA7390706.1	0.00468368	0.0835817	0.0560372
CAA7390707.1-CAA7390709.1	NA	0.011839	-0
CAA7390708.1-CAA7390710.1	NA	0.00472219	-0
CAA7390709.1-CAA7390711.1	0.0298738	0.142908	0.209042
CAA7390711.1-CAA7390712.1	0.00327532	0.0153044	0.214011
CAA7390712.1-CAA7390714.1	0.0132029	0.0880805	0.149896
CAA7390761.1-CAA7390763.1	0.59374	1.22451	0.48488
CAA7390790.1-CAA7390791.1	0.252743	0.401719	0.629153
CAA7390855.1-CAA7390857.1	0.0282842	0.0820367	0.344775
CAA7390856.1-CAA7390858.1	0.00313319	0.0122013	0.256791
CAA7390857.1-CAA7390859.1	0.00107887	0.00352399	0.30615
CAA7390930.1-CAA7390931.1	0.0464038	0.175858	0.26387
CAA7391088.1-CAA7391089.1	0.533319	2.11601	0.252039
CAA7391089.1-CAA7391090.1	0.517678	1.46222	0.354036
CAA7391108.1-CAA7391110.1	0.101944	0.190856	0.534141
CAA7391193.1-CAA7391194.1	0.0376831	0.0769174	0.489916
CAA7391318.1-CAA7391320.1	0.456718	0.999754	0.45683
CAA7391320.1-CAA7391321.1	0.509886	1.27282	0.400596
CAA7391321.1-CAA7391322.1	0.379379	1.04047	0.364624
CAA7391384.1-CAA7391385.1	0.284426	0.899808	0.316096
CAA7391435.1-CAA7391436.1	0.384993	1.05733	0.364119
CAA7391447.1-CAA7391448.1	0.312186	1.14376	0.272946
CAA7391471.1-CAA7391472.1	0.404804	1.2454	0.32504
CAA7391472.1-CAA7391473.1	0.470483	1.00155	0.469755
CAA7391473.1-CAA7391474.1	0.528216	0.758786	0.696133
CAA7391485.1-CAA7391489.1	0.0644958	0.146159	0.441271
CAA7391489.1-CAA7391493.1	0.0466431	0.110088	0.423691
CAA7391501.1-CAA7391503.1	0.228373	0.567889	0.402144
CAA7391503.1-CAA7391505.1	0.318758	1.04886	0.30391
CAA7391524.1-CAA7391525.1	0.107741	0.461365	0.233526
CAA7391526.1-CAA7391527.1	0.375883	1.01245	0.371263
CAA7391545.1-CAA7391547.1	0.265719	0.569735	0.466391
CAA7391547.1-CAA7391548.1	0.130643	0.336631	0.388088
CAA7391548.1-CAA7391549.1	0.102134	0.371155	0.275179
CAA7391549.1-CAA7391550.1	0.0310743	0.0819219	0.379316
CAA7391557.1-CAA7391559.1	0.285165	1.84644	0.154441
CAA7391559.1-CAA7391561.1	0.0267954	0.0599828	0.446717
CAA7391561.1-CAA7391566.1	0.294472	1.83295	0.160655
CAA7391591.1-CAA7391593.1	0.42589	1.01702	0.418763
CAA7391593.1-CAA7391594.1	0.380627	0.972921	0.391221
CAA7391614.1-CAA7391616.1	0.452464	NA	NA
CAA7391619.1-CAA7391620.1	0.405463	1.17955	0.343742
CAA7391620.1-CAA7391621.1	0.393793	1.35579	0.290453
CAA7391635.1-CAA7391636.1	0.992378	NA	NA
CAA7391636.1-CAA7391637.1	0.916285	1.90049	0.48213
CAA7391682.1-CAA7391684.1	0.296107	0.998586	0.296526
CAA7391711.1-CAA7391712.1	0.274085	1.18611	0.231079
CAA7391718.1-CAA7391719.1	0.0899915	0.176624	0.50951
CAA7391718.1-CAA7391720.1	0.111076	0.169371	0.655813
CAA7391778.1-CAA7391779.1	0.0114793	0.0223251	0.514188
CAA7391806.1-CAA7391808.1	0.453465	1.22341	0.370657
CAA7391921.1-CAA7391922.1	0.174812	1.04215	0.167742
CAA7391953.1-CAA7391954.1	0.577609	1.19995	0.481361
CAA7391971.1-CAA7391972.1	0.0159015	0.0630414	0.252239
CAA7391987.1-CAA7391989.1	0.654942	1.56461	0.418599
CAA7391994.1-CAA7391996.1	NA	0.0722032	-0
CAA7392020.1-CAA7392021.1	0.161799	0.307952	0.525404
CAA7392027.1-CAA7392029.1	0.0601078	0.300797	0.199828
CAA7392029.1-CAA7392030.1	NA	0.016973	-0
CAA7392061.1-CAA7392063.1	0.483044	0.590589	0.817903
CAA7392108.1-CAA7392109.1	0.35065	0.526603	0.665873
CAA7392110.1-CAA7392111.1	0.38403	0.376283	1.02059
CAA7392111.1-CAA7392113.1	0.377923	0.438642	0.861577
CAA7392118.1-CAA7392120.1	0.212765	0.508527	0.418396
CAA7392123.1-CAA7392125.1	0.299595	1.62021	0.184911
CAA7392170.1-CAA7392172.1	0.144647	0.228409	0.633279
CAA7392199.1-CAA7392201.1	0.0680983	0.648239	0.105051
CAA7392210.1-CAA7392211.1	0.00109983	NA	NA
CAA7392217.1-CAA7392218.1	0.0954765	0.164186	0.581513
CAA7392225.1-CAA7392227.1	0.132424	0.148117	0.894049
CAA7392226.1-CAA7392227.1	0.0492078	0.0692423	0.710661
CAA7392268.1-CAA7392269.1	0.139325	0.346115	0.40254
CAA7392324.1-CAA7392325.1	NA	0.00513236	-0
CAA7392325.1-CAA7392326.1	NA	NA	NA
CAA7392326.1-CAA7392327.1	NA	0.00256179	-0
CAA7392327.1-CAA7392328.1	NA	0.00534583	-0
CAA7392351.1-CAA7392352.1	0.508926	1.3578	0.374817
CAA7392700.1-CAA7392701.1	0.00264899	0.00792625	0.334205
CAA7392779.1-CAA7392781.1	NA	NA	NA
CAA7392791.1-CAA7392792.1	0.0198597	0.0538052	0.369104
CAA7392792.1-CAA7392793.1	0.00572369	0.0149804	0.382079
CAA7392868.1-CAA7392869.1	0.305992	0.885486	0.345564
CAA7392891.1-CAA7392892.1	NA	0.00276226	-0
CAA7392898.1-CAA7392899.1	0.0149844	0.0372835	0.401904
CAA7392914.1-CAA7392916.1	0.344459	2.47111	0.139394
CAA7392923.1-CAA7392924.1	0.168917	0.527586	0.32017
CAA7392979.1-CAA7392981.1	0.10426	0.192967	0.5403
CAA7393026.1-CAA7393027.1	0.0129828	0.0250296	0.518697
CAA7393027.1-CAA7393030.1	0.0855143	0.298085	0.286879
CAA7393128.1-CAA7393130.1	0.0963356	0.179975	0.535273
CAA7393130.1-CAA7393131.1	0.11884	0.150984	0.7871
CAA7393131.1-CAA7393132.1	0.0520878	0.0734663	0.709003
CAA7393132.1-CAA7393133.1	0.0963356	0.179975	0.535273
CAA7393133.1-CAA7393134.1	0.0626377	0.0535548	1.1696
CAA7393175.1-CAA7393177.1	0.0614254	0.265595	0.231275
CAA7393214.1-CAA7393215.1	0.396365	0.695434	0.569954
CAA7393316.1-CAA7393317.1	0.350186	1.08269	0.32344
CAA7393317.1-CAA7393318.1	0.0494104	0.049005	1.00827
CAA7393345.1-CAA7393346.1	0.0629239	0.0956022	0.658184
CAA7393385.1-CAA7393387.1	0.559642	2.86568	0.195291
CAA7393400.1-CAA7393402.1	0.332454	1.87988	0.176849
CAA7393402.1-CAA7393403.1	0.0264174	0.0460011	0.574277
CAA7393465.1-CAA7393466.1	0.0254355	0.122513	0.207614
CAA7393487.1-CAA7393489.1	0.0260925	0.117937	0.22124
CAA7393499.1-CAA7393500.1	0.956359	1.60575	0.595584
CAA7393525.1-CAA7393527.1	0.478673	0.843431	0.567531
CAA7393640.1-CAA7393641.1	0.038889	0.0670152	0.5803
CAA7393650.1-CAA7393652.1	0.240243	1.18454	0.202816
CAA7393661.1-CAA7393663.1	0.149518	0.184454	0.810598
CAA7393719.1-CAA7393720.1	0.695	1.29031	0.538631
CAA7393735.1-CAA7393736.1	0.326956	0.98018	0.333568
CAA7393736.1-CAA7393737.1	0.395994	1.35719	0.291775
CAA7393737.1-CAA7393739.1	0.36982	1.34592	0.274772
CAA7393756.1-CAA7393757.1	0.453663	2.42234	0.187283
CAA7393757.1-CAA7393759.1	0.161413	0.79418	0.203245
CAA7393762.1-CAA7393764.1	0.270158	0.829905	0.325529
CAA7393764.1-CAA7393766.1	0.241761	0.9165	0.263787
CAA7393854.1-CAA7393855.1	0.412565	0.8982	0.459324
CAA7393931.1-CAA7393932.1	0.529372	1.05829	0.500214
CAA7393946.1-CAA7393949.1	0.0228249	0.0679238	0.336036
CAA7394048.1-CAA7394049.1	0.258936	0.527328	0.491034
CAA7394049.1-CAA7394050.1	0.0453383	0.0885146	0.512213
CAA7394050.1-CAA7394051.1	0.266126	0.654018	0.406909
CAA7394056.1-CAA7394057.1	0.00486082	0.014506	0.335091
CAA7394093.1-CAA7394094.1	0.533706	0.529568	1.00781
CAA7394115.1-CAA7394116.1	0.0517485	0.111834	0.462725
CAA7394123.1-CAA7394125.1	0.394081	1.17331	0.33587
CAA7394124.1-CAA7394125.1	0.211881	0.406142	0.521692
CAA7394125.1-CAA7394126.1	0.688126	2.54205	0.270697
CAA7394128.1-CAA7394129.1	0.688126	2.54205	0.270697
CAA7394130.1-CAA7394132.1	0.0817216	0.220331	0.370905
CAA7394131.1-CAA7394132.1	NA	0.0061772	-0
CAA7394135.1-CAA7394136.1	0.0758973	0.218499	0.347358
CAA7394138.1-CAA7394139.1	0.190525	0.233233	0.816886
CAA7394139.1-CAA7394140.1	0.168114	0.299474	0.561363
CAA7394147.1-CAA7394148.1	0.168114	0.299474	0.561363
CAA7394148.1-CAA7394149.1	0.190525	0.254303	0.749202
CAA7394149.1-CAA7394150.1	0.0120263	0.0095354	1.26122
CAA7394150.1-CAA7394151.1	1.03692	1.2542	0.826755
CAA7394201.1-CAA7394203.1	0.214176	0.895758	0.2391
CAA7394219.1-CAA7394221.1	NA	NA	NA
CAA7394221.1-CAA7394222.1	NA	NA	NA
CAA7394222.1-CAA7394223.1	NA	NA	NA
CAA7394229.1-CAA7394231.1	0.00703674	0.0219534	0.320531
CAA7394230.1-CAA7394232.1	NA	NA	NA
CAA7394231.1-CAA7394233.1	NA	NA	NA
CAA7394237.1-CAA7394239.1	0.0347285	0.123114	0.282083
CAA7394246.1-CAA7394248.1	0.034709	0.108584	0.319653
CAA7394257.1-CAA7394259.1	0.0258896	0.0940109	0.275389
CAA7394259.1-CAA7394261.1	0.0171854	0.0656287	0.261859
CAA7394263.1-CAA7394265.1	NA	NA	NA
CAA7394266.1-CAA7394267.1	0.20696	0.998344	0.207303
CAA7394273.1-CAA7394274.1	0.249377	0.198976	1.2533
CAA7394275.1-CAA7394277.1	0.0314144	0.035147	0.893801
CAA7394278.1-CAA7394279.1	0.16932	0.202302	0.836967
CAA7394280.1-CAA7394281.1	0.0476075	0.146744	0.324426
CAA7394302.1-CAA7394303.1	0.068769	0.121539	0.56582
CAA7394317.1-CAA7394318.1	0.191086	0.241829	0.790169
CAA7394401.1-CAA7394402.1	0.437154	NA	NA
CAA7394492.1-CAA7394493.1	NA	NA	NA
CAA7394493.1-CAA7394495.1	0.0095616	0.0552122	0.173179
CAA7394519.1-CAA7394521.1	0.9406	0.985565	0.954376
CAA7394528.1-CAA7394529.1	0.71269	0.997729	0.714313
CAA7394546.1-CAA7394547.1	0.00112063	NA	NA
CAA7394555.1-CAA7394556.1	0.00112063	NA	NA
CAA7394556.1-CAA7394557.1	0.00112063	NA	NA
CAA7394561.1-CAA7394562.1	0.463735	1.02126	0.45408
CAA7394597.1-CAA7394599.1	0.497931	1.60433	0.310368
CAA7394598.1-CAA7394599.1	0.0811853	0.127415	0.63717
CAA7394599.1-CAA7394601.1	0.0724899	0.189811	0.381907
CAA7394603.1-CAA7394605.1	0.446513	1.8518	0.241124
CAA7394610.1-CAA7394611.1	0.192379	0.393419	0.488992
CAA7394611.1-CAA7394612.1	0.0795639	0.165464	0.480854
CAA7394612.1-CAA7394613.1	0.119456	0.265362	0.450161
CAA7394620.1-CAA7394622.1	0.17594	0.900816	0.195312
CAA7394623.1-CAA7394625.1	0.081812	0.143639	0.569568
CAA7394625.1-CAA7394626.1	0.0735162	0.193331	0.380261
CAA7394631.1-CAA7394632.1	0.0900889	0.418584	0.215223
CAA7394632.1-CAA7394633.1	0.0836932	0.175026	0.478175
CAA7394633.1-CAA7394634.1	0.118017	0.25369	0.465201
CAA7394667.1-CAA7394668.1	0.185277	0.669156	0.276882
CAA7394685.1-CAA7394686.1	0.0154232	0.0317384	0.485948
CAA7394741.1-CAA7394743.1	0.0459288	0.199651	0.230046
CAA7394743.1-CAA7394745.1	NA	NA	NA
CAA7394749.1-CAA7394751.1	0.182063	1.19318	0.152586
CAA7394763.1-CAA7394764.1	0.729933	1.38271	0.5279
CAA7394782.1-CAA7394784.1	NA	NA	NA
CAA7394796.1-CAA7394798.1	NA	NA	NA
CAA7394813.1-CAA7394815.1	0.155064	0.26014	0.59608
CAA7394833.1-CAA7394834.1	NA	0.0263712	-0
CAA7394834.1-CAA7394835.1	0.00999845	0.0127447	0.784519
CAA7394850.1-CAA7394851.1	0.190161	0.346377	0.549
CAA7394864.1-CAA7394865.1	0.192478	0.52188	0.368817
CAA7394870.1-CAA7394871.1	0.457695	1.43216	0.319584
CAA7394873.1-CAA7394874.1	0.768922	NA	NA
CAA7394887.1-CAA7394888.1	0.00846346	0.0051094	1.65645
CAA7394910.1-CAA7394911.1	0.121576	0.300646	0.404381
CAA7394919.1-CAA7394920.1	0.0829268	0.200444	0.413717
CAA7394937.1-CAA7394938.1	NA	NA	NA
CAA7394949.1-CAA7394950.1	0.730833	1.32491	0.551608
CAA7394950.1-CAA7394951.1	0.064657	0.430721	0.150113
CAA7394951.1-CAA7394952.1	0.126245	0.498127	0.253439
CAA7395038.1-CAA7395039.1	0.0836915	0.109353	0.765334
CAA7395063.1-CAA7395064.1	0.386877	0.593137	0.652256
CAA7395092.1-CAA7395094.1	0.0975519	0.20706	0.471129
CAA7395093.1-CAA7395095.1	0.0073679	0.021214	0.347313
CAA7395118.1-CAA7395120.1	0.115293	0.285143	0.404334
CAA7395120.1-CAA7395122.1	0.0196482	0.0554108	0.354591
CAA7395122.1-CAA7395123.1	0.00180729	0.00578529	0.312394
CAA7395123.1-CAA7395124.1	0.13363	0.376321	0.355097
CAA7395124.1-CAA7395125.1	0.151442	0.459364	0.329677
CAA7395159.1-CAA7395161.1	0.641222	0.708393	0.905179
CAA7395173.1-CAA7395174.1	0.00464328	0.0116903	0.397192
CAA7395174.1-CAA7395175.1	0.0159181	0.0325182	0.489512
CAA7395189.1-CAA7395191.1	0.0908931	0.211146	0.430474
CAA7395223.1-CAA7395224.1	0.823598	NA	NA
CAA7395230.1-CAA7395232.1	0.259738	0.649626	0.399826
CAA7395231.1-CAA7395232.1	0.231163	0.346466	0.667201
CAA7395234.1-CAA7395235.1	0.329776	1.15252	0.286135
CAA7395235.1-CAA7395236.1	0.338359	0.972031	0.348095
CAA7395237.1-CAA7395238.1	0.375207	0.812506	0.461789
CAA7395238.1-CAA7395239.1	0.410315	1.07983	0.37998
CAA7395240.1-CAA7395242.1	0.137261	0.491481	0.27928
CAA7395241.1-CAA7395242.1	0.357307	0.909597	0.39282
CAA7395241.1-CAA7395243.1	0.46075	2.13364	0.215946
CAA7395244.1-CAA7395245.1	0.0309063	0.153917	0.200798
CAA7395256.1-CAA7395258.1	0.123164	0.289587	0.425308
CAA7395258.1-CAA7395259.1	0.397649	2.19051	0.181532
CAA7395270.1-CAA7395271.1	0.0743416	0.239436	0.310486
CAA7395273.1-CAA7395274.1	0.527335	1.36013	0.387709
CAA7395313.1-CAA7395314.1	0.14073	0.219889	0.640005
CAA7395314.1-CAA7395315.1	0.13459	0.210525	0.639308
CAA7395316.1-CAA7395318.1	0.320637	0.446515	0.718087
CAA7395322.1-CAA7395323.1	0.303363	0.37646	0.805832
CAA7395325.1-CAA7395326.1	0.0401669	0.0885521	0.453596
CAA7395395.1-CAA7395397.1	0.446853	1.02744	0.43492
CAA7395412.1-CAA7395414.1	0.0858244	0.124577	0.688929
CAA7395469.1-CAA7395470.1	NA	NA	NA
CAA7395474.1-CAA7395476.1	0.243897	0.505245	0.48273
CAA7395475.1-CAA7395476.1	0.00769899	0.0124655	0.617626
CAA7395476.1-CAA7395478.1	0.0115802	0.0511284	0.226492
CAA7395480.1-CAA7395482.1	0.186527	0.702303	0.265593
CAA7395482.1-CAA7395483.1	NA	NA	NA
CAA7395485.1-CAA7395486.1	0.186527	0.761551	0.244931
CAA7395488.1-CAA7395489.1	0.185291	0.418912	0.442315
CAA7395499.1-CAA7395500.1	0.0707717	0.222831	0.317602
CAA7395510.1-CAA7395511.1	0.360656	1.22914	0.293422
CAA7395529.1-CAA7395531.1	NA	0.00192633	-0
CAA7395530.1-CAA7395532.1	0.0567582	0.0628339	0.903305
CAA7395537.1-CAA7395539.1	0.293707	0.960588	0.305757
CAA7395551.1-CAA7395553.1	0.28861	0.705037	0.409354
CAA7395558.1-CAA7395560.1	0.0460311	0.10428	0.44142
CAA7395567.1-CAA7395568.1	0.0324622	0.107306	0.302521
CAA7395574.1-CAA7395575.1	0.00740026	0.00558223	1.32568
CAA7395603.1-CAA7395605.1	0.0526465	0.142951	0.368282
CAA7395605.1-CAA7395606.1	0.0424613	0.128679	0.329979
CAA7395618.1-CAA7395619.1	0.0362613	0.102341	0.354318
CAA7395619.1-CAA7395621.1	0.00561307	0.0116689	0.481029
CAA7395620.1-CAA7395622.1	0.0424831	0.0774498	0.548525
CAA7395624.1-CAA7395625.1	0.127603	0.23916	0.533547
CAA7395683.1-CAA7395684.1	0.313674	0.981284	0.319657
CAA7395757.1-CAA7395758.1	0.209447	1.04822	0.199813
CAA7395763.1-CAA7395764.1	0.208218	0.889004	0.234215
CAA7395809.1-CAA7395810.1	1.73406	2.41484	0.718083
CAA7395987.1-CAA7395989.1	0.1567	0.270803	0.578648
CAA7396011.1-CAA7396012.1	0.0385468	0.141333	0.272738
CAA7396068.1-CAA7396069.1	0.52389	1.36893	0.3827
CAA7396082.1-CAA7396083.1	0.401437	0.754588	0.531995
CAA7396161.1-CAA7396162.1	0.434724	1.04342	0.416632
CAA7396237.1-CAA7396238.1	0.0592626	0.136661	0.433647
CAA7396272.1-CAA7396273.1	0.132668	0.234813	0.564994
CAA7396275.1-CAA7396277.1	0.326571	0.834251	0.391454
CAA7396276.1-CAA7396277.1	0.393656	1.57264	0.250315
CAA7396340.1-CAA7396341.1	0.0558085	0.0994285	0.561293
CAA7396365.1-CAA7396366.1	0.357859	0.780121	0.458723
CAA7396366.1-CAA7396367.1	0.328642	1.0242	0.320876
CAA7396402.1-CAA7396403.1	0.0179463	0.0209124	0.858167
CAA7396430.1-CAA7396431.1	0.497348	3.94835	0.125963
CAA7396446.1-CAA7396447.1	0.0353099	0.093793	0.376467
CAA7396471.1-CAA7396472.1	0.0304197	0.0496946	0.612132
CAA7396472.1-CAA7396473.1	0.214476	0.291818	0.734966
CAA7396473.1-CAA7396474.1	0.208614	0.275286	0.757808
CAA7396510.1-CAA7396511.1	0.0714449	0.171503	0.416581
CAA7396511.1-CAA7396512.1	0.0989232	0.231279	0.427723
CAA7396512.1-CAA7396513.1	0.0725453	0.19129	0.379243
CAA7396529.1-CAA7396531.1	0.0273707	0.0487203	0.561794
CAA7396550.1-CAA7396551.1	0.347321	1.00584	0.345304
CAA7396553.1-CAA7396554.1	0.228653	1.27198	0.179762
CAA7396554.1-CAA7396555.1	0.204142	1.01179	0.201763
CAA7396586.1-CAA7396588.1	0.0888869	0.137116	0.648261
CAA7396607.1-CAA7396608.1	0.3921	1.14682	0.341902
CAA7396609.1-CAA7396610.1	0.0448131	0.0417899	1.07234
CAA7396611.1-CAA7396612.1	0.0159789	0.031339	0.509872
CAA7396612.1-CAA7396613.1	0.1747	0.690475	0.253015
CAA7396620.1-CAA7396621.1	0.0431951	0.0803609	0.537513
CAA7396641.1-CAA7396642.1	0.33856	NA	NA
CAA7396659.1-CAA7396660.1	0.851208	NA	NA
CAA7396667.1-CAA7396668.1	0.181711	0.346288	0.52474
CAA7396668.1-CAA7396669.1	0.328347	0.619081	0.530378
CAA7396686.1-CAA7396687.1	0.00807977	0.142921	0.0565329
CAA7396688.1-CAA7396690.1	0.11803	0.232859	0.506872
CAA7396689.1-CAA7396691.1	0.0104085	0.0864919	0.120341
CAA7396691.1-CAA7396692.1	0.017446	0.164932	0.105777
CAA7396692.1-CAA7396694.1	0.0151025	0.0944196	0.159951
CAA7396732.1-CAA7396733.1	0.651095	1.98404	0.328166
CAA7396821.1-CAA7396823.1	0.133277	0.226023	0.589659
CAA7396823.1-CAA7396825.1	0.11287	0.171775	0.65708
CAA7396830.1-CAA7396831.1	0.0887057	0.23132	0.383476
CAA7396831.1-CAA7396832.1	0.109449	0.216008	0.506689
CAA7396833.1-CAA7396835.1	0.217795	0.675181	0.322573
CAA7396838.1-CAA7396839.1	0.410657	0.819075	0.501367
CAA7396839.1-CAA7396840.1	0.837032	1.19821	0.698569
CAA7396840.1-CAA7396841.1	0.837569	1.13218	0.739784
CAA7396841.1-CAA7396842.1	0.482437	0.904684	0.533265
CAA7396842.1-CAA7396843.1	0.84304	0.671095	1.25622
CAA7396843.1-CAA7396844.1	0.885509	1.21327	0.729851
CAA7396897.1-CAA7396899.1	0.0879631	0.219148	0.401387
CAA7396898.1-CAA7396900.1	0.131991	0.316896	0.416511
CAA7396900.1-CAA7396902.1	0.144298	0.310136	0.465275
CAA7396904.1-CAA7396905.1	0.119973	0.156509	0.766557
CAA7396984.1-CAA7396986.1	0.0977775	0.152272	0.642123
CAA7396986.1-CAA7396987.1	0.0268171	0.0422453	0.634795
CAA7396987.1-CAA7396988.1	0.0992326	0.0687894	1.44256
CAA7396988.1-CAA7396990.1	0.159433	0.229718	0.694039
CAA7396991.1-CAA7396993.1	0.478017	0.847148	0.564266
CAA7397053.1-CAA7397054.1	0.0635512	0.114609	0.554506
CAA7397078.1-CAA7397079.1	0.554497	1.58298	0.350286
CAA7397128.1-CAA7397130.1	0.0189413	0.0147036	1.28821
CAA7397135.1-CAA7397136.1	0.246313	0.665511	0.37011
CAA7397139.1-CAA7397140.1	0.0761331	0.128567	0.592165
CAA7397224.1-CAA7397225.1	0.0728633	0.122167	0.596424
CAA7397243.1-CAA7397244.1	0.0479089	0.125019	0.383213
CAA7397249.1-CAA7397250.1	0.228793	0.419386	0.545542
CAA7397303.1-CAA7397304.1	0.152268	1.52364	0.0999369
CAA7397311.1-CAA7397312.1	0.0361475	0.0880788	0.410399
CAA7397316.1-CAA7397317.1	0.807724	1.1124	0.726111
CAA7397316.1-CAA7397318.1	0.354534	0.873847	0.405717
CAA7397412.1-CAA7397414.1	0.0211033	0.019935	1.0586
CAA7397422.1-CAA7397424.1	0.0340821	0.0707799	0.481523
CAA7397439.1-CAA7397440.1	0.254844	1.02301	0.249112
CAA7397508.1-CAA7397509.1	0.364337	1.49191	0.244208
CAA7397546.1-CAA7397547.1	0.336889	0.556166	0.605735
CAA7397563.1-CAA7397564.1	0.09466	0.232022	0.407978
CAA7397568.1-CAA7397569.1	0.949703	1.6297	0.582747
CAA7397572.1-CAA7397573.1	0.651483	0.972079	0.670196
CAA7397611.1-CAA7397612.1	0.0646772	0.055454	1.16632
CAA7397625.1-CAA7397626.1	0.914411	NA	NA
CAA7397646.1-CAA7397647.1	0.924453	2.40148	0.384951
CAA7397664.1-CAA7397665.1	0.574226	0.79223	0.724822
CAA7397665.1-CAA7397666.1	0.402522	0.775342	0.519154
CAA7397671.1-CAA7397672.1	0.249194	0.201015	1.23968
CAA7397674.1-CAA7397675.1	0.0735699	0.17483	0.420809
CAA7397675.1-CAA7397676.1	0.248238	0.33595	0.738913
CAA7397917.1-CAA7397919.1	0.160442	0.33365	0.480869
CAA7397945.1-CAA7397946.1	0.0260318	0.0337238	0.771914
CAA7397946.1-CAA7397947.1	0.131778	0.166439	0.791751
CAA7397947.1-CAA7397948.1	0.206574	0.241266	0.856207
CAA7397953.1-CAA7397954.1	0.283571	0.850356	0.333473
CAA7397974.1-CAA7397975.1	0.0381641	0.0769534	0.495937
CAA7397993.1-CAA7397994.1	0.210672	0.49776	0.42324
CAA7397994.1-CAA7397995.1	0.209319	0.495589	0.422364
CAA7397995.1-CAA7397996.1	0.446879	1.05457	0.423754
CAA7398082.1-CAA7398083.1	0.291786	0.925334	0.315331
CAA7398135.1-CAA7398137.1	0.573073	NA	NA
CAA7398139.1-CAA7398140.1	NA	0.0108328	-0
CAA7398229.1-CAA7398230.1	0.0886684	0.218342	0.406099
CAA7398364.1-CAA7398366.1	0.0338281	0.0389008	0.869599
CAA7398391.1-CAA7398393.1	0.0498575	0.0711609	0.700631
CAA7398393.1-CAA7398395.1	0.120011	0.231567	0.518256
CAA7398395.1-CAA7398396.1	0.105523	0.184546	0.571798
CAA7398396.1-CAA7398397.1	0.117523	0.245236	0.479223
CAA7398417.1-CAA7398419.1	0.0531682	0.180031	0.295328
CAA7398453.1-CAA7398454.1	0.101496	0.452729	0.224187
CAA7398477.1-CAA7398478.1	0.180704	0.333669	0.541566
CAA7398526.1-CAA7398527.1	0.18282	0.586016	0.311971
CAA7398527.1-CAA7398528.1	0.254015	0.855885	0.296786
CAA7398528.1-CAA7398529.1	0.0409857	0.0515068	0.795734
CAA7398529.1-CAA7398530.1	0.19887	0.600142	0.331371
CAA7398530.1-CAA7398531.1	0.0200418	0.108397	0.184893
CAA7398619.1-CAA7398621.1	0.00123437	0.00348993	0.353696
CAA7398620.1-CAA7398622.1	NA	NA	NA
CAA7398621.1-CAA7398623.1	NA	NA	NA
CAA7398622.1-CAA7398624.1	NA	NA	NA
CAA7398623.1-CAA7398625.1	NA	NA	NA
CAA7398624.1-CAA7398626.1	NA	NA	NA
CAA7398625.1-CAA7398627.1	NA	NA	NA
CAA7398632.1-CAA7398633.1	0.0666711	0.239085	0.27886
CAA7398633.1-CAA7398634.1	0.0666711	0.239085	0.27886
CAA7398669.1-CAA7398670.1	0.743384	1.77245	0.419411
CAA7398670.1-CAA7398671.1	0.453883	0.542021	0.837391
CAA7398676.1-CAA7398678.1	0.620821	0.991311	0.626262
CAA7398678.1-CAA7398679.1	0.214239	0.181301	1.18168
CAA7398679.1-CAA7398680.1	0.263473	0.32792	0.803466
CAA7398680.1-CAA7398681.1	0.684368	0.916619	0.746622
CAA7398686.1-CAA7398688.1	NA	NA	NA
CAA7398690.1-CAA7398691.1	0.582809	1.08304	0.538122
CAA7398733.1-CAA7398735.1	0.121775	0.223685	0.544405
CAA7398762.1-CAA7398764.1	0.00626127	0.00811548	0.771522
CAA7398764.1-CAA7398766.1	0.114125	0.261816	0.435898
CAA7398811.1-CAA7398812.1	0.0891402	0.143158	0.622669
CAA7398811.1-CAA7398813.1	0.234554	0.350051	0.670057
CAA7398821.1-CAA7398822.1	0.00609023	NA	NA
CAA7398847.1-CAA7398849.1	0.0069403	0.0147166	0.471597
CAA7398849.1-CAA7398851.1	NA	NA	NA
CAA7398871.1-CAA7398873.1	0.0235488	0.129445	0.181921
CAA7398878.1-CAA7398879.1	0.041816	0.0836008	0.500187
CAA7398879.1-CAA7398881.1	0.432906	1.8655	0.232059
CAA7398922.1-CAA7398923.1	0.0219464	0.044747	0.490456
CAA7398923.1-CAA7398924.1	0.0122654	0.0139513	0.879158
CAA7398926.1-CAA7398927.1	0.0615259	0.117611	0.523129
CAA7398927.1-CAA7398928.1	0.120163	0.219722	0.546888
CAA7398927.1-CAA7398929.1	0.0720092	0.228065	0.31574
CAA7398964.1-CAA7398966.1	0.126188	0.269023	0.469058
CAA7398965.1-CAA7398967.1	0.0444148	0.174913	0.253925
CAA7399018.1-CAA7399019.1	0.497365	1.76571	0.28168
CAA7399023.1-CAA7399024.1	0.103081	0.448907	0.229626
CAA7399029.1-CAA7399031.1	0.0192869	0.10282	0.18758
CAA7399040.1-CAA7399042.1	0.0469319	0.382002	0.122858
CAA7399061.1-CAA7399062.1	0.143889	0.709073	0.202926
CAA7399113.1-CAA7399115.1	0.167972	0.316206	0.53121
CAA7399193.1-CAA7399195.1	0.0500777	0.0698812	0.716612
CAA7399222.1-CAA7399224.1	0.35242	0.838567	0.420264
CAA7399272.1-CAA7399273.1	0.245554	0.563203	0.435994
CAA7399273.1-CAA7399274.1	0.313453	1.01633	0.308416
CAA7399276.1-CAA7399277.1	0.0564631	0.215456	0.262064
CAA7399315.1-CAA7399317.1	0.158092	0.3006	0.525921
CAA7399316.1-CAA7399317.1	0.12249	0.309305	0.396019
CAA7399317.1-CAA7399318.1	0.203309	0.798468	0.254624
CAA7399318.1-CAA7399319.1	0.235398	0.794929	0.296124
CAA7399320.1-CAA7399322.1	0.161535	0.341267	0.473338
CAA7399322.1-CAA7399323.1	0.12249	0.309305	0.396019
CAA7399323.1-CAA7399324.1	0.201089	0.811243	0.247877
CAA7399329.1-CAA7399331.1	0.052722	0.153376	0.343743
CAA7399344.1-CAA7399346.1	0.107236	0.144178	0.74378
CAA7399346.1-CAA7399348.1	0.12788	0.291022	0.439417
CAA7399348.1-CAA7399349.1	0.136599	0.352629	0.387375
CAA7399444.1-CAA7399445.1	0.110463	0.276719	0.399189
CAA7399462.1-CAA7399463.1	0.000690344	NA	NA
CAA7399465.1-CAA7399466.1	0.130011	0.517635	0.251163
CAA7399466.1-CAA7399467.1	0.261025	0.938214	0.278215
CAA7399488.1-CAA7399490.1	0.239347	0.337466	0.709249
CAA7399534.1-CAA7399535.1	0.0935793	0.376026	0.248864
CAA7399536.1-CAA7399538.1	NA	NA	NA
CAA7399537.1-CAA7399539.1	0.047006	0.111843	0.420285
CAA7399538.1-CAA7399540.1	NA	NA	NA
CAA7399560.1-CAA7399561.1	0.0589055	0.0821899	0.7167
CAA7399561.1-CAA7399563.1	0.0133484	0.0470759	0.28355
CAA7399684.1-CAA7399685.1	0.799995	1.25419	0.63786
CAA7399705.1-CAA7399706.1	0.144002	0.388003	0.371137
CAA7399706.1-CAA7399707.1	0.0941125	0.287726	0.327091
CAA7399707.1-CAA7399708.1	0.267779	0.953695	0.28078
CAA7399710.1-CAA7399711.1	0.119621	0.293233	0.407937
CAA7399724.1-CAA7399725.1	0.159437	0.438609	0.363506
CAA7399862.1-CAA7399864.1	0.212645	0.365464	0.58185
CAA7399886.1-CAA7399888.1	0.101383	0.376741	0.269105
CAA7399912.1-CAA7399913.1	0.676738	2.22699	0.30388
CAA7399913.1-CAA7399914.1	0.254837	1.16622	0.218515
CAA7399932.1-CAA7399933.1	0.400839	0.487662	0.821961
CAA7399933.1-CAA7399934.1	0.350479	0.492393	0.711788
CAA7399935.1-CAA7399936.1	0.475723	0.406998	1.16886
CAA7399936.1-CAA7399937.1	0.13414	0.215671	0.621965
CAA7399937.1-CAA7399938.1	0.227512	0.232607	0.978097
CAA7399940.1-CAA7399941.1	0.116552	0.0901595	1.29273
CAA7399982.1-CAA7399983.1	0.0118322	0.0348146	0.339863
CAA7399996.1-CAA7399997.1	0.016653	0.0844462	0.197202
CAA7399997.1-CAA7399998.1	0.0381069	0.0836854	0.455359
CAA7400003.1-CAA7400004.1	0.016653	0.0844462	0.197202
CAA7400022.1-CAA7400023.1	1.0972	NA	NA
CAA7400080.1-CAA7400081.1	0.339519	0.676319	0.502011
CAA7400113.1-CAA7400114.1	0.0314036	0.0512671	0.612549
CAA7400114.1-CAA7400115.1	0.281888	0.725479	0.388554
CAA7400116.1-CAA7400118.1	0.00480709	0.013767	0.349176
CAA7400117.1-CAA7400119.1	0.282129	0.744964	0.378715
CAA7400119.1-CAA7400120.1	NA	NA	NA
CAA7400120.1-CAA7400121.1	0.282768	0.777834	0.363532
CAA7400166.1-CAA7400167.1	0.109974	0.171937	0.63962
CAA7400362.1-CAA7400364.1	NA	0.00409573	-0
CAA7400364.1-CAA7400365.1	NA	0.00409573	-0
CAA7400365.1-CAA7400366.1	0.0926109	0.249672	0.37093
CAA7400457.1-CAA7400458.1	0.147161	0.303905	0.484233
CAA7400481.1-CAA7400482.1	0.132481	0.156548	0.846262
CAA7400483.1-CAA7400484.1	0.196918	0.290862	0.677018
CAA7400486.1-CAA7400487.1	0.0361415	0.0957952	0.377279
CAA7400530.1-CAA7400531.1	1.08461	2.69495	0.402459
CAA7400532.1-CAA7400533.1	0.196918	0.290862	0.677018
CAA7400533.1-CAA7400534.1	0.127007	0.184191	0.68954
CAA7400534.1-CAA7400535.1	0.151794	0.173786	0.873456
CAA7400544.1-CAA7400545.1	0.096651	0.115977	0.833366
CAA7400547.1-CAA7400548.1	0.0490405	0.0385522	1.27205
CAA7400548.1-CAA7400549.1	0.0277069	0.0342782	0.808296
CAA7400664.1-CAA7400665.1	0.114072	0.249749	0.456748
CAA7400689.1-CAA7400691.1	0.0267128	0.0516448	0.51724
CAA7400806.1-CAA7400808.1	0.0602961	0.0168903	3.56987
CAA7400814.1-CAA7400815.1	0.204211	0.901606	0.226497
CAA7400820.1-CAA7400821.1	0.415717	0.718541	0.578557
CAA7400861.1-CAA7400862.1	0.379349	1.85869	0.204095
CAA7400862.1-CAA7400863.1	0.349015	0.909415	0.38378
CAA7400907.1-CAA7400909.1	0.0248684	0.0742399	0.334974
CAA7400910.1-CAA7400912.1	0.117948	0.116293	1.01423
CAA7400911.1-CAA7400913.1	NA	NA	NA
CAA7400933.1-CAA7400935.1	0.40594	0.482752	0.840887
CAA7400934.1-CAA7400936.1	0.0948544	0.332987	0.284859
CAA7400936.1-CAA7400937.1	0.125482	0.430396	0.29155
CAA7400937.1-CAA7400938.1	0.385957	0.851879	0.453065
CAA7400962.1-CAA7400964.1	0.254996	0.25677	0.993094
CAA7400979.1-CAA7400980.1	0.569523	0.921348	0.618141
CAA7400988.1-CAA7400990.1	0.196719	0.480919	0.409048
CAA7400995.1-CAA7400996.1	0.248006	0.68423	0.36246
CAA7400996.1-CAA7400997.1	0.306193	0.73658	0.415696
CAA7400997.1-CAA7400998.1	0.230571	0.908548	0.253779
CAA7400998.1-CAA7400999.1	0.17547	1.03462	0.169599
CAA7401014.1-CAA7401015.1	0.119516	0.521671	0.229103
CAA7401026.1-CAA7401027.1	0.132135	0.837257	0.157819
CAA7401027.1-CAA7401028.1	0.415094	NA	NA
CAA7401035.1-CAA7401036.1	0.48489	0.94924	0.510819
CAA7401048.1-CAA7401050.1	0.0533819	0.172905	0.308735
CAA7401050.1-CAA7401051.1	0.171524	0.577386	0.29707
CAA7401053.1-CAA7401054.1	0.354775	0.469299	0.755967
CAA7401053.1-CAA7401055.1	0.0907536	0.458718	0.197842
CAA7401128.1-CAA7401129.1	0.00207595	NA	NA
CAA7401166.1-CAA7401167.1	0.0994071	0.30822	0.32252
CAA7401167.1-CAA7401168.1	0.676066	1.80315	0.374936
CAA7401175.1-CAA7401176.1	NA	NA	NA
CAA7401180.1-CAA7401181.1	0.00627344	0.0159116	0.394268
CAA7401183.1-CAA7401185.1	NA	NA	NA
CAA7401185.1-CAA7401186.1	NA	NA	NA
CAA7401250.1-CAA7401252.1	0.124201	0.270514	0.459131
CAA7401251.1-CAA7401253.1	0.335045	0.533734	0.627739
CAA7401252.1-CAA7401254.1	0.0603407	0.0933561	0.64635
CAA7401254.1-CAA7401255.1	NA	NA	NA
CAA7401255.1-CAA7401256.1	0.141719	0.316875	0.44724
CAA7401272.1-CAA7401273.1	0.499898	1.83656	0.272192
CAA7401302.1-CAA7401303.1	0.585885	1.16403	0.503326
CAA7401353.1-CAA7401354.1	0.234423	0.941635	0.248953
CAA7401366.1-CAA7401367.1	0.0669643	0.164553	0.406947
CAA7401382.1-CAA7401383.1	0.0125375	0.0255192	0.491298
CAA7401383.1-CAA7401385.1	0.0104521	0.0125827	0.83067
CAA7401395.1-CAA7401396.1	0.471903	NA	NA
CAA7401396.1-CAA7401397.1	0.11989	0.255795	0.468696
CAA7401404.1-CAA7401405.1	0.172644	0.504268	0.342366
CAA7401449.1-CAA7401450.1	0.0954382	0.28421	0.335802
CAA7401452.1-CAA7401453.1	0.33323	1.06485	0.312936
CAA7401464.1-CAA7401465.1	0.164531	0.416993	0.394565
CAA7401465.1-CAA7401466.1	0.175616	0.382825	0.458736
CAA7401466.1-CAA7401467.1	0.298968	0.760746	0.392993
CAA7401481.1-CAA7401482.1	0.292493	0.745751	0.392212
CAA7401482.1-CAA7401483.1	0.262184	0.58446	0.448591
CAA7401483.1-CAA7401484.1	0.239045	0.563279	0.424381
CAA7401485.1-CAA7401487.1	NA	0.00314569	-0
CAA7401508.1-CAA7401510.1	0.0145379	0.0544346	0.267071
CAA7401513.1-CAA7401515.1	NA	0.00318999	-0
CAA7401557.1-CAA7401559.1	0.0197046	0.0703507	0.280091
CAA7401648.1-CAA7401650.1	0.330724	0.999423	0.330915
CAA7401650.1-CAA7401651.1	0.0184629	0.0411833	0.448309
CAA7401711.1-CAA7401712.1	0.152087	0.259446	0.586198
CAA7401724.1-CAA7401725.1	0.547968	0.925157	0.592297
CAA7401729.1-CAA7401730.1	0.00535957	0.0121681	0.440462
CAA7401764.1-CAA7401765.1	0.521717	1.09873	0.474836
CAA7401816.1-CAA7401817.1	0.0544396	0.0788423	0.690488
CAA7401826.1-CAA7401827.1	NA	NA	NA
CAA7401827.1-CAA7401828.1	0.00888673	0.0159846	0.555955
CAA7401828.1-CAA7401829.1	0.00888673	0.0159846	0.555955
CAA7401829.1-CAA7401830.1	NA	NA	NA
CAA7401830.1-CAA7401831.1	NA	NA	NA
CAA7401838.1-CAA7401840.1	0.00603665	0.0181791	0.332065
CAA7401872.1-CAA7401873.1	NA	NA	NA
CAA7401873.1-CAA7401874.1	NA	NA	NA
CAA7401895.1-CAA7401896.1	0.331112	0.692712	0.477994
CAA7401897.1-CAA7401898.1	0.442201	1.61213	0.274296
CAA7401898.1-CAA7401900.1	0.371783	1.22318	0.303949
CAA7401919.1-CAA7401920.1	0.356501	1.68885	0.21109
CAA7401930.1-CAA7401931.1	0.245569	1.19467	0.205553
CAA7401955.1-CAA7401956.1	NA	0.0216684	-0
CAA7401956.1-CAA7401957.1	NA	0.0216684	-0
CAA7401957.1-CAA7401958.1	0.00394442	0.0216285	0.182371
CAA7401958.1-CAA7401959.1	0.00394442	0.0216285	0.182371
CAA7402005.1-CAA7402006.1	0.0370167	0.0492047	0.752301
CAA7402033.1-CAA7402035.1	1.05406	1.27892	0.824177
CAA7402040.1-CAA7402041.1	0.0821417	0.391074	0.210042
CAA7402052.1-CAA7402053.1	0.969144	1.03668	0.934855
CAA7402059.1-CAA7402060.1	0.49741	1.39264	0.35717
CAA7402060.1-CAA7402061.1	0.282912	1.14705	0.246644
CAA7402099.1-CAA7402100.1	0.280392	1.57802	0.177686
CAA7402100.1-CAA7402101.1	0.0993312	0.326703	0.304041
CAA7402101.1-CAA7402102.1	0.0677571	0.282786	0.239606
CAA7402112.1-CAA7402113.1	0.156651	0.240307	0.651878
CAA7402121.1-CAA7402122.1	0.396705	1.01211	0.391959
CAA7402122.1-CAA7402123.1	0.398291	1.30438	0.30535
CAA7402130.1-CAA7402131.1	0.0347916	0.132068	0.263438
CAA7402131.1-CAA7402132.1	0.013069	0.0346669	0.376987
CAA7402136.1-CAA7402137.1	NA	0.0149511	-0
CAA7402137.1-CAA7402138.1	NA	0.00993419	-0
CAA7402144.1-CAA7402145.1	0.254975	NA	NA
CAA7402150.1-CAA7402151.1	0.201725	0.435387	0.463324
CAA7402296.1-CAA7402297.1	0.0495856	0.0875429	0.566415
CAA7402313.1-CAA7402315.1	0.0279283	0.0886314	0.315106
CAA7402314.1-CAA7402316.1	0.00476097	0.0222927	0.213566
CAA7402353.1-CAA7402354.1	0.367663	1.05795	0.347526
CAA7402392.1-CAA7402393.1	0.0131637	0.060296	0.218317
CAA7402393.1-CAA7402394.1	0.0131637	0.0513798	0.256203
CAA7402394.1-CAA7402395.1	0.00261197	0.0515309	0.0506875
CAA7402395.1-CAA7402396.1	0.00261487	0.0602534	0.0433979
CAA7402399.1-CAA7402401.1	0.329862	2.56413	0.128645
CAA7402401.1-CAA7402403.1	0.147466	0.392894	0.375333
CAA7402402.1-CAA7402403.1	0.112116	0.18775	0.597158
CAA7402403.1-CAA7402405.1	0.13411	0.381744	0.351308
CAA7402406.1-CAA7402407.1	0.0592298	0.172524	0.343314
CAA7402408.1-CAA7402409.1	0.153008	0.26182	0.584401
CAA7402409.1-CAA7402410.1	0.14365	0.316561	0.453784
CAA7402417.1-CAA7402419.1	1.03258	1.5701	0.657653
CAA7402420.1-CAA7402421.1	0.167276	0.261673	0.639254
CAA7402422.1-CAA7402424.1	0.100364	0.173238	0.579342
CAA7402423.1-CAA7402425.1	0.0660771	0.143421	0.460721
CAA7402429.1-CAA7402430.1	0.120509	0.467378	0.25784
CAA7402430.1-CAA7402432.1	0.38261	NA	NA
CAA7402438.1-CAA7402439.1	0.298723	1.6392	0.182237
CAA7402470.1-CAA7402471.1	0.43643	1.13492	0.384548
CAA7402471.1-CAA7402472.1	0.0343644	0.0320164	1.07334
CAA7402472.1-CAA7402473.1	0.205371	0.172355	1.19156
CAA7402487.1-CAA7402488.1	0.890852	1.0791	0.825549
CAA7402580.1-CAA7402581.1	0.182156	0.190505	0.956172
CAA7402589.1-CAA7402591.1	0.14104	0.21386	0.659498
CAA7402591.1-CAA7402592.1	NA	NA	NA
CAA7402593.1-CAA7402594.1	0.00294623	NA	NA
CAA7402596.1-CAA7402598.1	NA	NA	NA
CAA7402598.1-CAA7402599.1	0.035442	0.0679342	0.52171
CAA7402649.1-CAA7402651.1	0.0699277	0.23195	0.301477
CAA7402702.1-CAA7402703.1	0.63243	1.29603	0.487975
CAA7402718.1-CAA7402720.1	0.295311	0.683743	0.431903
CAA7402720.1-CAA7402721.1	NA	0.0069899	-0
CAA7402721.1-CAA7402722.1	0.0134258	0.0534437	0.251213
CAA7402722.1-CAA7402723.1	0.211867	0.660794	0.320625
CAA7402723.1-CAA7402724.1	0.26025	0.808047	0.322072
CAA7402742.1-CAA7402743.1	0.040196	0.218462	0.183995
CAA7402756.1-CAA7402757.1	0.124163	0.2943	0.421891
CAA7402759.1-CAA7402760.1	0.10505	0.20284	0.517899
CAA7402772.1-CAA7402773.1	0.399911	1.41788	0.282049
CAA7402782.1-CAA7402784.1	0.412201	1.01803	0.404901
CAA7402783.1-CAA7402784.1	0.00689756	0.00772839	0.892497
CAA7402794.1-CAA7402796.1	0.0907036	0.227816	0.398145
CAA7402803.1-CAA7402804.1	NA	NA	NA
CAA7402804.1-CAA7402805.1	NA	0.0250993	-0
CAA7402805.1-CAA7402807.1	0.479437	1.46783	0.326631
CAA7402836.1-CAA7402837.1	0.885896	1.10753	0.799884
CAA7402837.1-CAA7402838.1	0.800605	1.05623	0.757987
CAA7402837.1-CAA7402839.1	0.559978	1.29855	0.431235
CAA7402857.1-CAA7402858.1	0.123449	0.228412	0.540467
CAA7402858.1-CAA7402859.1	NA	NA	NA
CAA7402942.1-CAA7402943.1	0.373871	1.38346	0.270244
CAA7402951.1-CAA7402953.1	0.618546	1.58	0.391486
CAA7402973.1-CAA7402974.1	0.182565	0.455557	0.40075
CAA7403010.1-CAA7403011.1	0.220506	0.443597	0.497086
CAA7403011.1-CAA7403012.1	0.251546	0.671367	0.374677
CAA7403017.1-CAA7403018.1	0.0533535	0.158363	0.336905
CAA7403062.1-CAA7403063.1	0.285115	0.688831	0.413911
CAA7403063.1-CAA7403064.1	0.339329	0.80011	0.424103
CAA7403077.1-CAA7403079.1	0.0769505	0.0828725	0.928541
CAA7403084.1-CAA7403085.1	0.247076	0.582609	0.424086
CAA7403092.1-CAA7403093.1	0.410534	1.05494	0.389153
CAA7403123.1-CAA7403125.1	0.454636	1.48472	0.306211
CAA7403129.1-CAA7403130.1	0.228201	0.570018	0.40034
CAA7403130.1-CAA7403132.1	0.442881	1.38054	0.320803
CAA7403142.1-CAA7403143.1	0.355355	0.988819	0.359373
CAA7403202.1-CAA7403204.1	0.174255	0.631893	0.275767
CAA7403204.1-CAA7403206.1	0.114419	0.263509	0.434215
CAA7403206.1-CAA7403207.1	0.268237	0.565171	0.474612
CAA7403219.1-CAA7403220.1	0.723874	2.09369	0.345741
CAA7403340.1-CAA7403341.1	0.0584925	0.181462	0.322341
CAA7403409.1-CAA7403411.1	0.256522	0.635404	0.403715
CAA7403549.1-CAA7403550.1	0.773598	1.46076	0.529587
CAA7403552.1-CAA7403553.1	0.146341	0.292031	0.501114
CAA7403577.1-CAA7403578.1	0.125708	0.176916	0.710552
CAA7403578.1-CAA7403580.1	0.00431033	0.00743978	0.579362
CAA7403595.1-CAA7403596.1	0.159688	0.687829	0.232163
CAA7403612.1-CAA7403613.1	0.377505	1.08053	0.349369
CAA7403624.1-CAA7403625.1	0.569186	0.75023	0.758681
CAA7403630.1-CAA7403631.1	0.0122389	0.0141432	0.865354
CAA7403729.1-CAA7403731.1	0.0467806	0.178419	0.262195
CAA7403736.1-CAA7403738.1	0.041801	0.0654902	0.638279
CAA7403759.1-CAA7403760.1	0.139188	0.264178	0.526871
CAA7403762.1-CAA7403764.1	0.316341	1.1144	0.283866
CAA7403765.1-CAA7403766.1	0.753029	1.81245	0.415475
CAA7403835.1-CAA7403837.1	0.0830251	0.22853	0.363301
CAA7403841.1-CAA7403842.1	0.00964289	0.0320073	0.301272
CAA7403963.1-CAA7403964.1	0.0687806	0.41224	0.166846
CAA7403970.1-CAA7403971.1	0.281962	0.713937	0.394939
CAA7403971.1-CAA7403972.1	0.236373	0.425243	0.555855
CAA7404095.1-CAA7404096.1	0.0770339	0.137342	0.560892
CAA7404100.1-CAA7404101.1	0.118245	0.200499	0.589756
CAA7404137.1-CAA7404138.1	NA	NA	NA
CAA7404333.1-CAA7404334.1	0.402383	1.25018	0.321861
CAA7404334.1-CAA7404335.1	0.36913	0.983542	0.375306
CAA7404337.1-CAA7404338.1	0.217449	0.610262	0.356321
CAA7404340.1-CAA7404342.1	0.115148	0.152237	0.756378
CAA7404348.1-CAA7404349.1	0.175884	0.309975	0.567413
CAA7404349.1-CAA7404350.1	0.15321	0.29292	0.523044
CAA7404350.1-CAA7404351.1	0.0980681	0.219092	0.447612
CAA7404392.1-CAA7404394.1	0.0529757	0.0943133	0.561699
CAA7404541.1-CAA7404542.1	0.0481654	0.116822	0.412298
CAA7404542.1-CAA7404543.1	0.122836	0.385884	0.318323
CAA7404603.1-CAA7404604.1	0.0108861	0.0450849	0.241459
CAA7404681.1-CAA7404682.1	0.366915	0.708851	0.51762
CAA7404682.1-CAA7404683.1	0.357436	0.488618	0.731524
CAA7404700.1-CAA7404701.1	0.182194	NA	NA
CAA7404703.1-CAA7404704.1	0.0187013	0.0320384	0.583715
CAA7404705.1-CAA7404706.1	0.304355	0.776528	0.391943
CAA7404738.1-CAA7404739.1	0.283695	0.949424	0.298808
CAA7404739.1-CAA7404740.1	0.0457156	0.0861879	0.530418
CAA7404740.1-CAA7404741.1	0.102188	0.447234	0.228488
CAA7404741.1-CAA7404742.1	0.0885229	0.27475	0.322194
CAA7404755.1-CAA7404756.1	0.42343	0.787222	0.53788
CAA7404756.1-CAA7404757.1	0.541437	0.840937	0.643849
CAA7404757.1-CAA7404759.1	0.136673	0.397263	0.344036
CAA7404806.1-CAA7404807.1	0.0790897	0.304572	0.259674
CAA7404815.1-CAA7404816.1	0.443425	0.723267	0.613087
CAA7404816.1-CAA7404817.1	0.375742	0.729933	0.514763
CAA7404861.1-CAA7404862.1	0.0736732	0.290025	0.254024
CAA7404862.1-CAA7404863.1	0.0809005	0.216353	0.373929
CAA7404870.1-CAA7404871.1	0.0451217	0.132231	0.341235
CAA7404879.1-CAA7404881.1	0.149681	0.286806	0.52189
CAA7405020.1-CAA7405021.1	0.418089	1.24637	0.335447
CAA7405066.1-CAA7405067.1	0.381022	1.36518	0.2791
CAA7405072.1-CAA7405074.1	0.257295	1.58982	0.161839
CAA7405080.1-CAA7405081.1	0.335221	1.31677	0.254578
CAA7405081.1-CAA7405082.1	0.335221	1.31677	0.254578
CAA7405082.1-CAA7405083.1	0.335221	1.31677	0.254578
CAA7405083.1-CAA7405085.1	0.268266	0.93515	0.286869
CAA7405141.1-CAA7405142.1	0.238429	0.513009	0.464766
CAA7405221.1-CAA7405222.1	0.85998	1.41289	0.608666
CAA7405222.1-CAA7405223.1	0.731643	1.06149	0.68926
CAA7405356.1-CAA7405357.1	0.128208	0.305535	0.419619
CAA7405440.1-CAA7405441.1	0.0762863	0.241545	0.315827
CAA7405462.1-CAA7405464.1	0.993248	1.51787	0.654371
CAA7405465.1-CAA7405466.1	0.110374	1.08525	0.101704
CAA7405471.1-CAA7405473.1	NA	NA	NA
CAA7405472.1-CAA7405474.1	0.00560266	0.00847287	0.661247
CAA7405473.1-CAA7405475.1	0.0429179	0.0833799	0.514727
CAA7405475.1-CAA7405476.1	NA	0.0082613	-0
CAA7405476.1-CAA7405477.1	0.0745202	0.0914116	0.815217
CAA7405477.1-CAA7405478.1	0.0140689	0.0171052	0.822489
CAA7405480.1-CAA7405481.1	0.00280047	NA	NA
CAA7405481.1-CAA7405482.1	0.00280047	NA	NA
CAA7405482.1-CAA7405483.1	0.0735026	0.0790639	0.929661
CAA7405482.1-CAA7405484.1	0.00280047	NA	NA
CAA7405504.1-CAA7405505.1	0.207406	0.540268	0.383895
CAA7405505.1-CAA7405506.1	0.254559	0.616353	0.413008
CAA7405506.1-CAA7405507.1	0.412465	1.00366	0.41096
CAA7405511.1-CAA7405513.1	0.00835144	0.0966616	0.0863987
CAA7405513.1-CAA7405514.1	NA	0.0263702	-0
CAA7405521.1-CAA7405522.1	0.104322	0.594809	0.175387
CAA7405547.1-CAA7405548.1	0.285401	3.30413	0.0863771
CAA7405548.1-CAA7405549.1	0.105468	0.106573	0.989634
CAA7405549.1-CAA7405550.1	0.100808	0.100771	1.00037
CAA7405560.1-CAA7405561.1	0.0746484	0.403092	0.18519
CAA7405586.1-CAA7405587.1	0.0424073	0.0823766	0.514798
CAA7405587.1-CAA7405588.1	0.279404	0.534301	0.522934
CAA7405596.1-CAA7405597.1	0.0222202	0.0993194	0.223725
CAA7405597.1-CAA7405598.1	0.107916	0.391552	0.275611
CAA7405619.1-CAA7405620.1	0.156962	0.237015	0.662245
CAA7405620.1-CAA7405622.1	0.143668	0.157922	0.90974
CAA7405638.1-CAA7405640.1	0.159884	0.416524	0.383853
CAA7405640.1-CAA7405641.1	0.210897	0.465765	0.452797
CAA7405641.1-CAA7405642.1	0.207871	0.377543	0.550588
CAA7405642.1-CAA7405644.1	0.126159	0.30755	0.410206
CAA7405643.1-CAA7405645.1	0.0893132	0.349253	0.255726
CAA7405645.1-CAA7405646.1	NA	NA	NA
CAA7405646.1-CAA7405647.1	NA	NA	NA
CAA7405661.1-CAA7405663.1	0.110386	0.22995	0.480043
CAA7405665.1-CAA7405667.1	0.014458	0.168718	0.0856936
CAA7405666.1-CAA7405667.1	0.053479	0.188556	0.283624
CAA7405667.1-CAA7405668.1	0.119207	0.356926	0.333983
CAA7405668.1-CAA7405669.1	0.122828	0.36266	0.338686
CAA7405669.1-CAA7405670.1	0.16134	0.310186	0.52014
CAA7405669.1-CAA7405671.1	0.149108	0.556087	0.268138
CAA7405675.1-CAA7405676.1	0.143491	0.222566	0.644713
CAA7405678.1-CAA7405679.1	0.193829	0.364093	0.532363
CAA7405720.1-CAA7405721.1	0.257006	0.299835	0.857158
CAA7405721.1-CAA7405722.1	0.228972	0.298938	0.765951
CAA7405756.1-CAA7405758.1	0.111472	0.247342	0.450682
CAA7405774.1-CAA7405776.1	0.293716	0.368757	0.796503
CAA7405782.1-CAA7405783.1	0.0456744	0.141995	0.321661
CAA7405784.1-CAA7405785.1	0.288661	0.375364	0.769017
CAA7405785.1-CAA7405786.1	0.0750452	0.120346	0.623578
CAA7405860.1-CAA7405861.1	0.30176	0.902225	0.334462
CAA7405865.1-CAA7405867.1	0.205023	0.365669	0.56068
CAA7405929.1-CAA7405930.1	0.00874083	0.0123176	0.709619
CAA7405961.1-CAA7405963.1	0.137247	0.324686	0.422707
CAA7405997.1-CAA7405998.1	0.398942	1.03816	0.384276
CAA7405998.1-CAA7405999.1	0.192952	0.422179	0.457038
CAA7406068.1-CAA7406069.1	0.631059	1.19758	0.526944
CAA7406161.1-CAA7406162.1	0.807512	0.899109	0.898124
CAA7406194.1-CAA7406195.1	0.00787046	0.0331364	0.237517
CAA7406199.1-CAA7406200.1	0.0292826	0.0504737	0.580156
CAA7406205.1-CAA7406207.1	0.0924974	0.0579242	1.59687
CAA7406207.1-CAA7406208.1	0.467816	0.369236	1.26698
CAA7406253.1-CAA7406254.1	0.00558664	0.0276781	0.201843
CAA7406379.1-CAA7406380.1	0.165528	0.213903	0.773847
CAA7406380.1-CAA7406381.1	0.181931	0.276049	0.659054
CAA7406460.1-CAA7406461.1	0.350621	1.14881	0.305204
CAA7406482.1-CAA7406484.1	0.0173061	0.058722	0.294712
CAA7406483.1-CAA7406485.1	0.0201324	0.0430923	0.467193
CAA7406484.1-CAA7406486.1	0.103874	0.265903	0.390647
CAA7406503.1-CAA7406504.1	0.746891	1.16607	0.640522
CAA7406515.1-CAA7406516.1	0.00643222	0.0175909	0.365655
CAA7406516.1-CAA7406518.1	0.0417634	0.130267	0.320597
CAA7406531.1-CAA7406532.1	0.0758807	0.407212	0.186342
CAA7406553.1-CAA7406554.1	0.100186	0.203058	0.493386
CAA7406554.1-CAA7406555.1	NA	0.0205866	-0
CAA7406555.1-CAA7406556.1	0.0690668	0.479152	0.144144
CAA7406556.1-CAA7406557.1	0.25724	0.408147	0.630263
CAA7406673.1-CAA7406674.1	0.0163862	0.00834369	1.9639
CAA7406709.1-CAA7406710.1	0.285375	0.57147	0.49937
CAA7406710.1-CAA7406711.1	0.496533	1.09425	0.453765
CAA7406717.1-CAA7406718.1	0.0684675	0.164004	0.417474
CAA7406718.1-CAA7406719.1	0.0957345	0.288729	0.331573
CAA7406775.1-CAA7406776.1	0.301541	0.950356	0.317293
CAA7406776.1-CAA7406778.1	0.118937	0.274093	0.43393
CAA7406782.1-CAA7406784.1	0.225823	0.990396	0.228013
CAA7406801.1-CAA7406802.1	0.0306547	0.0598768	0.511962
CAA7406842.1-CAA7406843.1	0.153139	1.31868	0.116131
CAA7406846.1-CAA7406848.1	0.00456327	NA	NA
CAA7406847.1-CAA7406848.1	0.220705	0.267733	0.824345
CAA7406848.1-CAA7406849.1	0.0572056	0.103568	0.552348
CAA7406857.1-CAA7406858.1	0.0585671	0.150004	0.390436
CAA7406864.1-CAA7406865.1	0.0725315	0.178937	0.405346
CAA7407002.1-CAA7407003.1	0.0105295	0.00659097	1.59757
CAA7407010.1-CAA7407011.1	0.000971783	0.00293574	0.331018
CAA7407019.1-CAA7407020.1	0.000971339	0.0029398	0.33041
CAA7407031.1-CAA7407032.1	NA	0.00274526	-0
CAA7407050.1-CAA7407052.1	0.0284031	0.0727006	0.390686
CAA7407053.1-CAA7407054.1	0.00291695	0.00294239	0.991352
CAA7407065.1-CAA7407066.1	0.487912	1.20092	0.406281
CAA7407124.1-CAA7407125.1	0.263386	0.450561	0.584574
CAA7407125.1-CAA7407126.1	0.173312	0.406931	0.4259
CAA7407135.1-CAA7407136.1	0.179848	0.960386	0.187266
CAA7407210.1-CAA7407211.1	0.156066	0.586315	0.26618
CAA7407302.1-CAA7407303.1	0.405079	0.683301	0.592826
CAA7407317.1-CAA7407318.1	0.263054	0.985631	0.266889
CAA7407338.1-CAA7407339.1	0.0620403	0.122384	0.506933
CAA7407344.1-CAA7407345.1	0.300828	1.04363	0.288252
CAA7407345.1-CAA7407347.1	0.00392099	0.0109259	0.358872
CAA7407346.1-CAA7407348.1	0.120173	0.155746	0.771593
CAA7407363.1-CAA7407364.1	0.0603858	0.167799	0.35987
CAA7407364.1-CAA7407365.1	0.0721463	0.232921	0.309746
CAA7407372.1-CAA7407373.1	NA	NA	NA
CAA7407399.1-CAA7407400.1	0.564228	1.69945	0.332005
CAA7407415.1-CAA7407416.1	0.23515	0.524656	0.448199
CAA7407449.1-CAA7407450.1	NA	NA	NA
CAA7407468.1-CAA7407469.1	0.0693107	0.417722	0.165925
CAA7407471.1-CAA7407473.1	0.0114295	0.0166644	0.685865
CAA7407473.1-CAA7407475.1	0.412573	0.722141	0.571319
CAA7407476.1-CAA7407477.1	0.00413511	NA	NA
CAA7407477.1-CAA7407478.1	0.114625	0.182352	0.628591
CAA7407505.1-CAA7407507.1	0.137383	0.292116	0.470303
CAA7407509.1-CAA7407510.1	0.683027	0.996683	0.6853
CAA7407510.1-CAA7407511.1	0.419994	0.65211	0.644054
CAA7407511.1-CAA7407512.1	NA	NA	NA
CAA7407512.1-CAA7407514.1	0.411353	0.66046	0.622828
CAA7407525.1-CAA7407526.1	0.318111	0.543356	0.585456
CAA7407528.1-CAA7407530.1	0.509103	0.784271	0.649142
CAA7407533.1-CAA7407534.1	0.0672299	0.164664	0.408285
CAA7407534.1-CAA7407536.1	0.108273	0.315239	0.343465
CAA7407589.1-CAA7407590.1	0.144159	0.180762	0.797509
CAA7407620.1-CAA7407622.1	0.390409	1.54559	0.252596
CAA7407645.1-CAA7407647.1	0.0135096	0.0312829	0.431855
CAA7407825.1-CAA7407826.1	0.0956999	0.159574	0.599721
CAA7407827.1-CAA7407828.1	0.380724	1.92508	0.197771
CAA7407849.1-CAA7407850.1	0.0523279	0.128948	0.405807
CAA7407855.1-CAA7407857.1	0.187545	0.326524	0.57437
CAA7407856.1-CAA7407857.1	0.241458	0.503327	0.479724
CAA7407861.1-CAA7407862.1	0.135354	0.30227	0.44779
CAA7407862.1-CAA7407863.1	0.418722	0.642628	0.651578
CAA7407864.1-CAA7407865.1	0.168703	0.334474	0.504383
CAA7407891.1-CAA7407892.1	0.0450499	0.108818	0.413993
CAA7407892.1-CAA7407893.1	0.117372	0.480993	0.24402
CAA7407893.1-CAA7407894.1	0.105503	0.358518	0.294274
CAA7407894.1-CAA7407895.1	0.110367	0.42847	0.257584
CAA7407895.1-CAA7407896.1	0.44036	1.91081	0.230457
CAA7407896.1-CAA7407898.1	0.460567	1.45383	0.316796
CAA7407900.1-CAA7407901.1	0.215083	0.571446	0.376384
CAA7407920.1-CAA7407921.1	0.0838455	0.23578	0.355609
CAA7407921.1-CAA7407922.1	0.0433812	0.226305	0.191694
CAA7407922.1-CAA7407923.1	0.0947264	0.188548	0.502399
CAA7407923.1-CAA7407924.1	0.0652574	0.270776	0.241001
CAA7407932.1-CAA7407933.1	0.217297	0.609889	0.35629
CAA7407936.1-CAA7407937.1	0.110522	0.210546	0.524931
CAA7407954.1-CAA7407956.1	NA	NA	NA
CAA7407963.1-CAA7407965.1	0.637698	1.50716	0.423113
CAA7407994.1-CAA7407996.1	0.0818865	0.140804	0.581565
CAA7408053.1-CAA7408054.1	0.680825	1.17381	0.580014
CAA7408060.1-CAA7408061.1	0.0246932	0.049302	0.500856
CAA7408132.1-CAA7408133.1	0.237619	1.14233	0.208013
CAA7408160.1-CAA7408161.1	0.54205	1.46312	0.370476
CAA7408185.1-CAA7408187.1	0.0133045	0.105197	0.126472
CAA7408224.1-CAA7408225.1	0.282476	1.00088	0.282228
CAA7408227.1-CAA7408228.1	0.0917656	0.358009	0.256322
CAA7408269.1-CAA7408270.1	0.0654621	0.158329	0.413457
CAA7408276.1-CAA7408277.1	0.158203	0.243107	0.650755
CAA7408355.1-CAA7408356.1	0.267839	2.10931	0.126979
CAA7408387.1-CAA7408388.1	0.53779	1.24908	0.430548
CAA7408391.1-CAA7408392.1	0.144261	0.230099	0.626952
CAA7408452.1-CAA7408453.1	0.681788	NA	NA
CAA7408465.1-CAA7408467.1	0.00674963	0.128861	0.052379
CAA7408467.1-CAA7408468.1	0.0101481	0.105763	0.0959512
CAA7408470.1-CAA7408471.1	0.00337377	0.0939423	0.0359132
CAA7408471.1-CAA7408472.1	0.00337183	0.0614105	0.0549064
CAA7408473.1-CAA7408474.1	0.0067672	0.127803	0.0529501
CAA7408474.1-CAA7408475.1	0.0438884	0.21034	0.208654
CAA7408537.1-CAA7408539.1	0.000862382	0.0162716	0.0529991
CAA7408539.1-CAA7408540.1	NA	NA	NA
CAA7408544.1-CAA7408545.1	0.553857	1.15258	0.480537
CAA7408546.1-CAA7408548.1	0.0333686	0.0750006	0.44491
CAA7408570.1-CAA7408571.1	0.375824	3.76742	0.0997564
CAA7408723.1-CAA7408724.1	0.304957	0.693796	0.439548
CAA7408724.1-CAA7408725.1	0.181334	0.467202	0.388129
CAA7408725.1-CAA7408726.1	0.202474	0.452593	0.447364
CAA7408726.1-CAA7408728.1	0.349696	0.73959	0.472825
CAA7408752.1-CAA7408754.1	0.00202055	NA	NA
CAA7408753.1-CAA7408755.1	NA	NA	NA
CAA7408754.1-CAA7408756.1	0.0123947	0.019882	0.623413
CAA7408755.1-CAA7408757.1	NA	NA	NA
CAA7408799.1-CAA7408800.1	0.0413888	0.143779	0.287864
CAA7408802.1-CAA7408803.1	0.111928	0.257847	0.434086
CAA7408811.1-CAA7408813.1	0.118903	0.606511	0.196045
CAA7408864.1-CAA7408866.1	0.0966303	0.101657	0.95055
CAA7408903.1-CAA7408904.1	0.00350384	0.00268053	1.30714
CAA7409017.1-CAA7409018.1	0.0326469	0.0165907	1.96778
CAA7409040.1-CAA7409042.1	0.13468	0.20269	0.664464
CAA7409069.1-CAA7409071.1	0.0572986	0.127675	0.448784
CAA7409092.1-CAA7409094.1	0.0854744	0.140686	0.607555
CAA7409094.1-CAA7409095.1	0.0936229	0.131375	0.71264
CAA7409158.1-CAA7409159.1	NA	NA	NA
CAA7409239.1-CAA7409240.1	NA	NA	NA
CAA7409247.1-CAA7409249.1	0.0216136	0.0440745	0.490387
CAA7409274.1-CAA7409275.1	0.404085	0.843536	0.479037
CAA7409275.1-CAA7409276.1	0.162235	0.378817	0.428269
CAA7409276.1-CAA7409277.1	0.305285	0.782667	0.390057
CAA7409277.1-CAA7409278.1	0.283489	0.440269	0.6439
CAA7409289.1-CAA7409291.1	0.408974	0.933742	0.437994
CAA7409333.1-CAA7409335.1	0.417796	0.716026	0.583493
CAA7409532.1-CAA7409533.1	0.151269	0.533269	0.283664
CAA7409565.1-CAA7409566.1	0.0931918	0.151627	0.614612
CAA7409584.1-CAA7409585.1	0.285811	0.802449	0.356173
CAA7409587.1-CAA7409589.1	0.239881	0.758317	0.316333
CAA7409589.1-CAA7409590.1	0.245335	0.791566	0.309936
CAA7409590.1-CAA7409591.1	0.247928	0.804245	0.308274
CAA7409602.1-CAA7409604.1	0.20414	0.389885	0.523591
CAA7409631.1-CAA7409632.1	0.016314	0.0456835	0.357109
CAA7409632.1-CAA7409634.1	0.0532857	0.174759	0.304909
CAA7409633.1-CAA7409635.1	0.156896	0.325453	0.482085
CAA7409644.1-CAA7409646.1	0.0247008	0.0172688	1.43037
CAA7409646.1-CAA7409648.1	0.0293247	0.0284238	1.03169
CAA7409655.1-CAA7409656.1	0.0900649	0.0947337	0.950716
CAA7409656.1-CAA7409657.1	0.0768647	0.112514	0.683155
CAA7409659.1-CAA7409660.1	0.0826683	0.0493078	1.67658
CAA7409660.1-CAA7409661.1	0.118664	0.325781	0.364245
CAA7409662.1-CAA7409664.1	0.242634	0.393784	0.616159
CAA7409664.1-CAA7409666.1	0.0854842	0.142187	0.60121
CAA7409667.1-CAA7409669.1	0.0546554	0.0647307	0.844349
CAA7409686.1-CAA7409687.1	0.219834	1.26725	0.173473
CAA7409705.1-CAA7409707.1	0.195774	0.200907	0.974449
CAA7409761.1-CAA7409762.1	0.130254	0.412598	0.315693
CAA7409764.1-CAA7409766.1	0.153674	0.145095	1.05913
CAA7409766.1-CAA7409767.1	0.110187	0.212726	0.517978
CAA7409767.1-CAA7409768.1	0.122652	0.179735	0.682404
CAA7409816.1-CAA7409817.1	0.537644	1.34147	0.400786
CAA7409819.1-CAA7409820.1	0.00625747	0.0415129	0.150736
CAA7409838.1-CAA7409839.1	0.600834	0.993167	0.604968
CAA7409839.1-CAA7409840.1	NA	NA	NA
CAA7409840.1-CAA7409842.1	0.283912	0.299685	0.947367
CAA7409882.1-CAA7409883.1	0.357365	1.56188	0.228805
CAA7409967.1-CAA7409968.1	0.901637	NA	NA
CAA7409972.1-CAA7409974.1	0.0115224	0.128438	0.0897118
CAA7409973.1-CAA7409975.1	0.157902	0.337373	0.468034
CAA7409974.1-CAA7409976.1	NA	NA	NA
CAA7409975.1-CAA7409977.1	NA	NA	NA
CAA7409979.1-CAA7409981.1	0.00920485	0.0359976	0.255707
CAA7409980.1-CAA7409982.1	0.176322	0.263858	0.668247
CAA7409998.1-CAA7409999.1	0.54485	0.60153	0.905773
CAA7409999.1-CAA7410000.1	0.194967	0.572815	0.340366
CAA7409999.1-CAA7410001.1	0.843519	1.8692	0.451274
CAA7410006.1-CAA7410007.1	0.00346283	0.0147069	0.235456
CAA7410007.1-CAA7410008.1	NA	NA	NA
CAA7410048.1-CAA7410050.1	0.223962	0.377221	0.593716
CAA7410055.1-CAA7410056.1	0.0703471	0.149226	0.471413
CAA7410060.1-CAA7410062.1	0.415208	1.03812	0.399962
CAA7410062.1-CAA7410063.1	0.390283	0.991981	0.393438
CAA7410066.1-CAA7410068.1	0.397167	1.46647	0.270832
CAA7410067.1-CAA7410068.1	0.30488	0.991607	0.307461
CAA7410068.1-CAA7410070.1	0.434028	0.987795	0.439391
CAA7410118.1-CAA7410119.1	0.0983915	0.345448	0.284823
CAA7410119.1-CAA7410120.1	0.0104783	0.054162	0.193462
CAA7410159.1-CAA7410160.1	0.0575135	0.0907404	0.633825
CAA7410171.1-CAA7410172.1	0.00608079	0.0353756	0.171892
CAA7410173.1-CAA7410174.1	0.078943	0.0655465	1.20438
CAA7410175.1-CAA7410177.1	0.204235	0.380929	0.536149
CAA7410176.1-CAA7410178.1	0.174162	0.250724	0.694636
CAA7410191.1-CAA7410192.1	0.478371	0.629613	0.759787
CAA7410235.1-CAA7410237.1	0.182048	0.417563	0.435977
CAA7410237.1-CAA7410239.1	0.20452	0.437546	0.467426
CAA7410239.1-CAA7410241.1	0.154721	0.350863	0.440971
CAA7410241.1-CAA7410243.1	0.299936	0.600366	0.499588
CAA7410243.1-CAA7410244.1	0.17339	0.383295	0.452368
CAA7410258.1-CAA7410260.1	0.00133609	0.00396492	0.336977
CAA7410259.1-CAA7410261.1	NA	NA	NA
CAA7410260.1-CAA7410262.1	NA	NA	NA
CAA7410261.1-CAA7410263.1	NA	NA	NA
CAA7410346.1-CAA7410347.1	0.318592	0.976649	0.32621
CAA7410381.1-CAA7410383.1	0.110898	0.181159	0.61216
CAA7410407.1-CAA7410408.1	0.000955056	NA	NA
CAA7410475.1-CAA7410476.1	0.566221	0.742052	0.763048
CAA7410476.1-CAA7410477.1	0.308493	0.399095	0.772981
CAA7410478.1-CAA7410479.1	NA	NA	NA
CAA7410519.1-CAA7410521.1	0.0146776	0.0426314	0.344291
CAA7410540.1-CAA7410541.1	0.0399334	0.0937525	0.425945
CAA7410541.1-CAA7410542.1	0.0135531	0.0254832	0.531843
CAA7410576.1-CAA7410578.1	0.42178	1.3505	0.312314
CAA7410584.1-CAA7410585.1	NA	NA	NA
CAA7410628.1-CAA7410629.1	0.284954	0.312686	0.911309
CAA7410656.1-CAA7410657.1	0.161869	0.542212	0.298535
CAA7410657.1-CAA7410658.1	0.0214298	0.046892	0.457004
CAA7410658.1-CAA7410659.1	0.245913	0.717345	0.34281
CAA7410659.1-CAA7410660.1	0.197923	0.55605	0.355945
CAA7410660.1-CAA7410661.1	0.180954	0.44077	0.410541
CAA7410674.1-CAA7410676.1	0.411768	1.12277	0.366742
CAA7410680.1-CAA7410681.1	0.0346088	0.0657088	0.526699
CAA7410752.1-CAA7410754.1	0.107728	0.205695	0.523727
CAA7410781.1-CAA7410782.1	0.050755	0.0438386	1.15777
CAA7410782.1-CAA7410783.1	0.0439787	0.082414	0.533632
CAA7410977.1-CAA7410978.1	0.85889	0.953517	0.900759
CAA7411037.1-CAA7411039.1	0.131354	0.694685	0.189084
CAA7411095.1-CAA7411097.1	0.227843	0.825561	0.275986
CAA7411102.1-CAA7411103.1	0.0725555	0.292823	0.24778
CAA7411103.1-CAA7411104.1	0.0774548	0.348137	0.222484
CAA7411104.1-CAA7411105.1	0.110558	0.606952	0.182152
CAA7411134.1-CAA7411135.1	0.451835	1.31756	0.342933
CAB1184540.1-CAB1184542.1	0.00294324	0.0184788	0.159277
CAB1184548.1-CAB1184549.1	0.0118141	0.0416038	0.283966
CAB1184552.1-CAB1184553.1	0.410332	0.746487	0.549684
