Seq	Ka	Ks	Ka/Ks
UPQ96735.1-UPQ96736.1	NA	NA	NA
UPQ96770.1-UPQ96771.1	0.219519	0.61507	0.3569
UPQ96803.1-UPQ96804.1	0.315915	1.08884	0.290138
UPQ96820.1-UPQ96821.1	0.270754	0.950584	0.28483
UPQ96965.1-UPQ96966.1	0.192531	0.268458	0.717175
UPQ97215.1-UPQ97216.1	0.544224	0.876386	0.620986
UPQ97273.1-UPQ97274.1	0.342218	0.388328	0.881261
UPQ97274.1-UPQ97275.1	0.366474	0.279069	1.3132
UPQ97274.1-UPQ97276.1	0.379823	0.377014	1.00745
UPQ97277.1-UPQ97279.1	0.439947	0.390683	1.1261
UPQ97302.1-UPQ97303.1	0.384857	0.352388	1.09214
UPQ97424.1-UPQ97425.1	0.0124743	0.0293433	0.425117
UPQ97487.1-UPQ97488.1	0.747298	1.53241	0.487661
UPQ97507.1-UPQ97508.1	0.0979237	0.218516	0.448131
UPQ97531.1-UPQ97532.1	0.875825	0.747522	1.17164
UPQ97668.1-UPQ97670.1	0.886094	1.1275	0.785891
UPQ97669.1-UPQ97670.1	0.673764	1.38542	0.486323
UPQ97863.1-UPQ97865.1	0.00198651	NA	NA
UPQ97864.1-UPQ97866.1	0.0767337	0.136656	0.561509
UPQ98006.1-UPQ98007.1	1.03936	1.14356	0.908879
UPQ98014.1-UPQ98015.1	0.26406	0.493154	0.53545
UPQ98015.1-UPQ98016.1	0.415023	0.706038	0.587819
UPQ98177.1-UPQ98179.1	0.143692	0.0439961	3.26601
UPQ98215.1-UPQ98216.1	0.324339	0.419382	0.773374
UPQ98216.1-UPQ98217.1	0.513408	0.502506	1.0217
UPQ98220.1-UPQ98221.1	0.916324	0.852422	1.07497
UPQ98407.1-UPQ98408.1	0.254381	0.304186	0.836268
UPQ98408.1-UPQ98409.1	0.447485	0.493169	0.907367
UPQ98470.1-UPQ98472.1	1.14922	1.23916	0.927422
UPQ98576.1-UPQ98577.1	0.183399	0.35211	0.520858
UPQ98584.1-UPQ98585.1	1.02178	1.46556	0.697192
UPQ98588.1-UPQ98590.1	NA	NA	NA
UPQ98660.1-UPQ98661.1	0.257471	0.4393	0.586095
UPQ98765.1-UPQ98766.1	0.626164	1.27452	0.491295
UPQ98905.1-UPQ98907.1	0.0998525	0.354574	0.281613
UPQ98924.1-UPQ98925.1	0.456456	1.11398	0.409752
UPQ99130.1-UPQ99132.1	0.398524	0.263621	1.51173
UPQ99131.1-UPQ99132.1	0.251214	0.254648	0.986517
UPQ99201.1-UPQ99202.1	0.00927981	NA	NA
UPQ99279.1-UPQ99280.1	0.446224	1.29393	0.344861
UPQ99323.1-UPQ99324.1	0.619028	0.855465	0.723616
UPQ99381.1-UPQ99382.1	0.0500786	0.0330807	1.51383
UPQ99391.1-UPQ99392.1	0.14957	0.229217	0.652529
UPQ99392.1-UPQ99393.1	0.461017	0.812183	0.567627
UPQ99426.1-UPQ99427.1	0.408024	1.34492	0.303381
UPQ99427.1-UPQ99428.1	0.420477	1.19209	0.352723
UPQ99432.1-UPQ99433.1	0.473443	0.847233	0.558812
UPQ99444.1-UPQ99445.1	0.0975424	0.135636	0.719146
UPQ99445.1-UPQ99446.1	0.0609159	0.0981547	0.620611
UPQ99589.1-UPQ99590.1	0.438472	1.64459	0.266614
UPQ99674.1-UPQ99675.1	0.789329	0.966224	0.816921
UPQ99813.1-UPQ99814.1	1.27507	NA	NA
UPQ99836.1-UPQ99837.1	0.489768	1.80912	0.270722
UPQ99959.1-UPQ99960.1	0.545736	0.65245	0.83644
UPQ99973.1-UPQ99974.1	0.298359	0.44547	0.669762
UPR00049.1-UPR00050.1	NA	NA	NA
UPR00050.1-UPR00051.1	0.0138861	0.0107993	1.28583
UPR00051.1-UPR00052.1	NA	NA	NA
UPR00068.1-UPR00069.1	0.238918	0.450084	0.53083
UPR00082.1-UPR00083.1	0.29687	0.603831	0.491645
UPR00230.1-UPR00231.1	NA	NA	NA
UPR00260.1-UPR00261.1	0.678912	1.14209	0.594445
UPR00295.1-UPR00296.1	0.00111082	NA	NA
UPR00296.1-UPR00297.1	0.0189114	0.0189797	0.996402
UPR00297.1-UPR00298.1	0.0189114	0.0189797	0.996402
UPR00298.1-UPR00299.1	0.0189114	0.0189797	0.996402
UPR00421.1-UPR00422.1	NA	0.00691299	-0
UPR00422.1-UPR00423.1	0.675253	0.734853	0.918895
UPR00434.1-UPR00435.1	0.3901	1.05953	0.368182
UPR00480.1-UPR00481.1	0.800673	0.69368	1.15424
UPR00650.1-UPR00651.1	0.572642	1.64977	0.347103
UPR00677.1-UPR00679.1	0.242297	0.404273	0.599341
UPR00718.1-UPR00719.1	NA	NA	NA
UPR00719.1-UPR00720.1	NA	0.00602935	-0
UPR00738.1-UPR00739.1	0.952346	0.886011	1.07487
UPR00782.1-UPR00783.1	0.00168434	NA	NA
UPR00784.1-UPR00785.1	0.897559	1.24331	0.721911
UPR00785.1-UPR00786.1	0.729896	1.08537	0.672483
UPR00910.1-UPR00912.1	0.181468	0.282305	0.642807
UPR01002.1-UPR01003.1	0.0884118	0.145809	0.606352
UPR01009.1-UPR01010.1	0.0456178	0.0590728	0.772231
UPR01079.1-UPR01080.1	0.195655	0.346898	0.564012
UPR01166.1-UPR01167.1	0.666772	1.07204	0.621963
UPR01182.1-UPR01183.1	0.0352371	0.0254355	1.38535
UPR01214.1-UPR01215.1	0.110895	0.169789	0.65313
UPR01498.1-UPR01500.1	0.695831	0.874164	0.795996
UPR01514.1-UPR01515.1	0.00277979	0.0205647	0.135173
UPR01562.1-UPR01563.1	0.0271135	0.0575182	0.471389
UPR01563.1-UPR01564.1	0.0676099	0.0924	0.731709
UPR01636.1-UPR01637.1	0.783631	0.847977	0.924118
UPR01643.1-UPR01644.1	0.0480846	0.143873	0.334215
UPR01691.1-UPR01693.1	0.0723331	0.128056	0.564854
UPR01692.1-UPR01694.1	0.0124855	0.00861562	1.44918
UPR01693.1-UPR01695.1	NA	NA	NA
UPR01694.1-UPR01696.1	0.00338098	0.00413517	0.817617
UPR01710.1-UPR01711.1	0.393474	0.709707	0.554417
UPR01715.1-UPR01716.1	0.557477	0.721232	0.772951
UPR01747.1-UPR01748.1	0.0340115	0.0425969	0.79845
UPR01793.1-UPR01794.1	0.675474	0.802254	0.84197
UPR01794.1-UPR01795.1	NA	NA	NA
UPR01795.1-UPR01796.1	NA	0.00968615	-0
UPR01814.1-UPR01815.1	0.475966	0.619527	0.768273
UPR01876.1-UPR01877.1	0.552972	1.39515	0.396354
UPR01913.1-UPR01914.1	0.436706	1.88539	0.231627
UPR01999.1-UPR02000.1	0.44587	1.16043	0.384227
UPR02000.1-UPR02001.1	0.338056	1.16653	0.289797
UPR02032.1-UPR02033.1	0.526447	0.851615	0.618175
UPR02033.1-UPR02034.1	0.428638	0.812829	0.527341
UPR02034.1-UPR02035.1	0.236143	0.348792	0.677032
UPR02035.1-UPR02036.1	0.0273175	0.0475414	0.574604
UPR02036.1-UPR02037.1	1.30487	NA	NA
UPR02037.1-UPR02038.1	0.164791	0.248346	0.663555
UPR02038.1-UPR02039.1	0.29735	0.461449	0.644383
UPR02054.1-UPR02055.1	0.00983311	0.00907302	1.08378
UPR02055.1-UPR02056.1	0.00626959	0.00633213	0.990124
UPR02056.1-UPR02057.1	0.000611191	0.00409124	0.14939
UPR02057.1-UPR02058.1	0.266336	0.318852	0.835295
UPR02100.1-UPR02102.1	NA	0.0161966	-0
UPR02381.1-UPR02382.1	0.833246	1.11624	0.746477
UPR02458.1-UPR02459.1	0.416465	0.771402	0.539881
UPR02588.1-UPR02589.1	0.269537	0.631728	0.426667
UPR02753.1-UPR02754.1	0.933802	0.984086	0.948903
UPR02801.1-UPR02802.1	0.162248	0.220021	0.737421
UPR02829.1-UPR02830.1	0.346579	0.809465	0.428159
UPR02874.1-UPR02875.1	0.657668	1.37728	0.477512
UPR02875.1-UPR02876.1	0.101835	0.120179	0.847357
UPR02895.1-UPR02896.1	0.321162	0.661424	0.485561
UPR02992.1-UPR02993.1	0.500381	1.03275	0.484514
UPR03083.1-UPR03084.1	0.509018	1.21603	0.418591
UPR03084.1-UPR03085.1	0.567385	1.2599	0.45034
UPR03103.1-UPR03104.1	0.0786512	0.137837	0.570608
UPR03197.1-UPR03199.1	0.335051	0.856538	0.391169
UPR03307.1-UPR03308.1	1.50735	1.97815	0.761999
UPR03446.1-UPR03448.1	0.429547	1.22701	0.350077
UPR03512.1-UPR03513.1	0.289416	0.371209	0.779658
UPR03521.1-UPR03522.1	0.381995	0.299105	1.27713
UPR03522.1-UPR03523.1	0.237902	0.236951	1.00401
UPR03528.1-UPR03529.1	0.0137876	0.00725539	1.90033
UPR03551.1-UPR03552.1	0.677897	0.772859	0.877128
UPR03552.1-UPR03554.1	0.604858	0.886545	0.682264
UPR03556.1-UPR03557.1	0.00101381	NA	NA
UPR03636.1-UPR03637.1	0.242694	0.335487	0.723406
UPR03638.1-UPR03639.1	0.0906379	0.101684	0.891368
UPR03709.1-UPR03710.1	0.00419811	0.0135205	0.310501
UPR03710.1-UPR03711.1	0.0202181	0.021304	0.94903
UPR03715.1-UPR03716.1	0.00962057	0.015127	0.635989
UPR03719.1-UPR03720.1	0.60654	0.940271	0.645069
UPR03793.1-UPR03794.1	0.0706636	0.121862	0.579863
UPR03858.1-UPR03859.1	0.103805	0.238581	0.435093
UPR03860.1-UPR03861.1	0.501668	0.978851	0.512507
UPR03925.1-UPR03926.1	0.191691	0.284397	0.674028
UPR03926.1-UPR03927.1	0.537002	0.840278	0.639077
UPR03959.1-UPR03960.1	0.367623	0.772979	0.475593
UPR03985.1-UPR03987.1	0.00959739	0.0229101	0.418915
UPR03986.1-UPR03988.1	NA	NA	NA
UPR03987.1-UPR03988.1	0.442853	0.365203	1.21262
UPR04046.1-UPR04047.1	NA	NA	NA
UPR04111.1-UPR04112.1	0.34606	0.716154	0.48322
UPR04112.1-UPR04113.1	0.187718	0.305031	0.615407
UPR04126.1-UPR04127.1	0.539097	1.46473	0.368051
UPR04206.1-UPR04207.1	0.0327001	0.029678	1.10183
UPR04210.1-UPR04211.1	0.014218	0.011859	1.19892
UPR04211.1-UPR04212.1	0.0327126	0.0346534	0.943995
UPR04211.1-UPR04213.1	0.00393554	0.00695368	0.565965
UPR04329.1-UPR04330.1	0.479918	1.45621	0.329566
UPR04334.1-UPR04336.1	1.06693	0.68129	1.56605
UPR04351.1-UPR04352.1	0.776099	1.83549	0.422828
UPR04377.1-UPR04378.1	0.282422	0.616346	0.458221
UPR04378.1-UPR04379.1	0.198554	0.315893	0.628548
UPR04379.1-UPR04380.1	0.0261881	0.0228371	1.14673
UPR04380.1-UPR04381.1	0.0187678	0.0161274	1.16372
UPR04422.1-UPR04423.1	0.500843	0.959452	0.52201
UPR04424.1-UPR04426.1	0.0385689	0.0489653	0.787679
UPR04442.1-UPR04443.1	1.34206	0.877627	1.52919
UPR04496.1-UPR04497.1	0.877626	1.45235	0.604279
UPR04547.1-UPR04548.1	NA	NA	NA
UPR04630.1-UPR04631.1	0.136416	0.177542	0.76836
UPR04631.1-UPR04633.1	0.358736	0.870149	0.41227
UPR04737.1-UPR04738.1	0.258483	0.317328	0.814561
UPR04737.1-UPR04739.1	0.263922	0.38179	0.691274
UPR04786.1-UPR04787.1	0.479329	1.46565	0.327043
UPR04856.1-UPR04857.1	0.818046	1.34441	0.608478
UPR04898.1-UPR04899.1	0.0220596	0.0732779	0.30104
UPR04945.1-UPR04946.1	NA	NA	NA
UPR04977.1-UPR04979.1	0.302518	0.316089	0.957064
UPR04978.1-UPR04980.1	0.0272088	0.0330843	0.822407
UPR05130.1-UPR05131.1	0.363829	0.619563	0.587235
UPR05290.1-UPR05291.1	0.042686	0.0584069	0.730839
UPR05291.1-UPR05292.1	0.0410692	0.049533	0.829128
UPR05293.1-UPR05294.1	0.0231018	0.0458527	0.503826
UPR05294.1-UPR05295.1	0.036109	0.0365039	0.98918
UPR05296.1-UPR05297.1	0.00289148	0.0166458	0.173706
UPR05297.1-UPR05298.1	0.00579133	0.0208949	0.277165
UPR05298.1-UPR05299.1	0.00522555	0.00597924	0.87395
UPR05299.1-UPR05300.1	0.0646136	0.125784	0.513687
UPR05301.1-UPR05302.1	0.0693136	0.16311	0.424949
UPR05302.1-UPR05303.1	0.084101	0.159245	0.528123
UPR05304.1-UPR05305.1	0.0119616	0.016669	0.717593
UPR05305.1-UPR05306.1	0.00931423	0.0256497	0.363133
UPR05307.1-UPR05308.1	0.0443014	0.0577813	0.766708
UPR05308.1-UPR05309.1	0.00221685	0.00300464	0.737808
