seq	ka	ks	ka/ks
RA_00453-RA_00454	0.51934	1.37743	0.377035
RA_00575-RA_00576	0.224923	0.426152	0.5278
RA_00736-RA_00737	0.218463	1.73399	0.125988
RA_00737-RA_00738	0.501414	1.58841	0.315671
RA_00740-RA_00741	0.289646	1.51847	0.190749
RA_00741-RA_00742	0.292136	1.44605	0.202023
RA_00816-RA_00817	0.138894	0.20452	0.679122
RA_00825-RA_00826	0.219915	1.30891	0.168014
RA_00900-RA_00902	0.123874	0.169732	0.729824
RA_00901-RA_00903	0.0352947	0.113277	0.311577
RA_00903-RA_00904	0.613371	1.21286	0.505721
RA_00918-RA_00919	0.0388199	0.548276	0.0708035
RA_00924-RA_00925	0.0431549	0.125728	0.343242
RA_00925-RA_00926	0.0400768	0.105415	0.380182
RA_00932-RA_00933	0.134534	0.919215	0.146357
RA_00934-RA_00936	0.0356134	0.0642915	0.553936
RA_00935-RA_00937	0.061942	0.0545152	1.13623
RA_00937-RA_00938	0.061942	0.0545152	1.13623
RA_00938-RA_00939	0.0260682	0.0356728	0.73076
RA_00940-RA_00941	0.141069	0.780159	0.180821
RA_00941-RA_00942	0.263328	0.846585	0.311047
RA_00943-RA_00945	0.106179	0.178833	0.59373
RA_00954-RA_00955	0.0341222	0.0587026	0.581273
RA_00954-RA_00956	0.029807	0.075709	0.393705
RA_00958-RA_00959	1.00018	1.86464	0.536396
RA_00959-RA_00961	0.261369	0.345994	0.755415
RA_01019-RA_01020	0.207377	0.305246	0.679376
RA_01057-RA_01058	0.0621544	0.115692	0.53724
RA_01058-RA_01059	0.209399	0.297679	0.703441
RA_01061-RA_01062	0.0430256	0.0818332	0.525772
RA_01062-RA_01063	0.0430256	0.0818332	0.525772
RA_01064-RA_01065	0.0125076	0.0490958	0.254759
RA_01065-RA_01066	0.0743835	0.317007	0.234643
RA_01065-RA_01067	0.023831	0.0642107	0.371137
RA_01084-RA_01085	0.059907	0.127399	0.470231
RA_01093-RA_01094	0.302993	1.20132	0.252217
RA_01094-RA_01095	0.39711	0.678553	0.58523
RA_01095-RA_01096	0.377871	0.738111	0.511944
RA_01096-RA_01098	0.0750014	0.128078	0.585593
RA_01177-RA_01178	0.0117854	0.12951	0.0910004
RA_01179-RA_01181	0.0537146	0.0404982	1.32635
RA_01212-RA_01213	0.155009	0.518169	0.299149
RA_01213-RA_01214	0.270045	1.57024	0.171977
RA_01222-RA_01223	0.0353689	0.01453	2.4342
RA_01248-RA_01250	0.309552	1.24111	0.249416
RA_01253-RA_01254	0.62412	1.87751	0.332418
RA_01298-RA_01299	0.182526	0.39228	0.465296
RA_01344-RA_01345	0.0780932	0.158923	0.49139
RA_01345-RA_01346	0.0599541	0.102303	0.586047
RA_01345-RA_01347	0.0723832	0.111273	0.650498
RA_01359-RA_01360	0.0863126	0.345974	0.249477
RA_01379-RA_01380	0.458186	1.64945	0.277782
RA_01412-RA_01413	0.26003	0.847333	0.306881
RA_01413-RA_01414	0.279293	1.92843	0.14483
RA_01414-RA_01415	0.0956176	0.231906	0.412313
RA_01453-RA_01454	0.328321	0.369442	0.888696
RA_01454-RA_01455	0.521424	1.24288	0.419528
RA_01547-RA_01549	0.492589	2.15234	0.228862
RA_01549-RA_01550	0.340742	1.47157	0.231549
RA_01574-RA_01575	0.038672	0.10053	0.384683
RA_01575-RA_01576	0.0128818	0.0328499	0.39214
RA_01576-RA_01577	0.116436	0.179485	0.648722
RA_01595-RA_01597	1.00756	2.12045	0.475165
RA_01605-RA_01606	0.537828	1.68179	0.319795
RA_01661-RA_01663	0.424253	0.594379	0.713775
RA_01662-RA_01663	0.49116	0.68623	0.715738
RA_01663-RA_01664	1.01364	4.07853	0.248531
RA_01663-RA_01665	0.390742	0.623406	0.626786
RA_01664-RA_01666	0.0414469	0.0890688	0.465336
RA_01689-RA_01690	0.0338665	0.0589427	0.574566
RA_01706-RA_01707	0.141779	0.479637	0.295595
RA_01707-RA_01708	0.080095	0.147832	0.541797
RA_01722-RA_01723	0.518662	2.11418	0.245326
RA_01724-RA_01725	0.096538	1.00689	0.0958775
RA_01769-RA_01770	0.178513	0.254528	0.701348
RA_01770-RA_01771	0.148353	0.255615	0.580377
RA_01776-RA_01777	0.742157	1.82414	0.406853
RA_01789-RA_01790	0.642594	1.78072	0.360862
RA_01846-RA_01847	0.270539	0.37484	0.721746
RA_01867-RA_01868	0.16003	2.11049	0.0758263
RA_01876-RA_01877	0.117566	1.07753	0.109107
RA_01907-RA_01908	0.4529	0.473385	0.956726
RA_01967-RA_01968	0.435973	1.11538	0.390874
RA_01975-RA_01976	0.215502	1.36708	0.157636
RA_01989-RA_01990	0.401483	1.12509	0.356845
RA_02006-RA_02007	0.632099	1.01686	0.621619
RA_02009-RA_02010	0.0218738	0.0648959	0.337059
RA_02010-RA_02011	0.104173	0.154029	0.676322
RA_02027-RA_02028	0.0306749	0.0750916	0.4085
RA_02056-RA_02057	0.205544	0.515511	0.39872
RA_02075-RA_02076	0.254788	0.367332	0.693618
RA_02076-RA_02077	0.0599002	0.104644	0.572417
RA_02134-RA_02136	0.71516	4.24047	0.168651
RA_02183-RA_02184	0.131565	0.681444	0.193068
RA_02224-RA_02225	0.202956	0.730371	0.277881
RA_02227-RA_02228	0.354395	1.83842	0.192771
RA_02257-RA_02258	0.0302752	0.0817482	0.370347
RA_02258-RA_02259	0.0261294	0.0590424	0.442554
RA_02259-RA_02260	0.039734	0.0941545	0.422009
RA_02265-RA_02266	0.396599	0.448223	0.884825
RA_02266-RA_02267	0.24202	0.311895	0.775966
RA_02267-RA_02269	0.360967	0.310221	1.16358
RA_02293-RA_02295	0.00731455	0.0174647	0.41882
RA_02294-RA_02296	0.471901	0.679986	0.693986
RA_02300-RA_02301	0.444343	1.74787	0.25422
RA_02379-RA_02380	0.146793	0.285789	0.51364
RA_02433-RA_02434	0.0477129	0.134361	0.355109
RA_02449-RA_02450	0.367545	0.518516	0.708839
RA_02518-RA_02519	0.596305	2.36276	0.252376
RA_02519-RA_02520	0.611785	2.0147	0.303661
RA_02573-RA_02574	0.409323	3.69325	0.11083
RA_02617-RA_02618	0.516186	2.74999	0.187705
RA_02628-RA_02629	0.329165	1.55471	0.211721
RA_02668-RA_02669	0.00749857	0.017082	0.438975
RA_02675-RA_02676	0.142538	0.424328	0.335914
RA_02678-RA_02679	0.158875	0.394537	0.402687
RA_02705-RA_02706	0.440666	1.57051	0.280587
RA_02706-RA_02708	0.0375013	0.0570333	0.657533
RA_02713-RA_02714	0.488084	0.644297	0.757546
RA_02715-RA_02716	0.370524	0.616949	0.600575
RA_02725-RA_02727	0.0774238	0.263291	0.294062
RA_02726-RA_02727	0.137198	0.224466	0.611218
RA_02731-RA_02732	0.205751	0.216949	0.948385
RA_02753-RA_02754	0.20677	0.779004	0.265429
RA_02754-RA_02755	0.0195451	0.0511706	0.381959
RA_02766-RA_02768	0.147675	0.214851	0.687335
RA_02772-RA_02773	0.149328	0.209953	0.711245
RA_02774-RA_02775	0.299479	0.387412	0.773026
RA_02776-RA_02777	0.278168	1.16554	0.23866
RA_02776-RA_02778	0.824412	2.46779	0.334069
RA_02786-RA_02787	0.405084	1.36776	0.296166
RA_02788-RA_02790	0.298662	0.595061	0.501901
RA_02789-RA_02790	0.32572	1.56871	0.207635
RA_02790-RA_02791	0.339302	1.87921	0.180556
RA_02812-RA_02813	0.265717	1.37527	0.19321
RA_02834-RA_02835	0.179238	0.359817	0.498136
RA_02839-RA_02840	0.124095	0.103375	1.20044
RA_02842-RA_02843	0.166947	0.305608	0.546277
RA_02843-RA_02844	0.105136	0.131143	0.801692
RA_02863-RA_02864	0.229902	1.13237	0.203027
RA_02864-RA_02865	0.175692	0.727396	0.241536
RA_02872-RA_02873	0.154862	0.425744	0.363745
RA_02893-RA_02895	0.474645	0.604549	0.785122
RA_02898-RA_02900	0.292405	0.416295	0.702399
RA_02916-RA_02917	0.32056	2.8249	0.113477
RA_02952-RA_02954	0.194003	0.49451	0.392313
RA_02976-RA_02977	0.0616599	0.105017	0.587144
RA_03021-RA_03022	0.0138825	0.0103032	1.34739
RA_03075-RA_03076	0.0946579	0.258459	0.366239
RA_03076-RA_03077	0.266907	1.25782	0.212198
RA_03128-RA_03129	0.764883	1.46447	0.522293
RA_03217-RA_03218	0.815132	1.18184	0.689712
RA_03218-RA_03219	0.882898	1.50883	0.585156
RA_03219-RA_03220	0.540523	0.782359	0.690889
RA_03220-RA_03221	0.0397582	0.0696233	0.571047
RA_03226-RA_03228	0.315757	0.550088	0.574011
RA_03227-RA_03228	0.334242	0.581117	0.575172
RA_03243-RA_03245	0.149182	0.186081	0.801703
RA_03255-RA_03256	0.203716	1.21656	0.167453
RA_03259-RA_03260	0.126391	0.186064	0.679285
RA_03273-RA_03275	0.0818584	0.384505	0.212893
RA_03275-RA_03276	0.065485	0.142768	0.458683
RA_03276-RA_03277	0.230679	0.435639	0.529518
RA_03277-RA_03278	0.00700157	0.00662893	1.05621
RA_03280-RA_03281	0.241055	0.949926	0.253762
RA_03307-RA_03309	0.0743709	0.172668	0.430716
RA_03406-RA_03408	0.377905	1.41777	0.266549
RA_03419-RA_03421	0.054156	0.339626	0.159458
RA_03452-RA_03453	0.600974	2.16815	0.277184
RA_03464-RA_03465	0.234682	2.23624	0.104945
RA_03465-RA_03466	0.278168	0.794745	0.350009
RA_03548-RA_03550	0.111101	0.302519	0.367253
RA_03557-RA_03558	0.157474	0.163378	0.96386
RA_03586-RA_03588	0.178096	0.418657	0.425399
RA_03614-RA_03616	0.135355	0.241356	0.560812
RA_03617-RA_03618	0.421758	0.604925	0.697207
RA_03633-RA_03634	0.00588848	0.0487398	0.120815
RA_03634-RA_03635	0.00588848	0.0487398	0.120815
RA_03637-RA_03638	0.393219	0.711929	0.552329
RA_03640-RA_03641	1.60337	2.87616	0.557468
RA_03652-RA_03653	0.596548	0.666847	0.89458
RA_03653-RA_03654	0.108457	0.116291	0.932632
RA_03702-RA_03703	0.462389	2.20177	0.210007
RA_03758-RA_03759	0.174906	0.736598	0.237451
RA_03759-RA_03761	0.00450675	0.00311964	1.44464
RA_03760-RA_03762	0.510119	0.668419	0.763172
RA_03821-RA_03822	0.352444	1.67954	0.209845
RA_03828-RA_03829	0.257489	0.68647	0.375092
RA_03841-RA_03842	0.399254	1.87659	0.212756
RA_03918-RA_03919	0.234603	0.533275	0.439929
RA_03930-RA_03932	0.0994426	0.150532	0.660607
RA_03932-RA_03933	0.0977964	0.189213	0.516858
RA_03941-RA_03942	0.307241	1.53687	0.199914
RA_03987-RA_03988	0.137803	0.556801	0.24749
RA_04019-RA_04020	0.94017	2.20602	0.426185
RA_04027-RA_04028	0.786059	4.80622	0.16355
RA_04028-RA_04029	0.0558057	0.185621	0.300644
RA_04034-RA_04035	0.0386529	0.0797981	0.484383
RA_04038-RA_04039	0.117741	0.179869	0.654593
RA_04039-RA_04040	0.68433	1.12132	0.610291
RA_04041-RA_04042	0.077303	0.256783	0.301044
RA_04042-RA_04044	0.0721316	0.186972	0.385789
RA_04103-RA_04104	0.286716	1.46989	0.19506
RA_04155-RA_04156	0.1819	1.08667	0.167392
RA_04291-RA_04292	0.139193	1.07758	0.129172
RA_04293-RA_04294	0.385706	2.69613	0.143059
RA_04302-RA_04303	0.232338	0.919245	0.252749
RA_04338-RA_04339	0.0412098	0.109627	0.375909
RA_04356-RA_04357	0.384248	1.29928	0.295739
RA_04379-RA_04380	0.620935	2.06589	0.300565
RA_04404-RA_04405	1.0396	2.11873	0.49067
RA_04431-RA_04432	0.364012	1.33753	0.272153
RA_04469-RA_04470	0.361422	1.81805	0.198797
RA_04551-RA_04552	0.0190434	0.0413624	0.460402
RA_04552-RA_04553	0.0979894	0.178727	0.548262
RA_04576-RA_04577	0.0242719	0.0218209	1.11232
RA_04592-RA_04593	0.159576	0.209531	0.761587
RA_04593-RA_04594	0.881671	1.79235	0.491907
RA_04663-RA_04664	0.403002	2.17697	0.185121
RA_04688-RA_04689	0.132193	0.268682	0.492007
RA_04688-RA_04690	0.148708	0.356125	0.417573
RA_04863-RA_04864	0.318131	0.484195	0.65703
RA_04884-RA_04885	0.244171	0.561264	0.435038
RA_05105-RA_05107	0.152992	0.766662	0.199556
RA_05113-RA_05115	0.198171	0.279578	0.708822
RA_05115-RA_05117	0.302964	0.249506	1.21426
RA_05116-RA_05117	0.241378	0.27901	0.865123
RA_05129-RA_05130	0.132819	0.680965	0.195045
RA_05135-RA_05137	0.14873	0.426666	0.348586
RA_05181-RA_05182	0.49528	2.5036	0.197827
RA_05206-RA_05207	0.0360377	0.112986	0.318957
RA_05225-RA_05226	0.14317	0.894613	0.160036
RA_05226-RA_05227	0.214751	1.77074	0.121277
RA_05262-RA_05263	0.436889	0.846207	0.516291
RA_05334-RA_05335	0.296588	1.77885	0.16673
RA_05335-RA_05336	0.0354434	0.0979979	0.361675
RA_05405-RA_05407	0.284755	0.383691	0.742147
RA_05410-RA_05411	0.0475143	0.0916442	0.518465
RA_05411-RA_05412	0.047099	0.0741417	0.635256
RA_05445-RA_05447	0.171564	0.192897	0.889407
RA_05457-RA_05458	0.123046	0.197596	0.622713
RA_05474-RA_05475	0.041072	0.284774	0.144226
RA_05479-RA_05480	0.031354	0.0707209	0.443349
RA_05512-RA_05513	0.130576	0.174654	0.747627
RA_05513-RA_05514	0.0477323	0.0388247	1.22943
RA_05535-RA_05536	0.80917	2.44392	0.331095
RA_05556-RA_05557	0.572788	2.04089	0.280656
RA_05588-RA_05589	0.0276503	0.460264	0.0600748
RA_05619-RA_05620	0.317557	0.343775	0.923735
RA_05620-RA_05622	0.0329852	0.0263519	1.25172
RA_05640-RA_05641	0.0411427	0.0784551	0.52441
RA_05644-RA_05645	0.0459594	0.067845	0.677418
RA_05649-RA_05650	NA	0.016131	-0
RA_05665-RA_05667	0.0300676	0.0726132	0.41408
RA_05666-RA_05668	0.105409	0.0906377	1.16297
RA_05706-RA_05708	0.295758	0.519051	0.569805
RA_05716-RA_05718	0.640802	1.14759	0.558388
RA_05743-RA_05744	0.0502631	0.124163	0.404816
RA_05744-RA_05745	0.0678767	0.143672	0.472442
RA_05745-RA_05746	0.396953	1.78481	0.222406
RA_05823-RA_05825	0.172824	0.316891	0.545373
RA_05828-RA_05829	0.148193	0.419954	0.352878
RA_05838-RA_05839	0.0897388	0.114129	0.786292
RA_05851-RA_05852	0.00383445	0.0329792	0.116269
RA_05868-RA_05869	0.28522	2.56489	0.111202
RA_05874-RA_05875	0.547035	0.84756	0.645424
RA_05874-RA_05876	0.318233	0.519201	0.612928
RA_05883-RA_05884	0.0743814	0.104156	0.714132
RA_05921-RA_05922	0.045972	0.116351	0.395116
RA_05922-RA_05923	0.0332107	0.0790637	0.42005
RA_05923-RA_05924	0.102558	0.12833	0.799177
RA_05924-RA_05925	0.106701	0.143285	0.744679
RA_05925-RA_05926	0.123078	0.144891	0.849452
RA_05997-RA_05999	0.392538	2.52427	0.155506
RA_06012-RA_06013	0.164688	0.226562	0.726901
RA_06015-RA_06017	0.137374	0.29229	0.469992
RA_06029-RA_06030	0.589677	0.85385	0.69061
RA_06034-RA_06036	0.048103	0.119385	0.402922
RA_06057-RA_06058	0.185635	0.238976	0.776791
RA_06101-RA_06102	0.0369759	0.0435228	0.849573
RA_06102-RA_06103	0.0600748	0.128814	0.46637
RA_06152-RA_06153	0.118164	0.184144	0.641694
RA_06186-RA_06187	0.337103	1.38067	0.244159
RA_06187-RA_06188	0.153584	0.892345	0.172112
RA_06188-RA_06189	0.0934622	0.34944	0.267463
RA_06190-RA_06191	0.0398312	0.151878	0.262259
RA_06191-RA_06192	0.368806	2.29845	0.160458
RA_06192-RA_06193	0.316089	2.16458	0.146028
RA_06193-RA_06194	0.201763	1.313	0.153665
RA_06195-RA_06197	0.279016	1.24706	0.22374
RA_06197-RA_06198	0.0347887	0.0571713	0.608499
RA_06199-RA_06200	0.139246	0.515704	0.27001
RA_06205-RA_06207	0.0872523	0.111271	0.784146
RA_06206-RA_06207	0.0724368	0.0726097	0.997619
RA_06207-RA_06208	0.068666	0.101306	0.677805
RA_06209-RA_06210	0.0732404	0.0953136	0.768415
RA_06209-RA_06211	0.0995074	0.105186	0.946015
RA_06216-RA_06217	0.118089	0.26293	0.449129
RA_06227-RA_06228	0.840441	3.88784	0.216172
RA_06230-RA_06231	0.0381798	0.061995	0.615853
RA_06231-RA_06232	0.443542	3.82504	0.115957
RA_06232-RA_06233	0.064063	0.155915	0.410885
RA_06233-RA_06234	0.0827863	0.152781	0.541863
RA_06248-RA_06250	0.199696	0.925865	0.215685
RA_06279-RA_06280	0.00339994	0.00703496	0.483292
RA_06284-RA_06285	0.990919	2.17021	0.456601
RA_06285-RA_06286	0.280558	0.545757	0.514071
RA_06286-RA_06287	0.125773	0.273797	0.459366
RA_06292-RA_06293	0.550458	3.05653	0.180093
RA_06305-RA_06306	0.83419	3.67777	0.22682
RA_06306-RA_06307	0.387418	0.59567	0.65039
RA_06307-RA_06308	0.0518056	0.112634	0.459948
RA_06337-RA_06338	0.00645549	0.0177534	0.363619
RA_06370-RA_06372	0.809728	1.87295	0.432327
RA_06386-RA_06387	0.314915	1.33337	0.23618
RA_06392-RA_06393	0.0501474	0.0870044	0.576378
RA_06393-RA_06394	0.0419124	0.139335	0.300803
RA_06461-RA_06462	0.0218604	0.0429193	0.509338
RA_06462-RA_06463	0.0396115	0.073106	0.541836
RA_06463-RA_06464	0.0906192	0.172133	0.526449
RA_06559-RA_06560	0.27676	1.42433	0.194309
RA_06594-RA_06595	0.375067	2.07043	0.181154
RA_06616-RA_06617	0.0844113	0.0660843	1.27733
RA_06619-RA_06620	0.290943	1.08247	0.268776
RA_06652-RA_06653	0.288887	0.212489	1.35954
RA_06653-RA_06654	0.416779	0.440092	0.947027
RA_06663-RA_06664	0.154334	0.829442	0.186069
RA_06676-RA_06677	0.958914	5.84435	0.164075
RA_06690-RA_06691	0.753261	1.74399	0.431919
RA_06697-RA_06698	0.648577	2.15905	0.300399
RA_06705-RA_06706	0.0266248	0.108479	0.245437
RA_06706-RA_06707	0.0399416	0.0998086	0.400182
RA_06707-RA_06708	0.0414288	0.110071	0.376382
RA_06727-RA_06728	0.324576	0.239725	1.35395
RA_06759-RA_06760	0.602542	2.17671	0.276813
RA_06796-RA_06797	0.191278	1.01835	0.187831
RA_06802-RA_06804	0.0453731	0.115492	0.392868
RA_06804-RA_06805	0.0630397	0.169532	0.371846
RA_06824-RA_06825	0.362133	2.63237	0.137569
RA_06830-RA_06831	0.244867	1.21368	0.201755
RA_06859-RA_06861	0.117015	0.206799	0.565839
RA_06906-RA_06907	0.0684881	0.205498	0.333279
RA_06920-RA_06921	0.331767	0.756015	0.438837
RA_06996-RA_06997	0.14517	0.287555	0.504844
RA_06997-RA_06998	0.0677008	0.0814032	0.831673
RA_06998-RA_06999	0.0836131	0.0977971	0.854965
RA_06999-RA_07000	0.0880502	0.145839	0.603748
RA_07144-RA_07145	0.215988	0.666538	0.324044
RA_07145-RA_07146	0.0489137	0.178297	0.274338
RA_07220-RA_07221	1.06951	2.74539	0.389567
RA_07260-RA_07261	0.250671	0.859742	0.291565
RA_07261-RA_07262	0.285023	1.13633	0.250828
RA_07271-RA_07272	0.426861	1.68661	0.253088
RA_07355-RA_07356	0.544631	2.63137	0.206976
RA_07397-RA_07398	0.73763	3.07609	0.239795
RA_07402-RA_07403	0.270368	1.27033	0.212833
RA_07413-RA_07414	0.211255	0.436289	0.484209
RA_07419-RA_07420	0.458556	0.568617	0.806441
RA_07435-RA_07436	0.149562	0.268164	0.557724
RA_07438-RA_07439	0.434262	0.706169	0.614954
RA_07440-RA_07442	0.0100586	0.00455099	2.2102
RA_07525-RA_07526	0.584687	2.74374	0.213099
RA_07528-RA_07530	0.382929	2.12283	0.180386
RA_07530-RA_07531	0.167363	0.457424	0.365882
RA_07533-RA_07535	0.0876699	0.304779	0.287651
RA_07536-RA_07538	0.173423	0.255543	0.678645
RA_07537-RA_07539	0.243134	0.27209	0.893579
RA_07538-RA_07540	0.0860869	0.155337	0.554195
RA_07539-RA_07541	0.201798	0.388599	0.519297
RA_07540-RA_07542	0.529378	2.34179	0.226056
RA_07574-RA_07575	0.209447	0.618347	0.33872
RA_07587-RA_07588	0.307601	1.44952	0.21221
RA_07590-RA_07592	0.507275	2.41267	0.210254
RA_07685-RA_07686	0.115671	0.4629	0.249883
RA_07688-RA_07689	0.124233	0.41006	0.302964
RA_07698-RA_07699	0.741344	0.872501	0.849677
RA_07708-RA_07709	0.198519	0.380667	0.521503
RA_07711-RA_07713	0.0624426	0.123826	0.504276
RA_07714-RA_07715	0.245327	1.13076	0.216957
RA_07724-RA_07725	0.176769	0.42192	0.418964
RA_07742-RA_07743	0.045155	0.138728	0.325494
RA_07743-RA_07745	0.052558	0.150481	0.349267
RA_07744-RA_07746	0.251924	0.33698	0.747594
RA_07756-RA_07757	0.490779	2.1669	0.226489
RA_07774-RA_07776	0.0131424	0.0158587	0.82872
RA_07792-RA_07794	0.278411	0.664031	0.419274
RA_07794-RA_07795	0.16397	0.294853	0.556108
RA_07795-RA_07796	0.150126	0.245921	0.610466
RA_07802-RA_07803	0.624619	1.12564	0.554903
RA_07806-RA_07807	0.245641	0.166625	1.47422
RA_07809-RA_07810	0.171728	0.130397	1.31696
RA_07832-RA_07833	0.042971	0.0500654	0.858298
RA_07850-RA_07851	0.0331621	0.0475213	0.697836
RA_07859-RA_07860	0.364846	0.53437	0.682759
RA_07861-RA_07862	0.090684	0.226393	0.40056
RA_07861-RA_07863	0.0543016	0.0845412	0.64231
RA_07895-RA_07896	0.0462765	0.0802453	0.576688
RA_07897-RA_07898	0.0473915	0.0937073	0.505739
RA_07905-RA_07907	0.920856	2.07717	0.443324
RA_07910-RA_07911	0.0889909	0.212894	0.418006
RA_07928-RA_07929	0.527981	1.9982	0.264229
RA_07934-RA_07935	0.0936366	0.582309	0.160802
RA_07941-RA_07942	0.866174	1.87399	0.46221
RA_07942-RA_07943	0.611219	0.830651	0.735831
RA_07942-RA_07944	0.28044	0.522472	0.536756
RA_07961-RA_07962	0.0476247	0.121561	0.391776
RA_07993-RA_07994	0.987916	4.04384	0.244301
RA_08007-RA_08008	0.407596	2.72065	0.149816
RA_08009-RA_08011	0.00234098	0.0162836	0.143763
RA_08010-RA_08012	0.0830951	0.221259	0.375556
RA_08011-RA_08013	0.0567723	0.131623	0.431324
RA_08013-RA_08014	0.0971026	0.128323	0.756706
RA_08014-RA_08015	0.0526158	0.0623688	0.843624
RA_08017-RA_08019	0.0499202	0.0898445	0.555629
RA_08024-RA_08026	0.142171	0.464563	0.306031
RA_08045-RA_08047	0.0844581	0.107552	0.785279
RA_08047-RA_08048	0.0999582	0.201641	0.495723
RA_08048-RA_08049	0.137917	0.282428	0.488325
RA_08048-RA_08050	0.467352	4.75829	0.0982186
RA_08080-RA_08081	0.0306261	0.0784791	0.390246
RA_08125-RA_08126	0.0814889	0.140179	0.581321
RA_08132-RA_08133	0.0359831	0.111899	0.321566
RA_08156-RA_08157	0.0855417	0.144204	0.593201
RA_08219-RA_08220	0.332601	1.3045	0.254965
RA_08228-RA_08229	0.0183724	0.04052	0.453416
RA_08229-RA_08230	0.287667	2.1133	0.136123
RA_08262-RA_08264	0.0916942	0.118703	0.772466
RA_08264-RA_08265	0.290317	0.882582	0.328941
RA_08341-RA_08342	0.16926	0.236723	0.715013
RA_08371-RA_08372	0.264639	0.378129	0.699864
RA_08376-RA_08377	0.0638395	0.18335	0.348184
RA_08377-RA_08379	0.162223	0.321195	0.50506
RA_08395-RA_08397	NA	0.00564346	-0
RA_08396-RA_08398	0.135939	0.195474	0.695435
RA_08456-RA_08457	0.12589	0.182215	0.690885
RA_08476-RA_08477	0.108258	1.44862	0.0747318
RA_08482-RA_08484	0.269207	2.49602	0.107854
RA_08506-RA_08507	0.0697888	0.201534	0.346287
RA_08507-RA_08508	0.160759	0.324059	0.496081
RA_08508-RA_08509	0.209825	0.349064	0.601106
RA_08509-RA_08510	0.198701	0.400296	0.496386
RA_08510-RA_08511	0.20636	0.387018	0.533205
RA_08511-RA_08512	0.0916782	0.147067	0.623379
RA_08515-RA_08516	0.0194092	0.00998179	1.94446
RA_08516-RA_08517	0.0248933	0.0153557	1.62111
RA_08521-RA_08523	0.0518468	0.156139	0.332055
RA_08527-RA_08528	0.305609	0.460977	0.662958
RA_08546-RA_08547	0.0675643	0.114124	0.592025
RA_08628-RA_08629	0.354833	1.06408	0.333465
RA_08693-RA_08694	0.662307	1.58107	0.418897
RA_08722-RA_08723	0.374159	0.37302	1.00305
RA_08745-RA_08746	1.10434	2.40275	0.459614
RA_08760-RA_08761	0.303335	2.51081	0.120812
RA_08838-RA_08840	0.0732473	0.118388	0.618703
RA_08846-RA_08847	0.317809	1.26724	0.250788
RA_08857-RA_08858	0.310073	0.692631	0.447675
RA_08861-RA_08863	0.0758606	0.0761319	0.996437
RA_08876-RA_08878	0.28845	0.398557	0.723735
RA_08877-RA_08879	0.408169	0.973832	0.419138
RA_08892-RA_08893	0.353765	0.626101	0.565028
RA_08894-RA_08895	0.0562344	0.145271	0.387101
RA_08895-RA_08896	0.0976444	0.228211	0.427869
RA_08908-RA_08909	0.191508	1.28579	0.148942
RA_08910-RA_08911	0.135806	0.291202	0.466362
RA_08912-RA_08914	0.120208	0.217678	0.552231
RA_08913-RA_08914	0.0811762	0.152101	0.5337
RA_08954-RA_08955	0.78148	2.11914	0.368772
RA_08972-RA_08973	0.245728	0.953426	0.257732
RA_08973-RA_08974	0.302236	1.31496	0.229844
RA_08977-RA_08979	0.109564	0.195513	0.560392
RA_08979-RA_08980	0.0283363	0.119822	0.236488
RA_08980-RA_08981	0.0597815	0.189403	0.315632
RA_08983-RA_08985	0.0392477	0.150461	0.260849
RA_09000-RA_09001	0.0810181	0.141098	0.574197
RA_09141-RA_09142	0.313122	2.35023	0.13323
RA_09154-RA_09155	0.172592	1.37843	0.125209
RA_09203-RA_09204	0.498379	2.60602	0.191242
RA_09274-RA_09275	0.36706	1.10113	0.333349
RA_09308-RA_09309	0.187913	2.15042	0.0873844
RA_09352-RA_09354	0.0328764	0.0995151	0.330366
RA_09353-RA_09355	0.0372217	0.0576012	0.646196
RA_09386-RA_09387	0.150124	0.15241	0.985001
RA_09387-RA_09388	0.140757	0.135308	1.04027
RA_09388-RA_09389	0.127815	0.138879	0.920338
RA_09422-RA_09423	0.348175	1.49889	0.232288
RA_09422-RA_09424	0.338773	1.24948	0.271132
RA_09484-RA_09485	0.0362723	0.949971	0.0381825
RA_09506-RA_09507	0.718345	3.37837	0.212631
RA_09528-RA_09529	1.4909	1.94853	0.76514
RA_09545-RA_09546	0.100733	0.18612	0.541227
RA_09552-RA_09553	0.0371083	0.145992	0.25418
RA_09555-RA_09557	0.0531857	0.177241	0.300076
RA_09557-RA_09558	0.0341396	0.130242	0.262125
RA_09558-RA_09559	0.0158824	0.0963202	0.164891
RA_09609-RA_09610	0.119223	0.410074	0.290735
RA_09610-RA_09611	0.0583496	0.115105	0.506924
RA_09611-RA_09612	0.0830865	0.347196	0.239307
RA_09621-RA_09622	0.188219	1.09108	0.172507
RA_09622-RA_09623	0.285894	1.19843	0.238557
RA_09624-RA_09625	0.170569	0.57527	0.296503
RA_09626-RA_09627	0.142728	0.329875	0.432672
RA_09630-RA_09631	1.31801	2.0876	0.631353
RA_09684-RA_09685	0.0667499	0.36887	0.180958
RA_09686-RA_09687	0.0970566	0.190626	0.509147
RA_09698-RA_09700	0.74741	1.512	0.49432
RA_09699-RA_09700	0.350497	0.406371	0.862505
RA_09737-RA_09738	0.372447	2.70096	0.137894
RA_09739-RA_09740	0.448728	1.8099	0.247929
RA_09752-RA_09754	0.263359	0.309354	0.851319
RA_09753-RA_09754	0.0709449	0.0826845	0.858019
RA_09769-RA_09770	0.109703	0.276864	0.396233
RA_09774-RA_09775	0.143674	0.23407	0.61381
RA_09774-RA_09776	0.198335	0.864283	0.22948
RA_09792-RA_09793	0.579431	1.62002	0.35767
RA_09833-RA_09834	0.00182559	0.00758981	0.240531
RA_09834-RA_09835	0.0264233	0.0796971	0.331547
RA_09852-RA_09853	0.107613	0.196813	0.54678
RA_09867-RA_09868	0.0960878	0.398458	0.241149
RA_09868-RA_09869	0.198929	1.43263	0.138856
RA_09883-RA_09884	0.625421	1.4722	0.424821
RA_09895-RA_09896	0.376629	0.596334	0.631574
RA_09943-RA_09944	0.385641	2.96968	0.12986
RA_10011-RA_10012	0.273252	0.461159	0.592532
RA_10013-RA_10014	0.358993	0.563287	0.637318
RA_10046-RA_10047	0.0849634	0.222735	0.381455
RA_10073-RA_10074	0.330157	1.32336	0.249483
RA_10088-RA_10089	0.369572	0.672373	0.549653
RA_10112-RA_10113	0.190295	0.966637	0.196863
RA_10121-RA_10123	0.589723	2.22947	0.264512
RA_10124-RA_10125	0.116962	0.244656	0.478067
RA_10125-RA_10126	0.078008	0.174589	0.446809
RA_10138-RA_10140	0.0929213	0.119768	0.775846
RA_10140-RA_10141	0.0212951	0.0100481	2.1193
RA_10141-RA_10142	0.0508137	0.0542282	0.937035
RA_10182-RA_10183	0.00370191	0.112427	0.0329273
RA_10190-RA_10191	0.371812	0.406323	0.915065
RA_10191-RA_10192	0.0599453	0.0949392	0.631407
RA_10192-RA_10193	0.0982965	0.143475	0.68511
RA_10193-RA_10194	0.178697	0.218744	0.816925
RA_10224-RA_10225	0.135812	0.168277	0.807072
RA_10226-RA_10227	0.183486	0.274473	0.668504
RA_10268-RA_10269	0.0499876	0.470527	0.106237
RA_10275-RA_10277	1.34559	2.36315	0.569405
RA_10276-RA_10278	0.0855187	0.148314	0.576608
RA_10369-RA_10370	0.0924875	0.148062	0.624655
RA_10381-RA_10382	0.0815265	0.0896277	0.909612
RA_10428-RA_10429	0.0340601	0.0487778	0.698272
RA_10449-RA_10451	0.144862	0.267168	0.542214
RA_10453-RA_10454	0.242988	0.417174	0.582462
RA_10455-RA_10457	0.104193	0.181594	0.57377
RA_10456-RA_10457	0.0660563	0.0877218	0.75302
RA_10457-RA_10458	0.124124	0.347659	0.357028
RA_10460-RA_10461	NA	0.0020908	-0
RA_10477-RA_10478	0.382924	1.02543	0.37343
RA_10489-RA_10490	0.47389	1.01197	0.468287
RA_10525-RA_10526	0.0344466	0.111782	0.308159
RA_10534-RA_10535	0.0243869	0.0390439	0.624602
RA_10540-RA_10541	0.383869	0.547379	0.701285
RA_10550-RA_10551	0.17692	0.186	0.951185
RA_10569-RA_10570	0.0621931	0.117054	0.531318
RA_10639-RA_10640	0.219112	1.28893	0.169996
RA_10656-RA_10657	0.354368	0.54536	0.649788
RA_10659-RA_10660	0.279413	0.45968	0.607843
RA_10685-RA_10686	0.244382	0.325063	0.751798
RA_10710-RA_10711	0.0421599	0.0814791	0.517432
RA_10737-RA_10738	0.185686	0.279972	0.663233
RA_10767-RA_10768	0.0500654	0.0657373	0.761597
RA_10768-RA_10769	0.0373965	0.153445	0.243713
RA_10775-RA_10776	0.0194222	0.0300495	0.646341
RA_10776-RA_10777	0.0730214	0.115843	0.630348
RA_10833-RA_10834	0.0209268	0.0895566	0.233672
RA_10842-RA_10843	0.225518	1.08842	0.207197
RA_10905-RA_10906	0.435598	3.16392	0.137676
RA_10922-RA_10923	1.09382	1.64828	0.66361
RA_10949-RA_10950	0.295347	1.47229	0.200604
RA_10950-RA_10952	0.404947	7.08857	0.0571268
RA_10967-RA_10969	0.0789866	0.136066	0.580502
RA_10977-RA_10978	0.369434	1.83553	0.201269
RA_10978-RA_10979	0.442516	1.76671	0.250475
RA_11027-RA_11028	0.67341	1.33541	0.504274
RA_11028-RA_11029	0.37347	1.26281	0.295746
RA_11044-RA_11046	0.191093	0.303323	0.63
RA_11045-RA_11047	0.0202104	0.0803046	0.251671
RA_11046-RA_11048	0.0433098	0.0395014	1.09641
RA_11048-RA_11050	0.00714889	0.0171936	0.415788
RA_11083-RA_11084	0.5618	1.57034	0.357757
RA_11084-RA_11085	0.0216232	0.0321512	0.672549
RA_11105-RA_11106	0.397709	1.50479	0.264295
RA_11129-RA_11130	0.0667168	0.0832938	0.800981
RA_11154-RA_11155	0.443568	1.98455	0.22351
RA_11173-RA_11174	1.4981	2.36716	0.632868
RA_11199-RA_11200	0.00124707	0.00832927	0.149721
RA_11213-RA_11214	0.0715534	0.170997	0.418447
RA_11214-RA_11215	0.106696	0.331315	0.322038
RA_11216-RA_11217	0.0448159	0.246501	0.181808
RA_11217-RA_11218	0.0195717	0.0359708	0.544098
RA_11287-RA_11289	0.527861	1.04998	0.502733
RA_11398-RA_11400	0.0377166	0.0494156	0.763252
RA_11399-RA_11400	0.100959	0.134311	0.751686
RA_11539-RA_11540	0.0388061	0.0467867	0.829427
RA_11540-RA_11541	0.0564101	0.0860308	0.655696
RA_11541-RA_11542	0.0610806	0.0858563	0.711429
RA_11542-RA_11543	0.197979	0.251994	0.785647
RA_11555-RA_11557	0.159542	0.463479	0.344227
RA_11563-RA_11565	0.371431	0.625359	0.593949
RA_11564-RA_11566	0.158468	0.187631	0.844574
RA_11599-RA_11600	0.174127	0.297861	0.584592
RA_11613-RA_11614	0.292619	0.406423	0.719986
RA_11614-RA_11615	0.405425	0.652893	0.620966
RA_11615-RA_11616	0.0779403	0.105014	0.742189
RA_11618-RA_11619	0.463031	2.02125	0.229082
RA_11623-RA_11625	0.194804	0.27807	0.700558
RA_11625-RA_11627	0.287408	0.288957	0.994638
RA_11646-RA_11648	0.0865462	0.0823749	1.05064
RA_11648-RA_11649	0.403526	1.70549	0.236604
RA_11704-RA_11705	0.330576	0.500929	0.659927
RA_11705-RA_11706	0.253969	0.311578	0.815106
RA_11734-RA_11735	0.00543351	0.00652741	0.832414
RA_11735-RA_11736	0.626413	2.69163	0.232726
RA_11736-RA_11737	0.0293246	0.0254833	1.15074
RA_11737-RA_11738	0.0264606	0.0547479	0.483317
RA_11745-RA_11746	0.0113289	0.031033	0.365061
RA_11761-RA_11762	0.0312785	0.078915	0.396356
RA_11764-RA_11765	0.0513185	0.0533514	0.961897
RA_11770-RA_11771	0.309256	0.555717	0.556499
RA_11781-RA_11782	0.395013	0.616515	0.640719
RA_11781-RA_11783	0.187596	0.276632	0.678144
RA_11796-RA_11797	0.118522	0.249752	0.474558
RA_11807-RA_11808	0.0572224	0.148976	0.384105
RA_11809-RA_11810	0.0164105	0.0978136	0.167773
RA_11810-RA_11812	0.0806211	0.254101	0.31728
RA_11907-RA_11908	0.336014	0.493079	0.681461
RA_11916-RA_11918	0.456433	2.00253	0.227928
RA_11917-RA_11918	0.44195	1.6932	0.261016
RA_11933-RA_11934	0.485326	1.20156	0.403915
RA_11939-RA_11940	0.348609	1.78838	0.19493
RA_11948-RA_11949	0.127671	0.181308	0.704166
RA_11949-RA_11951	0.167712	0.300461	0.558181
RA_11954-RA_11955	0.323603	1.36243	0.237519
RA_11956-RA_11957	0.104742	0.218637	0.479067
RA_11957-RA_11958	0.213209	1.15308	0.184903
RA_11958-RA_11959	0.0317075	0.197406	0.160621
RA_11976-RA_11977	0.215472	0.995629	0.216418
RA_12075-RA_12076	0.470289	1.61612	0.290999
RA_12132-RA_12133	0.908425	1.23837	0.733565
RA_12140-RA_12141	0.12505	0.294925	0.424006
RA_12187-RA_12188	0.0278913	0.0490142	0.569044
RA_12187-RA_12189	0.109662	0.186576	0.587763
RA_12201-RA_12203	0.00594706	0.0451106	0.131833
RA_12213-RA_12214	0.0690034	0.0722818	0.954645
RA_12214-RA_12215	0.0914815	0.10092	0.906479
RA_12240-RA_12241	0.416774	0.589895	0.706523
RA_12248-RA_12249	0.236835	0.537892	0.440302
RA_12249-RA_12251	0.16575	0.354942	0.466977
RA_12252-RA_12254	0.244979	0.520278	0.470861
RA_12266-RA_12267	0.501125	0.634718	0.789524
RA_12269-RA_12270	0.0159993	0.0413032	0.387363
RA_12281-RA_12282	0.105422	0.155786	0.676715
RA_12283-RA_12284	0.113679	0.236123	0.481441
RA_12296-RA_12297	0.275254	0.348783	0.789184
RA_12300-RA_12301	0.147078	0.556863	0.264119
RA_12303-RA_12304	0.113556	0.458277	0.247789
RA_12314-RA_12315	0.331008	0.454149	0.728854
RA_12336-RA_12337	0.254989	0.911703	0.279685
RA_12337-RA_12338	0.450553	3.22602	0.139662
RA_12338-RA_12339	0.0140985	0.0429447	0.328295
RA_12434-RA_12435	0.214437	0.366635	0.584878
RA_12448-RA_12449	0.0116391	0.0227167	0.512359
RA_12454-RA_12455	0.257529	0.373399	0.68969
RA_12456-RA_12457	0.55709	2.51986	0.22108
RA_12502-RA_12503	0.0243733	0.058321	0.417917
RA_12513-RA_12514	0.00710703	0.00340462	2.08746
RA_12537-RA_12539	0.0296864	0.944803	0.0314208
RA_12585-RA_12587	0.651787	3.35448	0.194304
RA_12586-RA_12587	0.0562807	0.154418	0.364471
RA_12647-RA_12648	0.20422	0.466681	0.437601
RA_12662-RA_12663	0.0372435	0.0813875	0.457608
RA_12663-RA_12664	0.0522132	0.127191	0.410511
RA_12687-RA_12688	0.323892	1.51916	0.213204
RA_12719-RA_12720	0.0210844	0.0741712	0.284267
RA_12738-RA_12739	0.652958	1.40129	0.46597
RA_12756-RA_12757	0.455262	1.92252	0.236805
RA_12782-RA_12783	0.132654	0.3059	0.433653
RA_12834-RA_12835	0.132507	0.206073	0.643011
RA_12835-RA_12836	0.30546	0.478675	0.638137
RA_12847-RA_12849	0.662564	0.791096	0.837527
RA_12851-RA_12852	0.12679	0.0900862	1.40742
RA_12868-RA_12870	0.324344	0.679855	0.477077
RA_12869-RA_12871	0.589525	0.663623	0.888343
RA_12938-RA_12939	0.269498	1.11	0.242791
RA_12968-RA_12969	0.0572472	0.161689	0.354059
RA_12969-RA_12970	0.0312408	0.101651	0.307332
RA_12970-RA_12971	0.135929	0.219709	0.618676
RA_12971-RA_12972	0.130223	0.207473	0.627662
RA_12972-RA_12973	0.155421	0.368843	0.421374
RA_12973-RA_12974	0.123771	0.142532	0.868377
RA_13015-RA_13017	0.404667	0.402853	1.0045
RA_13032-RA_13034	0.0754535	0.147947	0.510003
RA_13036-RA_13037	0.0537084	0.0901898	0.595504
RA_13037-RA_13038	0.0337666	0.0514014	0.656919
RA_13038-RA_13039	0.122446	0.248766	0.492213
RA_13040-RA_13041	0.0748709	0.259006	0.28907
RA_13138-RA_13139	0.110503	0.241919	0.456777
RA_13169-RA_13171	0.102495	0.226548	0.452422
RA_13199-RA_13200	0.272013	0.260558	1.04396
RA_13207-RA_13208	0.17561	0.378105	0.464447
RA_13211-RA_13213	NA	0.00304243	-0
RA_13236-RA_13237	0.194333	0.298179	0.651733
RA_13237-RA_13238	0.653071	1.36134	0.479726
RA_13238-RA_13239	0.504684	0.896708	0.562818
RA_13246-RA_13247	0.153195	0.217035	0.705854
RA_13262-RA_13264	0.222582	0.401541	0.554319
RA_13265-RA_13266	0.100735	0.119431	0.843457
RA_13268-RA_13269	0.0060916	0.0101342	0.601092
RA_13270-RA_13271	0.20638	0.146223	1.41141
RA_13271-RA_13273	0.239276	0.290345	0.82411
RA_13281-RA_13282	0.297376	0.384454	0.773503
RA_13281-RA_13283	0.0414203	0.0680636	0.608553
RA_13328-RA_13330	0.0630681	0.0770045	0.819019
RA_13342-RA_13343	0.582928	2.26446	0.257425
RA_13399-RA_13400	0.286862	2.50036	0.114728
RA_13412-RA_13413	0.253965	0.966522	0.262762
RA_13427-RA_13428	0.559479	1.56706	0.357024
RA_13462-RA_13463	0.182762	0.394546	0.463222
RA_13464-RA_13465	0.170952	0.328099	0.521039
RA_13490-RA_13492	0.00906738	0.0152827	0.593311
RA_13510-RA_13511	0.0326392	0.319008	0.102315
RA_13561-RA_13562	0.302002	0.513398	0.588242
RA_13626-RA_13627	0.216143	0.30396	0.711089
RA_13627-RA_13628	0.0987534	0.158503	0.62304
RA_13630-RA_13631	0.613138	1.26731	0.483809
RA_13647-RA_13648	0.83676	2.24873	0.372104
RA_13664-RA_13666	0.450918	0.342194	1.31773
RA_13665-RA_13667	0.214612	0.321809	0.666894
RA_13667-RA_13668	0.317627	0.415428	0.764577
RA_13711-RA_13712	0.940273	1.24023	0.758145
RA_13712-RA_13713	0.149089	0.219142	0.680329
RA_13749-RA_13750	0.0124321	0.0701617	0.177193
RA_13752-RA_13754	0.185385	1.00455	0.184545
RA_13809-RA_13810	0.432438	1.29886	0.332937
RA_13810-RA_13811	0.10267	0.14163	0.724921
RA_13820-RA_13821	0.277869	0.293642	0.946286
RA_13835-RA_13836	0.0805927	0.153414	0.525328
RA_13844-RA_13846	0.100241	0.17303	0.579327
RA_13845-RA_13846	0.215413	0.412641	0.522036
RA_13857-RA_13858	0.658149	1.0893	0.604194
RA_13910-RA_13912	0.0305573	0.0417008	0.732775
RA_13916-RA_13917	0.0265832	0.0906485	0.293256
RA_13917-RA_13918	0.0694311	0.0288257	2.40866
RA_13918-RA_13919	0.0657661	0.0310984	2.11477
RA_13935-RA_13936	0.0524862	0.0551148	0.952307
RA_13938-RA_13939	0.0084448	0.0275898	0.306084
RA_13939-RA_13940	0.132916	0.165889	0.801231
RA_13970-RA_13971	0.155542	0.280264	0.554984
RA_13971-RA_13972	0.222018	0.33859	0.655712
RA_13974-RA_13975	0.920479	3.1206	0.294969
RA_13977-RA_13978	0.176067	0.952325	0.184881
RA_14022-RA_14023	0.173169	0.183305	0.944706
RA_14034-RA_14035	0.280893	1.34369	0.209045
RA_14035-RA_14036	0.165003	0.514866	0.320476
RA_14084-RA_14085	0.322484	0.89986	0.358371
RA_14096-RA_14097	0.0603948	0.101881	0.592799
RA_14097-RA_14098	0.33913	1.41922	0.238955
RA_14098-RA_14099	0.380477	1.91552	0.198629
RA_14099-RA_14100	0.371538	1.53553	0.241961
RA_14110-RA_14111	0.0277806	0.0305347	0.909806
RA_14120-RA_14121	0.183647	0.26852	0.683922
RA_14144-RA_14146	0.120487	0.199053	0.605301
RA_14145-RA_14147	0.0411646	0.154687	0.266116
RA_14170-RA_14171	0.0538489	0.077967	0.690662
RA_14171-RA_14172	0.182099	0.659045	0.276308
RA_14172-RA_14173	0.0446953	0.0613889	0.728068
RA_14182-RA_14183	0.59184	2.44641	0.241922
RA_14194-RA_14195	0.0520933	0.0872644	0.59696
RA_14202-RA_14203	0.0598766	0.0688382	0.869816
RA_14203-RA_14204	0.069705	0.111454	0.625416
RA_14300-RA_14302	0.0443179	0.111626	0.39702
RA_14306-RA_14307	0.54636	1.78164	0.306662
RA_14368-RA_14369	0.353538	1.42506	0.248086
RA_14550-RA_14552	0.202034	1.95063	0.103574
RA_14692-RA_14693	0.0380153	0.0812733	0.467746
RA_14694-RA_14695	0.144279	0.197248	0.731458
RA_14728-RA_14729	0.68622	2.15717	0.318111
RA_14735-RA_14736	0.348136	0.456854	0.762029
RA_14761-RA_14762	0.349744	1.30089	0.26885
RA_14762-RA_14763	0.493718	1.4547	0.339396
RA_14763-RA_14764	0.132198	0.190471	0.694061
RA_14765-RA_14766	0.150992	0.216949	0.695977
RA_14787-RA_14788	0.0440123	0.0928957	0.473782
RA_14806-RA_14807	0.0755596	0.115298	0.655339
RA_14858-RA_14859	0.311257	0.48894	0.636595
RA_14893-RA_14894	0.25853	0.737026	0.350775
RA_14913-RA_14914	0.159603	0.327277	0.487669
RA_14931-RA_14932	0.501711	2.90295	0.172828
RA_14936-RA_14937	0.103328	0.269146	0.38391
RA_14937-RA_14939	0.484937	1.27657	0.379875
RA_14943-RA_14944	0.0884663	0.211218	0.418839
RA_14948-RA_14949	0.250232	1.57768	0.158608
RA_14949-RA_14950	0.305258	1.41976	0.215006
RA_14955-RA_14956	0.200706	0.361846	0.554673
RA_14970-RA_14971	0.284077	1.27124	0.223465
RA_14973-RA_14974	0.339028	1.31339	0.258131
RA_15040-RA_15041	0.595675	1.73227	0.34387
RA_15121-RA_15122	0.134955	1.54146	0.0875498
RA_15157-RA_15159	0.00721902	0.0243078	0.296983
RA_15161-RA_15162	0.207767	0.412461	0.503725
RA_15162-RA_15164	0.030229	0.026923	1.12279
RA_15163-RA_15165	0.202188	0.0562888	3.59198
RA_15174-RA_15175	0.1643	0.744593	0.220657
RA_15176-RA_15177	0.0269495	0.025117	1.07296
RA_15186-RA_15188	0.220596	0.127008	1.73687
RA_15187-RA_15188	0.340886	0.410652	0.830109
RA_15213-RA_15215	0.596462	1.04436	0.571125
RA_15216-RA_15217	0.347409	1.55591	0.223283
RA_15217-RA_15218	0.0261362	0.0542458	0.481811
RA_15252-RA_15253	0.233267	1.03922	0.224465
RA_15273-RA_15275	0.0969742	0.194149	0.499482
RA_15290-RA_15291	0.169776	0.19777	0.85845
RA_15291-RA_15292	0.113623	0.142836	0.795475
RA_15295-RA_15297	0.0543212	0.0600112	0.905185
RA_15296-RA_15297	0.251952	0.392846	0.641351
RA_15305-RA_15306	0.389385	1.81759	0.214232
RA_15338-RA_15339	0.475171	1.15353	0.411929
RA_15338-RA_15340	0.394218	0.999785	0.394303
RA_15343-RA_15344	0.362821	0.413399	0.877655
RA_15377-RA_15378	0.0671968	0.128967	0.521039
RA_15391-RA_15392	0.625303	1.44306	0.433316
RA_15447-RA_15448	0.125532	0.22969	0.546527
RA_15459-RA_15460	0.0267551	0.0680434	0.393206
RA_15465-RA_15466	0.743986	1.51965	0.489577
RA_15493-RA_15494	0.172119	0.779731	0.220741
RA_15529-RA_15530	0.0728262	0.0886669	0.821347
RA_15534-RA_15535	0.0552728	0.277802	0.198965
RA_15542-RA_15543	0.0594037	0.303189	0.19593
RA_15547-RA_15549	0.0654586	0.13513	0.484411
RA_15548-RA_15549	0.153177	0.169762	0.902303
RA_15549-RA_15550	0.079645	0.140993	0.564887
RA_15550-RA_15551	0.0539101	0.109778	0.491083
RA_15551-RA_15552	0.0474971	0.0770999	0.616047
RA_15552-RA_15553	0.0452461	0.0856763	0.528106
RA_15576-RA_15577	0.426669	2.40254	0.177591
RA_15581-RA_15582	0.222652	1.19741	0.185944
RA_15585-RA_15586	0.145415	0.367639	0.395538
RA_15639-RA_15640	0.284901	0.455408	0.625595
RA_15653-RA_15654	0.0112005	0.0173488	0.645606
RA_15656-RA_15657	0.0056446	0.0538003	0.104918
RA_15659-RA_15660	0.125665	0.287861	0.436548
RA_15661-RA_15662	0.0421676	0.0738181	0.571237
RA_15667-RA_15669	0.389572	0.476427	0.817695
RA_15670-RA_15672	0.288618	0.493042	0.585382
RA_15680-RA_15681	0.251849	0.22253	1.13175
RA_15683-RA_15684	0.0949722	0.212652	0.446607
RA_15684-RA_15685	0.226332	0.218469	1.03599
RA_15684-RA_15686	0.160135	0.177322	0.903075
RA_15699-RA_15700	0.284265	0.485895	0.585035
RA_15713-RA_15714	0.0149785	0.0451325	0.331878
RA_15714-RA_15716	0.0149785	0.0529259	0.283009
RA_15715-RA_15717	0.21435	0.268239	0.799102
RA_15726-RA_15727	0.0475827	0.179241	0.265468
RA_15759-RA_15761	0.483425	3.33546	0.144935
RA_15801-RA_15802	0.321491	1.2322	0.260908
RA_15831-RA_15832	0.406533	1.33286	0.305008
RA_15832-RA_15833	0.39366	1.24246	0.316838
RA_15833-RA_15834	0.387711	1.35211	0.286745
RA_15834-RA_15835	0.287302	1.27265	0.22575
RA_15908-RA_15909	0.270969	1.74947	0.154886
RA_15936-RA_15937	0.531922	1.79692	0.296018
RA_15957-RA_15958	0.507193	0.839821	0.603929
RA_15958-RA_15959	0.263463	0.478864	0.550183
RA_15961-RA_15962	0.192283	0.927967	0.207209
RA_16022-RA_16024	0.2777	0.921532	0.301347
RA_16025-RA_16026	0.0506267	0.0891726	0.567738
RA_16026-RA_16027	0.0970537	0.188388	0.515179
RA_16027-RA_16028	0.244031	0.579228	0.421305
RA_16028-RA_16029	0.0835176	0.236799	0.352694
RA_16029-RA_16030	0.102135	0.26956	0.378894
RA_16156-RA_16157	0.155694	0.137485	1.13244
RA_16158-RA_16159	0.329899	1.32689	0.248626
RA_16164-RA_16165	0.413954	1.59685	0.259231
RA_16199-RA_16201	0.0602063	0.635991	0.0946654
RA_16218-RA_16219	0.0292313	0.0679911	0.429928
RA_16229-RA_16230	0.29223	1.46906	0.198923
RA_16245-RA_16246	0.545464	1.13339	0.481267
RA_16246-RA_16247	0.0668343	0.0191197	3.49558
RA_16283-RA_16284	0.451706	1.0591	0.426501
RA_16284-RA_16285	0.359153	1.41348	0.25409
RA_16285-RA_16286	0.405509	2.10574	0.192573
RA_16362-RA_16364	0.064737	0.188532	0.343374
RA_16363-RA_16365	0.250457	0.519758	0.481872
RA_16417-RA_16419	0.174041	0.256599	0.67826
RA_16418-RA_16420	0.0430202	0.0451761	0.952278
RA_16427-RA_16429	0.103889	0.127114	0.817287
RA_16443-RA_16444	0.166332	0.297554	0.558999
RA_16487-RA_16488	0.00590946	0.117117	0.0504577
RA_16493-RA_16494	0.383144	1.83724	0.208543
RA_16502-RA_16503	0.031449	0.0709022	0.443554
RA_16512-RA_16513	0.0173452	0.0711156	0.243901
RA_16513-RA_16514	0.448433	4.07379	0.110078
RA_16532-RA_16534	0.214508	0.321067	0.668109
RA_16533-RA_16535	0.269244	0.458894	0.586723
RA_16538-RA_16540	0.00664638	0.0236942	0.280506
RA_16578-RA_16579	0.136957	0.492301	0.278197
RA_16591-RA_16592	0.439491	0.6088	0.721897
RA_16596-RA_16598	0.19444	0.320331	0.606997
RA_16601-RA_16602	0.373646	0.502739	0.74322
RA_16607-RA_16608	0.0585247	0.11027	0.530739
RA_16613-RA_16614	0.272415	0.723265	0.376646
RA_16614-RA_16615	0.0916843	0.17779	0.51569
RA_16615-RA_16616	0.243526	0.373634	0.651778
RA_16616-RA_16617	0.308419	0.467294	0.660011
RA_16621-RA_16622	0.832521	1.8742	0.4442
RA_16632-RA_16633	0.314065	1.23533	0.254236
RA_16658-RA_16660	0.132423	0.152432	0.868736
RA_16659-RA_16661	0.451914	0.933632	0.484038
RA_16784-RA_16785	0.0630595	0.595198	0.105947
RA_16806-RA_16807	0.334334	2.19817	0.152096
RA_16807-RA_16808	0.139923	0.579516	0.241449
RA_16809-RA_16810	0.0108143	0.0226712	0.477006
RA_16811-RA_16812	0.214275	0.251262	0.852795
RA_16813-RA_16814	0.0596995	0.12092	0.493713
RA_16915-RA_16916	0.0351072	0.0666956	0.52638
RA_16941-RA_16942	0.420324	1.38544	0.303387
RA_16950-RA_16952	0.10398	0.245241	0.423993
RA_16951-RA_16953	0.125615	0.362539	0.346487
RA_16983-RA_16984	0.061351	0.0928528	0.660734
RA_16992-RA_16993	1.08597	1.4649	0.741325
RA_17026-RA_17027	0.185183	1.48203	0.124952
RA_17030-RA_17031	0.060412	0.0726809	0.831196
RA_17037-RA_17038	0.0269237	0.0439579	0.612489
RA_17057-RA_17058	0.160699	2.29924	0.0698921
RA_17093-RA_17094	0.46216	1.58815	0.291004
RA_17094-RA_17095	0.37009	1.68869	0.219158
RA_17097-RA_17098	0.0450798	0.0733383	0.614684
RA_17102-RA_17103	0.179415	0.410993	0.43654
RA_17114-RA_17116	0.0132117	0.01604	0.823676
RA_17115-RA_17116	0.0980922	0.128365	0.764165
RA_17116-RA_17117	0.0666091	0.0920926	0.723284
RA_17116-RA_17118	0.14423	0.21019	0.686188
RA_17125-RA_17126	0.186415	0.218458	0.853323
RA_17126-RA_17127	0.24997	0.333767	0.748936
RA_17127-RA_17128	0.23903	0.26399	0.905449
RA_17236-RA_17237	0.105124	0.487567	0.215609
RA_17279-RA_17280	0.176571	0.339301	0.520397
RA_17288-RA_17289	0.204445	0.625372	0.326917
RA_17310-RA_17311	0.614001	0.930071	0.660166
RA_17359-RA_17360	0.0623328	0.13449	0.463475
RA_17368-RA_17369	0.505011	0.71898	0.7024
RA_17388-RA_17390	0.145419	0.199105	0.730366
RA_17390-RA_17391	0.116815	0.245915	0.475022
RA_17391-RA_17392	0.110162	0.15808	0.696876
RA_17392-RA_17393	0.0903492	0.184697	0.489175
RA_17393-RA_17394	0.0974355	0.1832	0.531854
RA_17435-RA_17437	0.226127	0.250344	0.903264
RA_17504-RA_17505	0.250613	0.456403	0.549103
RA_17505-RA_17506	0.251958	0.514906	0.489328
RA_17506-RA_17508	0.0386281	0.0684452	0.564365
RA_17514-RA_17516	0.0911034	0.0855927	1.06438
RA_17532-RA_17533	0.0158389	0.0265111	0.597445
RA_17533-RA_17534	0.0603242	0.0752311	0.801853
RA_17537-RA_17539	0.0335644	0.0716036	0.468753
RA_17555-RA_17556	0.0532466	0.0433805	1.22743
RA_17563-RA_17564	0.324191	0.459581	0.705405
RA_17578-RA_17579	0.401499	0.727791	0.551668
RA_17579-RA_17581	0.612009	0.837808	0.730487
RA_17583-RA_17584	0.133746	0.215104	0.621772
RA_17585-RA_17587	0.46091	0.673067	0.684792
RA_17592-RA_17593	0.0237743	0.0534758	0.44458
RA_17593-RA_17594	0.0470179	0.119472	0.393546
RA_17599-RA_17600	0.0118076	0.0245155	0.481638
RA_17604-RA_17605	0.0128128	0.0539295	0.237583
RA_17606-RA_17608	0.0517293	0.244675	0.211421
RA_17607-RA_17609	0.082035	0.162667	0.504314
RA_17615-RA_17616	0.507252	1.56587	0.323943
RA_17618-RA_17619	0.00929401	0.00613454	1.51503
RA_17626-RA_17627	0.524089	0.765084	0.685008
RA_17777-RA_17778	0.246091	1.2025	0.204649
RA_17791-RA_17792	0.249031	1.68593	0.147712
RA_17851-RA_17852	0.0178992	0.0142489	1.25618
RA_17889-RA_17891	0.449214	1.93611	0.232019
RA_17894-RA_17895	0.154837	0.202376	0.765096
RA_17946-RA_17947	0.552457	0.95718	0.577172
RA_17953-RA_17954	0.365022	1.88638	0.193504
RA_17963-RA_17964	0.0980615	1.34526	0.072894
RA_18024-RA_18025	0.0377111	0.0531774	0.709156
RA_18041-RA_18042	0.102177	0.147096	0.694627
RA_18089-RA_18090	0.0241534	0.0600482	0.402234
RA_18102-RA_18103	0.0195965	0.0411156	0.47662
RA_18125-RA_18126	0.544593	2.05577	0.264909
RA_18130-RA_18132	0.0597304	0.119014	0.501879
RA_18135-RA_18136	0.474245	1.15058	0.412179
RA_18136-RA_18137	0.509169	1.53691	0.331294
RA_18143-RA_18144	0.323425	2.73175	0.118395
RA_18181-RA_18183	0.0939126	0.148032	0.634407
RA_18184-RA_18185	0.11127	0.128206	0.867905
RA_18185-RA_18186	0.11127	0.128206	0.867905
RA_18186-RA_18187	0.613314	0.62102	0.987592
RA_18186-RA_18188	0.010655	0.00860232	1.23862
RA_18220-RA_18221	0.0384513	0.0706172	0.544504
RA_18221-RA_18222	0.0891286	0.244235	0.364929
RA_18276-RA_18278	0.705014	1.70915	0.412494
RA_18297-RA_18298	0.0983225	0.752145	0.130723
RA_18298-RA_18299	0.183252	1.43961	0.127293
RA_18346-RA_18347	0.0634382	0.122119	0.519477
RA_18369-RA_18370	0.0604432	0.111047	0.544301
RA_18403-RA_18404	0.180455	0.83843	0.21523
RA_18515-RA_18516	0.0298113	0.147285	0.202405
RA_18516-RA_18517	0.105045	0.234546	0.447863
RA_18517-RA_18518	0.0964103	0.234637	0.410892
RA_18518-RA_18519	0.0561586	0.147773	0.380032
RA_18552-RA_18553	0.458489	0.803955	0.570292
RA_18575-RA_18576	0.0749108	0.162104	0.462115
RA_18576-RA_18577	0.0697073	0.180164	0.38691
RA_18577-RA_18578	0.0621922	0.0526756	1.18066
RA_18593-RA_18594	0.175466	1.04227	0.16835
RA_18608-RA_18609	0.512636	1.98622	0.258096
RA_18615-RA_18616	0.0164477	0.0384193	0.428111
RA_18625-RA_18626	1.05108	2.14886	0.489134
RA_18670-RA_18671	0.382629	2.49653	0.153264
RA_18687-RA_18688	0.361022	1.67269	0.215833
RA_18726-RA_18727	0.30016	3.58395	0.0837511
RA_18743-RA_18744	0.139264	0.158265	0.879937
RA_18752-RA_18753	0.874928	3.61474	0.242044
RA_18808-RA_18809	0.00883658	0.0811039	0.108954
RA_18848-RA_18849	0.121447	0.215129	0.564532
RA_18852-RA_18853	0.395759	1.28409	0.308202
RA_18855-RA_18856	0.00643539	0.0254577	0.252787
RA_18856-RA_18857	0.0645207	0.127603	0.505637
RA_18857-RA_18858	0.0645207	0.127603	0.505637
RA_18858-RA_18859	0.00385335	0.0474045	0.0812866
RA_18903-RA_18904	0.389999	1.27905	0.304912
RA_18953-RA_18954	0.120848	0.181314	0.666512
RA_18954-RA_18955	0.115317	0.173725	0.663787
RA_18955-RA_18956	0.0582359	0.115676	0.503441
RA_18968-RA_18969	0.573179	1.37071	0.418161
RA_18969-RA_18970	0.654538	1.49428	0.438028
RA_18975-RA_18976	0.241883	0.396717	0.609711
RA_18976-RA_18977	0.260949	0.406868	0.641361
RA_18977-RA_18978	0.358676	0.720682	0.497689
RA_19029-RA_19030	0.100652	0.167265	0.601749
RA_19065-RA_19066	0.0241728	0.11339	0.213184
RA_19105-RA_19106	0.145926	0.337564	0.432291
RA_19106-RA_19107	0.179845	0.37274	0.482495
RA_19108-RA_19109	0.120882	0.548358	0.220444
RA_19109-RA_19110	0.184369	0.975918	0.188918
RA_19110-RA_19111	0.0231656	0.0534177	0.433669
RA_19114-RA_19115	0.0719143	0.239612	0.300129
RA_19127-RA_19128	0.171507	0.292671	0.586008
RA_19128-RA_19129	0.730085	1.05337	0.693094
RA_19137-RA_19138	0.674934	1.6892	0.399558
RA_19138-RA_19140	0.573446	1.57941	0.363076
RA_19153-RA_19154	0.267071	0.349757	0.76359
RA_19171-RA_19172	0.358708	2.34734	0.152815
RA_19220-RA_19221	0.19305	0.488156	0.395468
RA_19221-RA_19222	0.183303	0.936062	0.195823
RA_19267-RA_19269	0.021445	0.0431951	0.496469
RA_19288-RA_19289	0.452134	0.817443	0.553108
RA_19289-RA_19290	0.42753	0.603817	0.708045
RA_19290-RA_19291	0.523773	0.636422	0.822996
RA_19296-RA_19297	0.288454	1.55629	0.185347
RA_19302-RA_19303	0.168657	0.341499	0.493873
RA_19334-RA_19335	0.523135	4.75527	0.110012
RA_19339-RA_19340	0.13285	0.22158	0.599556
RA_19340-RA_19341	0.147958	0.294099	0.50309
RA_19373-RA_19374	1.71263	3.09308	0.553698
RA_19405-RA_19406	0.179458	1.12869	0.158997
RA_19447-RA_19448	0.237195	1.26339	0.187744
RA_19536-RA_19537	0.0494884	0.107429	0.460661
RA_19541-RA_19542	0.344247	0.450372	0.764362
RA_19553-RA_19554	0.0920324	0.440473	0.20894
RA_19645-RA_19646	0.643688	0.798052	0.806574
RA_19669-RA_19670	0.43097	0.893314	0.48244
RA_19677-RA_19678	0.583462	1.7005	0.343112
RA_19693-RA_19694	0.281145	0.60083	0.467928
RA_19694-RA_19695	0.0638203	0.17161	0.371892
RA_19702-RA_19703	0.0199834	0.0893035	0.223769
RA_19703-RA_19704	0.0213993	0.0491989	0.434956
RA_19704-RA_19705	0.543724	1.84421	0.294828
RA_19725-RA_19727	0.661191	1.00078	0.660674
RA_19734-RA_19736	0.451357	0.619951	0.728052
RA_19744-RA_19745	0.162264	0.190415	0.852162
RA_19751-RA_19752	0.134394	0.192506	0.698132
RA_19752-RA_19753	0.198649	0.293935	0.675825
RA_19850-RA_19851	0.315419	0.393823	0.800916
RA_19896-RA_19898	0.253616	0.372433	0.68097
RA_19899-RA_19901	0.371173	0.553915	0.670089
RA_19903-RA_19904	0.0983938	0.140689	0.69937
RA_19913-RA_19914	0.0498147	0.0524292	0.950134
RA_19933-RA_19934	0.119955	0.192506	0.623122
RA_19934-RA_19935	0.112247	0.178121	0.630169
RA_19935-RA_19936	0.0880217	0.119241	0.738184
RA_19936-RA_19937	0.0979122	0.152542	0.641872
RA_19937-RA_19938	0.0856178	0.123411	0.693763
RA_19940-RA_19941	0.120999	0.160244	0.755092
RA_19942-RA_19943	0.812003	2.03889	0.398258
RA_19988-RA_19989	0.172116	0.168214	1.0232
RA_19989-RA_19990	0.285357	0.232148	1.2292
RA_19990-RA_19991	0.213481	0.186293	1.14594
RA_19991-RA_19992	0.251219	0.165673	1.51636
RA_19991-RA_19993	0.022312	0.0697639	0.319821
RA_19994-RA_19995	0.0883521	0.100891	0.875715
RA_19996-RA_19997	0.27491	0.245805	1.11841
RA_19999-RA_20001	0.292181	0.344242	0.848766
RA_20000-RA_20001	0.131361	0.130028	1.01025
RA_20003-RA_20004	0.274957	1.61206	0.170563
RA_20076-RA_20077	0.267223	0.331274	0.806652
RA_20131-RA_20132	0.0912655	0.272888	0.334443
RA_20207-RA_20209	0.174449	0.196877	0.886081
RA_20212-RA_20213	0.128064	0.289911	0.441736
RA_20234-RA_20235	0.33071	0.631267	0.523883
RA_20239-RA_20240	0.0449911	0.0395468	1.13767
RA_20240-RA_20241	0.568153	1.08685	0.52275
RA_20295-RA_20296	0.518016	2.33759	0.221603
RA_20326-RA_20328	0.0169958	0.0577503	0.294297
RA_20359-RA_20360	0.372996	0.49029	0.760767
RA_20360-RA_20361	0.253363	0.180859	1.40089
RA_20361-RA_20362	0.285924	0.244954	1.16726
RA_20362-RA_20363	0.25143	0.279768	0.898706
RA_20364-RA_20365	0.185396	0.328782	0.563887
RA_20365-RA_20366	0.247556	0.26377	0.938533
RA_20371-RA_20372	0.353383	0.412053	0.857617
RA_20381-RA_20382	0.339449	1.39125	0.243989
RA_20404-RA_20405	0.474898	1.36567	0.347741
RA_20431-RA_20432	0.579873	1.61449	0.359167
RA_20436-RA_20437	0.0415076	0.0672284	0.617413
RA_20456-RA_20457	0.0515495	0.0854108	0.603548
RA_20514-RA_20516	0.00636718	0.021456	0.296755
RA_20524-RA_20525	0.0923129	0.181995	0.507228
RA_20525-RA_20526	0.167782	0.450018	0.372835
RA_20526-RA_20527	0.555376	2.04205	0.27197
RA_20540-RA_20541	0.0632989	0.13998	0.452201
RA_20541-RA_20542	0.292701	0.521263	0.561523
RA_20550-RA_20552	0.0462088	0.0675928	0.683634
RA_20568-RA_20569	0.227228	0.392011	0.579646
RA_20575-RA_20577	0.206384	0.36149	0.570925
RA_20576-RA_20578	0.348782	0.483898	0.720776
RA_20577-RA_20579	0.156286	0.284099	0.550113
RA_20578-RA_20579	0.0907592	0.113857	0.797136
RA_20579-RA_20580	1.23515	2.33985	0.527875
RA_20591-RA_20593	0.00693264	0.029948	0.231489
RA_20593-RA_20594	0.254983	1.61135	0.158242
RA_20621-RA_20623	0.357951	1.81223	0.19752
RA_20702-RA_20703	0.468824	1.86306	0.251642
RA_20719-RA_20720	0.24384	1.4882	0.163849
RA_20727-RA_20728	0.383806	1.66112	0.231053
RA_20756-RA_20757	0.181982	0.276718	0.657643
RA_20760-RA_20761	0.360802	1.75403	0.205699
RA_20820-RA_20821	0.0574733	0.17532	0.32782
RA_20860-RA_20861	0.0460182	0.0341698	1.34675
RA_20861-RA_20863	0.0668528	0.119867	0.557723
RA_20898-RA_20899	0.146598	0.223355	0.656347
RA_20942-RA_20944	0.136547	0.387998	0.351926
RA_20943-RA_20945	0.0775113	0.0433165	1.78942
RA_20945-RA_20946	0.0826538	0.050208	1.64623
RA_20951-RA_20952	0.0413494	0.0551827	0.749319
RA_20952-RA_20954	0.0941735	0.138166	0.681596
RA_20963-RA_20964	0.500152	0.696736	0.71785
RA_21013-RA_21014	0.152752	0.229518	0.665534
RA_21017-RA_21018	0.23396	0.198679	1.17757
RA_21021-RA_21022	0.0700215	0.074774	0.936441
RA_21047-RA_21048	0.337878	3.79817	0.0889583
RA_21050-RA_21051	0.561255	1.59901	0.351002
RA_21067-RA_21068	0.394032	0.630117	0.625332
RA_21081-RA_21082	0.1039	0.140471	0.739652
RA_21090-RA_21091	0.0635332	0.122453	0.518836
RA_21099-RA_21100	0.263203	1.15076	0.22872
RA_21105-RA_21106	0.238853	1.45362	0.164316
RA_21111-RA_21112	0.0696553	0.104325	0.667679
RA_21128-RA_21129	0.0130369	0.0411544	0.31678
RA_21171-RA_21173	1.52718	3.81208	0.400615
RA_21172-RA_21173	0.0984059	0.160852	0.61178
RA_21173-RA_21174	0.693134	1.03776	0.667916
RA_21176-RA_21177	0.136659	1.00031	0.136617
RA_21215-RA_21216	0.281066	0.54921	0.511764
RA_21227-RA_21228	0.086836	0.120356	0.72149
RA_21230-RA_21232	0.230791	0.375486	0.614646
RA_21254-RA_21255	0.0257117	0.0367629	0.699393
RA_21264-RA_21265	0.0236618	0.0675784	0.350138
RA_21266-RA_21267	0.401462	2.65358	0.15129
RA_21289-RA_21290	0.300872	1.42767	0.210744
RA_21420-RA_21421	0.0576621	0.132675	0.434612
RA_21471-RA_21472	0.0358283	0.0833621	0.429791
RA_21521-RA_21523	0.0510571	0.202392	0.252268
RA_21575-RA_21576	0.212495	0.337741	0.629164
RA_21577-RA_21578	0.252354	0.392857	0.642355
RA_21578-RA_21579	0.355151	0.715582	0.496311
RA_21594-RA_21595	0.275849	2.2644	0.12182
RA_21595-RA_21596	0.295152	1.84187	0.160246
RA_21670-RA_21671	0.245755	3.85508	0.0637482
RA_21732-RA_21733	0.174535	0.374652	0.465859
RA_21735-RA_21736	0.11235	0.161578	0.695332
RA_21736-RA_21738	0.0674746	0.123661	0.545641
RA_21746-RA_21748	0.271048	0.297941	0.909737
RA_21764-RA_21765	0.238262	1.45089	0.164217
RA_21778-RA_21779	0.423119	2.49318	0.16971
RA_21789-RA_21790	0.0700774	0.105524	0.664092
RA_21790-RA_21791	0.947751	1.35652	0.698665
RA_21802-RA_21804	0.430275	0.608284	0.707358
RA_21804-RA_21806	0.610197	0.861664	0.708161
RA_21822-RA_21824	0.200472	1.49353	0.134227
RA_21852-RA_21853	0.340239	1.89551	0.179497
RA_21881-RA_21882	0.245928	1.03876	0.236751
RA_21882-RA_21883	0.247881	1.01488	0.244247
RA_21883-RA_21884	0.277379	1.06239	0.261089
RA_21895-RA_21896	0.3273	0.564036	0.580282
RA_21930-RA_21931	0.251554	1.36977	0.183647
RA_21953-RA_21954	0.308396	0.98293	0.313752
RA_21954-RA_21955	0.452843	0.528857	0.856267
RA_21955-RA_21957	0.204397	0.339956	0.601245
RA_21956-RA_21958	0.00815494	0.0195617	0.416883
RA_21962-RA_21963	0.655312	1.06387	0.615969
RA_22063-RA_22064	0.0481963	0.0848949	0.567717
RA_22070-RA_22071	0.231535	0.384109	0.602786
RA_22090-RA_22091	0.242545	1.461	0.166013
RA_22091-RA_22092	0.238982	1.44975	0.164843
RA_22092-RA_22093	0.0275625	0.0485647	0.567543
RA_22093-RA_22094	0.0547123	0.0856391	0.638871
RA_22094-RA_22095	0.192889	1.43464	0.134451
RA_22107-RA_22108	0.0552445	0.110841	0.498413
RA_22141-RA_22142	0.249092	0.406214	0.613204
RA_22186-RA_22187	0.593857	1.82809	0.324851
RA_22201-RA_22202	0.142852	0.213283	0.669779
RA_22209-RA_22211	0.0100482	0.0871364	0.115316
RA_22242-RA_22244	0.311	0.778352	0.399562
RA_22251-RA_22252	0.140451	0.548135	0.256235
RA_22282-RA_22283	0.175905	0.594534	0.29587
RA_22436-RA_22438	0.0948448	0.129785	0.730786
RA_22509-RA_22511	0.664904	1.89016	0.351771
RA_22569-RA_22570	0.05505	0.0465853	1.1817
RA_22637-RA_22639	0.598173	3.25946	0.183519
RA_22685-RA_22686	0.0220513	0.0401213	0.549615
RA_22686-RA_22687	0.0299489	0.0364908	0.820725
RA_22699-RA_22700	0.773246	1.94417	0.397726
RA_22716-RA_22717	0.307319	2.9869	0.102889
RA_22774-RA_22775	0.305658	2.3493	0.130106
RA_22784-RA_22785	0.22115	2.13196	0.103731
RA_22810-RA_22811	0.256785	1.02302	0.251007
RA_22840-RA_22841	0.328627	1.3501	0.24341
RA_22861-RA_22862	0.00273046	0.0357443	0.0763887
RA_22864-RA_22865	0.0319955	0.0623251	0.513365
RA_22884-RA_22885	0.331709	1.24843	0.265701
RA_22885-RA_22886	0.113459	0.182051	0.623228
RA_22887-RA_22888	0.315528	1.3506	0.233621
RA_22888-RA_22889	0.0298296	0.0591398	0.504392
RA_22907-RA_22908	0.291532	0.956415	0.304818
RA_22915-RA_22916	0.0756743	0.16975	0.445798
RA_22919-RA_22920	0.173823	0.377258	0.460754
RA_22920-RA_22921	0.0719719	0.124683	0.577238
RA_22933-RA_22934	0.276109	0.632413	0.436596
RA_23066-RA_23067	0.0355279	0.0943033	0.376741
RA_23070-RA_23071	0.437206	1.61402	0.270879
RA_23071-RA_23072	0.411267	2.5723	0.159883
RA_23090-RA_23091	0.0183494	0.0668772	0.274375
RA_23091-RA_23092	0.0561776	0.0847729	0.662683
RA_23092-RA_23093	0.0155912	0.0453289	0.343957
RA_23163-RA_23164	0.0709448	0.124695	0.568948
RA_23165-RA_23166	0.27722	1.46582	0.189123
RA_23174-RA_23175	0.136649	0.719842	0.189831
RA_23200-RA_23201	0.270349	0.653108	0.413943
RA_23209-RA_23211	0.011075	0.00357452	3.09833
RA_23246-RA_23247	0.244387	0.416093	0.587337
RA_23246-RA_23248	0.0190809	0.0649598	0.293734
RA_23338-RA_23339	0.710281	2.02441	0.350859
RA_23362-RA_23363	0.348787	1.29498	0.269338
RA_23406-RA_23407	0.24691	1.28019	0.192869
RA_23483-RA_23484	0.0758294	0.117776	0.643844
RA_23530-RA_23531	0.0304896	0.0360182	0.846503
RA_23540-RA_23541	0.00133176	0.00417919	0.318665
RA_23562-RA_23563	0.523735	3.59572	0.145655
RA_23629-RA_23630	0.124307	0.109373	1.13654
RA_23630-RA_23631	0.0956466	0.128287	0.745568
RA_23631-RA_23632	0.0911206	0.13423	0.678838
RA_23632-RA_23634	0.117262	0.0998203	1.17473
RA_23633-RA_23635	0.80125	1.57088	0.510065
RA_23665-RA_23666	0.361792	2.69229	0.134381
RA_23668-RA_23669	0.0109234	0.0116705	0.935983
RA_23672-RA_23673	0.364916	1.18934	0.306823
RA_23699-RA_23700	0.353905	0.537758	0.658111
RA_23699-RA_23701	0.179041	0.264849	0.67601
RA_23715-RA_23716	0.498064	0.563191	0.88436
RA_23730-RA_23731	0.365103	0.467933	0.780246
RA_23732-RA_23734	0.0474373	0.0908341	0.522241
RA_23740-RA_23741	0.313181	0.510069	0.613999
RA_23759-RA_23760	0.231009	0.335228	0.68911
RA_23761-RA_23762	0.00268642	0.0029797	0.901574
RA_23762-RA_23763	0.00283508	0.00848214	0.334241
RA_23762-RA_23764	0.0787826	0.184539	0.426917
RA_23821-RA_23822	0.290267	2.52454	0.114978
RA_23834-RA_23835	0.297551	1.22096	0.243703
RA_23857-RA_23858	0.223012	0.922083	0.241857
RA_23862-RA_23863	0.0130122	0.0502229	0.259089
RA_23863-RA_23864	0.0510513	0.249102	0.204941
RA_23864-RA_23866	0.209156	1.53696	0.136084
RA_23873-RA_23874	1.49067	2.01782	0.738753
RA_23892-RA_23893	0.162919	1.01205	0.160979
RA_23902-RA_23903	0.0823648	0.108978	0.755792
RA_23909-RA_23911	0.810607	2.3003	0.352392
RA_23911-RA_23913	0.174412	0.227315	0.767269
RA_23912-RA_23913	0.689752	1.77019	0.389649
RA_23915-RA_23916	0.228351	0.932042	0.245001
RA_23939-RA_23940	0.0330842	0.0621207	0.532579
RA_23940-RA_23941	0.0576233	0.107483	0.536116
RA_23996-RA_23997	0.0331106	0.0611947	0.541071
RA_24022-RA_24023	0.190566	0.773417	0.246395
RA_24037-RA_24039	0.351334	0.70242	0.500177
RA_24080-RA_24081	0.976033	2.55557	0.381923
RA_24136-RA_24137	0.0494688	0.102913	0.480688
RA_24137-RA_24138	0.20951	1.34599	0.155655
RA_24138-RA_24139	0.20378	1.36638	0.149139
RA_24172-RA_24173	0.410065	2.82787	0.145008
RA_24209-RA_24210	0.0510922	0.107096	0.477068
RA_24229-RA_24230	0.897986	2.63189	0.341194
RA_24308-RA_24309	0.0483418	0.123896	0.39018
RA_24310-RA_24311	0.841948	2.3128	0.364038
RA_24354-RA_24355	0.136379	0.552965	0.246633
RA_24384-RA_24385	0.0745697	0.161592	0.461469
RA_24385-RA_24386	0.0465471	0.118122	0.394058
RA_24386-RA_24387	0.0330509	0.183238	0.180372
RA_24469-RA_24470	0.04931	0.141368	0.348807
RA_24488-RA_24489	0.54974	3.86131	0.142371
RA_24498-RA_24499	0.721471	1.39073	0.518771
RA_24514-RA_24515	0.17228	0.486424	0.354178
RA_24515-RA_24516	0.258967	3.15686	0.0820333
RA_24516-RA_24518	0.459192	3.12855	0.146775
RA_24526-RA_24527	0.228229	1.17796	0.19375
RA_24529-RA_24530	0.0297728	0.0887633	0.335418
RA_24530-RA_24531	0.0234946	0.145672	0.161284
RA_24531-RA_24532	0.0392696	0.182577	0.215085
RA_24532-RA_24533	0.449793	1.21113	0.371384
RA_24533-RA_24534	0.34536	1.26927	0.272093
RA_24555-RA_24556	0.389159	3.43562	0.113272
RA_24577-RA_24578	0.0340533	0.0976375	0.348773
RA_24603-RA_24604	0.29822	0.496762	0.600328
RA_24604-RA_24605	0.353525	0.974396	0.362814
RA_24605-RA_24606	0.412287	1.63875	0.251586
RA_24629-RA_24630	0.0809089	0.0726403	1.11383
RA_24770-RA_24771	0.019474	0.0437004	0.445626
RA_24783-RA_24784	0.297563	0.502974	0.591607
RA_24786-RA_24787	0.387533	0.918436	0.421949
RA_24836-RA_24837	0.316928	0.717605	0.441647
RA_24838-RA_24839	0.143312	0.357681	0.400671
RA_24841-RA_24843	0.0636043	0.120331	0.528579
RA_24844-RA_24845	0.106476	0.179381	0.593576
RA_24847-RA_24848	0.302201	0.580343	0.520728
RA_24848-RA_24850	0.0757227	0.135393	0.559282
RA_24904-RA_24905	0.00444698	0.00320887	1.38584
RA_24905-RA_24907	0.00195866	0.00703671	0.278349
