Seq	Ka	Ks	Ka/Ks
Mapoly0001s0162.1-Mapoly0001s0163.1	NA	NA	NA
Mapoly0001s0210.1-Mapoly0001s0211.1	0.235087	1.77846	0.132185
Mapoly0001s0573.1-Mapoly0001s0574.1	0.0785233	0.148062	0.530339
Mapoly0002s0031.1-Mapoly0002s0032.1	0.137606	0.25262	0.544716
Mapoly0002s0038.1-Mapoly0002s0039.1	0.139087	0.102591	1.35574
Mapoly0002s0039.1-Mapoly0002s0040.1	0.0520083	0.0495357	1.04991
Mapoly0002s0057.1-Mapoly0002s0059.1	0.8143	NA	NA
Mapoly0002s0059.1-Mapoly0002s0060.1	0.35543	1.29845	0.273734
Mapoly0002s0063.1-Mapoly0002s0065.1	0.0895125	0.12925	0.692556
Mapoly0002s0078.1-Mapoly0002s0079.1	0.521549	2.38462	0.218713
Mapoly0002s0080.1-Mapoly0002s0081.1	0.675117	NA	NA
Mapoly0002s0081.1-Mapoly0002s0082.1	0.46897	2.70327	0.173483
Mapoly0002s0082.1-Mapoly0002s0083.1	0.38682	2.08802	0.185257
Mapoly0002s0085.1-Mapoly0002s0086.1	0.702536	NA	NA
Mapoly0002s0113.1-Mapoly0002s0114.1	0.228558	0.983294	0.232441
Mapoly0002s0154.1-Mapoly0002s0156.1	0.498248	NA	NA
Mapoly0002s0156.1-Mapoly0002s0157.1	0.508097	1.48643	0.341823
Mapoly0002s0250.1-Mapoly0002s0251.1	0.328331	NA	NA
Mapoly0002s0315.1-Mapoly0002s0316.1	0.108045	0.156158	0.691897
Mapoly0002s0344.1-Mapoly0002s0345.1	0.128615	0.207851	0.618783
Mapoly0002s0345.1-Mapoly0002s0346.1	0.072592	0.091853	0.790306
Mapoly0003s0083.1-Mapoly0003s0084.1	0.789716	2.92751	0.269757
Mapoly0003s0085.1-Mapoly0003s0087.1	0.0181925	0.0846661	0.214873
Mapoly0003s0086.1-Mapoly0003s0088.1	NA	0.019767	-0
Mapoly0003s0097.1-Mapoly0003s0098.1	NA	NA	NA
Mapoly0003s0098.1-Mapoly0003s0099.1	0.03362	0.0497745	0.675447
Mapoly0003s0101.1-Mapoly0003s0103.1	0.0216818	0.0211918	1.02312
Mapoly0003s0104.1-Mapoly0003s0105.1	0.122755	0.897282	0.136807
Mapoly0003s0105.1-Mapoly0003s0106.1	0.148352	0.929243	0.159649
Mapoly0003s0107.1-Mapoly0003s0108.1	0.0991774	0.623434	0.159083
Mapoly0003s0114.1-Mapoly0003s0116.1	0.488448	1.80199	0.271061
Mapoly0003s0215.1-Mapoly0003s0216.1	NA	NA	NA
Mapoly0004s0002.1-Mapoly0004s0003.1	0.511582	1.33976	0.381845
Mapoly0004s0025.1-Mapoly0004s0026.1	0.350145	1.56898	0.223167
Mapoly0004s0027.1-Mapoly0004s0028.1	0.0758184	0.0459873	1.64868
Mapoly0004s0058.1-Mapoly0004s0059.1	0.488096	1.02506	0.476162
Mapoly0004s0063.1-Mapoly0004s0064.1	0.00467992	0.0375828	0.124523
Mapoly0004s0064.1-Mapoly0004s0065.1	0.0331804	0.0440306	0.753577
Mapoly0004s0074.1-Mapoly0004s0075.1	0.310607	1.94798	0.159451
Mapoly0004s0091.1-Mapoly0004s0092.1	0.0152283	0.0930892	0.163588
Mapoly0004s0092.1-Mapoly0004s0093.1	0.0164876	0.12378	0.133202
Mapoly0004s0093.1-Mapoly0004s0094.1	0.0124497	0.124891	0.0996841
Mapoly0004s0098.1-Mapoly0004s0099.1	0.333812	1.24046	0.269103
Mapoly0004s0099.1-Mapoly0004s0100.1	0.228476	1.0959	0.208483
Mapoly0004s0148.1-Mapoly0004s0149.1	0.252999	0.44121	0.57342
Mapoly0004s0150.1-Mapoly0004s0151.1	0.146845	0.102318	1.43519
Mapoly0004s0210.1-Mapoly0004s0211.1	0.236182	0.181846	1.2988
Mapoly0004s0210.1-Mapoly0004s0212.1	0.177835	0.20808	0.85465
Mapoly0004s0217.1-Mapoly0004s0218.1	0.534655	2.741	0.195058
Mapoly0004s0218.1-Mapoly0004s0219.1	0.412539	1.91467	0.215462
Mapoly0004s0223.1-Mapoly0004s0225.1	0.53932	1.90538	0.283051
Mapoly0004s0224.1-Mapoly0004s0225.1	0.470159	1.58908	0.295868
Mapoly0004s0225.1-Mapoly0004s0226.1	0.457046	1.66628	0.274292
Mapoly0004s0258.1-Mapoly0004s0260.1	0.0629666	0.161665	0.389487
Mapoly0004s0260.1-Mapoly0004s0261.1	0.0135418	0.045429	0.298086
Mapoly0004s0289.1-Mapoly0004s0290.1	0.0231313	0.0321585	0.719292
Mapoly0004s0291.1-Mapoly0004s0292.1	0.689783	NA	NA
Mapoly0004s0309.1-Mapoly0004s0311.1	0.1541	0.236606	0.651292
Mapoly0005s0003.1-Mapoly0005s0004.1	0.886897	2.07228	0.427982
Mapoly0005s0098.1-Mapoly0005s0099.1	NA	NA	NA
Mapoly0005s0099.1-Mapoly0005s0100.1	0.0313218	0.0445937	0.702382
Mapoly0005s0112.1-Mapoly0005s0113.1	NA	NA	NA
Mapoly0005s0187.1-Mapoly0005s0188.1	0.113773	0.858996	0.132449
Mapoly0005s0214.1-Mapoly0005s0215.1	0.336497	NA	NA
Mapoly0005s0292.1-Mapoly0005s0293.1	0.921881	2.19949	0.419134
Mapoly0006s0115.1-Mapoly0006s0116.1	0.847158	2.60445	0.325273
Mapoly0006s0118.1-Mapoly0006s0120.1	0.573163	NA	NA
Mapoly0006s0125.1-Mapoly0006s0126.1	0.168957	1.1419	0.147962
Mapoly0006s0161.1-Mapoly0006s0163.1	0.00102259	0.0157689	0.0648488
Mapoly0006s0162.1-Mapoly0006s0163.1	0.00476107	0.0392991	0.12115
Mapoly0006s0163.1-Mapoly0006s0164.1	0.00281771	0.0469177	0.0600563
Mapoly0006s0164.1-Mapoly0006s0165.1	0.00476498	0.0977496	0.0487468
Mapoly0006s0164.1-Mapoly0006s0166.1	0.0010137	0.0251186	0.0403567
Mapoly0006s0196.1-Mapoly0006s0197.1	0.0336314	0.0540928	0.621736
Mapoly0006s0207.1-Mapoly0006s0209.1	0.703089	1.90382	0.369305
Mapoly0006s0216.1-Mapoly0006s0217.1	0.728336	0.607752	1.19841
Mapoly0006s0218.1-Mapoly0006s0220.1	0.776052	1.19001	0.652136
Mapoly0006s0245.1-Mapoly0006s0246.1	0.0357255	0.735633	0.0485643
Mapoly0006s0246.1-Mapoly0006s0247.1	NA	0.0163927	-0
Mapoly0006s0247.1-Mapoly0006s0248.1	0.00232933	0.0424061	0.0549291
Mapoly0006s0278.1-Mapoly0006s0280.1	0.058865	0.103091	0.571
Mapoly0006s0280.1-Mapoly0006s0282.1	0.0259923	0.0296071	0.877908
Mapoly0006s0281.1-Mapoly0006s0283.1	0.0830982	0.0943946	0.880328
Mapoly0007s0067.1-Mapoly0007s0069.1	0.594107	NA	NA
Mapoly0007s0102.1-Mapoly0007s0104.1	0.111509	0.179524	0.621139
Mapoly0007s0179.1-Mapoly0007s0180.1	0.0797725	0.063603	1.25423
Mapoly0007s0180.1-Mapoly0007s0182.1	NA	NA	NA
Mapoly0007s0181.1-Mapoly0007s0183.1	NA	NA	NA
Mapoly0007s0183.1-Mapoly0007s0184.1	0.026573	0.0546302	0.486416
Mapoly0007s0290.1-Mapoly0007s0291.1	0.766588	1.45198	0.527959
Mapoly0008s0017.1-Mapoly0008s0018.1	0.815921	NA	NA
Mapoly0008s0054.1-Mapoly0008s0056.1	1.06158	4.94304	0.214763
Mapoly0008s0095.1-Mapoly0008s0096.1	NA	NA	NA
Mapoly0008s0115.1-Mapoly0008s0117.1	0.0267251	0.0293573	0.910339
Mapoly0008s0124.1-Mapoly0008s0125.1	0.146389	0.203902	0.717937
Mapoly0008s0125.1-Mapoly0008s0126.1	0.103904	0.121669	0.853991
Mapoly0008s0126.1-Mapoly0008s0127.1	0.141943	0.159049	0.89245
Mapoly0008s0127.1-Mapoly0008s0128.1	0.169048	0.162243	1.04194
Mapoly0008s0143.1-Mapoly0008s0144.1	0.211344	2.18066	0.0969175
Mapoly0008s0168.1-Mapoly0008s0169.1	0.0010779	0.0295502	0.0364771
Mapoly0008s0176.1-Mapoly0008s0177.1	0.188854	0.213874	0.883016
Mapoly0008s0177.1-Mapoly0008s0178.1	0.520852	1.80395	0.288728
Mapoly0008s0198.1-Mapoly0008s0199.1	0.389215	1.98921	0.195664
Mapoly0008s0223.1-Mapoly0008s0224.1	0.21828	0.123723	1.76427
Mapoly0008s0224.1-Mapoly0008s0225.1	0.508692	0.306588	1.6592
Mapoly0008s0227.1-Mapoly0008s0229.1	0.379057	0.291046	1.3024
Mapoly0008s0234.1-Mapoly0008s0236.1	0.0494957	0.264933	0.186823
Mapoly0008s0236.1-Mapoly0008s0237.1	0.0330565	0.262597	0.125883
Mapoly0008s0237.1-Mapoly0008s0238.1	0.0177913	0.23721	0.0750021
Mapoly0008s0238.1-Mapoly0008s0239.1	0.00195202	0.0801372	0.0243584
Mapoly0008s0239.1-Mapoly0008s0240.1	0.0109263	0.199629	0.0547331
Mapoly0008s0240.1-Mapoly0008s0241.1	0.0131198	0.208747	0.0628502
Mapoly0008s0272.1-Mapoly0008s0273.1	0.398621	0.564751	0.705836
Mapoly0009s0002.1-Mapoly0009s0004.1	0.077442	0.0810891	0.955024
Mapoly0009s0003.1-Mapoly0009s0004.1	0.0958925	0.126577	0.75758
Mapoly0009s0082.1-Mapoly0009s0083.1	0.587269	1.64673	0.356628
Mapoly0009s0178.1-Mapoly0009s0179.1	0.0529663	0.227883	0.232428
Mapoly0009s0179.1-Mapoly0009s0180.1	0.0523726	0.216071	0.242386
Mapoly0009s0184.1-Mapoly0009s0185.1	0.350608	1.722	0.203605
Mapoly0010s0003.1-Mapoly0010s0005.1	0.0928873	NA	NA
Mapoly0010s0023.1-Mapoly0010s0024.1	0.0206181	0.0237749	0.867222
Mapoly0010s0033.1-Mapoly0010s0035.1	0.479918	4.12183	0.116433
Mapoly0010s0078.1-Mapoly0010s0079.1	NA	NA	NA
Mapoly0010s0079.1-Mapoly0010s0080.1	0.017176	NA	NA
Mapoly0010s0080.1-Mapoly0010s0082.1	0.0214718	0.0423917	0.50651
Mapoly0010s0105.1-Mapoly0010s0107.1	0.34038	NA	NA
Mapoly0010s0107.1-Mapoly0010s0108.1	0.023071	0.0210598	1.0955
Mapoly0010s0111.1-Mapoly0010s0112.1	0.00783229	0.0608916	0.128627
Mapoly0010s0115.1-Mapoly0010s0117.1	0.334289	NA	NA
Mapoly0010s0120.1-Mapoly0010s0121.1	0.00394869	0.0224004	0.176278
Mapoly0010s0134.1-Mapoly0010s0135.1	0.0585002	0.0893575	0.654676
Mapoly0010s0137.1-Mapoly0010s0138.1	0.251094	1.43307	0.175214
Mapoly0010s0141.1-Mapoly0010s0142.1	NA	0.0668325	-0
Mapoly0010s0142.1-Mapoly0010s0143.1	0.0157686	0.102574	0.153729
Mapoly0010s0143.1-Mapoly0010s0144.1	NA	NA	NA
Mapoly0010s0144.1-Mapoly0010s0145.1	0.0453113	0.605767	0.0747999
Mapoly0010s0175.1-Mapoly0010s0176.1	0.00199686	NA	NA
Mapoly0010s0210.1-Mapoly0010s0212.1	NA	0.33263	-0
Mapoly0010s0211.1-Mapoly0010s0212.1	NA	0.33263	-0
Mapoly0010s0216.1-Mapoly0010s0218.1	0.160399	0.175216	0.915439
Mapoly0011s0002.1-Mapoly0011s0003.1	0.111353	0.35987	0.309426
Mapoly0011s0004.1-Mapoly0011s0005.1	0.0158108	0.031776	0.497571
Mapoly0011s0022.1-Mapoly0011s0023.1	NA	NA	NA
Mapoly0011s0034.1-Mapoly0011s0036.1	0.285814	2.45722	0.116316
Mapoly0011s0114.1-Mapoly0011s0115.1	0.0653223	0.0687703	0.949863
Mapoly0011s0178.1-Mapoly0011s0180.1	0.384722	NA	NA
Mapoly0012s0027.1-Mapoly0012s0028.1	0.506603	1.26352	0.400947
Mapoly0012s0028.1-Mapoly0012s0029.1	0.637529	1.28112	0.497636
Mapoly0012s0054.1-Mapoly0012s0056.1	0.0165602	0.0173036	0.957036
Mapoly0012s0056.1-Mapoly0012s0058.1	0.389357	0.480144	0.810918
Mapoly0012s0058.1-Mapoly0012s0060.1	0.21719	0.295536	0.734901
Mapoly0012s0062.1-Mapoly0012s0063.1	0.0101152	0.0992759	0.10189
Mapoly0012s0065.1-Mapoly0012s0067.1	0.145257	0.221794	0.654919
Mapoly0012s0067.1-Mapoly0012s0068.1	0.00841609	0.0687923	0.122341
Mapoly0012s0070.1-Mapoly0012s0071.1	0.0306971	0.165766	0.185183
Mapoly0012s0072.1-Mapoly0012s0073.1	0.134031	0.123645	1.084
Mapoly0012s0085.1-Mapoly0012s0086.1	0.194165	1.54082	0.126014
Mapoly0012s0086.1-Mapoly0012s0087.1	0.169527	3.00898	0.0563405
Mapoly0012s0119.1-Mapoly0012s0120.1	NA	0.056006	-0
Mapoly0012s0139.1-Mapoly0012s0140.1	0.0140231	0.00463916	3.02277
Mapoly0012s0157.1-Mapoly0012s0158.1	NA	NA	NA
Mapoly0012s0197.1-Mapoly0012s0198.1	0.070995	0.226731	0.313125
Mapoly0013s0029.1-Mapoly0013s0030.1	1.21001	2.35562	0.513669
Mapoly0013s0052.1-Mapoly0013s0053.1	0.451163	0.676798	0.666613
Mapoly0013s0103.1-Mapoly0013s0104.1	0.362629	0.969235	0.374139
Mapoly0013s0114.1-Mapoly0013s0116.1	0.628247	NA	NA
Mapoly0013s0127.1-Mapoly0013s0128.1	0.267775	1.17319	0.228245
Mapoly0013s0128.1-Mapoly0013s0129.1	0.256904	0.848383	0.302817
Mapoly0013s0157.1-Mapoly0013s0159.1	0.257649	0.351724	0.732533
Mapoly0014s0004.1-Mapoly0014s0006.1	0.0792405	0.68757	0.115247
Mapoly0014s0034.1-Mapoly0014s0035.1	0.26938	0.673123	0.400194
Mapoly0014s0223.1-Mapoly0014s0224.1	0.911393	NA	NA
Mapoly0015s0023.1-Mapoly0015s0025.1	0.0475323	0.109975	0.43221
Mapoly0015s0024.1-Mapoly0015s0026.1	0.15549	0.252423	0.61599
Mapoly0015s0025.1-Mapoly0015s0026.1	0.111456	0.255657	0.435961
Mapoly0015s0034.1-Mapoly0015s0035.1	0.340954	0.978024	0.348615
Mapoly0015s0035.1-Mapoly0015s0036.1	0.170308	1.40611	0.12112
Mapoly0015s0185.1-Mapoly0015s0186.1	0.102043	0.273244	0.373451
Mapoly0015s0209.1-Mapoly0015s0211.1	0.737398	1.14081	0.646379
Mapoly0016s0001.1-Mapoly0016s0002.1	0.00485397	NA	NA
Mapoly0016s0043.1-Mapoly0016s0044.1	0.196009	1.45135	0.135053
Mapoly0016s0076.1-Mapoly0016s0077.1	0.50659	1.38477	0.365829
Mapoly0016s0135.1-Mapoly0016s0136.1	0.790449	2.01592	0.392103
Mapoly0016s0137.1-Mapoly0016s0139.1	0.0151413	0.671482	0.0225491
Mapoly0016s0165.1-Mapoly0016s0167.1	0.249907	0.302801	0.825315
Mapoly0016s0199.1-Mapoly0016s0200.1	0.57059	1.88715	0.302355
Mapoly0019s0061.1-Mapoly0019s0062.1	0.0621647	0.248215	0.250447
Mapoly0020s0003.1-Mapoly0020s0004.1	0.784761	NA	NA
Mapoly0020s0037.1-Mapoly0020s0038.1	0.214043	1.21791	0.175746
Mapoly0020s0040.1-Mapoly0020s0041.1	0.0169208	0.184964	0.0914816
Mapoly0020s0043.1-Mapoly0020s0044.1	0.00163679	0.143387	0.0114152
Mapoly0020s0044.1-Mapoly0020s0045.1	0.00955163	0.19447	0.0491163
Mapoly0020s0045.1-Mapoly0020s0046.1	0.0195145	0.292736	0.0666624
Mapoly0020s0047.1-Mapoly0020s0049.1	0.485556	2.12997	0.227964
Mapoly0020s0056.1-Mapoly0020s0057.1	0.57246	3.50714	0.163227
Mapoly0020s0079.1-Mapoly0020s0080.1	0.298563	0.779635	0.382952
Mapoly0020s0088.1-Mapoly0020s0089.1	0.0412033	0.0448989	0.91769
Mapoly0020s0100.1-Mapoly0020s0101.1	0.58991	1.6719	0.352838
Mapoly0021s0020.1-Mapoly0021s0022.1	0.13395	0.603864	0.221821
Mapoly0021s0022.1-Mapoly0021s0023.1	0.109724	0.588763	0.186363
Mapoly0021s0034.1-Mapoly0021s0035.1	0.00860605	0.112475	0.0765153
Mapoly0021s0035.1-Mapoly0021s0037.1	0.157552	1.09953	0.14329
Mapoly0021s0100.1-Mapoly0021s0101.1	0.61091	1.6295	0.374906
Mapoly0021s0101.1-Mapoly0021s0102.1	0.285379	1.3523	0.211032
Mapoly0021s0115.1-Mapoly0021s0116.1	0.162312	0.238138	0.681588
Mapoly0021s0116.1-Mapoly0021s0118.1	0.0870301	0.0971858	0.895502
Mapoly0021s0146.1-Mapoly0021s0147.1	0.701434	2.32521	0.301664
Mapoly0022s0001.1-Mapoly0022s0003.1	0.120167	0.0885552	1.35698
Mapoly0022s0003.1-Mapoly0022s0004.1	0.466103	0.835233	0.558051
Mapoly0022s0004.1-Mapoly0022s0006.1	0.592551	0.91095	0.650476
Mapoly0022s0011.1-Mapoly0022s0013.1	0.1776	0.27863	0.637405
Mapoly0022s0051.1-Mapoly0022s0052.1	0.103715	0.0785898	1.3197
Mapoly0022s0059.1-Mapoly0022s0061.1	0.015839	0.0803085	0.197227
Mapoly0022s0060.1-Mapoly0022s0062.1	1.24495	NA	NA
Mapoly0022s0063.1-Mapoly0022s0065.1	0.0309266	0.0455588	0.678828
Mapoly0022s0065.1-Mapoly0022s0066.1	0.928974	1.21571	0.764139
Mapoly0022s0070.1-Mapoly0022s0071.1	0.102991	0.147264	0.699362
Mapoly0022s0073.1-Mapoly0022s0075.1	0.108607	0.141064	0.769912
Mapoly0022s0081.1-Mapoly0022s0082.1	0.416287	NA	NA
Mapoly0022s0082.1-Mapoly0022s0083.1	0.279684	2.10169	0.133076
Mapoly0022s0172.1-Mapoly0022s0173.1	0.843119	2.11765	0.398139
Mapoly0022s0173.1-Mapoly0022s0175.1	0.0407909	0.0361846	1.1273
Mapoly0022s0174.1-Mapoly0022s0176.1	0.0174438	NA	NA
Mapoly0022s0176.1-Mapoly0022s0177.1	0.469948	2.00052	0.234913
Mapoly0022s0184.1-Mapoly0022s0185.1	0.31738	2.1624	0.146772
Mapoly0022s0190.1-Mapoly0022s0192.1	0.0235479	0.120564	0.195315
Mapoly0022s0191.1-Mapoly0022s0193.1	0.0607067	0.0735638	0.825225
Mapoly0023s0046.1-Mapoly0023s0047.1	0.0666413	1.08917	0.0611856
Mapoly0023s0056.1-Mapoly0023s0057.1	0.530644	NA	NA
Mapoly0023s0095.1-Mapoly0023s0096.1	0.142322	0.705998	0.20159
Mapoly0023s0166.1-Mapoly0023s0167.1	0.158528	0.754543	0.210098
Mapoly0024s0005.1-Mapoly0024s0006.1	0.0144303	0.0678756	0.212599
Mapoly0024s0034.1-Mapoly0024s0035.1	0.952991	2.34703	0.406042
Mapoly0024s0035.1-Mapoly0024s0036.1	0.964868	NA	NA
Mapoly0024s0051.1-Mapoly0024s0052.1	0.429848	2.78682	0.154243
Mapoly0024s0086.1-Mapoly0024s0087.1	0.175134	3.1569	0.0554765
Mapoly0024s0092.1-Mapoly0024s0093.1	NA	NA	NA
Mapoly0024s0129.1-Mapoly0024s0131.1	0.665703	0.908406	0.732825
Mapoly0025s0038.1-Mapoly0025s0039.1	0.248095	1.96853	0.12603
Mapoly0025s0039.1-Mapoly0025s0040.1	0.209778	1.26994	0.165187
Mapoly0025s0042.1-Mapoly0025s0043.1	0.0141021	0.101892	0.138402
Mapoly0025s0051.1-Mapoly0025s0052.1	0.614071	1.83034	0.335495
Mapoly0025s0063.1-Mapoly0025s0064.1	0.237142	0.99093	0.239312
Mapoly0025s0064.1-Mapoly0025s0065.1	0.373661	1.49272	0.250322
Mapoly0025s0065.1-Mapoly0025s0066.1	0.428009	1.85219	0.231083
Mapoly0025s0124.1-Mapoly0025s0125.1	0.287144	0.961087	0.29877
Mapoly0026s0012.1-Mapoly0026s0013.1	0.265145	2.07157	0.127993
Mapoly0026s0013.1-Mapoly0026s0014.1	0.259466	2.22795	0.11646
Mapoly0026s0086.1-Mapoly0026s0087.1	NA	NA	NA
Mapoly0026s0095.1-Mapoly0026s0097.1	NA	NA	NA
Mapoly0026s0096.1-Mapoly0026s0098.1	NA	NA	NA
Mapoly0026s0117.1-Mapoly0026s0118.1	0.0018503	0.0841491	0.0219883
Mapoly0026s0122.1-Mapoly0026s0124.1	0.652823	NA	NA
Mapoly0026s0123.1-Mapoly0026s0124.1	0.622733	NA	NA
Mapoly0027s0021.1-Mapoly0027s0022.1	0.172411	0.267992	0.643345
Mapoly0027s0049.1-Mapoly0027s0051.1	0.400834	1.28398	0.312181
Mapoly0027s0052.1-Mapoly0027s0053.1	0.57392	NA	NA
Mapoly0027s0054.1-Mapoly0027s0055.1	0.457212	2.72395	0.167849
Mapoly0027s0055.1-Mapoly0027s0056.1	0.226791	0.422405	0.536904
Mapoly0027s0055.1-Mapoly0027s0057.1	0.180129	0.269855	0.667506
Mapoly0027s0058.1-Mapoly0027s0060.1	0.190627	0.268004	0.711285
Mapoly0027s0059.1-Mapoly0027s0060.1	0.110859	0.155731	0.711861
Mapoly0027s0060.1-Mapoly0027s0061.1	0.0735355	0.0657067	1.11915
Mapoly0027s0060.1-Mapoly0027s0062.1	0.156355	0.102457	1.52606
Mapoly0027s0079.1-Mapoly0027s0080.1	0.00226752	0.019761	0.114747
Mapoly0027s0080.1-Mapoly0027s0081.1	0.0989238	0.526277	0.187969
Mapoly0027s0083.1-Mapoly0027s0084.1	0.0990622	0.596281	0.166133
Mapoly0027s0085.1-Mapoly0027s0086.1	0.126996	0.197624	0.642614
Mapoly0027s0102.1-Mapoly0027s0103.1	0.305852	0.37913	0.806721
Mapoly0027s0111.1-Mapoly0027s0112.1	0.713155	2.13238	0.334442
Mapoly0027s0133.1-Mapoly0027s0134.1	0.618151	1.75151	0.352924
Mapoly0027s0134.1-Mapoly0027s0136.1	0.441918	1.82487	0.242164
Mapoly0027s0161.1-Mapoly0027s0162.1	NA	0.0910024	-0
Mapoly0027s0162.1-Mapoly0027s0163.1	0.0108313	0.101831	0.106366
Mapoly0027s0163.1-Mapoly0027s0165.1	0.0677005	0.386544	0.175143
Mapoly0027s0167.1-Mapoly0027s0168.1	0.0183198	0.220413	0.0831158
Mapoly0027s0169.1-Mapoly0027s0170.1	0.00361103	0.0897452	0.0402365
Mapoly0027s0170.1-Mapoly0027s0171.1	NA	0.122217	-0
Mapoly0027s0171.1-Mapoly0027s0172.1	0.00361324	0.0790939	0.0456829
Mapoly0028s0058.1-Mapoly0028s0060.1	1.0154	2.186	0.4645
Mapoly0028s0060.1-Mapoly0028s0062.1	1.07222	5.99463	0.178864
Mapoly0028s0067.1-Mapoly0028s0069.1	0.274798	NA	NA
Mapoly0028s0069.1-Mapoly0028s0070.1	0.110952	NA	NA
Mapoly0028s0133.1-Mapoly0028s0134.1	0.0938947	0.321874	0.291713
Mapoly0029s0001.1-Mapoly0029s0002.1	0.0161296	NA	NA
Mapoly0029s0004.1-Mapoly0029s0005.1	NA	NA	NA
Mapoly0030s0002.1-Mapoly0030s0003.1	0.457073	0.492004	0.929002
Mapoly0030s0004.1-Mapoly0030s0005.1	0.108635	0.145198	0.748184
Mapoly0030s0037.1-Mapoly0030s0038.1	0.182768	0.143527	1.27341
Mapoly0030s0112.1-Mapoly0030s0113.1	0.296204	1.38011	0.214624
Mapoly0030s0153.1-Mapoly0030s0154.1	0.182417	0.314511	0.580001
Mapoly0030s0157.1-Mapoly0030s0158.1	0.47218	1.34856	0.350136
Mapoly0031s0010.1-Mapoly0031s0012.1	0.0846839	0.369099	0.229434
Mapoly0031s0013.1-Mapoly0031s0015.1	0.0378299	0.1472	0.256997
Mapoly0031s0014.1-Mapoly0031s0016.1	0.0553054	0.198075	0.279215
Mapoly0031s0017.1-Mapoly0031s0018.1	0.248485	1.87297	0.132669
Mapoly0031s0019.1-Mapoly0031s0020.1	0.0797382	0.354135	0.225163
Mapoly0031s0024.1-Mapoly0031s0025.1	0.037384	0.123439	0.302854
Mapoly0031s0074.1-Mapoly0031s0075.1	0.932828	NA	NA
Mapoly0031s0075.1-Mapoly0031s0076.1	1.11865	NA	NA
Mapoly0031s0085.1-Mapoly0031s0086.1	0.00547147	NA	NA
Mapoly0031s0157.1-Mapoly0031s0158.1	0.33902	0.477015	0.710712
Mapoly0031s0165.1-Mapoly0031s0166.1	0.738402	NA	NA
Mapoly0031s0166.1-Mapoly0031s0167.1	0.5201	1.64553	0.316069
Mapoly0031s0167.1-Mapoly0031s0168.1	0.83371	NA	NA
Mapoly0032s0016.1-Mapoly0032s0017.1	0.442315	NA	NA
Mapoly0032s0068.1-Mapoly0032s0070.1	0.0648648	0.191621	0.338506
Mapoly0032s0069.1-Mapoly0032s0070.1	0.279471	1.14575	0.243921
Mapoly0032s0070.1-Mapoly0032s0071.1	0.0371953	0.237483	0.156623
Mapoly0032s0071.1-Mapoly0032s0072.1	0.0400509	0.160687	0.249248
Mapoly0032s0072.1-Mapoly0032s0073.1	0.00682238	0.0610503	0.11175
Mapoly0032s0073.1-Mapoly0032s0074.1	0.241143	1.4539	0.165859
Mapoly0032s0076.1-Mapoly0032s0077.1	0.231896	1.65881	0.139796
Mapoly0032s0115.1-Mapoly0032s0116.1	0.224762	1.41009	0.159395
Mapoly0032s0136.1-Mapoly0032s0137.1	0.00140186	0.0164976	0.0849735
Mapoly0032s0142.1-Mapoly0032s0143.1	0.139792	1.91389	0.0730407
Mapoly0032s0143.1-Mapoly0032s0144.1	0.133559	1.87907	0.0710771
Mapoly0032s0144.1-Mapoly0032s0145.1	0.259873	2.11821	0.122685
Mapoly0032s0157.1-Mapoly0032s0158.1	0.0459028	0.0965921	0.475223
Mapoly0032s0158.1-Mapoly0032s0159.1	0.0369206	0.0826547	0.446685
Mapoly0033s0041.1-Mapoly0033s0042.1	0.398311	1.50173	0.265234
Mapoly0033s0074.1-Mapoly0033s0075.1	0.0233379	0.00771238	3.02602
Mapoly0033s0083.1-Mapoly0033s0085.1	0.0167559	0.0273869	0.611823
Mapoly0033s0113.1-Mapoly0033s0114.1	0.0139027	0.0197714	0.703176
Mapoly0033s0121.1-Mapoly0033s0122.1	0.0703496	0.0835131	0.842378
Mapoly0033s0123.1-Mapoly0033s0122.1	0.0598465	0.0552461	1.08327
Mapoly0034s0055.1-Mapoly0034s0057.1	0.0319907	0.0462588	0.691559
Mapoly0034s0057.1-Mapoly0034s0058.1	0.00841354	0.0168311	0.499881
Mapoly0034s0068.1-Mapoly0034s0069.1	0.00841354	0.0168311	0.499881
Mapoly0034s0088.1-Mapoly0034s0090.1	NA	NA	NA
Mapoly0034s0113.1-Mapoly0034s0115.1	0.0984983	0.0823428	1.1962
Mapoly0034s0121.1-Mapoly0034s0122.1	0.236512	NA	NA
Mapoly0035s0001.1-Mapoly0035s0002.1	0.18345	0.297311	0.617031
Mapoly0035s0002.1-Mapoly0035s0003.1	0.0706685	0.0958913	0.736965
Mapoly0035s0005.1-Mapoly0035s0007.1	0.190468	0.305733	0.622987
Mapoly0035s0009.1-Mapoly0035s0010.1	0.0639183	0.121	0.52825
Mapoly0035s0010.1-Mapoly0035s0011.1	0.229681	0.386815	0.593774
Mapoly0035s0010.1-Mapoly0035s0012.1	0.401124	0.748335	0.536022
Mapoly0035s0082.1-Mapoly0035s0083.1	NA	0.0493872	-0
Mapoly0035s0083.1-Mapoly0035s0084.1	NA	0.120743	-0
Mapoly0035s0084.1-Mapoly0035s0085.1	NA	0.102257	-0
Mapoly0035s0086.1-Mapoly0035s0088.1	NA	NA	NA
Mapoly0035s0087.1-Mapoly0035s0089.1	0.0804665	1.05282	0.0764298
Mapoly0035s0089.1-Mapoly0035s0090.1	0.0046382	0.159237	0.0291276
Mapoly0035s0090.1-Mapoly0035s0091.1	0.00439488	0.13266	0.0331289
Mapoly0035s0091.1-Mapoly0035s0092.1	0.00881566	0.151022	0.0583732
Mapoly0035s0092.1-Mapoly0035s0093.1	0.206007	0.962948	0.213934
Mapoly0035s0129.1-Mapoly0035s0131.1	0.0254478	0.0267166	0.95251
Mapoly0035s0152.1-Mapoly0035s0153.1	0.799929	NA	NA
Mapoly0036s0022.1-Mapoly0036s0024.1	0.122275	0.0944034	1.29523
Mapoly0036s0049.1-Mapoly0036s0051.1	0.538801	1.03204	0.522076
Mapoly0036s0051.1-Mapoly0036s0052.1	0.615652	NA	NA
Mapoly0036s0061.1-Mapoly0036s0062.1	0.101919	0.126125	0.808078
Mapoly0036s0064.1-Mapoly0036s0066.1	0.143449	0.233459	0.61445
Mapoly0036s0066.1-Mapoly0036s0068.1	0.187077	0.262302	0.713212
Mapoly0036s0068.1-Mapoly0036s0069.1	0.153649	0.177983	0.863281
Mapoly0036s0139.1-Mapoly0036s0140.1	0.178395	0.264144	0.675372
Mapoly0037s0001.1-Mapoly0037s0002.1	0.0112642	0.0607635	0.185378
Mapoly0037s0002.1-Mapoly0037s0003.1	0.0112633	0.0607789	0.185316
Mapoly0037s0037.1-Mapoly0037s0038.1	0.18337	0.186914	0.98104
Mapoly0037s0075.1-Mapoly0037s0077.1	0.462921	0.788122	0.587372
Mapoly0037s0081.1-Mapoly0037s0083.1	0.421171	1.67092	0.25206
Mapoly0037s0083.1-Mapoly0037s0084.1	0.49282	1.36347	0.361447
Mapoly0037s0086.1-Mapoly0037s0088.1	0.504851	NA	NA
Mapoly0037s0088.1-Mapoly0037s0089.1	0.602908	NA	NA
Mapoly0037s0089.1-Mapoly0037s0090.1	0.133446	0.385169	0.346462
Mapoly0037s0117.1-Mapoly0037s0118.1	0.268225	0.707157	0.379301
Mapoly0037s0143.1-Mapoly0037s0144.1	0.526025	1.25875	0.417893
Mapoly0037s0147.1-Mapoly0037s0148.1	NA	0.059379	-0
Mapoly0038s0001.1-Mapoly0038s0002.1	0.0388121	0.107806	0.360019
Mapoly0038s0002.1-Mapoly0038s0003.1	0.0387399	0.118762	0.326197
Mapoly0038s0003.1-Mapoly0038s0004.1	0.0497924	0.236003	0.210982
Mapoly0038s0013.1-Mapoly0038s0014.1	0.189783	0.222432	0.853218
Mapoly0038s0017.1-Mapoly0038s0019.1	0.117392	0.175511	0.668861
Mapoly0038s0019.1-Mapoly0038s0021.1	0.081568	0.117025	0.697012
Mapoly0038s0022.1-Mapoly0038s0023.1	0.109405	0.659557	0.165876
Mapoly0038s0043.1-Mapoly0038s0044.1	0.0876917	0.0866479	1.01205
Mapoly0038s0083.1-Mapoly0038s0084.1	0.244299	1.28404	0.190257
Mapoly0038s0084.1-Mapoly0038s0085.1	0.39373	2.05016	0.192049
Mapoly0038s0085.1-Mapoly0038s0086.1	0.426508	2.22322	0.191843
Mapoly0038s0086.1-Mapoly0038s0087.1	0.291517	2.4674	0.118147
Mapoly0038s0087.1-Mapoly0038s0088.1	0.280827	NA	NA
Mapoly0038s0112.1-Mapoly0038s0113.1	0.100502	0.204391	0.491716
Mapoly0039s0040.1-Mapoly0039s0041.1	0.0662153	0.0654496	1.0117
Mapoly0039s0045.1-Mapoly0039s0046.1	0.432738	1.31962	0.327925
Mapoly0039s0049.1-Mapoly0039s0050.1	0.593606	4.20956	0.141014
Mapoly0039s0050.1-Mapoly0039s0051.1	0.761826	NA	NA
Mapoly0039s0078.1-Mapoly0039s0079.1	0.255655	1.06356	0.240376
Mapoly0039s0113.1-Mapoly0039s0115.1	0.462363	2.29931	0.201088
Mapoly0039s0121.1-Mapoly0039s0122.1	0.13951	0.363445	0.383854
Mapoly0040s0056.1-Mapoly0040s0057.1	0.00830674	0.0205292	0.404631
Mapoly0040s0057.1-Mapoly0040s0059.1	0.377341	1.63093	0.231366
Mapoly0040s0068.1-Mapoly0040s0069.1	0.110334	0.841884	0.131056
Mapoly0040s0091.1-Mapoly0040s0092.1	0.0192764	0.0130605	1.47594
Mapoly0041s0018.1-Mapoly0041s0020.1	0.0829902	1.24448	0.0666866
Mapoly0041s0030.1-Mapoly0041s0031.1	0.170531	0.411735	0.414177
Mapoly0041s0031.1-Mapoly0041s0032.1	0.159015	0.553395	0.287345
Mapoly0041s0041.1-Mapoly0041s0043.1	0.0296251	0.10109	0.293055
Mapoly0041s0042.1-Mapoly0041s0044.1	0.0360198	0.051821	0.695081
Mapoly0041s0107.1-Mapoly0041s0108.1	0.0640455	0.0977828	0.654978
Mapoly0041s0119.1-Mapoly0041s0120.1	0.049222	0.0706103	0.697095
Mapoly0041s0133.1-Mapoly0041s0134.1	0.263124	1.918	0.137187
Mapoly0041s0136.1-Mapoly0041s0138.1	0.101201	0.721902	0.140187
Mapoly0041s0137.1-Mapoly0041s0138.1	0.0544169	0.369198	0.147392
Mapoly0041s0138.1-Mapoly0041s0139.1	0.0189036	0.136662	0.138324
Mapoly0041s0141.1-Mapoly0041s0142.1	0.0240729	0.0217034	1.10917
Mapoly0041s0142.1-Mapoly0041s0143.1	0.0320205	0.172434	0.185697
Mapoly0041s0143.1-Mapoly0041s0144.1	0.0935286	0.679589	0.137625
Mapoly0041s0144.1-Mapoly0041s0145.1	0.0722686	0.365068	0.197959
Mapoly0041s0153.1-Mapoly0041s0154.1	0.32317	0.328439	0.983957
Mapoly0041s0154.1-Mapoly0041s0155.1	0.322442	0.272057	1.1852
Mapoly0041s0155.1-Mapoly0041s0156.1	0.133316	0.18634	0.715446
Mapoly0041s0155.1-Mapoly0041s0157.1	0.24666	0.427429	0.577078
Mapoly0042s0015.1-Mapoly0042s0016.1	0.24267	1.54593	0.156974
Mapoly0042s0016.1-Mapoly0042s0018.1	0.0785325	0.0724159	1.08446
Mapoly0042s0017.1-Mapoly0042s0019.1	0.132248	0.135517	0.975879
Mapoly0042s0094.1-Mapoly0042s0095.1	0.0624626	0.132542	0.471265
Mapoly0042s0095.1-Mapoly0042s0097.1	0.0285706	0.0890053	0.320999
Mapoly0042s0100.1-Mapoly0042s0101.1	0.308601	1.45588	0.21197
Mapoly0042s0115.1-Mapoly0042s0117.1	0.582291	NA	NA
Mapoly0042s0117.1-Mapoly0042s0118.1	0.479708	1.94807	0.246248
Mapoly0042s0118.1-Mapoly0042s0119.1	0.00839557	0.0167504	0.501218
Mapoly0042s0125.1-Mapoly0042s0126.1	0.0340172	0.0984334	0.345586
Mapoly0043s0039.1-Mapoly0043s0040.1	0.991181	NA	NA
Mapoly0043s0069.1-Mapoly0043s0070.1	0.446271	NA	NA
Mapoly0043s0074.1-Mapoly0043s0075.1	0.191158	1.03765	0.184222
Mapoly0043s0083.1-Mapoly0043s0084.1	0.0693194	0.457532	0.151507
Mapoly0043s0088.1-Mapoly0043s0089.1	0.136634	0.260503	0.524501
Mapoly0043s0131.1-Mapoly0043s0132.1	1.56109	NA	NA
Mapoly0044s0008.1-Mapoly0044s0009.1	0.7078	1.03765	0.682121
Mapoly0044s0009.1-Mapoly0044s0010.1	0.101134	0.0774369	1.30602
Mapoly0044s0010.1-Mapoly0044s0011.1	0.826232	1.50338	0.549584
Mapoly0044s0026.1-Mapoly0044s0027.1	0.293064	0.411158	0.712777
Mapoly0044s0027.1-Mapoly0044s0029.1	0.00929248	0.0886504	0.104822
Mapoly0044s0050.1-Mapoly0044s0052.1	0.343152	NA	NA
Mapoly0044s0104.1-Mapoly0044s0105.1	0.359064	0.824442	0.435523
Mapoly0044s0105.1-Mapoly0044s0106.1	0.0928448	0.0667859	1.39019
Mapoly0044s0106.1-Mapoly0044s0107.1	0.0623663	0.0818424	0.762029
Mapoly0044s0107.1-Mapoly0044s0109.1	0.0983224	0.0955149	1.02939
Mapoly0044s0121.1-Mapoly0044s0122.1	0.0489677	0.129565	0.377939
Mapoly0044s0122.1-Mapoly0044s0123.1	0.0294099	0.104794	0.280644
Mapoly0045s0001.1-Mapoly0045s0002.1	0.00616847	NA	NA
Mapoly0045s0017.1-Mapoly0045s0019.1	0.322885	NA	NA
Mapoly0045s0019.1-Mapoly0045s0020.1	0.38211	4.23472	0.0902327
Mapoly0045s0022.1-Mapoly0045s0023.1	0.484772	0.914153	0.530296
Mapoly0045s0085.1-Mapoly0045s0086.1	0.18637	0.193377	0.963768
Mapoly0045s0125.1-Mapoly0045s0127.1	0.997836	2.61053	0.382235
Mapoly0045s0135.1-Mapoly0045s0136.1	0.547561	2.32867	0.235139
Mapoly0045s0154.1-Mapoly0045s0155.1	0.263472	0.534693	0.492753
Mapoly0046s0048.1-Mapoly0046s0049.1	0.0069676	0.0116536	0.59789
Mapoly0046s0058.1-Mapoly0046s0059.1	0.287844	1.51671	0.189782
Mapoly0046s0061.1-Mapoly0046s0063.1	0.410595	3.69884	0.111006
Mapoly0047s0002.1-Mapoly0047s0003.1	0.0555243	0.139333	0.398502
Mapoly0047s0003.1-Mapoly0047s0004.1	0.0195926	0.0576677	0.33975
Mapoly0047s0006.1-Mapoly0047s0007.1	0.0313152	0.139775	0.224039
Mapoly0047s0007.1-Mapoly0047s0008.1	0.0398505	0.18078	0.220436
Mapoly0047s0049.1-Mapoly0047s0051.1	NA	NA	NA
Mapoly0047s0053.1-Mapoly0047s0055.1	0.0560995	0.141809	0.395599
Mapoly0047s0055.1-Mapoly0047s0057.1	0.0448776	0.141301	0.317603
Mapoly0047s0058.1-Mapoly0047s0059.1	NA	NA	NA
Mapoly0047s0059.1-Mapoly0047s0060.1	NA	NA	NA
Mapoly0047s0060.1-Mapoly0047s0061.1	0.00365131	NA	NA
Mapoly0047s0065.1-Mapoly0047s0066.1	0.308726	0.221272	1.39523
Mapoly0047s0072.1-Mapoly0047s0074.1	0.23765	3.60638	0.0658972
Mapoly0047s0097.1-Mapoly0047s0098.1	0.0287426	0.0366578	0.784078
Mapoly0047s0099.1-Mapoly0047s0100.1	NA	NA	NA
Mapoly0047s0106.1-Mapoly0047s0108.1	0.527857	NA	NA
Mapoly0048s0002.1-Mapoly0048s0003.1	0.278136	1.52483	0.182404
Mapoly0048s0056.1-Mapoly0048s0057.1	0.0768699	0.285687	0.26907
Mapoly0048s0085.1-Mapoly0048s0086.1	0.0663917	0.270762	0.245203
Mapoly0049s0003.1-Mapoly0049s0004.1	0.928011	2.92348	0.317433
Mapoly0049s0046.1-Mapoly0049s0048.1	0.207496	0.315777	0.657097
Mapoly0049s0048.1-Mapoly0049s0049.1	0.134292	0.124718	1.07677
Mapoly0049s0049.1-Mapoly0049s0051.1	0.0713326	0.0721582	0.988559
Mapoly0049s0058.1-Mapoly0049s0059.1	1.04106	NA	NA
Mapoly0050s0003.1-Mapoly0050s0004.1	0.00941225	0.035418	0.265747
Mapoly0050s0004.1-Mapoly0050s0005.1	0.0405002	0.0596	0.679533
Mapoly0050s0011.1-Mapoly0050s0012.1	0.057833	0.0598875	0.965693
Mapoly0050s0025.1-Mapoly0050s0026.1	0.0361782	0.0938342	0.385554
Mapoly0050s0028.1-Mapoly0050s0029.1	0.148246	0.766612	0.193379
Mapoly0050s0033.1-Mapoly0050s0034.1	0.261322	2.32914	0.112197
Mapoly0050s0034.1-Mapoly0050s0035.1	0.238386	NA	NA
Mapoly0050s0040.1-Mapoly0050s0041.1	0.00421507	0.0264034	0.159641
Mapoly0050s0042.1-Mapoly0050s0043.1	0.0843223	2.35143	0.03586
Mapoly0050s0044.1-Mapoly0050s0045.1	0.103266	2.23805	0.0461414
Mapoly0050s0045.1-Mapoly0050s0047.1	0.0737398	1.58227	0.0466037
Mapoly0050s0051.1-Mapoly0050s0052.1	0.168069	0.952901	0.176377
Mapoly0050s0052.1-Mapoly0050s0053.1	0.190285	1.28779	0.147761
Mapoly0050s0055.1-Mapoly0050s0056.1	0.395219	0.357616	1.10515
Mapoly0050s0056.1-Mapoly0050s0057.1	0.308849	0.442307	0.698268
Mapoly0050s0065.1-Mapoly0050s0066.1	0.568216	2.06897	0.274638
Mapoly0051s0025.1-Mapoly0051s0027.1	1.5206	2.84874	0.533782
Mapoly0051s0048.1-Mapoly0051s0049.1	0.722778	2.02441	0.35703
Mapoly0051s0116.1-Mapoly0051s0117.1	0.0470628	0.0662617	0.710256
Mapoly0052s0090.1-Mapoly0052s0091.1	0.0483008	0.0728904	0.662649
Mapoly0052s0109.1-Mapoly0052s0110.1	NA	NA	NA
Mapoly0052s0123.1-Mapoly0052s0125.1	0.106804	0.096719	1.10427
Mapoly0053s0003.1-Mapoly0053s0005.1	0.119601	0.191964	0.623038
Mapoly0054s0006.1-Mapoly0054s0008.1	0.199519	0.334165	0.597069
Mapoly0054s0030.1-Mapoly0054s0032.1	0.129489	0.363021	0.356699
Mapoly0054s0039.1-Mapoly0054s0040.1	0.344136	1.30785	0.263131
Mapoly0054s0040.1-Mapoly0054s0041.1	0.255363	1.35571	0.188361
Mapoly0054s0090.1-Mapoly0054s0091.1	0.511573	0.905119	0.565199
Mapoly0054s0091.1-Mapoly0054s0092.1	0.47481	0.779205	0.609352
Mapoly0054s0122.1-Mapoly0054s0124.1	0.203128	NA	NA
Mapoly0054s0123.1-Mapoly0054s0124.1	0.105985	2.15013	0.0492924
Mapoly0054s0124.1-Mapoly0054s0125.1	0.0551978	0.434538	0.127026
Mapoly0054s0125.1-Mapoly0054s0126.1	0.121442	1.59587	0.0760979
Mapoly0054s0126.1-Mapoly0054s0127.1	0.0974374	1.36989	0.0711278
Mapoly0054s0127.1-Mapoly0054s0128.1	0.11829	1.32784	0.089085
Mapoly0054s0137.1-Mapoly0054s0139.1	0.413217	1.56952	0.263276
Mapoly0055s0013.1-Mapoly0055s0014.1	0.144162	0.273667	0.52678
Mapoly0055s0025.1-Mapoly0055s0027.1	0.207857	2.29609	0.0905263
Mapoly0055s0041.1-Mapoly0055s0042.1	0.115352	0.0660171	1.74731
Mapoly0055s0063.1-Mapoly0055s0064.1	0.141809	0.271791	0.521756
Mapoly0055s0085.1-Mapoly0055s0086.1	0.150756	0.236636	0.637083
Mapoly0055s0089.1-Mapoly0055s0090.1	0.0385727	0.0879038	0.438806
Mapoly0055s0102.1-Mapoly0055s0103.1	NA	NA	NA
Mapoly0056s0098.1-Mapoly0056s0099.1	0.0727966	0.0958498	0.759486
Mapoly0056s0099.1-Mapoly0056s0100.1	0.089275	0.187395	0.476399
Mapoly0056s0144.1-Mapoly0056s0145.1	0.0971134	0.11581	0.83856
Mapoly0057s0018.1-Mapoly0057s0020.1	0.0936787	0.0192221	4.87349
Mapoly0057s0020.1-Mapoly0057s0021.1	0.13234	0.0648581	2.04046
Mapoly0057s0021.1-Mapoly0057s0023.1	0.0173017	0.025535	0.677568
Mapoly0057s0036.1-Mapoly0057s0037.1	0.265779	0.296232	0.897199
Mapoly0057s0076.1-Mapoly0057s0077.1	0.319938	1.13493	0.281902
Mapoly0057s0082.1-Mapoly0057s0083.1	0.012579	0.176684	0.071195
Mapoly0057s0086.1-Mapoly0057s0087.1	0.0965889	0.331146	0.291681
Mapoly0058s0006.1-Mapoly0058s0007.1	0.203323	1.08794	0.186887
Mapoly0058s0020.1-Mapoly0058s0021.1	0.162333	1.12017	0.144918
Mapoly0058s0067.1-Mapoly0058s0068.1	0.128945	0.222784	0.578789
Mapoly0058s0084.1-Mapoly0058s0085.1	0.139912	0.259479	0.539204
Mapoly0058s0118.1-Mapoly0058s0120.1	0.100826	0.0872576	1.1555
Mapoly0059s0002.1-Mapoly0059s0003.1	0.0319237	0.0251336	1.27016
Mapoly0059s0011.1-Mapoly0059s0012.1	0.0529309	0.387989	0.136424
Mapoly0059s0033.1-Mapoly0059s0034.1	0.995802	NA	NA
Mapoly0059s0071.1-Mapoly0059s0072.1	0.17085	0.383066	0.446006
Mapoly0060s0097.1-Mapoly0060s0098.1	0.308129	0.361347	0.852724
Mapoly0062s0015.1-Mapoly0062s0016.1	0.47551	0.765891	0.620859
Mapoly0062s0015.1-Mapoly0062s0017.1	0.472825	1.16364	0.406333
Mapoly0062s0021.1-Mapoly0062s0022.1	0.470842	1.37345	0.342816
Mapoly0062s0022.1-Mapoly0062s0024.1	0.450741	0.993185	0.453833
Mapoly0062s0047.1-Mapoly0062s0048.1	0.034309	0.313072	0.109588
Mapoly0062s0048.1-Mapoly0062s0049.1	0.31424	1.56359	0.200974
Mapoly0062s0049.1-Mapoly0062s0050.1	0.0110562	0.117672	0.0939575
Mapoly0062s0050.1-Mapoly0062s0051.1	0.102917	1.01304	0.101592
Mapoly0062s0055.1-Mapoly0062s0056.1	0.0206426	0.058292	0.354125
Mapoly0062s0056.1-Mapoly0062s0057.1	0.034921	0.299378	0.116645
Mapoly0062s0056.1-Mapoly0062s0058.1	0.0421356	0.340179	0.123863
Mapoly0062s0080.1-Mapoly0062s0081.1	0.497578	0.860558	0.578204
Mapoly0062s0092.1-Mapoly0062s0093.1	0.133082	0.261678	0.508574
Mapoly0062s0123.1-Mapoly0062s0124.1	0.0420227	0.152737	0.275132
Mapoly0062s0124.1-Mapoly0062s0125.1	0.0137116	0.0888597	0.154306
Mapoly0062s0125.1-Mapoly0062s0126.1	0.0348028	0.0577635	0.602505
Mapoly0062s0126.1-Mapoly0062s0127.1	0.0492612	0.223756	0.220156
Mapoly0063s0006.1-Mapoly0063s0007.1	0.111039	0.1251	0.8876
Mapoly0063s0015.1-Mapoly0063s0016.1	0.207168	0.438779	0.472148
Mapoly0063s0018.1-Mapoly0063s0019.1	0.205116	1.15543	0.177524
Mapoly0063s0019.1-Mapoly0063s0020.1	0.104355	0.839936	0.124241
Mapoly0063s0023.1-Mapoly0063s0024.1	0.289778	0.685399	0.422787
Mapoly0063s0024.1-Mapoly0063s0025.1	0.335821	1.37554	0.244137
Mapoly0063s0024.1-Mapoly0063s0026.1	0.401839	2.25363	0.178308
Mapoly0063s0048.1-Mapoly0063s0049.1	0.393539	NA	NA
Mapoly0064s0027.1-Mapoly0064s0029.1	0.400382	0.79073	0.506345
Mapoly0064s0059.1-Mapoly0064s0061.1	0.536551	1.04595	0.512979
Mapoly0064s0082.1-Mapoly0064s0084.1	0.150568	0.982156	0.153304
Mapoly0064s0112.1-Mapoly0064s0113.1	0.343799	1.47325	0.233361
Mapoly0065s0031.1-Mapoly0065s0032.1	0.067347	0.0828836	0.812549
Mapoly0065s0061.1-Mapoly0065s0063.1	0.0127887	NA	NA
Mapoly0066s0005.1-Mapoly0066s0006.1	0.341303	0.475163	0.718287
Mapoly0066s0027.1-Mapoly0066s0028.1	0.0693104	0.0992643	0.698241
Mapoly0066s0072.1-Mapoly0066s0073.1	0.106905	0.461573	0.23161
Mapoly0066s0074.1-Mapoly0066s0075.1	0.126672	1.09883	0.115279
Mapoly0066s0075.1-Mapoly0066s0076.1	0.129936	1.07442	0.120935
Mapoly0067s0036.1-Mapoly0067s0037.1	0.663941	NA	NA
Mapoly0067s0039.1-Mapoly0067s0040.1	0.413461	NA	NA
Mapoly0067s0040.1-Mapoly0067s0041.1	0.267135	1.42384	0.187616
Mapoly0067s0053.1-Mapoly0067s0054.1	0.363863	2.12473	0.171252
Mapoly0067s0062.1-Mapoly0067s0063.1	0.202967	0.279457	0.726292
Mapoly0067s0073.1-Mapoly0067s0074.1	0.341995	2.41768	0.141456
Mapoly0067s0074.1-Mapoly0067s0075.1	0.445529	2.53717	0.175601
Mapoly0067s0100.1-Mapoly0067s0101.1	0.533332	1.2519	0.426019
Mapoly0067s0101.1-Mapoly0067s0102.1	0.722829	1.27022	0.569059
Mapoly0067s0102.1-Mapoly0067s0103.1	0.596874	0.612393	0.974659
Mapoly0069s0039.1-Mapoly0069s0040.1	0.566769	1.63221	0.34724
Mapoly0069s0093.1-Mapoly0069s0095.1	0.200669	1.69211	0.118591
Mapoly0070s0045.1-Mapoly0070s0046.1	0.090672	0.0889128	1.01979
Mapoly0070s0060.1-Mapoly0070s0062.1	0.0296131	0.890073	0.0332705
Mapoly0070s0062.1-Mapoly0070s0063.1	0.0280514	0.782737	0.0358376
Mapoly0070s0063.1-Mapoly0070s0064.1	0.0304393	0.611333	0.0497917
Mapoly0070s0066.1-Mapoly0070s0068.1	0.00656386	0.0714205	0.0919043
Mapoly0070s0068.1-Mapoly0070s0069.1	0.0023061	0.0234943	0.0981558
Mapoly0070s0069.1-Mapoly0070s0071.1	0.0023061	0.0234943	0.0981558
Mapoly0070s0070.1-Mapoly0070s0072.1	0.0131049	0.272804	0.0480379
Mapoly0071s0077.1-Mapoly0071s0078.1	0.0644248	0.104171	0.618452
Mapoly0071s0079.1-Mapoly0071s0080.1	0.0175829	0.0402836	0.436478
Mapoly0071s0082.1-Mapoly0071s0083.1	0.256857	1.83092	0.140288
Mapoly0071s0083.1-Mapoly0071s0084.1	0.159489	1.25794	0.126786
Mapoly0071s0084.1-Mapoly0071s0085.1	0.228251	1.26028	0.181111
Mapoly0071s0111.1-Mapoly0071s0112.1	0.00883102	NA	NA
Mapoly0071s0116.1-Mapoly0071s0117.1	0.00399429	0.0379945	0.105128
Mapoly0071s0117.1-Mapoly0071s0118.1	0.598862	1.7897	0.334615
Mapoly0072s0013.1-Mapoly0072s0014.1	0.568614	1.8944	0.300156
Mapoly0072s0061.1-Mapoly0072s0062.1	0.105926	1.39473	0.0759476
Mapoly0072s0070.1-Mapoly0072s0071.1	0.340994	1.51881	0.224515
Mapoly0072s0111.1-Mapoly0072s0113.1	NA	0.00367007	-0
Mapoly0073s0026.1-Mapoly0073s0027.1	0.552075	1.9886	0.27762
Mapoly0073s0061.1-Mapoly0073s0062.1	0.951415	NA	NA
Mapoly0073s0071.1-Mapoly0073s0072.1	0.350938	2.51865	0.139336
Mapoly0074s0005.1-Mapoly0074s0006.1	0.589777	1.1507	0.512537
Mapoly0074s0091.1-Mapoly0074s0092.1	0.0777821	0.127316	0.610939
Mapoly0075s0030.1-Mapoly0075s0031.1	0.390551	1.88544	0.20714
Mapoly0075s0052.1-Mapoly0075s0053.1	0.0264134	0.266892	0.0989668
Mapoly0076s0003.1-Mapoly0076s0004.1	0.0637936	0.696689	0.0915668
Mapoly0076s0004.1-Mapoly0076s0005.1	0.00545901	0.0185255	0.294676
Mapoly0076s0005.1-Mapoly0076s0006.1	0.00818987	0.130296	0.0628557
Mapoly0076s0006.1-Mapoly0076s0007.1	0.0137207	0.0976245	0.140546
Mapoly0076s0020.1-Mapoly0076s0021.1	0.699714	NA	NA
Mapoly0076s0036.1-Mapoly0076s0037.1	1.27695	NA	NA
Mapoly0076s0054.1-Mapoly0076s0055.1	0.103882	0.363054	0.286133
Mapoly0076s0057.1-Mapoly0076s0058.1	0.0346294	0.06624	0.522787
Mapoly0076s0058.1-Mapoly0076s0059.1	0.549899	1.34425	0.409074
Mapoly0076s0074.1-Mapoly0076s0075.1	NA	NA	NA
Mapoly0077s0027.1-Mapoly0077s0029.1	0.310106	0.336361	0.921945
Mapoly0077s0028.1-Mapoly0077s0030.1	NA	NA	NA
Mapoly0077s0030.1-Mapoly0077s0031.1	0.00262623	0.00268089	0.979611
Mapoly0077s0031.1-Mapoly0077s0033.1	0.0507387	0.0908785	0.558314
Mapoly0077s0039.1-Mapoly0077s0040.1	0.231216	1.37976	0.167576
Mapoly0077s0042.1-Mapoly0077s0043.1	0.0664489	0.236564	0.280892
Mapoly0077s0057.1-Mapoly0077s0059.1	0.10365	1.57661	0.0657425
Mapoly0078s0046.1-Mapoly0078s0047.1	0.0646525	0.593755	0.108887
Mapoly0078s0061.1-Mapoly0078s0062.1	0.448223	NA	NA
Mapoly0079s0063.1-Mapoly0079s0064.1	0.0347147	0.0616534	0.563062
Mapoly0080s0025.1-Mapoly0080s0026.1	0.0119889	0.997139	0.0120233
Mapoly0080s0080.1-Mapoly0080s0082.1	0.533803	1.1409	0.46788
Mapoly0080s0096.1-Mapoly0080s0097.1	0.426312	0.5931	0.718785
Mapoly0081s0008.1-Mapoly0081s0009.1	0.103707	0.934358	0.110993
Mapoly0081s0012.1-Mapoly0081s0013.1	0.927163	1.51657	0.611357
Mapoly0081s0029.1-Mapoly0081s0031.1	0.169383	1.0897	0.15544
Mapoly0081s0031.1-Mapoly0081s0032.1	0.154109	0.906156	0.170069
Mapoly0081s0032.1-Mapoly0081s0034.1	0.174846	1.02926	0.169876
Mapoly0081s0063.1-Mapoly0081s0064.1	NA	NA	NA
Mapoly0081s0068.1-Mapoly0081s0069.1	0.325599	0.547516	0.594685
Mapoly0082s0006.1-Mapoly0082s0007.1	0.0693066	1.31485	0.0527106
Mapoly0082s0041.1-Mapoly0082s0042.1	0.370806	3.26759	0.11348
Mapoly0083s0029.1-Mapoly0083s0031.1	NA	NA	NA
Mapoly0083s0030.1-Mapoly0083s0032.1	NA	NA	NA
Mapoly0084s0001.1-Mapoly0084s0002.1	0.0159446	0.12114	0.131622
Mapoly0084s0011.1-Mapoly0084s0012.1	0.0218018	0.0873619	0.249558
Mapoly0084s0044.1-Mapoly0084s0045.1	0.487993	NA	NA
Mapoly0084s0065.1-Mapoly0084s0066.1	0.232615	0.715716	0.32501
Mapoly0085s0003.1-Mapoly0085s0004.1	0.209204	NA	NA
Mapoly0085s0006.1-Mapoly0085s0007.1	0.339874	1.28436	0.264626
Mapoly0085s0012.1-Mapoly0085s0013.1	0.528104	1.2119	0.435765
Mapoly0085s0014.1-Mapoly0085s0015.1	NA	NA	NA
Mapoly0085s0027.1-Mapoly0085s0028.1	0.531712	1.41557	0.375617
Mapoly0085s0051.1-Mapoly0085s0052.1	0.228443	1.83445	0.124529
Mapoly0085s0052.1-Mapoly0085s0053.1	0.321219	1.81777	0.176711
Mapoly0085s0055.1-Mapoly0085s0056.1	0.0950342	0.230427	0.412427
Mapoly0085s0057.1-Mapoly0085s0058.1	0.00629538	0.0306558	0.205357
Mapoly0085s0058.1-Mapoly0085s0059.1	0.00418955	0.0497217	0.0842601
Mapoly0085s0059.1-Mapoly0085s0060.1	0.00419066	0.0182476	0.229655
Mapoly0085s0062.1-Mapoly0085s0063.1	0.0873071	0.128437	0.679767
Mapoly0085s0086.1-Mapoly0085s0087.1	0.411929	3.61259	0.114026
Mapoly0085s0097.1-Mapoly0085s0098.1	0.119375	0.162174	0.736092
Mapoly0086s0059.1-Mapoly0086s0060.1	0.419217	1.3791	0.303978
Mapoly0087s0044.1-Mapoly0087s0045.1	0.275451	NA	NA
Mapoly0087s0060.1-Mapoly0087s0062.1	0.201529	0.397982	0.506377
Mapoly0087s0062.1-Mapoly0087s0063.1	0.227775	0.265112	0.859167
Mapoly0087s0063.1-Mapoly0087s0064.1	0.214101	0.250201	0.855716
Mapoly0087s0064.1-Mapoly0087s0065.1	0.0818811	0.173206	0.472739
Mapoly0087s0065.1-Mapoly0087s0066.1	0.130235	0.0919049	1.41706
Mapoly0087s0087.1-Mapoly0087s0088.1	0.0964923	0.086426	1.11647
Mapoly0088s0032.1-Mapoly0088s0033.1	0.762427	NA	NA
Mapoly0088s0044.1-Mapoly0088s0045.1	0.5173	1.01193	0.5112
Mapoly0088s0055.1-Mapoly0088s0057.1	0.0120374	NA	NA
Mapoly0088s0057.1-Mapoly0088s0058.1	0.0923006	0.0732929	1.25934
Mapoly0088s0069.1-Mapoly0088s0071.1	0.556927	2.02697	0.274759
Mapoly0088s0085.1-Mapoly0088s0086.1	0.161255	0.602991	0.267425
Mapoly0088s0086.1-Mapoly0088s0087.1	0.243913	0.564758	0.43189
Mapoly0089s0070.1-Mapoly0089s0072.1	0.187297	0.142623	1.31323
Mapoly0090s0001.1-Mapoly0090s0002.1	0.223329	0.287094	0.777894
Mapoly0090s0003.1-Mapoly0090s0005.1	0.653787	0.934939	0.699283
Mapoly0090s0011.1-Mapoly0090s0012.1	0.275803	1.04035	0.265106
Mapoly0090s0054.1-Mapoly0090s0055.1	0.872564	NA	NA
Mapoly0090s0085.1-Mapoly0090s0086.1	0.302229	0.970275	0.311488
Mapoly0091s0005.1-Mapoly0091s0006.1	0.00682322	0.0112512	0.606446
Mapoly0091s0078.1-Mapoly0091s0079.1	0.239826	1.84575	0.129934
Mapoly0091s0079.1-Mapoly0091s0080.1	0.149046	0.900698	0.165478
Mapoly0091s0080.1-Mapoly0091s0081.1	0.152353	1.14709	0.132817
Mapoly0092s0030.1-Mapoly0092s0031.1	0.0212358	0.0391248	0.54277
Mapoly0092s0033.1-Mapoly0092s0034.1	0.301845	NA	NA
Mapoly0092s0044.1-Mapoly0092s0046.1	0.0654169	0.0841381	0.777494
Mapoly0092s0065.1-Mapoly0092s0067.1	0.185095	1.56748	0.118085
Mapoly0092s0066.1-Mapoly0092s0067.1	0.203194	2.00064	0.101564
Mapoly0092s0071.1-Mapoly0092s0072.1	0.0845593	0.835392	0.101221
Mapoly0092s0072.1-Mapoly0092s0073.1	0.0040245	0.0445868	0.0902622
Mapoly0093s0016.1-Mapoly0093s0017.1	0.131178	0.172646	0.75981
Mapoly0093s0044.1-Mapoly0093s0045.1	0.0163894	0.0207132	0.791255
Mapoly0093s0050.1-Mapoly0093s0051.1	NA	NA	NA
Mapoly0093s0051.1-Mapoly0093s0052.1	NA	0.0100007	-0
Mapoly0093s0052.1-Mapoly0093s0053.1	0.0813805	0.803423	0.101292
Mapoly0093s0053.1-Mapoly0093s0054.1	0.445146	1.4485	0.307316
Mapoly0093s0054.1-Mapoly0093s0055.1	0.0843107	0.135371	0.622813
Mapoly0093s0058.1-Mapoly0093s0059.1	0.0932391	0.0496464	1.87806
Mapoly0093s0062.1-Mapoly0093s0063.1	0.447896	1.41703	0.316082
Mapoly0094s0045.1-Mapoly0094s0046.1	0.323419	3.64831	0.0886491
Mapoly0094s0049.1-Mapoly0094s0050.1	0.133455	2.30372	0.0579303
Mapoly0094s0078.1-Mapoly0094s0080.1	0.0474271	0.0650787	0.728767
Mapoly0094s0079.1-Mapoly0094s0080.1	0.100918	0.154766	0.652069
Mapoly0095s0031.1-Mapoly0095s0033.1	0.0618755	0.127593	0.484945
Mapoly0095s0062.1-Mapoly0095s0063.1	0.884245	2.18092	0.405446
Mapoly0096s0003.1-Mapoly0096s0004.1	NA	NA	NA
Mapoly0096s0036.1-Mapoly0096s0038.1	0.0518775	0.0564546	0.918925
Mapoly0096s0039.1-Mapoly0096s0040.1	0.0349349	0.265104	0.131778
Mapoly0097s0001.1-Mapoly0097s0003.1	0.0129348	0.0236049	0.547971
Mapoly0097s0003.1-Mapoly0097s0004.1	0.0182269	0.047534	0.38345
Mapoly0097s0004.1-Mapoly0097s0005.1	0.0208603	0.0558152	0.373738
Mapoly0097s0006.1-Mapoly0097s0007.1	0.0129797	0.039346	0.329886
Mapoly0097s0010.1-Mapoly0097s0011.1	0.0424104	0.0567993	0.746671
Mapoly0097s0012.1-Mapoly0097s0013.1	NA	0.00654324	-0
Mapoly0097s0053.1-Mapoly0097s0054.1	0.410082	2.45423	0.167092
Mapoly0098s0001.1-Mapoly0098s0002.1	0.163867	0.556619	0.294398
Mapoly0098s0033.1-Mapoly0098s0034.1	0.897201	2.75221	0.325993
Mapoly0098s0047.1-Mapoly0098s0048.1	0.578349	1.72962	0.334379
Mapoly0098s0048.1-Mapoly0098s0049.1	0.587022	1.3969	0.420232
Mapoly0098s0054.1-Mapoly0098s0056.1	0.0172076	0.197779	0.0870043
Mapoly0099s0019.1-Mapoly0099s0020.1	0.400792	1.91934	0.208818
Mapoly0100s0011.1-Mapoly0100s0012.1	0.689391	1.97756	0.348606
Mapoly0101s0009.1-Mapoly0101s0010.1	0.182948	0.280627	0.651925
Mapoly0101s0050.1-Mapoly0101s0051.1	NA	NA	NA
Mapoly0104s0016.1-Mapoly0104s0018.1	0.0523588	0.209157	0.250333
Mapoly0104s0033.1-Mapoly0104s0034.1	0.0628188	0.084249	0.745632
Mapoly0105s0001.1-Mapoly0105s0002.1	1.08294	NA	NA
Mapoly0105s0030.1-Mapoly0105s0031.1	0.128226	0.107507	1.19272
Mapoly0105s0031.1-Mapoly0105s0032.1	0.0974315	0.157204	0.619779
Mapoly0106s0002.1-Mapoly0106s0003.1	0.719525	1.90121	0.378456
Mapoly0106s0022.1-Mapoly0106s0023.1	0.179118	0.50175	0.356986
Mapoly0106s0023.1-Mapoly0106s0025.1	0.321139	1.13	0.284195
Mapoly0106s0049.1-Mapoly0106s0050.1	0.0284074	0.167407	0.16969
Mapoly0106s0050.1-Mapoly0106s0051.1	0.019961	0.126713	0.15753
Mapoly0106s0051.1-Mapoly0106s0052.1	0.0179147	0.0845446	0.211897
Mapoly0106s0052.1-Mapoly0106s0053.1	0.0249561	0.163179	0.152937
Mapoly0106s0053.1-Mapoly0106s0054.1	0.0198164	0.171564	0.115504
Mapoly0107s0010.1-Mapoly0107s0011.1	0.305185	1.13459	0.268983
Mapoly0107s0011.1-Mapoly0107s0013.1	NA	NA	NA
Mapoly0107s0021.1-Mapoly0107s0022.1	0.245022	0.300717	0.81479
Mapoly0108s0005.1-Mapoly0108s0006.1	0.0373184	0.116712	0.319749
Mapoly0109s0001.1-Mapoly0109s0002.1	0.506249	1.50222	0.337
Mapoly0109s0003.1-Mapoly0109s0004.1	0.00676413	0.101162	0.0668641
Mapoly0109s0010.1-Mapoly0109s0011.1	0.609745	NA	NA
Mapoly0109s0011.1-Mapoly0109s0013.1	0.565654	2.10327	0.268941
Mapoly0110s0017.1-Mapoly0110s0019.1	0.330069	1.33978	0.24636
Mapoly0110s0025.1-Mapoly0110s0026.1	0.101954	0.148857	0.684916
Mapoly0110s0026.1-Mapoly0110s0027.1	0.114417	0.100449	1.13905
Mapoly0110s0040.1-Mapoly0110s0042.1	0.166494	0.183753	0.906074
Mapoly0112s0046.1-Mapoly0112s0047.1	0.00430742	NA	NA
Mapoly0113s0052.1-Mapoly0113s0053.1	NA	NA	NA
Mapoly0114s0043.1-Mapoly0114s0044.1	0.48908	1.03736	0.471467
Mapoly0114s0049.1-Mapoly0114s0051.1	0.0132466	0.16179	0.0818753
Mapoly0114s0050.1-Mapoly0114s0052.1	0.0471923	0.0995358	0.474124
Mapoly0114s0051.1-Mapoly0114s0053.1	0.0416884	0.284322	0.146624
Mapoly0114s0052.1-Mapoly0114s0053.1	0.00958664	0.0324164	0.295734
Mapoly0114s0053.1-Mapoly0114s0054.1	0.0168617	0.0576383	0.292543
Mapoly0114s0054.1-Mapoly0114s0055.1	0.00478059	0.0490744	0.0974152
Mapoly0114s0055.1-Mapoly0114s0056.1	0.00358362	0.0618002	0.0579871
Mapoly0114s0056.1-Mapoly0114s0057.1	0.00358545	0.0447379	0.0801434
Mapoly0114s0059.1-Mapoly0114s0060.1	0.0582115	0.254767	0.228489
Mapoly0115s0044.1-Mapoly0115s0046.1	0.0714331	0.0932052	0.766407
Mapoly0115s0046.1-Mapoly0115s0047.1	0.636294	2.29165	0.277658
Mapoly0116s0043.1-Mapoly0116s0044.1	0.12076	0.460142	0.262441
Mapoly0116s0045.1-Mapoly0116s0046.1	0.119648	0.174138	0.687088
Mapoly0116s0046.1-Mapoly0116s0048.1	0.0813916	0.157674	0.516201
Mapoly0117s0013.1-Mapoly0117s0014.1	0.075082	0.258056	0.290953
Mapoly0117s0014.1-Mapoly0117s0015.1	0.104577	0.334056	0.313054
Mapoly0117s0015.1-Mapoly0117s0016.1	0.137583	0.7117	0.193316
Mapoly0117s0016.1-Mapoly0117s0017.1	0.144797	0.956398	0.151398
Mapoly0117s0017.1-Mapoly0117s0018.1	0.127915	1.04001	0.122994
Mapoly0117s0028.1-Mapoly0117s0029.1	0.432793	2.26681	0.190926
Mapoly0117s0031.1-Mapoly0117s0032.1	0.0114556	0.0286722	0.399538
Mapoly0117s0036.1-Mapoly0117s0037.1	0.00594557	0.0422886	0.140595
Mapoly0117s0037.1-Mapoly0117s0038.1	0.0332535	0.0646814	0.514111
Mapoly0117s0038.1-Mapoly0117s0039.1	0.0270904	0.0209636	1.29226
Mapoly0117s0040.1-Mapoly0117s0041.1	0.249266	2.64064	0.094396
Mapoly0117s0041.1-Mapoly0117s0042.1	0.0851188	0.180604	0.471302
Mapoly0117s0042.1-Mapoly0117s0043.1	0.267154	1.66503	0.16045
Mapoly0117s0043.1-Mapoly0117s0044.1	0.265366	1.67104	0.158803
Mapoly0117s0045.1-Mapoly0117s0047.1	0.514071	2.83496	0.181332
Mapoly0117s0046.1-Mapoly0117s0048.1	0.3656	1.44154	0.253618
Mapoly0117s0053.1-Mapoly0117s0054.1	0.00615848	0.0590576	0.104279
Mapoly0117s0056.1-Mapoly0117s0057.1	0.00615848	0.0590576	0.104279
Mapoly0117s0059.1-Mapoly0117s0060.1	0.00892561	0.0391184	0.228169
Mapoly0118s0001.1-Mapoly0118s0002.1	0.0816489	0.178939	0.456295
Mapoly0118s0014.1-Mapoly0118s0015.1	0.245347	2.51581	0.0975221
Mapoly0118s0045.1-Mapoly0118s0047.1	0.217394	0.482613	0.450452
Mapoly0118s0047.1-Mapoly0118s0048.1	0.00610498	0.0315626	0.193425
Mapoly0118s0048.1-Mapoly0118s0049.1	0.209224	0.482743	0.433408
Mapoly0119s0003.1-Mapoly0119s0005.1	0.0765154	0.206933	0.36976
Mapoly0119s0005.1-Mapoly0119s0007.1	NA	NA	NA
Mapoly0119s0007.1-Mapoly0119s0008.1	0.00696203	0.129962	0.0535699
Mapoly0119s0008.1-Mapoly0119s0009.1	0.0046346	0.0621494	0.074572
Mapoly0119s0009.1-Mapoly0119s0010.1	0.0092905	0.0542393	0.171287
Mapoly0119s0010.1-Mapoly0119s0011.1	0.106173	0.184336	0.575974
Mapoly0119s0030.1-Mapoly0119s0031.1	0.0168335	0.093225	0.180569
Mapoly0120s0017.1-Mapoly0120s0019.1	0.171757	0.191113	0.898717
Mapoly0120s0038.1-Mapoly0120s0039.1	0.634848	2.79429	0.227194
Mapoly0120s0043.1-Mapoly0120s0044.1	0.315385	0.943363	0.33432
Mapoly0121s0006.1-Mapoly0121s0007.1	0.86031	2.35945	0.364623
Mapoly0121s0007.1-Mapoly0121s0008.1	0.737498	2.98905	0.246733
Mapoly0121s0008.1-Mapoly0121s0009.1	0.50834	1.03827	0.489604
Mapoly0121s0009.1-Mapoly0121s0010.1	0.716363	1.1504	0.622706
Mapoly0121s0016.1-Mapoly0121s0018.1	0.164837	0.201208	0.819237
Mapoly0121s0017.1-Mapoly0121s0018.1	0.166198	0.179801	0.924347
Mapoly0121s0018.1-Mapoly0121s0019.1	0.163023	0.204709	0.796367
Mapoly0121s0019.1-Mapoly0121s0020.1	0.373384	1.0502	0.355536
Mapoly0122s0001.1-Mapoly0122s0002.1	0.156377	0.293893	0.532088
Mapoly0122s0003.1-Mapoly0122s0004.1	0.389768	1.7138	0.22743
Mapoly0123s0006.1-Mapoly0123s0007.1	0.0523196	0.0862439	0.606647
Mapoly0123s0039.1-Mapoly0123s0040.1	0.0826518	0.11499	0.718774
Mapoly0123s0041.1-Mapoly0123s0042.1	0.826931	3.20441	0.25806
Mapoly0124s0002.1-Mapoly0124s0003.1	0.0109056	0.181185	0.0601904
Mapoly0124s0036.1-Mapoly0124s0037.1	0.541469	2.09511	0.258445
Mapoly0124s0038.1-Mapoly0124s0039.1	0.237036	1.08609	0.218246
Mapoly0124s0059.1-Mapoly0124s0061.1	0.557149	4.60773	0.120916
Mapoly0124s0068.1-Mapoly0124s0069.1	0.0264609	0.0843267	0.31379
Mapoly0125s0041.1-Mapoly0125s0042.1	0.356701	1.29297	0.275876
Mapoly0125s0048.1-Mapoly0125s0049.1	0.066476	0.0890027	0.746899
Mapoly0126s0001.1-Mapoly0126s0002.1	0.016855	0.157857	0.106774
Mapoly0126s0002.1-Mapoly0126s0004.1	0.0204444	0.193174	0.105834
Mapoly0126s0023.1-Mapoly0126s0024.1	0.196301	1.32785	0.147833
Mapoly0126s0042.1-Mapoly0126s0043.1	1.28418	1.83552	0.699629
Mapoly0126s0044.1-Mapoly0126s0045.1	0.024235	0.0709049	0.341796
Mapoly0127s0001.1-Mapoly0127s0002.1	0.0244582	0.0829387	0.294895
Mapoly0127s0035.1-Mapoly0127s0036.1	0.624628	1.59873	0.390703
Mapoly0127s0052.1-Mapoly0127s0054.1	0.130292	1.66599	0.0782073
Mapoly0128s0002.1-Mapoly0128s0003.1	0.372862	0.274737	1.35716
Mapoly0128s0029.1-Mapoly0128s0031.1	0.552813	1.70067	0.325055
Mapoly0128s0033.1-Mapoly0128s0034.1	0.0211022	0.114836	0.18376
Mapoly0128s0034.1-Mapoly0128s0035.1	0.0221546	0.0887232	0.249704
Mapoly0129s0005.1-Mapoly0129s0006.1	0.131896	0.261139	0.50508
Mapoly0130s0002.1-Mapoly0130s0003.1	0.205203	0.408699	0.502089
Mapoly0130s0009.1-Mapoly0130s0011.1	0.32416	2.89385	0.112017
Mapoly0130s0011.1-Mapoly0130s0013.1	0.0539694	0.132309	0.407904
Mapoly0130s0042.1-Mapoly0130s0043.1	0.163741	0.421464	0.388505
Mapoly0131s0013.1-Mapoly0131s0015.1	0.504082	NA	NA
Mapoly0131s0035.1-Mapoly0131s0036.1	0.0233683	0.0687189	0.340056
Mapoly0132s0029.1-Mapoly0132s0031.1	0.0128095	0.0402505	0.318244
Mapoly0133s0053.1-Mapoly0133s0054.1	0.930352	4.64262	0.200394
Mapoly0134s0045.1-Mapoly0134s0046.1	0.181377	1.33966	0.13539
Mapoly0134s0046.1-Mapoly0134s0047.1	0.261897	0.913099	0.286822
Mapoly0135s0008.1-Mapoly0135s0010.1	NA	NA	NA
Mapoly0135s0009.1-Mapoly0135s0011.1	NA	NA	NA
Mapoly0135s0016.1-Mapoly0135s0017.1	0.272045	NA	NA
Mapoly0135s0042.1-Mapoly0135s0043.1	0.267654	0.750954	0.356419
Mapoly0135s0044.1-Mapoly0135s0045.1	NA	0.0677691	-0
Mapoly0135s0047.1-Mapoly0135s0048.1	0.078158	0.112397	0.695375
Mapoly0135s0053.1-Mapoly0135s0054.1	0.0871072	0.470504	0.185136
Mapoly0135s0054.1-Mapoly0135s0055.1	0.0126055	0.103798	0.121442
Mapoly0135s0055.1-Mapoly0135s0056.1	0.046281	0.197302	0.23457
Mapoly0136s0034.1-Mapoly0136s0035.1	0.0411997	0.350296	0.117614
Mapoly0137s0004.1-Mapoly0137s0005.1	0.268942	0.695375	0.386758
Mapoly0137s0005.1-Mapoly0137s0006.1	0.0952086	0.377248	0.252377
Mapoly0137s0020.1-Mapoly0137s0021.1	0.274654	1.46884	0.186988
Mapoly0138s0017.1-Mapoly0138s0018.1	NA	NA	NA
Mapoly0138s0024.1-Mapoly0138s0025.1	0.0302497	0.0386787	0.782077
Mapoly0138s0034.1-Mapoly0138s0035.1	0.113233	0.115058	0.984136
Mapoly0138s0036.1-Mapoly0138s0038.1	0.00352656	NA	NA
Mapoly0140s0036.1-Mapoly0140s0037.1	0.770208	1.31477	0.585812
Mapoly0141s0008.1-Mapoly0141s0009.1	0.0193974	0.0457837	0.423675
Mapoly0142s0040.1-Mapoly0142s0041.1	0.0876477	0.213527	0.410476
Mapoly0143s0019.1-Mapoly0143s0020.1	0.0742816	0.179015	0.414945
Mapoly0143s0038.1-Mapoly0143s0039.1	0.200742	0.9435	0.212763
Mapoly0143s0042.1-Mapoly0143s0043.1	0.0261785	0.114483	0.228666
Mapoly0144s0022.1-Mapoly0144s0023.1	0.0297421	0.0741765	0.400964
Mapoly0144s0022.1-Mapoly0144s0024.1	0.0665392	0.107516	0.618879
Mapoly0144s0031.1-Mapoly0144s0032.1	0.00749084	0.00736608	1.01694
Mapoly0144s0032.1-Mapoly0144s0033.1	0.0378564	0.0578576	0.654304
Mapoly0145s0006.1-Mapoly0145s0008.1	0.0976107	0.466345	0.20931
Mapoly0145s0009.1-Mapoly0145s0011.1	0.0331086	0.109329	0.302834
Mapoly0145s0011.1-Mapoly0145s0012.1	0.0264307	0.0345011	0.766083
Mapoly0145s0014.1-Mapoly0145s0015.1	0.0324447	0.428751	0.0756727
Mapoly0145s0015.1-Mapoly0145s0016.1	0.0840021	1.19208	0.070467
Mapoly0145s0015.1-Mapoly0145s0017.1	0.0518352	0.525795	0.0985845
Mapoly0145s0030.1-Mapoly0145s0032.1	0.296454	0.748682	0.395968
Mapoly0145s0031.1-Mapoly0145s0032.1	0.0440077	0.0697827	0.630639
Mapoly0145s0032.1-Mapoly0145s0033.1	0.0686326	0.110993	0.61835
Mapoly0146s0005.1-Mapoly0146s0006.1	0.00597149	0.0380767	0.156828
Mapoly0146s0006.1-Mapoly0146s0007.1	0.174568	1.62097	0.107693
Mapoly0146s0013.1-Mapoly0146s0014.1	0.00236751	0.0492185	0.0481021
Mapoly0146s0014.1-Mapoly0146s0015.1	0.00711633	0.120848	0.0588865
Mapoly0146s0025.1-Mapoly0146s0026.1	0.452219	1.16574	0.387925
Mapoly0147s0001.1-Mapoly0147s0002.1	0.148036	0.148749	0.995208
Mapoly0147s0002.1-Mapoly0147s0004.1	0.241587	0.280932	0.859948
Mapoly0147s0041.1-Mapoly0147s0042.1	0.0730263	0.0968368	0.754117
Mapoly0147s0043.1-Mapoly0147s0044.1	0.635387	0.992236	0.640359
Mapoly0147s0046.1-Mapoly0147s0047.1	0.0920354	0.231603	0.397383
Mapoly0148s0034.1-Mapoly0148s0035.1	0.453233	1.58957	0.28513
Mapoly0149s0002.1-Mapoly0149s0003.1	0.00876999	0.19632	0.0446719
Mapoly0149s0003.1-Mapoly0149s0004.1	0.027109	0.198479	0.136583
Mapoly0150s0002.1-Mapoly0150s0003.1	0.044506	0.0499337	0.891301
Mapoly0150s0015.1-Mapoly0150s0016.1	0.560113	2.20721	0.253765
Mapoly0152s0002.1-Mapoly0152s0003.1	0.00288512	NA	NA
Mapoly0153s0009.1-Mapoly0153s0010.1	0.404217	NA	NA
Mapoly0154s0001.1-Mapoly0154s0002.1	NA	NA	NA
Mapoly0154s0025.1-Mapoly0154s0026.1	0.386962	3.26589	0.118486
Mapoly0156s0009.1-Mapoly0156s0010.1	0.0541515	0.111254	0.486737
Mapoly0157s0014.1-Mapoly0157s0016.1	0.0987115	0.221871	0.444905
Mapoly0157s0021.1-Mapoly0157s0022.1	0.0319058	0.0628304	0.507808
Mapoly0157s0026.1-Mapoly0157s0027.1	0.161185	0.303986	0.53024
Mapoly0158s0040.1-Mapoly0158s0041.1	0.154901	0.275572	0.562109
Mapoly0159s0014.1-Mapoly0159s0015.1	0.2462	0.436773	0.563681
Mapoly0160s0006.1-Mapoly0160s0007.1	0.0926039	0.104223	0.888516
Mapoly0160s0007.1-Mapoly0160s0008.1	0.00699951	0.034474	0.203037
Mapoly0160s0008.1-Mapoly0160s0009.1	0.619396	0.954388	0.648998
Mapoly0161s0033.1-Mapoly0161s0034.1	0.00542782	0.134586	0.0403297
Mapoly0161s0034.1-Mapoly0161s0035.1	0.0184711	0.265107	0.0696739
Mapoly0161s0035.1-Mapoly0161s0036.1	0.0149933	0.216496	0.0692542
Mapoly0161s0037.1-Mapoly0161s0039.1	0.0261379	0.351207	0.0744229
Mapoly0161s0038.1-Mapoly0161s0039.1	0.0164221	0.260548	0.0630292
Mapoly0162s0001.1-Mapoly0162s0003.1	0.434051	NA	NA
Mapoly0162s0015.1-Mapoly0162s0016.1	0.459977	3.86898	0.118889
Mapoly0162s0018.1-Mapoly0162s0019.1	0.989198	1.52032	0.650653
Mapoly0163s0003.1-Mapoly0163s0004.1	0.518769	1.73226	0.299475
Mapoly0163s0004.1-Mapoly0163s0005.1	0.705503	NA	NA
Mapoly0164s0001.1-Mapoly0164s0003.1	0.190703	0.251151	0.759316
Mapoly0164s0003.1-Mapoly0164s0004.1	0.197044	0.226628	0.869459
Mapoly0164s0004.1-Mapoly0164s0005.1	0.156844	0.195885	0.800696
Mapoly0164s0005.1-Mapoly0164s0006.1	0.0816051	0.102724	0.79441
Mapoly0164s0022.1-Mapoly0164s0023.1	0.057852	0.22281	0.259647
Mapoly0164s0023.1-Mapoly0164s0025.1	0.154783	0.240768	0.642872
Mapoly0164s0028.1-Mapoly0164s0029.1	0.078609	0.164156	0.478867
Mapoly0166s0023.1-Mapoly0166s0024.1	0.0625255	0.0558981	1.11856
Mapoly0166s0024.1-Mapoly0166s0025.1	0.165806	0.111733	1.48395
Mapoly0167s0003.1-Mapoly0167s0005.1	0.124427	0.0914887	1.36003
Mapoly0169s0032.1-Mapoly0169s0033.1	0.0821648	0.160589	0.511645
Mapoly0172s0007.1-Mapoly0172s0009.1	0.0222105	0.0755054	0.294158
Mapoly0172s0017.1-Mapoly0172s0018.1	NA	0.179753	-0
Mapoly0173s0028.1-Mapoly0173s0029.1	0.35844	1.08939	0.329028
Mapoly0175s0024.1-Mapoly0175s0025.1	0.014363	0.233272	0.0615716
Mapoly0177s0014.1-Mapoly0177s0015.1	0.0248736	0.23646	0.105192
Mapoly0178s0007.1-Mapoly0178s0009.1	0.0848285	0.111348	0.761833
Mapoly0178s0017.1-Mapoly0178s0018.1	0.0150771	0.0096886	1.55617
Mapoly0180s0001.1-Mapoly0180s0002.1	0.116612	0.281048	0.414918
Mapoly0180s0002.1-Mapoly0180s0003.1	0.0745859	0.109781	0.679405
Mapoly0180s0012.1-Mapoly0180s0014.1	0.0255062	0.179626	0.141996
Mapoly0180s0014.1-Mapoly0180s0015.1	0.0517284	0.221	0.234066
Mapoly0180s0017.1-Mapoly0180s0018.1	0.0594183	0.110876	0.5359
Mapoly0180s0018.1-Mapoly0180s0019.1	0.0402368	0.112114	0.358891
Mapoly0180s0019.1-Mapoly0180s0021.1	0.0217343	0.045524	0.477425
Mapoly0180s0020.1-Mapoly0180s0022.1	0.0292179	0.0636601	0.458968
Mapoly0180s0026.1-Mapoly0180s0027.1	0.151939	0.203292	0.747394
Mapoly0180s0028.1-Mapoly0180s0029.1	0.0147432	0.0564447	0.261198
Mapoly0182s0001.1-Mapoly0182s0002.1	0.0105694	0.136898	0.0772062
Mapoly0182s0002.1-Mapoly0182s0003.1	0.0334998	0.274952	0.121839
Mapoly0182s0003.1-Mapoly0182s0004.1	0.02599	0.290649	0.0894207
Mapoly0182s0023.1-Mapoly0182s0024.1	0.0928324	1.15405	0.0804409
Mapoly0182s0024.1-Mapoly0182s0025.1	0.162823	1.35558	0.120114
Mapoly0183s0001.1-Mapoly0183s0002.1	0.122585	0.198651	0.617088
Mapoly0183s0002.1-Mapoly0183s0003.1	0.135286	0.274779	0.492342
Mapoly0185s0009.1-Mapoly0185s0010.1	0.0190811	0.0676384	0.282105
Mapoly0185s0010.1-Mapoly0185s0011.1	0.0201017	0.0756026	0.265887
Mapoly0185s0011.1-Mapoly0185s0012.1	0.089519	0.164833	0.543089
Mapoly0185s0011.1-Mapoly0185s0013.1	NA	NA	NA
Mapoly0185s0025.1-Mapoly0185s0027.1	0.110322	0.161654	0.682458
Mapoly0185s0028.1-Mapoly0185s0030.1	0.221679	1.16225	0.190733
Mapoly0185s0030.1-Mapoly0185s0031.1	0.218458	1.20468	0.181342
Mapoly0185s0031.1-Mapoly0185s0032.1	0.0287263	0.134751	0.21318
Mapoly0189s0016.1-Mapoly0189s0017.1	0.285379	1.59438	0.17899
Mapoly0191s0014.1-Mapoly0191s0015.1	0.218668	1.07597	0.203229
Mapoly0192s0010.1-Mapoly0192s0011.1	0.0971117	1.02853	0.0944175
Mapoly0192s0011.1-Mapoly0192s0012.1	0.0799587	1.22003	0.0655384
Mapoly0192s0012.1-Mapoly0192s0013.1	0.0869287	1.30271	0.0667289
Mapoly0192s0013.1-Mapoly0192s0015.1	0.0906469	1.09381	0.0828723
Mapoly0193s0001.1-Mapoly0193s0002.1	0.0436994	0.174293	0.250723
Mapoly0193s0003.1-Mapoly0193s0005.1	0.0286466	0.229879	0.124616
Mapoly0193s0004.1-Mapoly0193s0006.1	0.0423761	0.147483	0.287329
Mapoly0193s0005.1-Mapoly0193s0007.1	0.0470685	0.27987	0.16818
Mapoly0193s0007.1-Mapoly0193s0008.1	0.05219	0.311132	0.167742
Mapoly0193s0008.1-Mapoly0193s0009.1	0.0321439	0.0971411	0.330899
Mapoly0193s0010.1-Mapoly0193s0011.1	0.0500707	0.224225	0.223306
Mapoly0193s0013.1-Mapoly0193s0014.1	0.0983001	1.12642	0.0872674
Mapoly0193s0014.1-Mapoly0193s0015.1	0.0252838	0.155245	0.162864
Mapoly0193s0015.1-Mapoly0193s0016.1	0.0210362	0.138162	0.152257
Mapoly0193s0018.1-Mapoly0193s0019.1	0.401272	3.08357	0.130133
Mapoly0193s0019.1-Mapoly0193s0020.1	0.388919	1.64049	0.237075
Mapoly0193s0020.1-Mapoly0193s0021.1	0.114096	0.286595	0.39811
Mapoly0194s0006.1-Mapoly0194s0007.1	0.0877736	0.0692003	1.2684
Mapoly0195s0005.1-Mapoly0195s0006.1	NA	NA	NA
Mapoly0195s0006.1-Mapoly0195s0007.1	0.00366483	0.102545	0.0357386
Mapoly0195s0007.1-Mapoly0195s0008.1	0.0312445	0.193803	0.161218
Mapoly0196s0001.1-Mapoly0196s0002.1	0.171335	0.145752	1.17552
Mapoly0196s0002.1-Mapoly0196s0003.1	0.147479	0.105196	1.40194
Mapoly0196s0003.1-Mapoly0196s0004.1	0.00316187	0.0873104	0.0362141
Mapoly0196s0004.1-Mapoly0196s0005.1	NA	0.064754	-0
Mapoly0196s0005.1-Mapoly0196s0006.1	0.130974	0.0859988	1.52297
Mapoly0196s0010.1-Mapoly0196s0011.1	0.315459	4.02785	0.0783193
Mapoly0196s0011.1-Mapoly0196s0012.1	0.279917	3.58289	0.0781259
Mapoly0196s0012.1-Mapoly0196s0013.1	0.0931262	1.08563	0.0857804
Mapoly0197s0001.1-Mapoly0197s0002.1	0.010917	0.117033	0.0932809
Mapoly0197s0003.1-Mapoly0197s0004.1	0.223478	0.864054	0.258639
Mapoly0197s0017.1-Mapoly0197s0019.1	0.552721	1.1014	0.501837
Mapoly0198s0001.1-Mapoly0198s0002.1	NA	NA	NA
Mapoly0198s0002.1-Mapoly0198s0004.1	0.0350141	0.176212	0.198704
Mapoly0199s0012.1-Mapoly0199s0013.1	0.0441444	0.293842	0.150232
Mapoly0199s0013.1-Mapoly0199s0014.1	0.0253779	0.17983	0.141122
Mapoly0199s0014.1-Mapoly0199s0015.1	0.0193695	0.17035	0.113704
Mapoly0199s0015.1-Mapoly0199s0016.1	0.0184954	0.174297	0.106115
Mapoly0199s0017.1-Mapoly0199s0018.1	0.0274158	0.354567	0.0773219
Mapoly0199s0018.1-Mapoly0199s0019.1	0.0213245	0.456598	0.0467029
Mapoly0199s0019.1-Mapoly0199s0020.1	0.0431763	0.268805	0.160623
Mapoly0200s0001.1-Mapoly0200s0002.1	0.443421	0.714761	0.620377
Mapoly0200s0006.1-Mapoly0200s0008.1	0.228922	0.425515	0.537988
Mapoly0201s0001.1-Mapoly0201s0002.1	0.0672593	0.11735	0.573152
Mapoly0203s0001.1-Mapoly0203s0002.1	0.547906	0.635885	0.861644
Mapoly0203s0003.1-Mapoly0203s0004.1	0.0487835	0.352345	0.138454
Mapoly0203s0004.1-Mapoly0203s0005.1	0.127676	2.54372	0.0501927
Mapoly0203s0005.1-Mapoly0203s0006.1	0.0995144	2.43706	0.0408338
Mapoly0203s0006.1-Mapoly0203s0007.1	0.129243	1.54066	0.0838877
Mapoly0203s0007.1-Mapoly0203s0008.1	0.124234	1.15943	0.107151
Mapoly0203s0014.1-Mapoly0203s0015.1	0.0224684	0.0760737	0.29535
Mapoly0203s0018.1-Mapoly0203s0020.1	0.0378716	0.0937331	0.404037
Mapoly0204s0001.1-Mapoly0204s0002.1	0.0325636	0.0857829	0.379605
Mapoly0204s0002.1-Mapoly0204s0003.1	0.0309035	0.0416567	0.74186
Mapoly0208s0001.1-Mapoly0208s0003.1	0.00733716	0.0516914	0.141942
Mapoly0210s0002.1-Mapoly0210s0003.1	0.0147842	0.0624686	0.236666
Mapoly0211s0009.1-Mapoly0211s0010.1	0.0308825	0.261697	0.118009
Mapoly0212s0001.1-Mapoly0212s0002.1	0.0399014	0.117054	0.340882
Mapoly0212s0007.1-Mapoly0212s0008.1	0.437243	1.88665	0.231756
Mapoly0212s0008.1-Mapoly0212s0009.1	0.363149	NA	NA
Mapoly0212s0012.1-Mapoly0212s0013.1	0.0624766	0.117207	0.533046
Mapoly0212s0014.1-Mapoly0212s0015.1	0.0139569	0.0332406	0.419876
Mapoly0213s0001.1-Mapoly0213s0002.1	0.0140616	0.135772	0.103568
Mapoly0213s0007.1-Mapoly0213s0008.1	NA	NA	NA
Mapoly0213s0009.1-Mapoly0213s0010.1	0.392584	1.06494	0.368645
Mapoly0214s0009.1-Mapoly0214s0010.1	NA	0.163897	-0
Mapoly0214s0013.1-Mapoly0214s0014.1	0.269161	NA	NA
Mapoly0215s0001.1-Mapoly0215s0002.1	0.13744	0.174135	0.789271
Mapoly0217s0002.1-Mapoly0217s0004.1	0.144634	1.04906	0.13787
Mapoly0217s0007.1-Mapoly0217s0009.1	0.427492	1.07943	0.396035
Mapoly0220s0001.1-Mapoly0220s0003.1	0.0165605	0.12718	0.130213
Mapoly0221s0006.1-Mapoly0221s0008.1	0.7262	1.42137	0.510917
Mapoly0223s0004.1-Mapoly0223s0005.1	0.0264742	0.210372	0.125845
Mapoly0223s0005.1-Mapoly0223s0006.1	0.0355405	0.257649	0.137942
Mapoly0223s0006.1-Mapoly0223s0007.1	0.0225597	0.101829	0.221544
Mapoly0224s0011.1-Mapoly0224s0012.1	0.295318	0.378264	0.780719
Mapoly0225s0001.1-Mapoly0225s0002.1	0.0692031	0.057008	1.21392
Mapoly0229s0001.1-Mapoly0229s0002.1	0.00219129	0.0382521	0.0572855
Mapoly0229s0002.1-Mapoly0229s0003.1	0.26542	1.20537	0.220197
Mapoly0237s0003.1-Mapoly0237s0004.1	0.0465128	0.0938765	0.495468
Mapoly0237s0004.1-Mapoly0237s0005.1	0.0534046	0.223921	0.238498
Mapoly0242s0002.1-Mapoly0242s0003.1	0.0147842	0.0624686	0.236666
Mapoly0243s0002.1-Mapoly0243s0004.1	0.0974388	0.295028	0.33027
Mapoly0243s0005.1-Mapoly0243s0006.1	0.0109272	0.133253	0.0820039
Mapoly0244s0001.1-Mapoly0244s0002.1	0.0960857	0.1764	0.544702
Mapoly0244s0002.1-Mapoly0244s0003.1	0.0890789	0.328467	0.271196
Mapoly0257s0001.1-Mapoly0257s0003.1	0.0220857	0.0330224	0.66881
Mapoly0260s0001.1-Mapoly0260s0002.1	0.137036	0.164856	0.831244
Mapoly0265s0001.1-Mapoly0265s0003.1	0.164217	0.324423	0.506181
Mapoly0270s0001.1-Mapoly0270s0002.1	0.165706	0.187711	0.882772
Mapoly0274s0003.1-Mapoly0274s0004.1	0.443671	1.24958	0.355055
Mapoly0278s0001.1-Mapoly0278s0002.1	0.265084	0.346393	0.765271
Mapoly0278s0004.1-Mapoly0278s0006.1	0.181526	1.8477	0.0982446
Mapoly0278s0005.1-Mapoly0278s0006.1	0.168069	0.952901	0.176377
Mapoly0288s0001.1-Mapoly0288s0003.1	0.0488085	0.129922	0.375675
Mapoly0304s0001.1-Mapoly0304s0002.1	0.143707	0.15935	0.901833
Mapoly0304s0002.1-Mapoly0304s0003.1	0.199547	0.200898	0.993274
Mapoly0307s0001.1-Mapoly0307s0002.1	0.110928	0.189849	0.584295
Mapoly0307s0002.1-Mapoly0307s0003.1	0.160861	0.255227	0.630268
Mapoly0342s0001.1-Mapoly0342s0002.1	0.0596393	0.0740589	0.805296
Mapoly0342s0002.1-Mapoly0342s0003.1	0.102579	0.121314	0.845567
Mapoly0352s0001.1-Mapoly0352s0002.1	0.00628765	0.0121555	0.517269
Mapoly0352s0001.1-Mapoly0352s0003.1	0.0084125	0.030583	0.275071
Mapoly0365s0001.1-Mapoly0365s0002.1	0.481149	1.89896	0.253375
Mapoly0377s0001.1-Mapoly0377s0002.1	0.0118766	0.0442806	0.268213
Mapoly0383s0001.1-Mapoly0383s0002.1	0.14947	0.28986	0.515661
Mapoly0410s0001.1-Mapoly0410s0003.1	0.0188809	0.133708	0.14121
Mapoly0455s0001.1-Mapoly0455s0002.1	0.0844463	0.114366	0.738389
Mapoly0535s0001.1-Mapoly0535s0002.1	0.0976041	0.357077	0.273342
Mapoly0655s0001.1-Mapoly0655s0002.1	0.160586	0.250525	0.640996
Mapoly1171s0001.1-Mapoly1171s0002.1	0.539971	1.73758	0.31076
Mapoly1385s0001.1-Mapoly1385s0002.1	NA	NA	NA
MapolyY_A0002.1-MapolyY_A0003.1	0.0102814	0.0183596	0.560001
MapolyY_A0003.1-MapolyY_A0005.1	0.172817	1.355	0.12754
MapolyY_A0015.1-MapolyY_A0016.1	0.0534198	0.082348	0.648708
