Seq	Ka	Ks	Ka/Ks
KAI3423010.1-KAI3423008.1	NA	NA	NA
KAI3423023.1-KAI3423025.1	0.125258	0.503677	0.248687
KAI3423132.1-KAI3423133.1	0.0592109	0.0850901	0.695861
KAI3423181.1-KAI3423182.1	0.0353464	0.0466669	0.757419
KAI3423183.1-KAI3423184.1	0.46131	0.587211	0.785595
KAI3423188.1-KAI3423190.1	0.00920178	0.0175153	0.525356
KAI3423191.1-KAI3423192.1	NA	0.00593294	-0
KAI3423305.1-KAI3423306.1	0.102992	0.167007	0.616693
KAI3423306.1-KAI3423307.1	0.0756478	0.121634	0.621929
KAI3423398.1-KAI3423399.1	NA	NA	NA
KAI3423401.1-KAI3423402.1	NA	NA	NA
KAI3423405.1-KAI3423406.1	0.115859	0.216251	0.535761
KAI3423412.1-KAI3423415.1	0.214111	0.426711	0.50177
KAI3423429.1-KAI3423430.1	0.112008	0.239912	0.46687
KAI3423430.1-KAI3423431.1	0.0837641	0.195786	0.427836
KAI3423430.1-KAI3423432.1	0.117633	0.336615	0.349458
KAI3423565.1-KAI3423564.1	0.530362	1.29244	0.410358
KAI3423594.1-KAI3423593.1	0.0114047	0.00736238	1.54905
KAI3423802.1-KAI3423803.1	0.0289087	0.181184	0.159554
KAI3423820.1-KAI3423821.1	0.866665	1.67886	0.516223
KAI3423851.1-KAI3423852.1	0.524085	1.31144	0.399626
KAI3423878.1-KAI3423879.1	0.186246	0.522969	0.356132
KAI3423929.1-KAI3423930.1	1.069	1.4428	0.740923
KAI3423956.1-KAI3423958.1	0.203243	0.307954	0.659979
KAI3423958.1-KAI3423959.1	0.189912	0.349617	0.5432
KAI3423965.1-KAI3423966.1	0.101462	0.170704	0.594372
KAI3424052.1-KAI3424051.1	0.420721	1.26914	0.331501
KAI3424075.1-KAI3424074.1	0.153208	0.298902	0.51257
KAI3424076.1-KAI3424075.1	0.129097	0.308074	0.419047
KAI3424127.1-KAI3424126.1	0.491225	1.3964	0.351779
KAI3424135.1-KAI3424134.1	0.322206	1.16942	0.275526
KAI3424163.1-KAI3424162.1	0.0190045	0.0276077	0.688377
KAI3424169.1-KAI3424167.1	0.639307	1.32659	0.481917
KAI3424169.1-KAI3424168.1	0.606537	1.04917	0.578114
KAI3424171.1-KAI3424169.1	0.853457	1.40974	0.605399
KAI3424197.1-KAI3424196.1	0.185334	0.455359	0.407006
KAI3424232.1-KAI3424231.1	0.356346	0.947132	0.376237
KAI3424258.1-KAI3424257.1	0.746629	1.06412	0.701638
KAI3424264.1-KAI3424263.1	0.846569	1.17393	0.721143
KAI3424288.1-KAI3424289.1	1.21779	1.48633	0.819327
KAI3424319.1-KAI3424320.1	0.283021	1.03886	0.272436
KAI3424320.1-KAI3424321.1	0.4458	1.38502	0.321872
KAI3424397.1-KAI3424398.1	NA	NA	NA
KAI3424454.1-KAI3424455.1	0.33023	0.753171	0.438453
KAI3424461.1-KAI3424462.1	0.274461	0.427932	0.641367
KAI3424684.1-KAI3424683.1	1.54385	2.55048	0.605317
KAI3424685.1-KAI3424683.1	0.827448	NA	NA
KAI3424691.1-KAI3424690.1	0.488832	1.08599	0.450126
KAI3424693.1-KAI3424691.1	0.0386918	0.169635	0.228088
KAI3424694.1-KAI3424692.1	0.387434	0.915582	0.423156
KAI3424696.1-KAI3424695.1	0.417737	1.03838	0.402296
KAI3424738.1-KAI3424737.1	0.790296	1.2188	0.648422
KAI3424739.1-KAI3424738.1	0.518483	1.2484	0.415318
KAI3424761.1-KAI3424760.1	0.377243	1.07952	0.349454
KAI3424762.1-KAI3424761.1	0.322645	1.03288	0.312375
KAI3424833.1-KAI3424832.1	0.182633	0.361677	0.504962
KAI3424835.1-KAI3424834.1	0.0174041	0.100899	0.17249
KAI3424836.1-KAI3424835.1	0.00246377	0.0486192	0.0506748
KAI3424837.1-KAI3424836.1	0.007429	0.100003	0.0742874
KAI3424861.1-KAI3424860.1	0.161795	0.566992	0.285356
KAI3424873.1-KAI3424871.1	0.192097	0.511619	0.375468
KAI3424904.1-KAI3424902.1	0.0317281	0.122388	0.259242
KAI3424924.1-KAI3424923.1	NA	NA	NA
KAI3424925.1-KAI3424924.1	0.0195644	0.0404505	0.483662
KAI3424927.1-KAI3424926.1	0.793547	1.63793	0.48448
KAI3424951.1-KAI3424950.1	0.893021	1.06221	0.840716
KAI3425056.1-KAI3425054.1	0.559477	0.534843	1.04606
KAI3425109.1-KAI3425108.1	0.0048914	0.00379838	1.28776
KAI3425110.1-KAI3425109.1	0.000263833	0.000748848	0.352318
KAI3425111.1-KAI3425110.1	0.000791678	0.00149897	0.528148
KAI3425113.1-KAI3425111.1	0.000958418	0.00412716	0.232222
KAI3425145.1-KAI3425143.1	0.136395	0.288706	0.472434
KAI3425146.1-KAI3425144.1	0.142515	0.295813	0.481776
KAI3425167.1-KAI3425166.1	0.539142	1.19444	0.451378
KAI3425168.1-KAI3425167.1	NA	0.00505542	-0
KAI3425190.1-KAI3425189.1	0.0242106	0.138049	0.175377
KAI3425191.1-KAI3425190.1	0.0266851	0.0969756	0.275173
KAI3425226.1-KAI3425225.1	0.692876	1.02304	0.677269
KAI3425272.1-KAI3425271.1	0.0140651	0.0163564	0.859916
KAI3425294.1-KAI3425293.1	0.936974	1.14225	0.820288
KAI3425300.1-KAI3425299.1	0.399327	0.775736	0.514772
KAI3425332.1-KAI3425331.1	1.40767	1.48523	0.947777
KAI3425369.1-KAI3425367.1	0.0118422	0.046328	0.255617
KAI3425376.1-KAI3425375.1	0.657212	1.46642	0.448174
KAI3425379.1-KAI3425378.1	0.892492	1.19035	0.749774
KAI3425719.1-KAI3425720.1	0.692593	1.49757	0.462479
KAI3425735.1-KAI3425737.1	0.0992854	0.187641	0.529123
KAI3425736.1-KAI3425738.1	0.216597	0.489426	0.442553
KAI3425738.1-KAI3425739.1	1.26301	2.07277	0.609335
KAI3425741.1-KAI3425742.1	NA	NA	NA
KAI3425748.1-KAI3425749.1	0.461662	0.899709	0.513123
KAI3425778.1-KAI3425780.1	0.151367	0.217194	0.69692
KAI3425779.1-KAI3425781.1	0.221912	0.309647	0.71666
KAI3426147.1-KAI3426146.1	0.771502	1.63508	0.471843
KAI3426148.1-KAI3426147.1	0.657362	1.49093	0.440906
KAI3426149.1-KAI3426148.1	0.129122	0.401167	0.321865
KAI3426161.1-KAI3426159.1	0.504902	1.2879	0.392034
KAI3426162.1-KAI3426161.1	0.472633	0.897815	0.526426
KAI3426313.1-KAI3426312.1	1.11161	1.24787	0.890804
KAI3426405.1-KAI3426404.1	0.596693	1.60517	0.371733
KAI3426855.1-KAI3426854.1	0.812061	1.32111	0.61468
KAI3426871.1-KAI3426870.1	0.638399	1.02269	0.624238
KAI3426899.1-KAI3426898.1	0.218937	0.566019	0.386801
KAI3426916.1-KAI3426915.1	0.432783	1.5919	0.271866
KAI3426917.1-KAI3426915.1	0.384425	1.06671	0.360383
KAI3426977.1-KAI3426976.1	0.414915	0.666767	0.622279
KAI3426999.1-KAI3426998.1	0.796436	1.20125	0.663004
KAI3427074.1-KAI3427073.1	0.455086	1.19414	0.381098
KAI3427123.1-KAI3427121.1	0.465929	1.78846	0.260519
KAI3427155.1-KAI3427153.1	1.2974	1.8879	0.68722
KAI3427156.1-KAI3427155.1	1.14295	2.49141	0.458757
KAI3427179.1-KAI3427177.1	0.0412133	0.0984577	0.418589
KAI3427180.1-KAI3427179.1	0.0319439	0.0579619	0.551119
KAI3427202.1-KAI3427201.1	0.167495	0.607353	0.275778
KAI3427216.1-KAI3427214.1	0.237476	0.38043	0.624231
KAI3427238.1-KAI3427236.1	0.098003	0.119285	0.821586
KAI3427306.1-KAI3427308.1	0.150371	0.406236	0.370157
KAI3427309.1-KAI3427310.1	0.123992	0.196187	0.632005
KAI3427309.1-KAI3427311.1	0.0791135	0.13115	0.603231
KAI3427314.1-KAI3427316.1	0.123798	0.194064	0.637922
KAI3427317.1-KAI3427319.1	0.202272	0.329908	0.613118
KAI3427318.1-KAI3427319.1	0.141557	0.262085	0.540116
KAI3427319.1-KAI3427320.1	0.108803	0.247196	0.440148
KAI3427322.1-KAI3427324.1	0.0764207	0.118861	0.642944
KAI3427324.1-KAI3427325.1	0.116297	0.171971	0.676256
KAI3427325.1-KAI3427326.1	0.124497	0.21063	0.591071
KAI3427325.1-KAI3427327.1	0.0584867	0.192606	0.303659
KAI3427328.1-KAI3427329.1	0.148112	0.256252	0.577994
KAI3427330.1-KAI3427332.1	0.191947	0.379501	0.505787
KAI3427332.1-KAI3427334.1	0.16125	0.307266	0.524791
KAI3427333.1-KAI3427334.1	0.119507	0.235227	0.508052
KAI3427339.1-KAI3427341.1	0.121936	0.212148	0.574768
KAI3427348.1-KAI3427350.1	0.0590324	0.0991821	0.595192
KAI3427349.1-KAI3427350.1	0.142519	0.168851	0.84405
KAI3427350.1-KAI3427351.1	0.102812	0.18889	0.544298
KAI3427351.1-KAI3427352.1	0.0679256	0.0957591	0.709338
KAI3427364.1-KAI3427365.1	0.095088	0.144796	0.656701
KAI3427365.1-KAI3427366.1	0.123315	0.201448	0.612146
KAI3427366.1-KAI3427367.1	0.153785	0.242626	0.633837
KAI3427369.1-KAI3427370.1	0.190517	0.283914	0.671036
KAI3427371.1-KAI3427373.1	0.0283702	0.0145484	1.95005
KAI3427372.1-KAI3427374.1	0.131899	0.263917	0.499776
KAI3427385.1-KAI3427386.1	0.153737	0.264394	0.581472
KAI3427386.1-KAI3427388.1	0.124035	0.316727	0.391615
KAI3427395.1-KAI3427396.1	0.0981966	0.160972	0.610025
KAI3427397.1-KAI3427399.1	0.963783	1.03809	0.928418
KAI3427398.1-KAI3427399.1	0.118339	0.196883	0.601064
KAI3427399.1-KAI3427400.1	0.14072	0.264392	0.532241
KAI3427401.1-KAI3427403.1	1.04874	1.30667	0.802605
KAI3427402.1-KAI3427404.1	0.107148	0.21149	0.506635
KAI3427403.1-KAI3427405.1	0.0478444	0.0898197	0.532672
KAI3427405.1-KAI3427406.1	0.0861636	0.123617	0.697021
KAI3427406.1-KAI3427407.1	0.282137	0.421837	0.66883
KAI3427408.1-KAI3427409.1	0.180696	0.288102	0.627194
KAI3427413.1-KAI3427414.1	0.161128	0.222174	0.72523
KAI3427418.1-KAI3427420.1	0.0843431	0.181274	0.465279
KAI3427419.1-KAI3427421.1	0.408971	0.818867	0.499435
KAI3427425.1-KAI3427426.1	0.378595	1.03877	0.364465
KAI3427445.1-KAI3427446.1	0.0203528	0.0349554	0.582251
KAI3427449.1-KAI3427297.1	0.121187	0.123048	0.984874
KAI3427909.1-KAI3427910.1	NA	NA	NA
KAI3427927.1-KAI3427928.1	0.213295	0.268718	0.793749
KAI3427932.1-KAI3427933.1	0.135343	0.176041	0.768813
KAI3427959.1-KAI3427961.1	0.289595	0.167629	1.7276
KAI3428006.1-KAI3428007.1	0.626432	1.68313	0.372184
KAI3428015.1-KAI3428016.1	0.781946	1.43458	0.545071
KAI3428024.1-KAI3428025.1	0.0835145	0.303597	0.275083
KAI3428025.1-KAI3428026.1	0.127293	0.396216	0.321271
KAI3428026.1-KAI3428027.1	0.0978151	0.158097	0.618704
KAI3428029.1-KAI3428030.1	0.023271	0.0806687	0.288476
KAI3428080.1-KAI3428081.1	0.0468902	0.170757	0.274602
KAI3428135.1-KAI3428137.1	0.0278204	0.0550087	0.505746
KAI3428184.1-KAI3428185.1	0.510667	1.12273	0.454844
KAI3428185.1-KAI3428186.1	0.545103	1.31878	0.413338
KAI3428260.1-KAI3428261.1	0.1455	0.191706	0.758973
KAI3428261.1-KAI3428262.1	0.625693	0.588892	1.06249
KAI3428270.1-KAI3428271.1	0.104069	0.261995	0.397219
KAI3428272.1-KAI3428273.1	0.411438	0.950866	0.432698
KAI3428280.1-KAI3428281.1	0.566331	0.85732	0.660582
KAI3428290.1-KAI3428291.1	0.423294	1.13514	0.3729
KAI3428294.1-KAI3428295.1	1.15241	1.55789	0.739729
KAI3428295.1-KAI3428296.1	0.811346	1.31447	0.617241
KAI3428325.1-KAI3428326.1	0.768567	2.75442	0.27903
KAI3428356.1-KAI3428358.1	0.412534	0.497336	0.829488
KAI3428357.1-KAI3428359.1	0.0476803	0.0485142	0.982812
KAI3428358.1-KAI3428360.1	0.0026476	NA	NA
KAI3428359.1-KAI3428361.1	0.516762	0.595824	0.867307
KAI3428389.1-KAI3428390.1	NA	NA	NA
KAI3428396.1-KAI3428398.1	0.00629806	0.00484803	1.2991
KAI3428473.1-KAI3428472.1	0.338297	0.971259	0.348308
KAI3428486.1-KAI3428485.1	0.590179	1.43448	0.411424
KAI3428487.1-KAI3428486.1	1.66343	1.66843	0.997008
KAI3428529.1-KAI3428528.1	0.241552	0.287533	0.840086
KAI3428530.1-KAI3428528.1	0.643794	0.85098	0.756532
KAI3428559.1-KAI3428558.1	0.9073	2.38814	0.379919
KAI3428597.1-KAI3428596.1	0.77842	1.53232	0.508002
KAI3428598.1-KAI3428597.1	0.609104	1.45148	0.419644
KAI3428599.1-KAI3428598.1	0.203082	0.331606	0.612421
KAI3428641.1-KAI3428639.1	0.00110839	0.00285345	0.388437
KAI3428725.1-KAI3428724.1	0.594492	1.04643	0.568116
KAI3428732.1-KAI3428731.1	0.053347	0.136711	0.390217
KAI3428778.1-KAI3428777.1	0.0271454	0.0758891	0.357698
KAI3428815.1-KAI3428813.1	0.229008	0.824381	0.277794
KAI3428819.1-KAI3428818.1	0.00236856	NA	NA
KAI3428847.1-KAI3428845.1	0.00849239	0.0111836	0.75936
KAI3428848.1-KAI3428845.1	NA	NA	NA
KAI3429224.1-KAI3429225.1	0.972936	1.21817	0.798686
KAI3429288.1-KAI3429289.1	0.317503	0.707307	0.44889
KAI3429289.1-KAI3429291.1	0.0969771	0.229268	0.422986
KAI3429290.1-KAI3429292.1	0.153027	0.281893	0.542855
KAI3429344.1-KAI3429346.1	0.692464	1.03446	0.669397
KAI3429363.1-KAI3429364.1	0.203906	0.627811	0.324789
KAI3429367.1-KAI3429368.1	0.788565	1.40617	0.560791
KAI3429384.1-KAI3429385.1	0.543092	1.49499	0.363274
KAI3429416.1-KAI3429418.1	0.374229	0.834757	0.448309
KAI3429421.1-KAI3429422.1	0.265744	0.744717	0.356839
KAI3429538.1-KAI3429539.1	0.0204392	0.114911	0.17787
KAI3429584.1-KAI3429585.1	0.0467817	0.153639	0.30449
KAI3429631.1-KAI3429633.1	0.306263	0.665364	0.460293
KAI3429640.1-KAI3429641.1	0.350609	1.80649	0.194082
KAI3429665.1-KAI3429666.1	0.0087593	0.0506043	0.173094
KAI3429666.1-KAI3429667.1	0.728067	1.20908	0.602164
KAI3429790.1-KAI3429791.1	0.0391849	0.125614	0.311947
KAI3429795.1-KAI3429796.1	0.0513532	0.208408	0.246408
KAI3429844.1-KAI3429845.1	0.865756	3.0882	0.280344
KAI3429845.1-KAI3429846.1	0.0712445	0.193931	0.36737
KAI3429871.1-KAI3429873.1	1.51782	1.62925	0.931605
KAI3429892.1-KAI3429894.1	0.523147	1.05538	0.495698
KAI3430235.1-KAI3430237.1	0.00633297	0.0541472	0.116958
KAI3430236.1-KAI3430238.1	0.00314197	0.0495799	0.0633718
KAI3430239.1-KAI3430241.1	0.101975	0.213802	0.476963
KAI3430240.1-KAI3430242.1	0.0411633	0.0637125	0.646079
KAI3430261.1-KAI3430262.1	0.831542	1.13941	0.729801
KAI3430264.1-KAI3430265.1	0.364827	0.44418	0.82135
KAI3430280.1-KAI3430281.1	0.127071	0.337775	0.3762
KAI3430297.1-KAI3430299.1	0.225736	0.353951	0.63776
KAI3430312.1-KAI3430314.1	0.445155	0.66309	0.671335
KAI3430336.1-KAI3430337.1	0.738704	1.20325	0.613923
KAI3430336.1-KAI3430338.1	0.667507	1.26977	0.525693
KAI3430337.1-KAI3430339.1	0.83731	1.30349	0.642358
KAI3430384.1-KAI3430386.1	0.757764	1.61529	0.469119
KAI3430403.1-KAI3430405.1	0.670828	1.43	0.46911
KAI3430404.1-KAI3430405.1	0.756938	1.67053	0.453111
KAI3430405.1-KAI3430406.1	1.3977	1.97546	0.707534
KAI3430421.1-KAI3430422.1	0.0391678	0.0825821	0.474289
KAI3430460.1-KAI3430461.1	0.439725	0.588541	0.747145
KAI3430520.1-KAI3430521.1	0.249053	0.438701	0.567705
KAI3430628.1-KAI3430629.1	1.03106	1.81383	0.568443
KAI3430629.1-KAI3430630.1	0.511195	1.05531	0.484404
KAI3430680.1-KAI3430681.1	1.09735	1.18632	0.925001
KAI3430697.1-KAI3430698.1	0.915726	1.37378	0.666573
KAI3430716.1-KAI3430717.1	0.443723	1.6275	0.27264
KAI3430731.1-KAI3430733.1	0.251896	0.510044	0.493872
KAI3430732.1-KAI3430733.1	0.0707753	0.119874	0.590414
KAI3430733.1-KAI3430734.1	0.0187812	0.0525138	0.357644
KAI3430734.1-KAI3430735.1	0.0365701	0.111619	0.327632
KAI3430735.1-KAI3431008.1	0.0736534	0.0915585	0.80444
KAI3430765.1-KAI3430764.1	0.0440787	0.0329067	1.3395
KAI3430779.1-KAI3430778.1	0.997693	1.44404	0.690904
KAI3430803.1-KAI3430802.1	0.116285	0.302214	0.384776
KAI3430805.1-KAI3430803.1	0.039004	0.116601	0.334508
KAI3430829.1-KAI3430827.1	0.0331172	0.0459125	0.721311
KAI3430830.1-KAI3430828.1	0.233794	0.494676	0.47262
KAI3430839.1-KAI3430838.1	0.704099	1.8615	0.378243
KAI3430884.1-KAI3430883.1	0.221754	0.235859	0.940198
KAI3430903.1-KAI3430902.1	0.00243491	0.00345287	0.705184
KAI3430904.1-KAI3430903.1	0.00243542	NA	NA
KAI3430911.1-KAI3430909.1	0.0184251	0.0270113	0.682126
KAI3430917.1-KAI3430916.1	0.00105474	0.00315893	0.333891
KAI3430920.1-KAI3430919.1	0.00211173	NA	NA
KAI3430923.1-KAI3430922.1	0.00211173	NA	NA
KAI3430925.1-KAI3430923.1	0.00211173	NA	NA
KAI3430935.1-KAI3430933.1	0.191194	0.217436	0.879311
KAI3430936.1-KAI3430934.1	NA	NA	NA
KAI3430950.1-KAI3430948.1	0.000920537	NA	NA
KAI3430955.1-KAI3430953.1	0.0103464	0.0173019	0.597991
KAI3430958.1-KAI3430956.1	0.00167569	0.00474167	0.353396
KAI3430964.1-KAI3430962.1	0.00782591	0.00849065	0.92171
KAI3431006.1-KAI3431005.1	0.471575	0.626512	0.752699
KAI3431276.1-KAI3431277.1	0.597016	1.63174	0.365877
KAI3431382.1-KAI3431383.1	0.210581	0.549676	0.3831
KAI3431425.1-KAI3431426.1	1.10986	1.18012	0.940465
KAI3431430.1-KAI3431431.1	0.712053	0.746122	0.954337
KAI3431439.1-KAI3431440.1	NA	0.0196707	-0
KAI3431440.1-KAI3431441.1	NA	NA	NA
KAI3431536.1-KAI3431537.1	1.06676	1.0979	0.971636
KAI3431539.1-KAI3431541.1	0.0987759	0.203557	0.485249
KAI3431566.1-KAI3431567.1	NA	0.0228569	-0
KAI3431582.1-KAI3431583.1	0.887108	1.03963	0.853292
KAI3431697.1-KAI3431698.1	0.4679	1.07765	0.434184
KAI3431761.1-KAI3431763.1	0.14339	0.327618	0.437674
KAI3431765.1-KAI3431766.1	0.15863	0.245706	0.645609
KAI3431776.1-KAI3431777.1	0.463063	1.13134	0.409304
KAI3431818.1-KAI3431820.1	0.252288	0.308796	0.817007
KAI3431822.1-KAI3431823.1	0.0756478	0.121634	0.621929
KAI3431823.1-KAI3431824.1	0.106917	0.143776	0.743638
KAI3431838.1-KAI3431840.1	0.303412	0.284982	1.06467
KAI3431841.1-KAI3431842.1	0.149513	0.388344	0.385001
KAI3431844.1-KAI3431846.1	1.14615	1.65736	0.69155
KAI3431846.1-KAI3431847.1	0.531653	0.685031	0.7761
KAI3432230.1-KAI3432232.1	0.327835	0.65243	0.502483
KAI3432231.1-KAI3432232.1	1.47752	1.71125	0.863413
KAI3432330.1-KAI3432332.1	0.0253559	0.0635768	0.398822
KAI3432373.1-KAI3432374.1	0.429774	0.933932	0.460177
KAI3432391.1-KAI3432392.1	0.0679919	0.305044	0.222892
KAI3432435.1-KAI3432436.1	0.237369	0.380898	0.623182
KAI3432436.1-KAI3432437.1	0.298004	0.382038	0.780038
KAI3432566.1-KAI3432567.1	0.463455	0.842177	0.550305
KAI3432575.1-KAI3432577.1	0.0191063	0.0928764	0.205717
KAI3432580.1-KAI3432581.1	0.019996	0.0355813	0.56198
KAI3432581.1-KAI3432582.1	0.0498884	0.028268	1.76483
KAI3432610.1-KAI3432612.1	0.204193	0.319013	0.640076
KAI3432694.1-KAI3432695.1	0.867768	1.59314	0.544691
KAI3432712.1-KAI3432713.1	0.124505	0.37801	0.329369
KAI3432729.1-KAI3432731.1	0.168123	0.353629	0.47542
KAI3432747.1-KAI3432748.1	0.77564	1.08316	0.716087
KAI3432751.1-KAI3432752.1	0.00289032	0.0236036	0.122452
KAI3432788.1-KAI3432790.1	0.227393	0.319288	0.712187
KAI3432808.1-KAI3432809.1	0.100632	0.152196	0.6612
KAI3432820.1-KAI3432822.1	0.117279	0.49748	0.235746
KAI3432822.1-KAI3432824.1	0.010269	0.0453176	0.226601
KAI3432824.1-KAI3432825.1	0.00879661	0.0349636	0.251593
KAI3432845.1-KAI3432846.1	NA	0.00620418	-0
KAI3432846.1-KAI3432847.1	0.409183	0.494825	0.826924
KAI3432863.1-KAI3432864.1	0.304356	1.21477	0.250545
KAI3432908.1-KAI3432910.1	0.0849587	0.111448	0.76232
KAI3432912.1-KAI3432917.1	0.0573959	0.0780984	0.734918
KAI3432917.1-KAI3432919.1	0.0573959	0.0780984	0.734918
KAI3432919.1-KAI3432921.1	0.198361	0.219641	0.903117
KAI3432920.1-KAI3432922.1	0.0274182	0.0263846	1.03917
KAI3432922.1-KAI3432924.1	0.000939094	0.00133105	0.705528
KAI3432929.1-KAI3432930.1	NA	NA	NA
KAI3432930.1-KAI3432932.1	NA	NA	NA
KAI3433273.1-KAI3433275.1	0.0423635	0.0874907	0.484205
KAI3433280.1-KAI3433282.1	NA	NA	NA
KAI3433287.1-KAI3433288.1	0.792635	1.68048	0.471671
KAI3433460.1-KAI3433461.1	0.554476	1.2789	0.433557
KAI3433479.1-KAI3433481.1	0.187096	0.377109	0.496131
KAI3433499.1-KAI3433501.1	0.110033	0.180447	0.60978
KAI3433517.1-KAI3433519.1	0.194731	0.296148	0.657546
KAI3433579.1-KAI3433580.1	0.735559	0.830764	0.885401
KAI3433615.1-KAI3433616.1	1.46732	1.49433	0.981921
KAI3433626.1-KAI3433627.1	0.409528	0.87961	0.465579
KAI3433676.1-KAI3433677.1	0.117159	0.262691	0.445995
KAI3433677.1-KAI3433678.1	0.0386676	0.104863	0.368743
KAI3433694.1-KAI3433695.1	0.198449	0.646527	0.306946
KAI3433759.1-KAI3433761.1	0.196203	0.352334	0.556867
KAI3433806.1-KAI3433807.1	0.211415	0.47681	0.443394
KAI3433879.1-KAI3433881.1	0.351585	0.655903	0.536032
KAI3433880.1-KAI3433881.1	0.291748	0.414633	0.70363
KAI3433881.1-KAI3433883.1	0.596754	1.04086	0.573326
KAI3433909.1-KAI3433910.1	0.278449	0.408996	0.680812
KAI3433950.1-KAI3433951.1	0.188293	0.308183	0.610979
KAI3434364.1-KAI3434366.1	0.00904274	0.126629	0.0714113
KAI3434365.1-KAI3434366.1	0.00257112	0.0821322	0.0313047
KAI3434366.1-KAI3434367.1	NA	0.0900344	-0
KAI3434367.1-KAI3434368.1	0.00515333	0.10605	0.0485933
KAI3434369.1-KAI3434370.1	NA	NA	NA
KAI3434370.1-KAI3434371.1	NA	NA	NA
KAI3434378.1-KAI3434379.1	0.210958	0.369097	0.571553
KAI3434381.1-KAI3434382.1	0.237055	0.369811	0.641017
KAI3434384.1-KAI3434386.1	0.296092	0.538508	0.549838
KAI3434392.1-KAI3434393.1	0.169146	0.323499	0.522864
KAI3434410.1-KAI3434412.1	0.331165	0.469218	0.705781
KAI3434422.1-KAI3434424.1	0.429255	0.608517	0.705412
KAI3434423.1-KAI3434426.1	0.380006	0.590043	0.644032
KAI3434429.1-KAI3434430.1	0.162684	0.248519	0.654616
KAI3434435.1-KAI3434437.1	0.0297261	0.172395	0.172431
KAI3434439.1-KAI3434440.1	0.5425	1.26182	0.429935
KAI3434546.1-KAI3434547.1	0.141569	0.271347	0.521725
KAI3434580.1-KAI3434582.1	0.00161352	NA	NA
KAI3434585.1-KAI3434586.1	NA	NA	NA
KAI3434617.1-KAI3434619.1	0.0308378	0.0678392	0.454573
KAI3434687.1-KAI3434688.1	1.03424	2.55744	0.404403
KAI3434730.1-KAI3434732.1	0.0407482	0.163068	0.249885
KAI3434752.1-KAI3434753.1	0.525094	1.4521	0.36161
KAI3434765.1-KAI3434766.1	0.641601	1.50858	0.425302
KAI3434807.1-KAI3434808.1	0.041531	0.0310401	1.33798
KAI3434845.1-KAI3434846.1	0.364896	0.878499	0.415363
KAI3434866.1-KAI3434867.1	0.446972	1.01369	0.440935
KAI3434932.1-KAI3434933.1	0.185356	0.191777	0.966517
KAI3434939.1-KAI3434940.1	0.0820254	0.198409	0.413415
KAI3434963.1-KAI3434965.1	0.00580378	0.0216487	0.26809
KAI3434979.1-KAI3434980.1	0.0585378	0.178243	0.328417
KAI3435017.1-KAI3435018.1	0.579129	0.883043	0.655833
KAI3435032.1-KAI3435033.1	0.013638	0.0314104	0.434187
KAI3435033.1-KAI3435034.1	0.0129827	0.0244161	0.531728
KAI3435036.1-KAI3435039.1	0.25489	0.348325	0.731758
KAI3435486.1-KAI3435487.1	0.551855	0.940283	0.586904
KAI3435600.1-KAI3435602.1	0.314349	0.357066	0.880367
KAI3435602.1-KAI3435603.1	0.00429556	0.00709745	0.605226
KAI3435603.1-KAI3435604.1	0.0199147	0.0356691	0.558318
KAI3435604.1-KAI3435605.1	0.0199147	0.0356691	0.558318
KAI3435610.1-KAI3435611.1	0.000346797	NA	NA
KAI3435611.1-KAI3435613.1	0.0374541	0.0471385	0.794554
KAI3435672.1-KAI3435673.1	0.369472	0.907226	0.407255
KAI3435700.1-KAI3435701.1	0.149324	0.191132	0.781265
KAI3435702.1-KAI3435703.1	0.10498	0.264452	0.396973
KAI3435764.1-KAI3435766.1	0.0872229	0.298828	0.291883
KAI3435769.1-KAI3435770.1	0.371881	1.03311	0.359963
KAI3435820.1-KAI3435821.1	0.704106	1.52681	0.461163
KAI3435834.1-KAI3435835.1	0.33167	0.858675	0.386258
KAI3435948.1-KAI3435949.1	0.153912	0.40433	0.380658
KAI3435963.1-KAI3435965.1	0.229689	0.522105	0.439929
KAI3435971.1-KAI3435973.1	1.79384	1.66591	1.07679
KAI3435972.1-KAI3435974.1	0.445535	0.765801	0.581789
KAI3435991.1-KAI3435992.1	0.0298695	0.108539	0.275197
KAI3435992.1-KAI3435993.1	0.0595581	0.171379	0.347523
KAI3436036.1-KAI3436037.1	NA	NA	NA
KAI3436037.1-KAI3436038.1	NA	NA	NA
KAI3436041.1-KAI3436042.1	0.0612277	0.0791405	0.773658
KAI3436067.1-KAI3436068.1	0.305578	1.14615	0.266613
KAI3436085.1-KAI3436086.1	0.81275	1.92965	0.421191
KAI3436116.1-KAI3436117.1	0.748634	1.47232	0.508473
KAI3436169.1-KAI3436170.1	0.630665	1.75936	0.358462
KAI3436170.1-KAI3436171.1	0.574537	1.44337	0.398052
KAI3436183.1-KAI3436184.1	0.754343	1.75912	0.428819
KAI3436216.1-KAI3436217.1	0.245198	0.450148	0.544705
KAI3436233.1-KAI3436234.1	0.288604	0.341213	0.84582
KAI3436234.1-KAI3436235.1	0.439742	0.555869	0.79109
KAI3436249.1-KAI3436250.1	0.0802614	0.149418	0.537159
KAI3436252.1-KAI3436253.1	0.0515413	0.174027	0.296168
KAI3436297.1-KAI3436298.1	0.147544	0.474243	0.311114
KAI3436316.1-KAI3436317.1	0.0925138	0.224637	0.411838
KAI3436395.1-KAI3436396.1	0.226644	0.321929	0.704017
KAI3436427.1-KAI3436429.1	0.291414	0.580031	0.502411
KAI3436428.1-KAI3436430.1	0.145335	0.385439	0.377063
KAI3436432.1-KAI3436433.1	0.739853	1.16988	0.632416
KAI3436437.1-KAI3436439.1	0.994011	1.49174	0.666345
KAI3436447.1-KAI3436448.1	0.898712	1.63666	0.549115
KAI3436448.1-KAI3436449.1	0.772503	1.59358	0.484761
KAI3436449.1-KAI3436450.1	0.525828	1.17754	0.446549
KAI3436452.1-KAI3436454.1	0.118474	0.14501	0.817011
KAI3436478.1-KAI3436479.1	0.139693	0.469875	0.297298
KAI3436487.1-KAI3436488.1	0.46923	1.40257	0.33455
KAI3436489.1-KAI3436491.1	0.0477669	0.0431175	1.10783
KAI3436512.1-KAI3436514.1	0.618206	0.648073	0.953914
KAI3436536.1-KAI3436537.1	0.179908	0.422355	0.425964
KAI3436553.1-KAI3436554.1	0.572672	0.791211	0.723791
KAI3436641.1-KAI3436642.1	NA	NA	NA
KAI3436746.1-KAI3436751.1	0.101546	0.156924	0.6471
KAI3436751.1-KAI3436752.1	0.0942316	0.166566	0.56573
KAI3436753.1-KAI3436754.1	0.533158	1.47985	0.360277
KAI3436842.1-KAI3436843.1	0.387637	0.581781	0.666293
KAI3436871.1-KAI3436872.1	0.389728	0.74344	0.524223
KAI3437553.1-KAI3437552.1	0.922974	1.26337	0.730564
KAI3437567.1-KAI3437565.1	0.853629	1.67686	0.509064
KAI3437567.1-KAI3437566.1	0.798448	1.55777	0.512558
KAI3437575.1-KAI3437574.1	0.00852849	0.0569602	0.149727
KAI3437586.1-KAI3437584.1	0.940175	1.44593	0.650223
KAI3437598.1-KAI3437597.1	0.0788834	0.176031	0.448122
KAI3437608.1-KAI3437607.1	0.772146	1.53833	0.501939
KAI3437637.1-KAI3437636.1	0.934806	1.4898	0.627471
KAI3437651.1-KAI3437650.1	0.199537	0.233863	0.853221
KAI3437653.1-KAI3437651.1	0.0794036	0.0752264	1.05553
KAI3437654.1-KAI3437652.1	0.164399	0.280253	0.586608
KAI3437675.1-KAI3437674.1	1.52519	1.21503	1.25527
KAI3437680.1-KAI3437678.1	0.226168	0.429422	0.52668
KAI3437683.1-KAI3437682.1	0.236301	0.591487	0.399504
KAI3437699.1-KAI3437698.1	1.42425	1.79259	0.794519
KAI3437716.1-KAI3437715.1	0.376819	1.55515	0.242304
KAI3437735.1-KAI3437734.1	0.00203279	0.0181389	0.112068
KAI3437736.1-KAI3437735.1	0.00203332	NA	NA
KAI3437737.1-KAI3437736.1	0.00203456	0.0242212	0.083999
KAI3437738.1-KAI3437737.1	NA	NA	NA
KAI3437739.1-KAI3437738.1	NA	0.00598236	-0
KAI3437833.1-KAI3437831.1	0.789593	1.47942	0.533719
KAI3438022.1-KAI3438021.1	0.0038237	0.0594592	0.064308
KAI3438029.1-KAI3438028.1	0.655207	0.72822	0.899737
KAI3438032.1-KAI3438030.1	0.0695445	0.182277	0.381531
KAI3438065.1-KAI3438064.1	0.0280599	0.0404139	0.694314
KAI3438156.1-KAI3438155.1	0.0652316	0.0785942	0.829979
KAI3438307.1-KAI3438306.1	0.125364	0.151688	0.826458
KAI3438347.1-KAI3438346.1	0.0479965	0.0716633	0.669751
KAI3438359.1-KAI3438357.1	0.00602029	0.025974	0.231782
KAI3438365.1-KAI3438363.1	0.0190723	0.0355204	0.536939
KAI3438442.1-KAI3438441.1	0.822047	0.993015	0.827829
KAI3438463.1-KAI3438461.1	0.0549381	0.110192	0.498567
KAI3438477.1-KAI3438476.1	0.514882	0.898617	0.572971
KAI3438480.1-KAI3438478.1	0.191179	0.402305	0.475208
KAI3438481.1-KAI3438480.1	0.191179	0.402305	0.475208
KAI3438482.1-KAI3438481.1	0.0120872	0.0965367	0.125208
KAI3438484.1-KAI3438482.1	0.195599	0.46984	0.41631
KAI3438490.1-KAI3438489.1	0.619084	1.17509	0.526839
KAI3438523.1-KAI3438522.1	1.24832	1.0704	1.16622
KAI3438616.1-KAI3438615.1	0.449719	2.06051	0.218256
KAI3438617.1-KAI3438616.1	0.294585	1.35755	0.216996
KAI3438705.1-KAI3438703.1	0.471498	0.884934	0.532806
KAI3438713.1-KAI3438712.1	0.268328	0.48449	0.553835
KAI3438789.1-KAI3439141.1	NA	NA	NA
KAI3438799.1-KAI3438797.1	0.0451255	0.148751	0.303362
KAI3438800.1-KAI3438798.1	NA	0.0140415	-0
KAI3438801.1-KAI3438799.1	0.0434332	0.174608	0.248748
KAI3438861.1-KAI3438859.1	0.321592	0.480109	0.669831
KAI3438870.1-KAI3438869.1	1.20077	1.63616	0.733898
KAI3438946.1-KAI3438945.1	0.0315018	0.0529187	0.595286
KAI3438947.1-KAI3438946.1	NA	NA	NA
KAI3438962.1-KAI3438961.1	0.116143	0.475537	0.244235
KAI3438971.1-KAI3438970.1	NA	0.0163903	-0
KAI3438973.1-KAI3438972.1	NA	0.017967	-0
KAI3438989.1-KAI3438988.1	0.773114	1.43477	0.538843
KAI3438990.1-KAI3438989.1	0.724763	1.22069	0.593734
KAI3438991.1-KAI3438990.1	0.287966	0.586586	0.490918
KAI3439020.1-KAI3439019.1	0.326178	0.678228	0.480927
KAI3439024.1-KAI3439023.1	0.177241	0.284867	0.62219
KAI3439058.1-KAI3439057.1	0.209859	0.928829	0.225939
KAI3439059.1-KAI3439058.1	0.230713	0.764073	0.301952
KAI3439090.1-KAI3439089.1	0.485543	1.04085	0.46649
KAI3439105.1-KAI3439104.1	0.053322	0.155215	0.343536
KAI3439106.1-KAI3439104.1	0.542755	1.68035	0.323002
KAI3439108.1-KAI3439107.1	0.23584	0.394257	0.598188
KAI3439132.1-KAI3439130.1	0.864326	0.800443	1.07981
KAI3439133.1-KAI3439131.1	0.166365	0.443065	0.375487
