Seq	Ka	Ks	Ka/Ks
XP_003075353.2-XP_022840875.1	0.245096	0.422942	0.579503
XP_003078094.2-XP_003078096.2	1.36008	NA	NA
XP_003078438.2-XP_003078439.2	1.53555	2.16311	0.70988
XP_003078995.2-XP_022838848.1	0.060122	0.128877	0.466509
XP_003079416.2-XP_003079417.1	0.93762	1.51812	0.617619
XP_003080305.2-XP_022839409.1	0.60862	1.1957	0.509008
XP_003080550.1-XP_003080551.1	0.803145	1.49181	0.53837
XP_003080572.2-XP_003080573.2	0.0994391	0.345683	0.28766
XP_003080864.2-XP_022841018.1	0.119228	0.168614	0.707106
XP_003081526.2-XP_003081527.1	1.22685	1.38003	0.889004
XP_003081689.2-XP_022839829.1	0.955654	0.791833	1.20689
XP_003082339.2-XP_003082340.1	1.36298	NA	NA
XP_003082430.2-XP_022840134.1	0.586974	1.44718	0.405598
XP_003082594.2-XP_003082596.2	1.01615	1.5542	0.653812
XP_003083327.1-XP_022841170.1	0.899545	NA	NA
XP_003083975.1-XP_003083976.2	0.82561	1.47217	0.560811
XP_003084322.1-XP_022841253.1	1.17118	NA	NA
XP_003084378.1-XP_022841262.1	1.12259	1.13277	0.991015
XP_022838112.1-XP_022840588.1	NA	0.00917537	-0
XP_022838288.1-XP_022838289.1	0.592603	0.726226	0.816004
XP_022838377.1-XP_022838378.1	NA	NA	NA
XP_022838568.1-XP_003078321.1	NA	NA	NA
XP_022838585.1-XP_022838586.1	NA	NA	NA
XP_022838628.1-XP_022838629.1	0.00435632	NA	NA
XP_022838711.1-XP_003078642.2	NA	NA	NA
XP_022839352.1-XP_022839353.1	0.941121	1.22738	0.766771
XP_022839378.1-XP_022839379.1	0.13905	0.251394	0.553117
XP_022839539.1-XP_022839540.1	0.0408356	0.0538385	0.758482
XP_022839585.1-XP_022839586.1	NA	NA	NA
XP_022839622.1-XP_003081210.2	0.904781	1.54818	0.584414
XP_022839882.1-XP_022839883.1	NA	NA	NA
XP_022839997.1-XP_003082119.1	1.0205	2.78793	0.366043
XP_022840367.1-XP_022840368.1	1.32065	1.92441	0.686261
XP_022840392.1-XP_003083733.2	0.834103	1.0249	0.813839
XP_022840504.1-XP_022840505.1	NA	NA	NA
XP_022840505.1-XP_003084028.2	1.05706	1.9419	0.544342
XP_022840536.1-XP_022840537.1	0.807417	1.556	0.518907
XP_022840661.1-XP_022840662.1	0.158171	0.216888	0.729277
XP_022840707.1-XP_022840708.1	0.0210541	0.027923	0.754003
XP_022840826.1-XP_022840828.1	0.175157	0.297898	0.587977
XP_022840828.1-XP_022840829.1	0.0901678	0.180181	0.50043
XP_022840846.1-XP_003075297.2	0.711017	1.34805	0.527439
XP_022841228.1-XP_022841230.1	0.0415811	0.0783987	0.53038
XP_022841231.1-XP_022841232.1	0.018313	0.0475175	0.385394
XP_022841259.1-XP_022841261.1	1.81576	1.5096	1.20281
XP_022841284.1-XP_022841285.1	0.300185	1.04884	0.286206
YP_717253.1-YP_717254.1	0.527347	1.31481	0.401083
YP_717298.1-YP_717299.1	1.0595	2.22636	0.475886
YP_717299.1-YP_717300.1	1.05646	2.02728	0.521122
