Seq	Ka	Ks	Ka/Ks
Sacu_v1.1_s0001.g000012-Sacu_v1.1_s0001.g000013	NA	NA	NA
Sacu_v1.1_s0001.g000348-Sacu_v1.1_s0001.g000350	1.74622	3.67707	0.474895
Sacu_v1.1_s0001.g000466-Sacu_v1.1_s0001.g000470	0.306201	1.37726	0.222327
Sacu_v1.1_s0001.g000467-Sacu_v1.1_s0001.g000470	1.49143	2.78414	0.535688
Sacu_v1.1_s0001.g000692-Sacu_v1.1_s0001.g000693	0.519432	2.62776	0.197671
Sacu_v1.1_s0001.g000693-Sacu_v1.1_s0001.g000694	0.528633	3.19136	0.165645
Sacu_v1.1_s0002.g001116-Sacu_v1.1_s0002.g001117	0.127875	0.355666	0.359536
Sacu_v1.1_s0002.g001319-Sacu_v1.1_s0002.g001320	0.0736631	0.255523	0.288284
Sacu_v1.1_s0002.g001335-Sacu_v1.1_s0002.g001336	0.465147	1.13047	0.411464
Sacu_v1.1_s0003.g001381-Sacu_v1.1_s0003.g001382	0.0719996	0.122279	0.588816
Sacu_v1.1_s0003.g001382-Sacu_v1.1_s0003.g001384	NA	NA	NA
Sacu_v1.1_s0003.g001613-Sacu_v1.1_s0003.g001620	0.134531	0.57426	0.234268
Sacu_v1.1_s0003.g001620-Sacu_v1.1_s0003.g001626	0.103373	0.523071	0.197627
Sacu_v1.1_s0003.g001759-Sacu_v1.1_s0003.g001761	0.222977	0.481614	0.462979
Sacu_v1.1_s0003.g001817-Sacu_v1.1_s0003.g001819	0.594339	3.06014	0.194219
Sacu_v1.1_s0003.g001912-Sacu_v1.1_s0003.g001916	0.200205	1.00806	0.198604
Sacu_v1.1_s0003.g001916-Sacu_v1.1_s0003.g001917	0.210773	1.03065	0.204504
Sacu_v1.1_s0004.g002072-Sacu_v1.1_s0004.g002073	0.0631945	0.234459	0.269533
Sacu_v1.1_s0004.g002073-Sacu_v1.1_s0004.g002074	0.325061	2.44856	0.132756
Sacu_v1.1_s0004.g002358-Sacu_v1.1_s0004.g002359	0.478565	0.785112	0.60955
Sacu_v1.1_s0005.g002548-Sacu_v1.1_s0005.g002551	0.748151	1.52059	0.492012
Sacu_v1.1_s0005.g002549-Sacu_v1.1_s0005.g002554	0.546938	1.96805	0.277909
Sacu_v1.1_s0005.g002551-Sacu_v1.1_s0005.g002554	0.862688	2.06478	0.417812
Sacu_v1.1_s0005.g002554-Sacu_v1.1_s0005.g002556	0.582565	1.6057	0.362811
Sacu_v1.1_s0005.g002637-Sacu_v1.1_s0005.g002639	0.382874	1.09793	0.348723
Sacu_v1.1_s0005.g002654-Sacu_v1.1_s0005.g002657	0.201369	0.377779	0.533035
Sacu_v1.1_s0005.g002864-Sacu_v1.1_s0005.g002865	0.205088	0.309532	0.662575
Sacu_v1.1_s0005.g002881-Sacu_v1.1_s0005.g002883	0.409275	0.931686	0.439284
Sacu_v1.1_s0005.g002905-Sacu_v1.1_s0005.g002907	0.185011	0.257683	0.717978
Sacu_v1.1_s0006.g002957-Sacu_v1.1_s0006.g002958	0.160852	0.419176	0.383734
Sacu_v1.1_s0006.g002958-Sacu_v1.1_s0006.g002959	0.0174939	0.0641669	0.272632
Sacu_v1.1_s0006.g002960-Sacu_v1.1_s0006.g002962	1.02969	NA	NA
Sacu_v1.1_s0006.g003006-Sacu_v1.1_s0006.g003007	0.207097	0.846891	0.244538
Sacu_v1.1_s0006.g003063-Sacu_v1.1_s0006.g003064	0.529801	1.69108	0.313293
Sacu_v1.1_s0006.g003170-Sacu_v1.1_s0006.g003171	0.509136	NA	NA
Sacu_v1.1_s0006.g003347-Sacu_v1.1_s0006.g003348	0.789336	1.74017	0.453598
Sacu_v1.1_s0006.g003353-Sacu_v1.1_s0006.g003354	0.974598	1.43263	0.680284
Sacu_v1.1_s0006.g003360-Sacu_v1.1_s0006.g003361	0.528703	3.23765	0.163298
Sacu_v1.1_s0006.g003360-Sacu_v1.1_s0006.g003362	0.872681	2.02969	0.429957
Sacu_v1.1_s0006.g003377-Sacu_v1.1_s0006.g003379	0.794631	1.46118	0.543828
Sacu_v1.1_s0006.g003378-Sacu_v1.1_s0006.g003379	0.129692	0.217684	0.595781
Sacu_v1.1_s0006.g003391-Sacu_v1.1_s0006.g003397	0.219978	0.391831	0.561411
Sacu_v1.1_s0006.g003404-Sacu_v1.1_s0006.g003408	0.531309	1.01843	0.521695
Sacu_v1.1_s0006.g003413-Sacu_v1.1_s0006.g003414	0.194158	0.370671	0.523801
Sacu_v1.1_s0006.g003425-Sacu_v1.1_s0006.g003426	0.806787	2.05054	0.393451
Sacu_v1.1_s0006.g003425-Sacu_v1.1_s0006.g003429	0.202219	NA	NA
Sacu_v1.1_s0007.g003543-Sacu_v1.1_s0007.g003546	0.769499	2.06033	0.373484
Sacu_v1.1_s0007.g003546-Sacu_v1.1_s0007.g003547	0.396712	0.992662	0.399645
Sacu_v1.1_s0007.g003589-Sacu_v1.1_s0007.g003592	0.537778	1.5589	0.344972
Sacu_v1.1_s0007.g003605-Sacu_v1.1_s0007.g003606	0.714105	2.17431	0.328429
Sacu_v1.1_s0007.g003636-Sacu_v1.1_s0007.g003637	0.395439	0.87311	0.452909
Sacu_v1.1_s0007.g003637-Sacu_v1.1_s0007.g003638	0.251762	0.475403	0.529577
Sacu_v1.1_s0007.g003653-Sacu_v1.1_s0007.g003655	0.169803	0.319719	0.531101
Sacu_v1.1_s0007.g003656-Sacu_v1.1_s0007.g003659	1.11779	NA	NA
Sacu_v1.1_s0007.g003673-Sacu_v1.1_s0007.g003683	0.400622	0.838126	0.477998
Sacu_v1.1_s0007.g003873-Sacu_v1.1_s0007.g003874	0.562665	0.715424	0.786477
Sacu_v1.1_s0007.g003874-Sacu_v1.1_s0007.g003877	0.44016	0.532936	0.825915
Sacu_v1.1_s0008.g004180-Sacu_v1.1_s0008.g004182	0.221008	0.330816	0.66807
Sacu_v1.1_s0008.g004270-Sacu_v1.1_s0008.g004271	0.255284	0.42431	0.601645
Sacu_v1.1_s0008.g004305-Sacu_v1.1_s0008.g004307	NA	NA	NA
Sacu_v1.1_s0010.g004769-Sacu_v1.1_s0010.g004770	0.0381141	0.0771729	0.49388
Sacu_v1.1_s0010.g004860-Sacu_v1.1_s0010.g004861	0.512442	NA	NA
Sacu_v1.1_s0010.g004920-Sacu_v1.1_s0010.g004927	0.287652	NA	NA
Sacu_v1.1_s0011.g005080-Sacu_v1.1_s0011.g005082	1.21076	NA	NA
Sacu_v1.1_s0011.g005189-Sacu_v1.1_s0011.g005190	NA	0.0597698	-0
Sacu_v1.1_s0011.g005222-Sacu_v1.1_s0011.g005223	0.136187	0.805907	0.168987
Sacu_v1.1_s0011.g005222-Sacu_v1.1_s0011.g005224	0.210318	0.63839	0.32945
Sacu_v1.1_s0011.g005262-Sacu_v1.1_s0011.g005265	0.852074	2.67144	0.318957
Sacu_v1.1_s0011.g005264-Sacu_v1.1_s0011.g005269	0.00334094	0.00530888	0.629312
Sacu_v1.1_s0011.g005265-Sacu_v1.1_s0011.g005271	0.360783	1.24349	0.290136
Sacu_v1.1_s0013.g005753-Sacu_v1.1_s0013.g005754	0.190277	0.498674	0.381566
Sacu_v1.1_s0014.g006068-Sacu_v1.1_s0014.g006069	0.270734	0.575379	0.470531
Sacu_v1.1_s0014.g006201-Sacu_v1.1_s0014.g006202	1.0418	2.52984	0.411805
Sacu_v1.1_s0014.g006277-Sacu_v1.1_s0014.g006278	0.103032	1.18259	0.0871243
Sacu_v1.1_s0015.g006455-Sacu_v1.1_s0015.g006456	0.289298	0.746381	0.3876
Sacu_v1.1_s0015.g006532-Sacu_v1.1_s0015.g006536	0.108632	1.14301	0.0950405
Sacu_v1.1_s0015.g006545-Sacu_v1.1_s0015.g006550	0.519159	1.49344	0.347626
Sacu_v1.1_s0015.g006565-Sacu_v1.1_s0015.g006566	0.0819736	0.246079	0.333119
Sacu_v1.1_s0016.g006916-Sacu_v1.1_s0016.g006918	0.828651	1.87798	0.441247
Sacu_v1.1_s0017.g007130-Sacu_v1.1_s0017.g007132	0.185935	0.960478	0.193586
Sacu_v1.1_s0017.g007131-Sacu_v1.1_s0017.g007132	0.78281	NA	NA
Sacu_v1.1_s0017.g007151-Sacu_v1.1_s0017.g007152	0.238628	1.04702	0.227913
Sacu_v1.1_s0017.g007198-Sacu_v1.1_s0017.g007199	0.220725	1.44277	0.152987
Sacu_v1.1_s0017.g007199-Sacu_v1.1_s0017.g007200	0.593964	1.67581	0.354434
Sacu_v1.1_s0017.g007230-Sacu_v1.1_s0017.g007231	0.132034	0.533215	0.247618
Sacu_v1.1_s0017.g007308-Sacu_v1.1_s0017.g007309	0.0926916	0.170416	0.543915
Sacu_v1.1_s0017.g007325-Sacu_v1.1_s0017.g007329	0.0706584	0.161814	0.436664
Sacu_v1.1_s0018.g007589-Sacu_v1.1_s0018.g007591	0.137256	0.245577	0.558915
Sacu_v1.1_s0019.g007711-Sacu_v1.1_s0019.g007712	0.210994	0.415304	0.508048
Sacu_v1.1_s0019.g007854-Sacu_v1.1_s0019.g007857	0.695518	2.20766	0.315048
Sacu_v1.1_s0019.g007988-Sacu_v1.1_s0019.g007989	0.41195	NA	NA
Sacu_v1.1_s0020.g008098-Sacu_v1.1_s0020.g008100	1.16498	1.47634	0.789099
Sacu_v1.1_s0021.g008458-Sacu_v1.1_s0021.g008459	0.950594	1.02367	0.928615
Sacu_v1.1_s0021.g008488-Sacu_v1.1_s0021.g008489	0.319901	0.564677	0.56652
Sacu_v1.1_s0021.g008508-Sacu_v1.1_s0021.g008510	0.0869467	0.118141	0.735957
Sacu_v1.1_s0021.g008509-Sacu_v1.1_s0021.g008510	0.0512996	0.109276	0.469452
Sacu_v1.1_s0024.g009143-Sacu_v1.1_s0024.g009144	0.28052	1.38634	0.202346
Sacu_v1.1_s0024.g009147-Sacu_v1.1_s0024.g009149	0.482976	0.969556	0.498142
Sacu_v1.1_s0026.g009460-Sacu_v1.1_s0026.g009461	0.249173	0.300938	0.827988
Sacu_v1.1_s0026.g009460-Sacu_v1.1_s0026.g009462	0.0418726	0.0581626	0.719924
Sacu_v1.1_s0026.g009556-Sacu_v1.1_s0026.g009560	0.349862	1.36023	0.257208
Sacu_v1.1_s0028.g009923-Sacu_v1.1_s0028.g009927	0.478276	1.13591	0.42105
Sacu_v1.1_s0028.g009951-Sacu_v1.1_s0028.g009953	0.784796	1.59583	0.49178
Sacu_v1.1_s0029.g010000-Sacu_v1.1_s0029.g010004	0.510297	NA	NA
Sacu_v1.1_s0029.g010273-Sacu_v1.1_s0029.g010275	0.138282	0.268778	0.514484
Sacu_v1.1_s0030.g010298-Sacu_v1.1_s0030.g010299	0.513719	0.650686	0.789504
Sacu_v1.1_s0030.g010442-Sacu_v1.1_s0030.g010447	0.753505	1.4183	0.531275
Sacu_v1.1_s0030.g010471-Sacu_v1.1_s0030.g010473	0.173328	0.301887	0.574148
Sacu_v1.1_s0030.g010504-Sacu_v1.1_s0030.g010507	0.257554	0.98266	0.262099
Sacu_v1.1_s0031.g010557-Sacu_v1.1_s0031.g010560	0.47157	2.18164	0.216154
Sacu_v1.1_s0031.g010564-Sacu_v1.1_s0031.g010565	0.0591101	0.0661552	0.893508
Sacu_v1.1_s0031.g010621-Sacu_v1.1_s0031.g010623	0.317086	2.0024	0.158353
Sacu_v1.1_s0031.g010704-Sacu_v1.1_s0031.g010706	0.187963	0.260683	0.721041
Sacu_v1.1_s0031.g010714-Sacu_v1.1_s0031.g010716	0.230579	1.03805	0.222128
Sacu_v1.1_s0032.g010819-Sacu_v1.1_s0032.g010820	0.483797	1.07188	0.451352
Sacu_v1.1_s0032.g010820-Sacu_v1.1_s0032.g010823	0.508883	1.35455	0.375685
Sacu_v1.1_s0032.g010935-Sacu_v1.1_s0032.g010936	0.537116	0.608503	0.882685
Sacu_v1.1_s0033.g011036-Sacu_v1.1_s0033.g011038	0.371853	1.05145	0.353657
Sacu_v1.1_s0033.g011130-Sacu_v1.1_s0033.g011132	0.749293	1.16861	0.641184
Sacu_v1.1_s0034.g011253-Sacu_v1.1_s0034.g011254	0.924307	2.82589	0.327085
Sacu_v1.1_s0034.g011271-Sacu_v1.1_s0034.g011272	0.409302	2.37768	0.172144
Sacu_v1.1_s0035.g011345-Sacu_v1.1_s0035.g011349	0.180744	0.883419	0.204596
Sacu_v1.1_s0035.g011346-Sacu_v1.1_s0035.g011349	0.430611	2.07355	0.207668
Sacu_v1.1_s0036.g011566-Sacu_v1.1_s0036.g011567	0.226955	0.359621	0.631096
Sacu_v1.1_s0036.g011577-Sacu_v1.1_s0036.g011578	0.440159	1.57164	0.280064
Sacu_v1.1_s0036.g011633-Sacu_v1.1_s0036.g011636	0.330287	1.2857	0.256892
Sacu_v1.1_s0036.g011647-Sacu_v1.1_s0036.g011653	0.374183	1.07181	0.349112
Sacu_v1.1_s0036.g011647-Sacu_v1.1_s0036.g011655	0.326891	0.980994	0.333225
Sacu_v1.1_s0036.g011677-Sacu_v1.1_s0036.g011680	0.382174	0.980578	0.389744
Sacu_v1.1_s0036.g011680-Sacu_v1.1_s0036.g011683	0.408492	0.780809	0.523165
Sacu_v1.1_s0036.g011683-Sacu_v1.1_s0036.g011684	0.529527	1.55467	0.340603
Sacu_v1.1_s0036.g011684-Sacu_v1.1_s0036.g011689	0.409967	1.25667	0.326233
Sacu_v1.1_s0036.g011689-Sacu_v1.1_s0036.g011691	0.364138	1.00915	0.360837
Sacu_v1.1_s0036.g011707-Sacu_v1.1_s0036.g011708	0.933271	1.63293	0.571531
Sacu_v1.1_s0036.g011708-Sacu_v1.1_s0036.g011710	0.0486452	0.0647386	0.75141
Sacu_v1.1_s0036.g011726-Sacu_v1.1_s0036.g011727	0.208669	1.01334	0.205923
Sacu_v1.1_s0037.g011853-Sacu_v1.1_s0037.g011855	1.02082	1.50599	0.677842
Sacu_v1.1_s0038.g011963-Sacu_v1.1_s0038.g011964	0.0174853	0.0383454	0.455994
Sacu_v1.1_s0038.g011964-Sacu_v1.1_s0038.g011968	0.187174	0.784092	0.238714
Sacu_v1.1_s0038.g012014-Sacu_v1.1_s0038.g012015	0.0695883	0.146756	0.474176
Sacu_v1.1_s0039.g012073-Sacu_v1.1_s0039.g012075	0.711305	1.4605	0.487028
Sacu_v1.1_s0040.g012304-Sacu_v1.1_s0040.g012305	0.457709	2.41219	0.189748
Sacu_v1.1_s0040.g012364-Sacu_v1.1_s0040.g012366	0.357167	1.06146	0.336487
Sacu_v1.1_s0040.g012394-Sacu_v1.1_s0040.g012396	0.285653	1.00422	0.284453
Sacu_v1.1_s0040.g012411-Sacu_v1.1_s0040.g012412	0.351222	0.684474	0.513127
Sacu_v1.1_s0041.g012454-Sacu_v1.1_s0041.g012456	0.0194357	0.0913456	0.212771
Sacu_v1.1_s0042.g012718-Sacu_v1.1_s0042.g012720	0.015077	0.0164349	0.917381
Sacu_v1.1_s0042.g012719-Sacu_v1.1_s0042.g012721	NA	NA	NA
Sacu_v1.1_s0042.g012739-Sacu_v1.1_s0042.g012743	0.504378	1.04994	0.480387
Sacu_v1.1_s0042.g012739-Sacu_v1.1_s0042.g012744	0.301101	0.929697	0.323871
Sacu_v1.1_s0042.g012743-Sacu_v1.1_s0042.g012745	0.466226	0.814696	0.57227
Sacu_v1.1_s0043.g012832-Sacu_v1.1_s0043.g012834	1.16844	4.12591	0.283197
Sacu_v1.1_s0043.g012834-Sacu_v1.1_s0043.g012835	1.13201	3.96335	0.285619
Sacu_v1.1_s0043.g012907-Sacu_v1.1_s0043.g012908	0.512228	NA	NA
Sacu_v1.1_s0044.g013039-Sacu_v1.1_s0044.g013040	2.00046	1.94202	1.03009
Sacu_v1.1_s0044.g013040-Sacu_v1.1_s0044.g013041	0.209221	0.522852	0.400153
Sacu_v1.1_s0044.g013095-Sacu_v1.1_s0044.g013097	0.596287	0.793421	0.751539
Sacu_v1.1_s0045.g013274-Sacu_v1.1_s0045.g013276	0.432578	1.61581	0.267717
Sacu_v1.1_s0047.g013414-Sacu_v1.1_s0047.g013416	0.935813	1.75356	0.533666
Sacu_v1.1_s0048.g013572-Sacu_v1.1_s0048.g013573	0.505899	2.57352	0.196579
Sacu_v1.1_s0048.g013575-Sacu_v1.1_s0048.g013577	0.164296	0.313396	0.524243
Sacu_v1.1_s0048.g013577-Sacu_v1.1_s0048.g013578	0.152635	0.236244	0.64609
Sacu_v1.1_s0048.g013640-Sacu_v1.1_s0048.g013641	0.321355	0.555088	0.578926
Sacu_v1.1_s0049.g013683-Sacu_v1.1_s0049.g013685	0.287622	0.64098	0.448722
Sacu_v1.1_s0050.g013835-Sacu_v1.1_s0050.g013836	0.272655	2.19705	0.1241
Sacu_v1.1_s0051.g013907-Sacu_v1.1_s0051.g013908	0.304845	0.618184	0.493129
Sacu_v1.1_s0052.g014047-Sacu_v1.1_s0052.g014050	0.652484	NA	NA
Sacu_v1.1_s0053.g014182-Sacu_v1.1_s0053.g014183	0.234341	0.415957	0.563377
Sacu_v1.1_s0054.g014204-Sacu_v1.1_s0054.g014207	0.0962304	0.471661	0.204025
Sacu_v1.1_s0054.g014228-Sacu_v1.1_s0054.g014230	0.237475	0.818599	0.2901
Sacu_v1.1_s0055.g014485-Sacu_v1.1_s0055.g014487	0.336019	1.93149	0.173969
Sacu_v1.1_s0056.g014594-Sacu_v1.1_s0056.g014595	0.418686	1.19989	0.348936
Sacu_v1.1_s0056.g014603-Sacu_v1.1_s0056.g014605	0.432868	1.6037	0.269919
Sacu_v1.1_s0056.g014605-Sacu_v1.1_s0056.g014606	0.513078	1.60344	0.319987
Sacu_v1.1_s0056.g014607-Sacu_v1.1_s0056.g014608	0.0477902	0.391361	0.122113
Sacu_v1.1_s0057.g014667-Sacu_v1.1_s0057.g014678	0.22558	0.333565	0.67627
Sacu_v1.1_s0057.g014678-Sacu_v1.1_s0057.g014679	0.26515	0.384172	0.690185
Sacu_v1.1_s0058.g014847-Sacu_v1.1_s0058.g014850	0.281583	0.863342	0.326155
Sacu_v1.1_s0058.g014853-Sacu_v1.1_s0058.g014855	0.382928	0.800326	0.478465
Sacu_v1.1_s0061.g015280-Sacu_v1.1_s0061.g015281	0.22011	1.24508	0.176784
Sacu_v1.1_s0062.g015456-Sacu_v1.1_s0062.g015459	0.205897	0.333704	0.617004
Sacu_v1.1_s0062.g015549-Sacu_v1.1_s0062.g015551	0.292651	0.494235	0.592128
Sacu_v1.1_s0064.g015841-Sacu_v1.1_s0064.g015842	0.37641	1.17144	0.321322
Sacu_v1.1_s0064.g015891-Sacu_v1.1_s0064.g015892	0.770172	1.6842	0.457293
Sacu_v1.1_s0066.g016142-Sacu_v1.1_s0066.g016143	0.0710947	0.131505	0.540623
Sacu_v1.1_s0066.g016143-Sacu_v1.1_s0066.g016146	1.07348	2.82528	0.379957
Sacu_v1.1_s0067.g016237-Sacu_v1.1_s0067.g016238	0.538846	1.22866	0.438565
Sacu_v1.1_s0068.g016440-Sacu_v1.1_s0068.g016441	0.103817	0.417028	0.248946
Sacu_v1.1_s0070.g016655-Sacu_v1.1_s0070.g016656	0.22173	0.926586	0.239297
Sacu_v1.1_s0070.g016655-Sacu_v1.1_s0070.g016657	0.828684	1.64846	0.502701
Sacu_v1.1_s0070.g016659-Sacu_v1.1_s0070.g016660	0.177992	1.23985	0.143559
Sacu_v1.1_s0070.g016660-Sacu_v1.1_s0070.g016667	0.577996	1.06562	0.542403
Sacu_v1.1_s0071.g016799-Sacu_v1.1_s0071.g016800	0.23578	0.713493	0.330459
Sacu_v1.1_s0071.g016800-Sacu_v1.1_s0071.g016802	0.238702	0.692618	0.344638
Sacu_v1.1_s0071.g016821-Sacu_v1.1_s0071.g016824	0.188269	0.272766	0.690221
Sacu_v1.1_s0073.g017036-Sacu_v1.1_s0073.g017040	0.107169	0.168588	0.635682
Sacu_v1.1_s0073.g017126-Sacu_v1.1_s0073.g017128	0.822697	4.78019	0.172105
Sacu_v1.1_s0074.g017249-Sacu_v1.1_s0074.g017252	0.636763	NA	NA
Sacu_v1.1_s0077.g017603-Sacu_v1.1_s0077.g017604	0.0402727	0.0519444	0.775305
Sacu_v1.1_s0078.g017674-Sacu_v1.1_s0078.g017675	0.111164	1.15626	0.0961406
Sacu_v1.1_s0078.g017709-Sacu_v1.1_s0078.g017710	0.0977623	0.356685	0.274086
Sacu_v1.1_s0079.g017784-Sacu_v1.1_s0079.g017787	1.50501	NA	NA
Sacu_v1.1_s0080.g017885-Sacu_v1.1_s0080.g017888	0.123035	0.589998	0.208535
Sacu_v1.1_s0080.g017900-Sacu_v1.1_s0080.g017903	0.973262	1.50302	0.647539
Sacu_v1.1_s0081.g017998-Sacu_v1.1_s0081.g018001	0.087793	0.34207	0.256653
Sacu_v1.1_s0083.g018137-Sacu_v1.1_s0083.g018139	0.472837	1.20131	0.393601
Sacu_v1.1_s0083.g018139-Sacu_v1.1_s0083.g018142	0.501389	1.0019	0.50044
Sacu_v1.1_s0083.g018162-Sacu_v1.1_s0083.g018164	0.0490869	0.158449	0.309795
Sacu_v1.1_s0085.g018357-Sacu_v1.1_s0085.g018359	0.320541	0.710407	0.451207
Sacu_v1.1_s0085.g018372-Sacu_v1.1_s0085.g018373	0.0886444	0.166767	0.531546
Sacu_v1.1_s0086.g018413-Sacu_v1.1_s0086.g018415	0.235803	0.756604	0.31166
Sacu_v1.1_s0087.g018482-Sacu_v1.1_s0087.g018485	0.59644	0.889298	0.670687
Sacu_v1.1_s0088.g018572-Sacu_v1.1_s0088.g018586	0.20985	0.285469	0.735106
Sacu_v1.1_s0088.g018586-Sacu_v1.1_s0088.g018587	0.129313	0.132309	0.977359
Sacu_v1.1_s0089.g018630-Sacu_v1.1_s0089.g018633	0.0989485	0.308454	0.320788
Sacu_v1.1_s0089.g018635-Sacu_v1.1_s0089.g018637	0.681867	1.44717	0.471171
Sacu_v1.1_s0089.g018683-Sacu_v1.1_s0089.g018684	0.290563	NA	NA
Sacu_v1.1_s0089.g018711-Sacu_v1.1_s0089.g018713	0.187715	1.04849	0.179034
Sacu_v1.1_s0093.g018994-Sacu_v1.1_s0093.g018995	0.00494424	NA	NA
Sacu_v1.1_s0095.g019303-Sacu_v1.1_s0095.g019304	0.168689	0.566941	0.297543
Sacu_v1.1_s0096.g019322-Sacu_v1.1_s0096.g019327	0.193352	0.548496	0.352513
Sacu_v1.1_s0096.g019335-Sacu_v1.1_s0096.g019336	0.441424	1.63964	0.269221
Sacu_v1.1_s0096.g019361-Sacu_v1.1_s0096.g019363	0.125421	0.196774	0.637385
Sacu_v1.1_s0099.g019514-Sacu_v1.1_s0099.g019515	0.356959	1.47414	0.242147
Sacu_v1.1_s0099.g019514-Sacu_v1.1_s0099.g019516	0.548098	0.92071	0.595299
Sacu_v1.1_s0100.g019653-Sacu_v1.1_s0100.g019656	0.0960275	0.116606	0.823519
Sacu_v1.1_s0100.g019686-Sacu_v1.1_s0100.g019689	0.059393	0.089877	0.660825
Sacu_v1.1_s0100.g019713-Sacu_v1.1_s0100.g019714	0.365577	2.08928	0.174978
Sacu_v1.1_s0100.g019714-Sacu_v1.1_s0100.g019715	0.155285	0.424361	0.365926
Sacu_v1.1_s0100.g019715-Sacu_v1.1_s0100.g019717	0.0591015	0.0882055	0.670043
Sacu_v1.1_s0102.g019893-Sacu_v1.1_s0102.g019895	0.86443	2.30527	0.37498
Sacu_v1.1_s0103.g019977-Sacu_v1.1_s0103.g019978	0.0903286	0.882399	0.102367
Sacu_v1.1_s0103.g019978-Sacu_v1.1_s0103.g019980	0.157301	0.994265	0.158208
Sacu_v1.1_s0106.g020269-Sacu_v1.1_s0106.g020271	0.730574	0.777794	0.93929
Sacu_v1.1_s0108.g020397-Sacu_v1.1_s0108.g020398	0.70027	1.1975	0.584778
Sacu_v1.1_s0108.g020398-Sacu_v1.1_s0108.g020399	0.341807	1.01159	0.337889
Sacu_v1.1_s0108.g020454-Sacu_v1.1_s0108.g020459	0.479812	2.4458	0.196178
Sacu_v1.1_s0109.g020484-Sacu_v1.1_s0109.g020485	NA	NA	NA
Sacu_v1.1_s0109.g020485-Sacu_v1.1_s0109.g020486	0.249749	0.798889	0.31262
Sacu_v1.1_s0110.g020612-Sacu_v1.1_s0110.g020613	0.292836	0.361554	0.809936
Sacu_v1.1_s0110.g020620-Sacu_v1.1_s0110.g020621	0.457887	4.26985	0.107237
Sacu_v1.1_s0110.g020621-Sacu_v1.1_s0110.g020622	0.370936	1.16184	0.319266
Sacu_v1.1_s0117.g021173-Sacu_v1.1_s0117.g021174	0.329875	0.790604	0.417244
Sacu_v1.1_s0119.g021277-Sacu_v1.1_s0119.g021279	0.656377	NA	NA
Sacu_v1.1_s0119.g021285-Sacu_v1.1_s0119.g021286	0.89523	NA	NA
Sacu_v1.1_s0119.g021288-Sacu_v1.1_s0119.g021289	0.330274	1.16617	0.283212
Sacu_v1.1_s0119.g021335-Sacu_v1.1_s0119.g021337	0.127866	0.474561	0.269441
Sacu_v1.1_s0123.g021531-Sacu_v1.1_s0123.g021532	0.222866	0.427436	0.521403
Sacu_v1.1_s0125.g021698-Sacu_v1.1_s0125.g021699	0.139511	0.256435	0.544042
Sacu_v1.1_s0125.g021699-Sacu_v1.1_s0125.g021700	0.796713	0.946719	0.841552
Sacu_v1.1_s0125.g021699-Sacu_v1.1_s0125.g021701	0.236042	0.272223	0.867092
Sacu_v1.1_s0126.g021721-Sacu_v1.1_s0126.g021724	0.299428	0.748192	0.400203
Sacu_v1.1_s0126.g021742-Sacu_v1.1_s0126.g021744	0.124285	0.411978	0.301678
Sacu_v1.1_s0126.g021779-Sacu_v1.1_s0126.g021780	0.312104	0.399766	0.780716
Sacu_v1.1_s0128.g021874-Sacu_v1.1_s0128.g021875	0.00283228	0.00984322	0.287739
Sacu_v1.1_s0131.g022078-Sacu_v1.1_s0131.g022079	0.929057	1.56275	0.594502
Sacu_v1.1_s0131.g022079-Sacu_v1.1_s0131.g022082	0.845189	NA	NA
Sacu_v1.1_s0134.g022318-Sacu_v1.1_s0134.g022319	NA	NA	NA
Sacu_v1.1_s0135.g022349-Sacu_v1.1_s0135.g022350	0.00785417	0.00931398	0.843267
Sacu_v1.1_s0137.g022501-Sacu_v1.1_s0137.g022502	0.138666	0.294143	0.471425
Sacu_v1.1_s0139.g022604-Sacu_v1.1_s0139.g022609	0.192159	1.13005	0.170045
Sacu_v1.1_s0140.g022699-Sacu_v1.1_s0140.g022704	0.716123	2.02472	0.35369
Sacu_v1.1_s0141.g022753-Sacu_v1.1_s0141.g022755	0.128745	0.27759	0.463794
Sacu_v1.1_s0142.g022844-Sacu_v1.1_s0142.g022847	0.176932	0.26429	0.669461
Sacu_v1.1_s0142.g022846-Sacu_v1.1_s0142.g022847	0.652379	1.3401	0.486814
Sacu_v1.1_s0143.g022915-Sacu_v1.1_s0143.g022916	0.20391	0.657232	0.310256
Sacu_v1.1_s0147.g023171-Sacu_v1.1_s0147.g023172	0.0384536	0.0548279	0.701351
Sacu_v1.1_s0149.g023280-Sacu_v1.1_s0149.g023282	0.327273	NA	NA
Sacu_v1.1_s0150.g023307-Sacu_v1.1_s0150.g023309	0.434254	0.830989	0.522575
Sacu_v1.1_s0150.g023347-Sacu_v1.1_s0150.g023350	0.236427	0.235882	1.00231
Sacu_v1.1_s0152.g023473-Sacu_v1.1_s0152.g023476	0.402446	0.794864	0.506308
Sacu_v1.1_s0153.g023502-Sacu_v1.1_s0153.g023503	0.0567677	0.0713792	0.795297
Sacu_v1.1_s0156.g023668-Sacu_v1.1_s0156.g023672	0.175021	0.298121	0.587081
Sacu_v1.1_s0156.g023672-Sacu_v1.1_s0156.g023674	0.434675	0.856708	0.507379
Sacu_v1.1_s0158.g023761-Sacu_v1.1_s0158.g023762	0.119115	0.17209	0.692167
Sacu_v1.1_s0158.g023784-Sacu_v1.1_s0158.g023785	0.180557	0.538037	0.335584
Sacu_v1.1_s0158.g023807-Sacu_v1.1_s0158.g023810	NA	NA	NA
Sacu_v1.1_s0159.g023825-Sacu_v1.1_s0159.g023828	0.138965	0.330493	0.420477
Sacu_v1.1_s0159.g023833-Sacu_v1.1_s0159.g023836	0.512204	1.77454	0.288641
Sacu_v1.1_s0160.g023876-Sacu_v1.1_s0160.g023881	0.244918	0.623191	0.393006
Sacu_v1.1_s0178.g024688-Sacu_v1.1_s0178.g024691	0.4853	1.2748	0.380688
Sacu_v1.1_s0179.g024770-Sacu_v1.1_s0179.g024773	0.0732673	0.1358	0.539524
Sacu_v1.1_s0180.g024794-Sacu_v1.1_s0180.g024798	1.22082	3.04746	0.400604
Sacu_v1.1_s0180.g024820-Sacu_v1.1_s0180.g024824	0.348755	0.98854	0.352798
Sacu_v1.1_s0180.g024824-Sacu_v1.1_s0180.g024826	0.480723	1.09376	0.439513
Sacu_v1.1_s0180.g024824-Sacu_v1.1_s0180.g024828	0.097843	0.363203	0.269389
Sacu_v1.1_s0182.g024887-Sacu_v1.1_s0182.g024888	0.0345191	0.134666	0.256332
Sacu_v1.1_s0182.g024900-Sacu_v1.1_s0182.g024901	0.0877268	0.198391	0.442192
Sacu_v1.1_s0182.g024901-Sacu_v1.1_s0182.g024902	0.0496511	0.173946	0.285439
Sacu_v1.1_s0188.g025158-Sacu_v1.1_s0188.g025159	0.301271	0.615758	0.48927
Sacu_v1.1_s0195.g025465-Sacu_v1.1_s0195.g025466	0.096906	0.268974	0.360281
Sacu_v1.1_s0197.g025508-Sacu_v1.1_s0197.g025512	1.70014	NA	NA
Sacu_v1.1_s0197.g025512-Sacu_v1.1_s0197.g025513	0.347173	0.79866	0.434695
Sacu_v1.1_s0197.g025512-Sacu_v1.1_s0197.g025515	0.596392	1.00238	0.594974
Sacu_v1.1_s0203.g025660-Sacu_v1.1_s0203.g025664	1.50522	1.58001	0.952666
Sacu_v1.1_s0207.g025796-Sacu_v1.1_s0207.g025799	0.090874	0.132447	0.686115
Sacu_v1.1_s0220.g026148-Sacu_v1.1_s0220.g026150	0.38601	0.912418	0.423063
Sacu_v1.1_s0220.g026155-Sacu_v1.1_s0220.g026156	0.676221	NA	NA
Sacu_v1.1_s0221.g026191-Sacu_v1.1_s0221.g026192	0.530379	1.46672	0.361609
Sacu_v1.1_s0222.g026249-Sacu_v1.1_s0222.g026251	0.513963	1.25449	0.409697
Sacu_v1.1_s0223.g026257-Sacu_v1.1_s0223.g026258	0.152627	0.35364	0.431589
Sacu_v1.1_s0223.g026262-Sacu_v1.1_s0223.g026264	0.808821	1.81214	0.446334
Sacu_v1.1_s0232.g026469-Sacu_v1.1_s0232.g026470	0.00528904	0.0195722	0.270232
Sacu_v1.1_s0234.g026510-Sacu_v1.1_s0234.g026511	0.487681	3.54503	0.137567
Sacu_v1.1_s0234.g026511-Sacu_v1.1_s0234.g026514	0.19668	2.49754	0.0787493
Sacu_v1.1_s0247.g026716-Sacu_v1.1_s0247.g026718	0.147032	0.460644	0.319188
Sacu_v1.1_s0266.g026942-Sacu_v1.1_s0266.g026943	0.461391	0.633237	0.728622
Sacu_v1.1_s0266.g026942-Sacu_v1.1_s0266.g026944	0.0190622	0.0885868	0.215181
Sacu_v1.1_s0281.g027103-Sacu_v1.1_s0281.g027105	0.46305	0.776771	0.596121
Sacu_v1.1_s0286.g027140-Sacu_v1.1_s0286.g027142	0.561005	3.99833	0.14031
Sacu_v1.1_s0295.g027176-Sacu_v1.1_s0295.g027178	0.0414546	0.103522	0.400443
Sacu_v1.1_s0444.g027391-Sacu_v1.1_s0444.g027392	1.02925	1.52805	0.67357
Sacu_v1.1_s0478.g027420-Sacu_v1.1_s0478.g027423	0.276172	0.870262	0.317344
Sacu_v1.1_s0674.g027615-Sacu_v1.1_s0674.g027616	0.0021326	NA	NA
Sacu_v1.1_s0749.g027671-Sacu_v1.1_s0749.g027672	0.217663	0.553585	0.393187
Sacu_v1.1_s0832.g027761-Sacu_v1.1_s0832.g027762	0.317115	0.404925	0.783146
Sacu_v1.1_s1075.g027932-Sacu_v1.1_s1075.g027933	NA	NA	NA
Sacu_v1.1_s1355.g028020-Sacu_v1.1_s1355.g028022	0.715832	0.847308	0.844831
Sacu_v1.1_s1682.g028126-Sacu_v1.1_s1682.g028127	0.434922	0.854699	0.50886
Sacu_v1.1_s1786.g028162-Sacu_v1.1_s1786.g028163	0.861951	3.69242	0.233438
Sacu_v1.1_s2543.g028376-Sacu_v1.1_s2543.g028381	0.318429	0.706215	0.450895
