Seq	Ka	Ks	Ka/Ks
kfl00001_0130_v1.1-kfl00001_0140_v1.1	0.248039	0.75495	0.32855
kfl00001_0530_v1.1-kfl00001_0540_v1.1	0.355221	0.646492	0.549459
kfl00002_0570_v1.1-kfl00002_0580_v1.1	0.504306	1.50598	0.334869
kfl00003_0180_v1.1-kfl00003_0200_v1.1	0.547964	1.90453	0.287717
kfl00003_0220_v1.1-kfl00003_0230_v1.1	0.119111	0.679435	0.175308
kfl00003_0400_v1.1-kfl00003_0420_v1.1	0.327577	0.951643	0.344223
kfl00003_0450_v1.1-kfl00003_0455_v1.1	0.383762	0.883223	0.434502
kfl00004_0080_v1.1-kfl00004_0100_v1.1	0.376287	1.10793	0.339629
kfl00004_0090_v1.1-kfl00004_0100_v1.1	1.45387	2.06067	0.705533
kfl00004_0350_v1.1-kfl00004_0360_v1.1	0.462902	2.75716	0.167891
kfl00006_0290_v1.1-kfl00006_0300_v1.1	0.47957	1.01244	0.473677
kfl00006_0300_v1.1-kfl00006_0310_v1.1	0.3002	0.899766	0.333643
kfl00006_0300_v1.1-kfl00006_0320_v1.1	0.352046	1.06077	0.331877
kfl00006_0620_v1.1-kfl00006_0630_v1.1	0.359258	1.05096	0.341839
kfl00006_0630_v1.1-kfl00006_0640_v1.1	0.158458	0.501521	0.315955
kfl00006_0640_v1.1-kfl00006_0650_v1.1	0.286424	0.696413	0.411284
kfl00006_0910_v1.1-kfl00006_0920_v1.1	0.819308	1.69403	0.483645
kfl00007_0090_v1.1-kfl00007_0100_v1.1	0.949756	1.38232	0.687073
kfl00007_0150_v1.1-kfl00007_0170_v1.1	0.165997	0.646297	0.256844
kfl00007_0170_v1.1-kfl00007_0180_v1.1	0.14537	0.643921	0.225758
kfl00007_0280_v1.1-kfl00007_0290_v1.1	0.270145	0.861015	0.313752
kfl00007_0290_v1.1-kfl00007_0300_v1.1	0.067384	0.50168	0.134317
kfl00007_0330_v1.1-kfl00007_0335_v1.1	0.262703	0.654059	0.401649
kfl00008_0050_v1.1-kfl00008_0060_v1.1	0.680879	1.54839	0.439733
kfl00009_0500_v1.1-kfl00009_0510_v1.1	0.517398	1.24002	0.417251
kfl00010_0010_v1.1-kfl00010_0020_v1.1	0.462707	0.738852	0.626251
kfl00010_0570_v1.1-kfl00010_0580_v1.1	0.5447	0.739943	0.736138
kfl00010_0600_v1.1-kfl00010_0610_v1.1	0.178559	0.351928	0.507375
kfl00011_0220_v1.1-kfl00011_0230_v1.1	0.115894	0.389944	0.297207
kfl00011_0230_v1.1-kfl00011_0240_v1.1	0.187322	0.472397	0.396535
kfl00011_0430_v1.1-kfl00011_0440_v1.1	0.586247	1.83303	0.319823
kfl00011_0445_v1.1-kfl00011_0450_v1.1	0.503145	0.842119	0.597475
kfl00011_0445_v1.1-kfl00011_0460_v1.1	1.23886	3.09411	0.400395
kfl00012_0520_v1.1-kfl00012_0530_v1.1	0.480352	1.44214	0.333082
kfl00012_0600_v1.1-kfl00012_0620_v1.1	0.294684	0.541373	0.544328
kfl00013_0160_v1.1-kfl00013_0170_v1.1	0.442727	0.930125	0.475987
kfl00013_0170_v1.1-kfl00013_0180_v1.1	0.229814	0.606225	0.379091
kfl00013_0180_v1.1-kfl00013_0185_v1.1	0.208608	0.589503	0.35387
kfl00013_0350_v1.1-kfl00013_0360_v1.1	0.56447	1.39512	0.404604
kfl00013_0560_v1.1-kfl00013_0570_v1.1	0.578989	1.06043	0.545994
kfl00013_0570_v1.1-kfl00013_0575_v1.1	0.77369	1.59857	0.483989
kfl00014_0230_v1.1-kfl00014_0250_v1.1	0.529453	2.50569	0.2113
kfl00014_0580_v1.1-kfl00014_0590_v1.1	0.569128	1.53327	0.371185
kfl00015_0140_v1.1-kfl00015_0150_v1.1	0.479094	1.8608	0.257467
kfl00015_0300_v1.1-kfl00015_0320_v1.1	0.34426	0.985497	0.349326
kfl00016_0510_v1.1-kfl00016_0515_v1.1	0.194588	0.2941	0.661638
kfl00017_0190_v1.1-kfl00017_0200_v1.1	0.0575573	0.297765	0.193298
kfl00017_0400_v1.1-kfl00017_0410_v1.1	1.13249	1.54742	0.731857
kfl00017_0600_v1.1-kfl00017_0610_v1.1	0.0873884	0.474207	0.184283
kfl00018_0310_v1.1-kfl00018_0320_v1.1	0.464865	0.91048	0.510571
kfl00019_0270_v1.1-kfl00019_0290_v1.1	0.4595	1.45102	0.316674
kfl00019_0290_v1.1-kfl00019_0295_v1.1	0.359218	1.55109	0.231591
kfl00020_0130_v1.1-kfl00020_0135_v1.1	0.605488	NA	NA
kfl00020_0190_v1.1-kfl00020_0200_v1.1	0.0645442	0.416397	0.155006
kfl00020_0610_v1.1-kfl00020_0620_v1.1	0.205222	0.460322	0.445822
kfl00020_0615_v1.1-kfl00020_0620_v1.1	0.123782	0.421787	0.293471
kfl00021_0180_v1.1-kfl00021_0190_v1.1	0.782244	1.06879	0.731896
kfl00021_0200_v1.1-kfl00021_0220_v1.1	1.28548	1.3613	0.944309
kfl00021_0300_v1.1-kfl00021_0320_v1.1	0.364685	1.62708	0.224134
kfl00022_0170_v1.1-kfl00022_0180_v1.1	1.1177	1.51102	0.739698
kfl00022_0480_v1.1-kfl00022_0490_v1.1	0.289937	1.02315	0.283377
kfl00023_0160_v1.1-kfl00023_0170_v1.1	0.165211	0.291269	0.567211
kfl00023_0240_v1.1-kfl00023_0260_v1.1	0.195616	0.525022	0.372587
kfl00023_0420_v1.1-kfl00023_0430_v1.1	0.321654	1.11426	0.288671
kfl00023_0460_v1.1-kfl00023_0480_v1.1	0.234478	1.07004	0.219129
kfl00024_0050_v1.1-kfl00024_0060_v1.1	0.0945033	0.295313	0.32001
kfl00024_0060_v1.1-kfl00024_0070_v1.1	0.224915	0.880067	0.255566
kfl00024_0170_v1.1-kfl00024_0190_v1.1	0.0556444	0.355182	0.156664
kfl00024_0330_v1.1-kfl00024_0350_v1.1	0.250892	0.471025	0.532651
kfl00024_0340_v1.1-kfl00024_0350_v1.1	0.440966	0.583273	0.756021
kfl00024_0350_v1.1-kfl00024_0370_v1.1	1.5433	2.50659	0.615695
kfl00025_0010_v1.1-kfl00025_0020_v1.1	1.23908	1.68005	0.737525
kfl00025_0270_v1.1-kfl00025_0280_v1.1	0.454458	0.73911	0.614872
kfl00025_0540_v1.1-kfl00025_0550_v1.1	0.407469	0.690842	0.589815
kfl00026_0220_v1.1-kfl00026_0230_v1.1	0.305349	0.957398	0.318936
kfl00027_0070_v1.1-kfl00027_0080_v1.1	0.774267	1.82897	0.423336
kfl00027_0080_v1.1-kfl00027_0090_v1.1	1.09897	1.67885	0.654598
kfl00027_0180_v1.1-kfl00027_0200_v1.1	0.251966	1.08129	0.233023
kfl00027_0220_v1.1-kfl00027_0230_v1.1	0.436233	0.981878	0.444285
kfl00027_0490_v1.1-kfl00027_0500_v1.1	0.190903	1.10486	0.172785
kfl00030_0010_v1.1-kfl00030_0015_v1.1	0.294828	0.556832	0.529474
kfl00030_0100_v1.1-kfl00030_0110_v1.1	0.456768	1.66517	0.274307
kfl00031_0010_v1.1-kfl00031_0020_v1.1	0.8886	1.37579	0.645882
kfl00031_0500_v1.1-kfl00031_0520_v1.1	0.0385564	0.198453	0.194285
kfl00032_0020_v1.1-kfl00032_0030_v1.1	1.01567	1.88775	0.53803
kfl00032_0410_v1.1-kfl00032_0430_v1.1	0.813257	1.27205	0.639329
kfl00033_0100_v1.1-kfl00033_0110_v1.1	0.797586	1.19552	0.667146
kfl00033_0270_v1.1-kfl00033_0280_v1.1	0.491711	0.932897	0.527079
kfl00035_0220_v1.1-kfl00035_0225_v1.1	0.361071	1.17283	0.307862
kfl00035_0225_v1.1-kfl00035_0230_v1.1	0.521644	1.0588	0.492675
kfl00035_0225_v1.1-kfl00035_0240_v1.1	0.191913	0.648922	0.29574
kfl00035_0290_v1.1-kfl00035_0310_v1.1	0.878691	1.05769	0.830764
kfl00035_0300_v1.1-kfl00035_0320_v1.1	0.17626	0.627165	0.281043
kfl00036_0010_v1.1-kfl00036_0020_v1.1	0.116814	0.388171	0.300935
kfl00036_0160_v1.1-kfl00036_0180_v1.1	0.130135	0.360745	0.360739
kfl00036_0350_v1.1-kfl00036_0360_v1.1	0.534593	1.26553	0.422426
kfl00039_0060_v1.1-kfl00039_0070_v1.1	0.544302	2.55919	0.212685
kfl00039_0430_v1.1-kfl00039_0440_v1.1	0.157817	1.00202	0.157498
kfl00040_0430_v1.1-kfl00040_0435_v1.1	0.157586	0.66511	0.236932
kfl00041_0075_v1.1-kfl00041_0080_v1.1	0.116266	0.275652	0.421785
kfl00041_0160_v1.1-kfl00041_g21_v1.1	0.403228	0.89835	0.448854
kfl00041_0160_v1.1-kfl00041_g22_v1.1	0.530835	1.29554	0.40974
kfl00042_0200_v1.1-kfl00042_0210_v1.1	0.0609496	0.492644	0.123719
kfl00042_0270_v1.1-kfl00042_0280_v1.1	0.1215	0.321015	0.378488
kfl00044_0100_v1.1-kfl00044_0110_v1.1	1.1419	1.33215	0.85719
kfl00044_0220_v1.1-kfl00044_0225_v1.1	0.180002	0.519369	0.346579
kfl00046_0080_v1.1-kfl00046_0085_v1.1	0.507225	1.67146	0.303462
kfl00046_0085_v1.1-kfl00046_0090_v1.1	0.798592	2.68311	0.297637
kfl00046_0170_v1.1-kfl00046_0180_v1.1	0.753661	1.08002	0.697823
kfl00046_0350_v1.1-kfl00046_0355_v1.1	0.500465	0.941027	0.531829
kfl00047_0240_v1.1-kfl00047_0250_v1.1	0.124938	0.367624	0.339853
kfl00048_0350_v1.1-kfl00048_0370_v1.1	0.303595	0.613524	0.494838
kfl00049_0010_v1.1-kfl00049_0020_v1.1	0.0132957	0.304185	0.0437093
kfl00051_0230_v1.1-kfl00051_0240_v1.1	0.0539955	0.358125	0.150773
kfl00051_0240_v1.1-kfl00051_0250_v1.1	0.098598	0.396273	0.248813
kfl00052_0250_v1.1-kfl00052_0260_v1.1	0.831823	NA	NA
kfl00053_0140_v1.1-kfl00053_0160_v1.1	0.0842041	0.0839628	1.00287
kfl00053_0150_v1.1-kfl00053_0170_v1.1	0.132198	0.25545	0.517509
kfl00055_0130_v1.1-kfl00055_0140_v1.1	0.286656	0.512303	0.559543
kfl00055_0240_v1.1-kfl00055_0250_v1.1	0.474005	1.81273	0.261487
kfl00055_0360_v1.1-kfl00055_0370_v1.1	0.141046	0.424531	0.33224
kfl00056_0230_v1.1-kfl00056_0240_v1.1	0.286675	0.603313	0.475169
kfl00057_0480_v1.1-kfl00057_0490_v1.1	0.119821	0.379757	0.315521
kfl00058_0250_v1.1-kfl00058_0260_v1.1	1.01008	1.08808	0.928313
kfl00060_0150_v1.1-kfl00060_0170_v1.1	0.199762	0.493383	0.404883
kfl00062_0290_v1.1-kfl00062_0300_v1.1	0.182982	0.607205	0.301351
kfl00062_0300_v1.1-kfl00062_0310_v1.1	0.195218	0.597249	0.326862
kfl00062_0310_v1.1-kfl00062_0320_v1.1	0.224956	0.630482	0.3568
kfl00063_0230_v1.1-kfl00063_0240_v1.1	0.174505	0.450976	0.38695
kfl00063_0260_v1.1-kfl00063_0265_v1.1	0.4094	0.590944	0.69279
kfl00067_0120_v1.1-kfl00067_0130_v1.1	0.575664	1.08334	0.531376
kfl00068_0230_v1.1-kfl00068_0250_v1.1	0.121257	0.440944	0.274994
kfl00069_0155_v1.1-kfl00069_0175_v1.1	0.127535	0.518632	0.245906
kfl00069_0230_v1.1-kfl00069_0235_v1.1	0.425878	1.65337	0.257582
kfl00069_0310_v1.1-kfl00069_0330_v1.1	0.336865	1.05291	0.319938
kfl00069_0390_v1.1-kfl00069_0410_v1.1	0.167087	0.383944	0.435185
kfl00069_0400_v1.1-kfl00069_0420_v1.1	0.131617	0.445188	0.295644
kfl00070_0270_v1.1-kfl00070_0290_v1.1	0.396212	1.00935	0.392542
kfl00071_0230_v1.1-kfl00071_0240_v1.1	0.283803	1.35683	0.209166
kfl00072_0130_v1.1-kfl00072_0140_v1.1	0.271237	0.614814	0.441168
kfl00073_0010_v1.1-kfl00073_0020_v1.1	0.051258	0.23268	0.220295
kfl00073_0130_v1.1-kfl00073_0150_v1.1	0.686298	1.80196	0.380862
kfl00074_0170_v1.1-kfl00074_0190_v1.1	0.218165	0.71171	0.306536
kfl00074_0250_v1.1-kfl00074_0280_v1.1	0.801179	1.19177	0.67226
kfl00075_0110_v1.1-kfl00075_0120_v1.1	0.741164	1.30396	0.568396
kfl00075_0230_v1.1-kfl00075_0250_v1.1	0.498935	1.95056	0.255791
kfl00075_0340_v1.1-kfl00075_0350_v1.1	0.709938	1.86138	0.381404
kfl00077_0160_v1.1-kfl00077_0170_v1.1	0.162505	0.437921	0.371083
kfl00078_0330_v1.1-kfl00078_0340_v1.1	0.589134	2.40634	0.244826
kfl00081_0090_v1.1-kfl00081_0100_v1.1	1.02517	1.48183	0.691828
kfl00083_0010_v1.1-kfl00083_0020_v1.1	0.71309	0.899919	0.792393
kfl00084_0130_v1.1-kfl00084_0140_v1.1	0.335975	0.676238	0.496829
kfl00084_0140_v1.1-kfl00084_0145_v1.1	0.185613	0.434537	0.42715
kfl00084_0140_v1.1-kfl00084_0150_v1.1	0.675307	1.357	0.497648
kfl00086_0130_v1.1-kfl00086_0140_v1.1	0.0678153	0.45254	0.149855
kfl00090_0060_v1.1-kfl00090_0070_v1.1	0.0605973	0.072115	0.840287
kfl00090_0180_v1.1-kfl00090_0200_v1.1	0.733415	1.19145	0.615565
kfl00091_0080_v1.1-kfl00091_0100_v1.1	0.674196	2.29754	0.293443
kfl00093_0100_v1.1-kfl00093_0110_v1.1	0.847538	1.37069	0.618329
kfl00093_0270_v1.1-kfl00093_0280_v1.1	0.341793	0.732289	0.466746
kfl00094_0300_v1.1-kfl00094_0310_v1.1	1.13892	1.77784	0.640622
kfl00095_0220_v1.1-kfl00095_0240_v1.1	0.109778	0.428156	0.256398
kfl00095_g11_v1.1-kfl00095_0120_v1.1	1.33897	3.12245	0.428822
kfl00096_0020_v1.1-kfl00096_0030_v1.1	0.306822	1.23907	0.247622
kfl00098_0080_v1.1-kfl00098_0090_v1.1	0.0140034	0.169295	0.0827158
kfl00100_0270_v1.1-kfl00100_0280_v1.1	0.69145	0.763509	0.905621
kfl00101_0040_v1.1-kfl00101_0045_v1.1	0.272676	0.613456	0.444491
kfl00101_0170_v1.1-kfl00101_0180_v1.1	0.186058	0.659714	0.282028
kfl00105_0230_v1.1-kfl00105_g28_v1.1	0.961306	1.52281	0.631272
kfl00107_0270_v1.1-kfl00107_0280_v1.1	0.570861	NA	NA
kfl00109_0150_v1.1-kfl00109_0180_v1.1	0.227706	0.531548	0.428383
kfl00109_g25_v1.1-kfl00109_0230_v1.1	0.210704	0.601842	0.350098
kfl00110_0300_v1.1-kfl00110_0320_v1.1	0.404639	2.06368	0.196077
kfl00111_0140_v1.1-kfl00111_0145_v1.1	0.666299	1.54297	0.431829
kfl00111_0145_v1.1-kfl00111_0150_v1.1	1.30858	2.78914	0.46917
kfl00112_0140_v1.1-kfl00112_0150_v1.1	0.845537	NA	NA
kfl00113_0040_v1.1-kfl00113_0050_v1.1	0.587937	NA	NA
kfl00119_0180_v1.1-kfl00119_0185_v1.1	0.342975	0.988876	0.346834
kfl00121_0130_v1.1-kfl00121_0135_v1.1	0.271318	0.649313	0.417854
kfl00121_0140_v1.1-kfl00121_0160_v1.1	0.785237	NA	NA
kfl00121_0240_v1.1-kfl00121_0245_v1.1	1.16129	2.87893	0.403376
kfl00122_0010_v1.1-kfl00122_0020_v1.1	0.156666	0.454188	0.344937
kfl00124_0210_v1.1-kfl00124_0220_v1.1	0.733788	0.998661	0.734772
kfl00130_0060_v1.1-kfl00130_0070_v1.1	0.194289	1.20841	0.160781
kfl00131_0050_v1.1-kfl00131_0070_v1.1	0.0183777	0.244567	0.0751437
kfl00131_0095_v1.1-kfl00131_0100_v1.1	0.339059	1.35151	0.250875
kfl00133_0150_v1.1-kfl00133_0160_v1.1	0.25768	0.603946	0.426661
kfl00134_0160_v1.1-kfl00134_0170_v1.1	0.418618	0.856193	0.48893
kfl00134_0170_v1.1-kfl00134_0180_v1.1	0.865296	1.77414	0.487726
kfl00137_0190_v1.1-kfl00137_0200_v1.1	0.484817	1.78825	0.271112
kfl00137_0220_v1.1-kfl00137_0230_v1.1	0.502278	2.24948	0.223286
kfl00139_0280_v1.1-kfl00139_0290_v1.1	0.195845	0.413962	0.473098
kfl00140_0220_v1.1-kfl00140_0230_v1.1	1.54539	1.95496	0.790494
kfl00140_0225_v1.1-kfl00140_0230_v1.1	0.521047	0.916239	0.56868
kfl00141_0120_v1.1-kfl00141_0130_v1.1	0.165006	0.315413	0.523141
kfl00141_0230_v1.1-kfl00141_0240_v1.1	0.212425	0.410625	0.51732
kfl00144_0260_v1.1-kfl00144_0265_v1.1	0.156755	0.326653	0.479882
kfl00144_0290_v1.1-kfl00144_0300_v1.1	0.0676265	0.328761	0.205701
kfl00145_0160_v1.1-kfl00145_0170_v1.1	0.0653444	0.507124	0.128853
kfl00146_0070_v1.1-kfl00146_0080_v1.1	0.720773	1.76995	0.407228
kfl00146_0080_v1.1-kfl00146_0090_v1.1	0.2805	0.472272	0.593936
kfl00146_0095_v1.1-kfl00146_0100_v1.1	0.551504	0.622866	0.885429
kfl00148_0120_v1.1-kfl00148_0130_v1.1	0.0470569	0.200706	0.234456
kfl00151_0210_v1.1-kfl00151_0230_v1.1	1.10437	1.232	0.896403
kfl00154_0040_v1.1-kfl00154_0050_v1.1	0.4432	1.07577	0.411985
kfl00154_0270_v1.1-kfl00154_0280_v1.1	0.221979	0.435636	0.509552
kfl00155_0130_v1.1-kfl00155_0140_v1.1	0.110195	0.482739	0.22827
kfl00156_0010_v1.1-kfl00156_0020_v1.1	0.805742	1.37984	0.583938
kfl00158_0100_v1.1-kfl00158_0110_v1.1	0.108932	0.550907	0.197732
kfl00158_0195_v1.1-kfl00158_0220_v1.1	0.430487	1.10454	0.389743
kfl00159_0150_v1.1-kfl00159_0170_v1.1	0.85092	3.26445	0.260663
kfl00160_0020_v1.1-kfl00160_0030_v1.1	0.38071	0.55551	0.685334
kfl00161_0030_v1.1-kfl00161_0035_v1.1	0.209394	0.462289	0.452949
kfl00161_0035_v1.1-kfl00161_0040_v1.1	0.442156	0.906161	0.487945
kfl00161_0070_v1.1-kfl00161_0080_v1.1	0.366293	1.46167	0.2506
kfl00164_0200_v1.1-kfl00164_0210_v1.1	0.258017	0.787443	0.327665
kfl00166_0120_v1.1-kfl00166_0130_v1.1	0.239619	0.786063	0.304834
kfl00166_0180_v1.1-kfl00166_0190_v1.1	0.892732	2.55876	0.348893
kfl00170_0160_v1.1-kfl00170_0180_v1.1	1.29152	1.93026	0.669091
kfl00170_0170_v1.1-kfl00170_0190_v1.1	0.793186	1.53314	0.517361
kfl00170_0190_v1.1-kfl00170_0200_v1.1	0.500101	1.38393	0.361363
kfl00170_0200_v1.1-kfl00170_0210_v1.1	0.524875	1.2333	0.425584
kfl00170_0210_v1.1-kfl00170_0220_v1.1	0.565542	1.16003	0.487525
kfl00170_0230_v1.1-kfl00170_0240_v1.1	0.473024	1.13256	0.417658
kfl00170_0240_v1.1-kfl00170_0250_v1.1	0.344299	0.925943	0.371836
kfl00173_0140_v1.1-kfl00173_0150_v1.1	0.75115	1.4501	0.517998
kfl00174_g9_v1.1-kfl00174_g10_v1.1	0.280095	0.624966	0.448177
kfl00176_0140_v1.1-kfl00176_0150_v1.1	0.711458	NA	NA
kfl00176_0150_v1.1-kfl00176_0160_v1.1	0.416873	0.96059	0.433976
kfl00176_g6_v1.1-kfl00176_0070_v1.1	0.60868	1.5998	0.380473
kfl00180_0060_v1.1-kfl00180_0070_v1.1	0.0808051	0.226732	0.35639
kfl00180_0220_v1.1-kfl00180_0230_v1.1	0.362698	0.683167	0.530906
kfl00180_0220_v1.1-kfl00180_0235_v1.1	0.814288	1.43468	0.567575
kfl00183_0220_v1.1-kfl00183_0225_v1.1	0.168797	0.395073	0.427255
kfl00183_0225_v1.1-kfl00183_0230_v1.1	0.204388	0.428881	0.476561
kfl00183_0230_v1.1-kfl00183_0235_v1.1	0.257321	0.501382	0.513223
kfl00184_0140_v1.1-kfl00184_0160_v1.1	0.303868	1.11538	0.272434
kfl00185_0210_v1.1-kfl00185_0215_v1.1	0.327649	0.538828	0.608078
kfl00188_0230_v1.1-kfl00188_0235_v1.1	0.482439	1.22894	0.392566
kfl00188_g25_v1.1-kfl00188_0230_v1.1	0.525898	0.920921	0.571057
kfl00190_0200_v1.1-kfl00190_0210_v1.1	0.207405	0.6136	0.338013
kfl00191_0170_v1.1-kfl00191_0180_v1.1	0.257001	0.548744	0.468344
kfl00192_0010_v1.1-kfl00192_0020_v1.1	0.391714	1.29677	0.302069
kfl00192_0110_v1.1-kfl00192_0120_v1.1	0.266534	0.589311	0.452281
kfl00192_0120_v1.1-kfl00192_0125_v1.1	0.431044	1.78257	0.241811
kfl00192_0125_v1.1-kfl00192_0130_v1.1	0.349509	1.44365	0.242101
kfl00193_0040_v1.1-kfl00193_0060_v1.1	0.121974	0.975331	0.12506
kfl00195_0060_v1.1-kfl00195_0070_v1.1	0.0975748	0.348634	0.279877
kfl00195_0080_v1.1-kfl00195_0090_v1.1	0.179885	0.514707	0.349491
kfl00197_0045_v1.1-kfl00197_g8_v1.1	0.781565	1.29881	0.601753
kfl00197_0140_v1.1-kfl00197_0145_v1.1	0.459517	0.793799	0.578883
kfl00197_g7_v1.1-kfl00197_g8_v1.1	0.92209	2.04536	0.450821
kfl00197_g8_v1.1-kfl00197_g9_v1.1	0.802972	1.89099	0.42463
kfl00199_0030_v1.1-kfl00199_0050_v1.1	0.290066	0.78673	0.368698
kfl00199_0050_v1.1-kfl00199_0055_v1.1	0.209778	0.608839	0.344553
kfl00199_0070_v1.1-kfl00199_0090_v1.1	0.382781	0.938778	0.407744
kfl00199_0080_v1.1-kfl00199_0100_v1.1	0.3879	0.904368	0.428918
kfl00201_0070_v1.1-kfl00201_0080_v1.1	0.496806	1.23623	0.401871
kfl00201_0080_v1.1-kfl00201_0100_v1.1	0.632422	1.47899	0.427604
kfl00201_0120_v1.1-kfl00201_0135_v1.1	0.411334	0.93885	0.438125
kfl00201_0130_v1.1-kfl00201_0120_v1.1	0.277783	0.863561	0.321671
kfl00203_0070_v1.1-kfl00203_g8_v1.1	0.994245	1.46038	0.680814
kfl00204_0070_v1.1-kfl00204_0090_v1.1	0.255697	0.744346	0.343518
kfl00205_0030_v1.1-kfl00205_g3_v1.1	0.828015	1.43963	0.575157
kfl00206_0170_v1.1-kfl00206_0180_v1.1	0.475719	1.32422	0.359245
kfl00206_0180_v1.1-kfl00206_0185_v1.1	0.584625	1.1768	0.496793
kfl00207_0120_v1.1-kfl00207_0125_v1.1	0.231447	0.606426	0.381657
kfl00215_0160_v1.1-kfl00215_0170_v1.1	0.588476	1.06999	0.549982
kfl00216_0130_v1.1-kfl00216_0140_v1.1	0.435206	1.04755	0.415451
kfl00217_0170_v1.1-kfl00217_0180_v1.1	1.14984	1.41643	0.811793
kfl00221_0200_v1.1-kfl00221_0210_v1.1	0.324931	1.12159	0.289705
kfl00223_0035_v1.1-kfl00223_0050_v1.1	0.350332	0.667212	0.525069
kfl00225_0130_v1.1-kfl00225_0140_v1.1	0.283375	1.28248	0.220958
kfl00225_0130_v1.1-kfl00225_0150_v1.1	0.185979	1.04441	0.178072
kfl00227_0010_v1.1-kfl00227_0040_v1.1	0.0637505	0.252587	0.25239
kfl00227_0110_v1.1-kfl00227_0120_v1.1	0.204759	0.611519	0.334836
kfl00227_0120_v1.1-kfl00227_0130_v1.1	0.544946	1.28545	0.423935
kfl00227_0130_v1.1-kfl00227_0140_v1.1	0.625707	1.46768	0.426325
kfl00230_0010_v1.1-kfl00230_0030_v1.1	0.362161	1.3291	0.272486
kfl00230_0130_v1.1-kfl00230_0140_v1.1	0.560249	4.12821	0.135712
kfl00232_0010_v1.1-kfl00232_0020_v1.1	0.577454	0.890952	0.648132
kfl00235_0200_v1.1-kfl00235_0210_v1.1	0.236946	0.388615	0.60972
kfl00241_0130_v1.1-kfl00241_0140_v1.1	0.188997	0.452222	0.41793
kfl00241_0140_v1.1-kfl00241_0150_v1.1	0.653329	1.36729	0.477827
kfl00242_0110_v1.1-kfl00242_0120_v1.1	0.140047	1.00697	0.139077
kfl00246_0040_v1.1-kfl00246_0060_v1.1	1.11164	2.37774	0.467521
kfl00246_0060_v1.1-kfl00246_0080_v1.1	1.0299	1.84727	0.557525
kfl00246_0110_v1.1-kfl00246_0115_v1.1	0.416419	0.993069	0.419325
kfl00246_0120_v1.1-kfl00246_0130_v1.1	1.17633	1.91518	0.614215
kfl00247_0110_v1.1-kfl00247_0130_v1.1	0.292069	0.814209	0.358715
kfl00247_0160_v1.1-kfl00247_0180_v1.1	0.970244	0.793903	1.22212
kfl00247_0180_v1.1-kfl00247_0190_v1.1	0.139343	0.237907	0.585704
kfl00250_0070_v1.1-kfl00250_0080_v1.1	0.357993	2.19511	0.163086
kfl00250_0200_v1.1-kfl00250_0210_v1.1	0.365141	1.23893	0.294722
kfl00251_0140_v1.1-kfl00251_0150_v1.1	0.170029	0.490285	0.346796
kfl00252_0010_v1.1-kfl00252_0030_v1.1	0.088707	0.384453	0.230736
kfl00256_0020_v1.1-kfl00256_0040_v1.1	0.177874	0.973639	0.18269
kfl00256_0030_v1.1-kfl00256_0050_v1.1	0.343753	1.05504	0.325819
kfl00256_0060_v1.1-kfl00256_0070_v1.1	1.61965	3.04139	0.532536
kfl00263_0136_v1.1-kfl00263_0140_v1.1	0.290757	2.07731	0.139968
kfl00263_g14_v1.1-kfl00263_0136_v1.1	0.440369	NA	NA
kfl00267_0080_v1.1-kfl00267_0090_v1.1	0.668658	1.5014	0.445358
kfl00267_0090_v1.1-kfl00267_0100_v1.1	0.20234	0.496203	0.407776
kfl00272_0120_v1.1-kfl00272_0130_v1.1	0.381855	1.32981	0.287149
kfl00274_0020_v1.1-kfl00274_0040_v1.1	0.237215	0.874699	0.271196
kfl00279_0160_v1.1-kfl00279_0170_v1.1	0.0492423	0.36603	0.134531
kfl00282_0040_v1.1-kfl00282_0050_v1.1	0.60968	0.994395	0.613117
kfl00282_0050_v1.1-kfl00282_0060_v1.1	0.266107	0.539842	0.492934
kfl00282_0060_v1.1-kfl00282_0065_v1.1	0.313243	0.635185	0.493153
kfl00283_0120_v1.1-kfl00283_0130_v1.1	0.471453	0.737485	0.639271
kfl00285_0130_v1.1-kfl00285_0140_v1.1	0.399028	1.29597	0.3079
kfl00285_0150_v1.1-kfl00285_0155_v1.1	0.500797	0.593045	0.84445
kfl00295_0020_v1.1-kfl00295_0030_v1.1	0.748112	1.13819	0.657281
kfl00296_0110_v1.1-kfl00296_0120_v1.1	0.742569	1.29909	0.571607
kfl00296_0120_v1.1-kfl00296_0130_v1.1	0.64521	1.6198	0.398326
kfl00296_0130_v1.1-kfl00296_0140_v1.1	0.319549	0.747001	0.427776
kfl00296_0140_v1.1-kfl00296_0150_v1.1	0.635276	1.10655	0.574107
kfl00297_0010_v1.1-kfl00297_0020_v1.1	0.0386042	0.165561	0.233172
kfl00299_0010_v1.1-kfl00299_0020_v1.1	0.209494	0.542635	0.386068
kfl00303_0040_v1.1-kfl00303_0060_v1.1	0.216	0.593793	0.363763
kfl00303_0090_v1.1-kfl00303_0100_v1.1	0.757211	2.4997	0.30292
kfl00303_0110_v1.1-kfl00303_0120_v1.1	0.204195	0.667887	0.305733
kfl00309_0070_v1.1-kfl00309_0090_v1.1	0.393912	1.08479	0.363123
kfl00311_0040_v1.1-kfl00311_0050_v1.1	0.0875959	0.411	0.213129
kfl00311_0050_v1.1-kfl00311_0060_v1.1	0.136938	0.528126	0.25929
kfl00321_0030_v1.1-kfl00321_0040_v1.1	0.167283	1.10241	0.151742
kfl00321_0110_v1.1-kfl00321_0120_v1.1	0.573346	1.1205	0.511687
kfl00322_0060_v1.1-kfl00322_0070_v1.1	0.327734	1.41289	0.231961
kfl00322_0070_v1.1-kfl00322_0090_v1.1	0.416005	1.0845	0.383591
kfl00322_0140_v1.1-kfl00322_0150_v1.1	0.267685	0.716079	0.373821
kfl00329_0040_v1.1-kfl00329_0050_v1.1	0.194994	0.61978	0.314619
kfl00329_0050_v1.1-kfl00329_0070_v1.1	0.571574	1.0462	0.546335
kfl00337_0060_v1.1-kfl00337_0070_v1.1	0.052124	0.494967	0.105308
kfl00338_0120_v1.1-kfl00338_0130_v1.1	0.864278	1.31443	0.65753
kfl00339_0040_v1.1-kfl00339_0050_v1.1	0.523926	1.60823	0.325777
kfl00340_0080_v1.1-kfl00340_0100_v1.1	0.415394	0.66968	0.620286
kfl00344_0080_v1.1-kfl00344_0090_v1.1	0.4623	1.36144	0.339568
kfl00357_0010_v1.1-kfl00357_0020_v1.1	1.26249	4.06554	0.310534
kfl00357_0090_v1.1-kfl00357_0100_v1.1	0.27868	0.702673	0.3966
kfl00362_0020_v1.1-kfl00362_0030_v1.1	0.340293	0.737501	0.461413
kfl00362_0040_v1.1-kfl00362_0050_v1.1	0.652699	1.05641	0.617845
kfl00362_0100_v1.1-kfl00362_0105_v1.1	1.28974	2.22884	0.578661
kfl00362_0105_v1.1-kfl00362_0110_v1.1	1.06422	1.08637	0.97961
kfl00362_0105_v1.1-kfl00362_0120_v1.1	0.758176	1.97077	0.384711
kfl00362_0140_v1.1-kfl00362_0150_v1.1	0.419126	0.749882	0.558923
kfl00365_0010_v1.1-kfl00365_0030_v1.1	0.276478	1.06133	0.260501
kfl00366_0070_v1.1-kfl00366_0090_v1.1	0.53337	1.37551	0.387762
kfl00366_0080_v1.1-kfl00366_0100_v1.1	0.211614	0.566314	0.373669
kfl00366_0120_v1.1-kfl00366_0160_v1.1	0.277005	0.773556	0.358094
kfl00366_0160_v1.1-kfl00366_0180_v1.1	0.228904	0.698308	0.327798
kfl00367_0070_v1.1-kfl00367_0080_v1.1	0.343961	0.348828	0.98605
kfl00367_g6_v1.1-kfl00367_0070_v1.1	0.425712	0.632083	0.673506
kfl00370_0120_v1.1-kfl00370_0140_v1.1	1.2182	1.96437	0.620147
kfl00370_0130_v1.1-kfl00370_0140_v1.1	1.32986	2.33111	0.570484
kfl00374_0060_v1.1-kfl00374_0070_v1.1	0.264901	0.577497	0.458705
kfl00374_0070_v1.1-kfl00374_0080_v1.1	0.433281	1.4373	0.301455
kfl00380_0060_v1.1-kfl00380_0080_v1.1	0.3045	0.956337	0.318402
kfl00381_0030_v1.1-kfl00381_0050_v1.1	1.64972	1.71812	0.960191
kfl00383_0030_v1.1-kfl00383_0050_v1.1	0.0789726	0.270634	0.291806
kfl00383_0040_v1.1-kfl00383_0050_v1.1	0.31407	0.431913	0.727161
kfl00386_0050_v1.1-kfl00386_0070_v1.1	0.154148	0.386269	0.399068
kfl00393_0090_v1.1-kfl00393_0100_v1.1	0.11722	0.289016	0.405583
kfl00407_0100_v1.1-kfl00407_0105_v1.1	0.152463	0.317283	0.480528
kfl00409_0110_v1.1-kfl00409_0120_v1.1	0.449371	1.07207	0.419162
kfl00413_0020_v1.1-kfl00413_0030_v1.1	0.493948	0.848177	0.582365
kfl00414_0060_v1.1-kfl00414_0070_v1.1	0.503163	NA	NA
kfl00417_0120_v1.1-kfl00417_0130_v1.1	0.897517	0.901279	0.995826
kfl00418_0060_v1.1-kfl00418_0070_v1.1	0.293008	1.42941	0.204985
kfl00418_0090_v1.1-kfl00418_0100_v1.1	0.568538	2.48205	0.22906
kfl00422_0090_v1.1-kfl00422_0100_v1.1	0.879162	1.71317	0.513178
kfl00423_0030_v1.1-kfl00423_0040_v1.1	0.465277	1.22102	0.381056
kfl00430_0120_v1.1-kfl00430_0130_v1.1	0.459775	1.60381	0.286677
kfl00431_0070_v1.1-kfl00431_0080_v1.1	0.114452	0.362839	0.315435
kfl00431_0100_v1.1-kfl00431_0110_v1.1	0.190165	0.356258	0.533783
kfl00431_0110_v1.1-kfl00431_0120_v1.1	0.118827	0.387991	0.306263
kfl00432_0080_v1.1-kfl00432_0090_v1.1	0.383271	NA	NA
kfl00435_0010_v1.1-kfl00435_0020_v1.1	1.11986	1.81495	0.617017
kfl00439_0080_v1.1-kfl00439_0090_v1.1	0.124084	0.280613	0.442189
kfl00439_0090_v1.1-kfl00439_0100_v1.1	0.224204	0.303174	0.739522
kfl00444_0050_v1.1-kfl00444_0060_v1.1	0.490867	1.5886	0.308994
kfl00444_0060_v1.1-kfl00444_0070_v1.1	0.23829	1.05765	0.225302
kfl00447_0080_v1.1-kfl00447_0090_v1.1	0.362285	1.02496	0.353463
kfl00448_0060_v1.1-kfl00448_0070_v1.1	0.631848	1.459	0.433069
kfl00450_0110_v1.1-kfl00450_0120_v1.1	0.213584	1.27478	0.167546
kfl00453_0010_v1.1-kfl00453_0015_v1.1	0.774743	1.67713	0.461945
kfl00453_0160_v1.1-kfl00453_0170_v1.1	0.226066	0.522381	0.432761
kfl00455_0010_v1.1-kfl00455_0030_v1.1	0.879584	2.2984	0.382695
kfl00459_0080_v1.1-kfl00459_0100_v1.1	0.39884	0.751083	0.531019
kfl00463_0020_v1.1-kfl00463_0040_v1.1	0.969841	1.50053	0.646335
kfl00464_0060_v1.1-kfl00464_0070_v1.1	0.377608	0.892976	0.422865
kfl00472_0010_v1.1-kfl00472_0020_v1.1	0.168259	0.525352	0.320279
kfl00472_0090_v1.1-kfl00472_0100_v1.1	1.03574	2.20143	0.470484
kfl00473_0030_v1.1-kfl00473_0040_v1.1	0.0864904	0.537067	0.161042
kfl00473_0050_v1.1-kfl00473_0060_v1.1	0.29561	NA	NA
kfl00476_0020_v1.1-kfl00476_0040_v1.1	0.701512	NA	NA
kfl00483_0020_v1.1-kfl00483_0030_v1.1	0.336933	0.747083	0.450998
kfl00484_0060_v1.1-kfl00484_0070_v1.1	0.136731	0.475351	0.287642
kfl00484_0075_v1.1-kfl00484_g9_v1.1	0.683594	1.16643	0.586056
kfl00491_0040_v1.1-kfl00491_0060_v1.1	0.646963	1.32901	0.4868
kfl00491_0050_v1.1-kfl00491_0060_v1.1	0.301402	0.964976	0.312342
kfl00513_0010_v1.1-kfl00513_0040_v1.1	0.0907096	0.250544	0.362051
kfl00516_0030_v1.1-kfl00516_0040_v1.1	0.107193	0.437678	0.244914
kfl00516_0040_v1.1-kfl00516_0050_v1.1	0.223867	0.600327	0.372908
kfl00516_0040_v1.1-kfl00516_0055_v1.1	0.0973627	0.733791	0.132685
kfl00517_0030_v1.1-kfl00517_0040_v1.1	0.569516	1.49387	0.381234
kfl00518_0030_v1.1-kfl00518_0040_v1.1	0.123785	0.508405	0.243478
kfl00519_0030_v1.1-kfl00519_0040_v1.1	0.250831	0.416739	0.60189
kfl00519_0040_v1.1-kfl00519_0050_v1.1	0.587627	1.13143	0.519366
kfl00519_0050_v1.1-kfl00519_0060_v1.1	0.468059	0.80126	0.584155
kfl00523_0010_v1.1-kfl00523_0020_v1.1	0.65277	1.71296	0.381077
kfl00531_0020_v1.1-kfl00531_0030_v1.1	0.983084	1.75499	0.560166
kfl00534_0050_v1.1-kfl00534_0060_v1.1	0.263342	1.13061	0.232921
kfl00537_0020_v1.1-kfl00537_g4_v1.1	0.296242	0.640634	0.462421
kfl00537_0030_v1.1-kfl00537_g4_v1.1	0.163681	0.511552	0.31997
kfl00537_g4_v1.1-kfl00537_0040_v1.1	0.461858	1.14995	0.401632
kfl00539_0030_v1.1-kfl00539_0040_v1.1	0.222828	0.90484	0.246262
kfl00551_0030_v1.1-kfl00551_0040_v1.1	0.0722146	0.379204	0.190437
kfl00558_0060_v1.1-kfl00558_0080_v1.1	0.52373	1.42707	0.366996
kfl00572_0050_v1.1-kfl00572_0060_v1.1	0.371156	1.64749	0.225286
kfl00576_0020_v1.1-kfl00576_0030_v1.1	0.721748	1.6393	0.440278
kfl00576_0030_v1.1-kfl00576_0050_v1.1	0.429946	1.47504	0.291481
kfl00581_0070_v1.1-kfl00581_0090_v1.1	0.554185	1.35729	0.408303
kfl00588_0030_v1.1-kfl00588_0060_v1.1	0.510349	2.12907	0.239705
kfl00589_0030_v1.1-kfl00589_0040_v1.1	0.0979556	0.371242	0.26386
kfl00595_0040_v1.1-kfl00595_0060_v1.1	0.552727	1.11869	0.494084
kfl00596_0060_v1.1-kfl00596_0065_v1.1	0.338868	0.759782	0.446007
kfl00605_0020_v1.1-kfl00605_0030_v1.1	0.201148	1.05571	0.190534
kfl00620_0040_v1.1-kfl00620_0060_v1.1	0.760322	1.08446	0.701109
kfl00624_0050_v1.1-kfl00624_0065_v1.1	0.0849216	0.402214	0.211136
kfl00624_0060_v1.1-kfl00624_0065_v1.1	0.0481535	0.346318	0.139044
kfl00627_0060_v1.1-kfl00627_0070_v1.1	0.23449	0.521399	0.449732
kfl00650_0010_v1.1-kfl00650_0020_v1.1	1.07047	1.16613	0.917971
kfl00650_0020_v1.1-kfl00650_0030_v1.1	1.00329	1.58356	0.633567
kfl00650_0060_v1.1-kfl00650_0070_v1.1	0.641359	0.916885	0.699498
kfl00653_0020_v1.1-kfl00653_0030_v1.1	0.511501	1.53474	0.333282
kfl00653_0030_v1.1-kfl00653_0040_v1.1	0.468937	1.26638	0.370296
kfl00653_0040_v1.1-kfl00653_0050_v1.1	0.497128	1.4368	0.345997
kfl00655_0020_v1.1-kfl00655_0030_v1.1	0.110273	0.535612	0.205882
kfl00662_0070_v1.1-kfl00662_g9_v1.1	0.498772	1.08275	0.460653
kfl00662_0080_v1.1-kfl00662_g9_v1.1	0.408264	1.17717	0.346818
kfl00665_0080_v1.1-kfl00665_0100_v1.1	0.160161	0.416972	0.384105
kfl00668_0040_v1.1-kfl00668_0045_v1.1	0.100452	0.290617	0.345651
kfl00668_0045_v1.1-kfl00668_0060_v1.1	0.0718719	0.406445	0.176831
kfl00668_0050_v1.1-kfl00668_0055_v1.1	0.152073	0.441107	0.344753
kfl00668_0055_v1.1-kfl00668_0065_v1.1	0.151239	0.608857	0.248399
kfl00676_0020_v1.1-kfl00676_0040_v1.1	0.173569	0.451162	0.384715
kfl00677_0200_v1.1-kfl00677_0210_v1.1	1.34705	1.21013	1.11314
kfl00678_0060_v1.1-kfl00678_0070_v1.1	0.297374	1.09419	0.271775
kfl00683_0030_v1.1-kfl00683_0040_v1.1	0.123669	0.535877	0.230779
kfl00695_0030_v1.1-kfl00695_0050_v1.1	0.284817	0.679002	0.419463
kfl00701_0060_v1.1-kfl00701_0070_v1.1	0.424231	1.90713	0.222445
kfl00721_0010_v1.1-kfl00721_0040_v1.1	0.958308	1.38292	0.692958
kfl00722_0030_v1.1-kfl00722_0040_v1.1	1.24582	3.23835	0.384708
kfl00730_0060_v1.1-kfl00730_0070_v1.1	0.29999	0.560407	0.535307
kfl00730_0070_v1.1-kfl00730_0075_v1.1	0.239006	0.726361	0.329045
kfl00736_0020_v1.1-kfl00736_0040_v1.1	0.301382	1.26416	0.238405
kfl00736_0060_v1.1-kfl00736_0030_v1.1	0.249681	0.503856	0.495539
kfl00736_g3_v1.1-kfl00736_0040_v1.1	0.772831	1.92078	0.402352
kfl00742_0010_v1.1-kfl00742_0030_v1.1	0.29452	0.398286	0.73947
kfl00742_0020_v1.1-kfl00742_0030_v1.1	0.753783	1.10589	0.681609
kfl00743_0060_v1.1-kfl00743_0065_v1.1	0.189523	0.552876	0.342795
kfl00748_0010_v1.1-kfl00748_0020_v1.1	0.160713	0.611392	0.262865
kfl00759_0020_v1.1-kfl00759_0030_v1.1	0.131352	0.374782	0.350477
kfl00784_g5_v1.1-kfl00784_0050_v1.1	0.499093	1.47865	0.337533
kfl00794_0080_v1.1-kfl00794_0090_v1.1	1.50535	1.97677	0.761519
kfl00901_0020_v1.1-kfl00901_0030_v1.1	1.83578	2.01723	0.91005
kfl00914_0030_v1.1-kfl00914_0040_v1.1	0.846747	1.71885	0.492623
kfl00942_0010_v1.1-kfl00942_0020_v1.1	0.634105	0.950117	0.667397
kfl00942_0050_v1.1-kfl00942_0055_v1.1	0.576073	1.20449	0.478271
kfl00943_0020_v1.1-kfl00943_0030_v1.1	0.800539	1.13941	0.702588
kfl00950_0020_v1.1-kfl00950_0030_v1.1	0.520721	0.933949	0.557548
kfl00950_0040_v1.1-kfl00950_0050_v1.1	0.352391	1.05849	0.332917
kfl00951_0010_v1.1-kfl00951_0030_v1.1	0.528972	0.783649	0.675012
kfl00961_0015_v1.1-kfl00961_0030_v1.1	0.237856	0.559075	0.425446
kfl00963_0020_v1.1-kfl00963_0030_v1.1	0.397497	0.587774	0.676274
kfl00998_0010_v1.1-kfl00998_0020_v1.1	0.500537	0.528144	0.947728
kfl00998_0020_v1.1-kfl00998_0030_v1.1	0.365012	0.800497	0.455982
kfl00999_0015_v1.1-kfl00999_0030_v1.1	1.33132	4.3425	0.30658
kfl01009_0010_v1.1-kfl01009_0020_v1.1	0.902793	1.84075	0.490447
kfl01009_0020_v1.1-kfl01009_0030_v1.1	1.31388	2.31455	0.567661
kfl01012_0030_v1.1-kfl01012_0040_v1.1	0.213286	0.316446	0.674004
kfl01012_0040_v1.1-kfl01012_0045_v1.1	0.187079	0.335709	0.557264
kfl01060_0020_v1.1-kfl01060_0035_v1.1	0.0738929	0.193484	0.381907
kfl01072_0010_v1.1-kfl01072_0020_v1.1	1.32105	1.38598	0.953152
kfl01084_0030_v1.1-kfl01084_0040_v1.1	1.15891	3.66861	0.3159
kfl01086_0020_v1.1-kfl01086_0030_v1.1	0.0254081	0.0485136	0.523731
kfl01174_0020_v1.1-kfl01174_0030_v1.1	0.205983	0.452552	0.455158
kfl01227_0010_v1.1-kfl01227_0020_v1.1	0.134801	0.325506	0.414129
kfl01242_0010_v1.1-kfl01242_0015_v1.1	0.243123	0.514312	0.472715
kfl01243_g2_v1.1-kfl01243_0020_v1.1	0.267371	0.933566	0.286398
kfl01374_0010_v1.1-kfl01374_0015_v1.1	0.224734	0.433937	0.517896
kfl01589_0010_v1.1-kfl01589_0015_v1.1	0.0726642	0.184647	0.39353
kfl01813_0320_v1.1-kfl01813_0330_v1.1	0.51949	2.64239	0.196599
kfl01813_1260_v1.1-kfl01813_1270_v1.1	0.521943	2.64438	0.197378
kfl01813_1590_v1.1-kfl01813_1610_v1.1	0.666129	3.0897	0.215596
kfl01814_0510_v1.1-kfl01814_0520_v1.1	1.09579	NA	NA
