Seq	Ka	Ks	Ka/Ks
g10014-g10016	0.497367	0.828114	0.600602
g10109-g10110	0.30039	0.844573	0.35567
g10110-g10111	0.341948	1.05713	0.32347
g10111-g10112	0.0839831	0.166175	0.505388
g10113-g10114	0.453339	1.3612	0.333044
g10116-g10118	0.0584374	0.268712	0.217472
g10150-g10151	1.50867	1.6118	0.936011
g10150-g10152	0.289242	0.35833	0.807192
g10168-g10169	0.526488	1.10651	0.475811
g10174-g10176	0.0374821	0.205653	0.182259
g1022-g1023	0.402327	0.724032	0.555675
g10233-g10235	0.312803	0.599796	0.521516
g10234-g10236	0.221638	0.609583	0.363589
g10251-g10253	0.300911	0.524432	0.573784
g10335-g10336	0.931355	3.99251	0.233276
g10335-g10337	0.637444	1.91268	0.333272
g10349-g10351	0.543807	0.519417	1.04696
g10409-g10410	0.215231	0.483421	0.445225
g10478-g10479	0.197139	0.581548	0.33899
g10479-g10480	0.197375	0.536293	0.368036
g10531-g10533	0.187541	0.319506	0.586971
g10561-g10563	0.150729	0.323849	0.465428
g10604-g10605	0.3869	0.738422	0.523955
g10660-g10661	0.175873	0.336276	0.523004
g10691-g10693	0.47419	0.515386	0.920068
g10715-g10717	0.057701	0.188717	0.305754
g10716-g10717	0.290928	0.68151	0.426888
g10759-g10760	0.524156	0.606463	0.864283
g10761-g10762	0.137372	0.196188	0.700208
g10963-g10965	0.0232809	0.0208104	1.11871
g10964-g10966	0.0861755	0.106763	0.807166
g1113-g1115	0.669746	0.727057	0.921174
g11169-g11170	0.0760143	0.0811272	0.936976
g11199-g11200	0.247808	0.538724	0.459991
g11291-g11292	0.279426	0.329821	0.847203
g11291-g11293	0.244933	0.667945	0.366697
g11299-g11300	0.117136	0.376123	0.311429
g11366-g11367	0.441377	0.961413	0.459092
g11366-g11368	0.561253	0.846386	0.663117
g11476-g11477	0.100414	0.308285	0.32572
g11508-g11510	0.29031	0.550565	0.527295
g11509-g11511	0.141663	0.263735	0.537142
g11510-g11512	0.180274	0.38035	0.473969
g11511-g11512	0.148769	0.277424	0.536252
g11512-g11514	0.0488052	0.187828	0.25984
g11536-g11538	0.910027	1.57067	0.579388
g11556-g11557	0.265416	0.89434	0.296773
g11569-g11571	0.344291	1.07653	0.319816
g11579-g11580	0.892447	1.27524	0.699825
g11695-g11696	0.20661	0.424527	0.486684
g116-g118	NA	NA	NA
g11714-g11716	0.482773	0.838275	0.575913
g11717-g11719	1.44124	NA	NA
g11720-g11721	0.470354	1.00552	0.46777
g11722-g11724	0.634183	1.29105	0.491215
g11788-g11789	0.180094	0.33647	0.535247
g11796-g11797	0.0840772	0.301982	0.278418
g11798-g11800	0.146265	0.238951	0.612115
g11799-g11801	0.549767	1.22497	0.448799
g11859-g11861	1.18389	3.92341	0.301749
g11927-g11929	0.0529673	0.471992	0.112221
g11935-g11936	0.322441	1.05625	0.305269
g11957-g11958	0.871784	2.22183	0.392372
g1197-g1198	0.390511	0.932694	0.418691
g1198-g1199	0.316737	0.481548	0.657748
g1199-g1200	0.350296	0.524185	0.668267
g12044-g12046	0.0724059	0.267133	0.271048
g12046-g12047	0.102368	0.369329	0.277173
g12047-g12049	0.24135	0.652867	0.369677
g12048-g12050	0.124303	0.293984	0.422822
g12114-g12115	0.762569	1.1112	0.686259
g12117-g12118	0.165272	0.275303	0.600327
g12117-g12119	0.190012	0.396781	0.478884
g12133-g12135	0.110715	0.163015	0.679172
g12149-g12151	0.250081	0.583962	0.428249
g12150-g12152	0.0606441	0.0914363	0.663239
g12162-g12164	0.0281835	0.0325306	0.866367
g12163-g12164	0.0251371	0.058844	0.427182
g12339-g12340	0.152879	0.210742	0.725433
g12342-g12343	1.93324	NA	NA
g12343-g12344	0.23064	0.241894	0.953476
g123-g125	0.0828071	0.223392	0.370681
g12461-g12463	0.797077	2.02054	0.394488
g12462-g12464	0.950574	2.02471	0.469485
g12519-g12520	0.405196	0.489542	0.827705
g12520-g12521	0.279347	0.359538	0.776961
g12527-g12528	0.428803	0.940582	0.455891
g12529-g12530	0.681709	1.17227	0.581529
g12529-g12531	0.38399	0.505287	0.759945
g1257-g1258	0.514512	0.717345	0.717244
g1258-g1259	0.574988	0.744235	0.77259
g12609-g12610	0.118847	0.288481	0.411976
g12610-g12611	0.00410561	0.00885131	0.463843
g12611-g12612	0.0249433	0.0549954	0.453554
g12613-g12614	0.149004	0.537855	0.277033
g12615-g12616	0.0510181	0.090338	0.564747
g12616-g12617	0.622853	1.45276	0.428737
g12635-g12637	0.277813	0.404464	0.686869
g12659-g12661	0.250339	0.508731	0.492085
g12661-g12662	0.129669	0.242599	0.534498
g12663-g12664	0.554223	0.661448	0.837894
g12789-g12791	1.51809	1.65898	0.915072
g1282-g1284	0.562969	0.686596	0.819941
g12834-g12835	0.460176	0.811321	0.567193
g12835-g12836	0.420428	0.745018	0.564318
g1283-g1285	0.152379	0.160922	0.946914
g1284-g1285	0.183895	0.244807	0.751183
g12869-g12871	0.170197	0.86029	0.197837
g12873-g12874	0.446353	1.16615	0.382756
g12874-g12876	0.292019	0.900875	0.324151
g12929-g12931	0.392476	1.20242	0.326405
g12954-g12955	0.274215	1.02988	0.266259
g12969-g12971	0.587176	1.07138	0.548058
g1314-g1315	0.514214	1.51139	0.340226
g13168-g13169	0.307823	1.38724	0.221897
g13195-g13197	0.162447	0.335081	0.484799
g13275-g13276	0.189977	0.290947	0.652963
g13349-g13351	1.06467	1.80139	0.591024
g13361-g13363	0.175069	0.550559	0.317985
g13369-g13371	0.670621	1.22963	0.545384
g134-g136	0.23153	0.342349	0.676298
g13500-g13502	0.687566	1.13727	0.604577
g13580-g13581	0.616739	0.769249	0.801742
g13582-g13584	0.248533	0.480767	0.516952
g135-g136	0.25985	0.336716	0.771718
g1371-g1373	0.741292	1.83201	0.404634
g13723-g13724	0.131583	0.294325	0.447066
g13724-g13725	0.336791	0.457432	0.736264
g13725-g13726	0.45408	0.865586	0.524592
g13776-g13777	0.14857	0.171453	0.866535
g13778-g13779	0.414073	0.932683	0.443959
g13814-g13815	0.255801	1.08932	0.234827
g13833-g13835	0.043452	0.06553	0.663085
g13853-g13854	0.154196	0.251023	0.614271
g13865-g13866	0.0836466	0.171565	0.487549
g13866-g13868	0.617427	0.910907	0.677815
g13878-g13879	0.324322	1.54601	0.209781
g13880-g13881	0.335833	0.766299	0.438253
g13998-g14000	0.377591	0.681001	0.554465
g14082-g14083	0.240368	0.5999	0.40068
g14210-g14212	0.680788	1.12012	0.607782
g14235-g14237	0.648367	0.768916	0.843222
g14260-g14261	0.425164	0.963738	0.441162
g14284-g14285	0.0764453	0.103533	0.738367
g14287-g14288	0.415831	0.679956	0.611556
g14290-g14292	0.19835	0.259387	0.764687
g14300-g14301	0.182432	0.362952	0.502634
g1433-g1434	0.289982	1.47251	0.19693
g14350-g14351	0.189361	0.527249	0.359149
g14350-g14352	0.518971	0.919089	0.564658
g14598-g14599	0.0710961	0.282922	0.251292
g14600-g14601	0.158784	0.314649	0.50464
g14654-g14655	0.56075	1.44844	0.387142
g14716-g14717	0.630475	0.822934	0.766132
g14759-g14760	0.46563	1.16918	0.398252
g14760-g14761	0.118236	0.337036	0.350811
g14806-g14808	0.107786	0.379567	0.28397
g14818-g14819	0.595797	1.13828	0.523418
g14867-g14868	0.404762	0.395701	1.0229
g14940-g14942	0.201781	0.261525	0.771556
g14972-g14973	0.437957	0.856886	0.511103
g14975-g14976	0.0766889	0.269487	0.284574
g14986-g14987	0.290411	0.466658	0.622322
g14992-g14993	0.156929	1.47244	0.106577
g15011-g15012	0.352262	0.820029	0.429572
g15012-g15013	0.527351	0.690941	0.763236
g15013-g15014	0.595859	1.02941	0.578835
g15072-g15074	0.0818414	0.4836	0.169234
g15074-g15075	0.134753	0.275388	0.48932
g15074-g15076	1.87959	2.86976	0.654964
g15105-g15107	0.230532	0.299709	0.769186
g15119-g15120	1.1054	1.76216	0.627298
g15186-g15187	0.189496	0.47927	0.395385
g15199-g15200	0.191287	0.290045	0.659509
g15220-g15221	0.45756	0.583265	0.78448
g15233-g15234	0.161356	0.373654	0.431833
g15233-g15235	0.112322	0.197575	0.568504
g15249-g15251	0.705005	1.23586	0.57046
g15291-g15292	0.102482	0.197048	0.520087
g15299-g15301	1.09099	1.33422	0.817702
g15300-g15302	0.00229598	0.00734636	0.312533
g15302-g15303	0.0427875	0.279861	0.152889
g15303-g15304	0.0428468	0.264008	0.162293
g15308-g15310	0.131302	0.279975	0.468977
g15338-g15339	0.779061	1.99398	0.390707
g1543-g1544	0.293385	0.749495	0.391444
g15532-g15533	0.655354	0.890864	0.735639
g15535-g15537	0.479863	NA	NA
g15536-g15537	0.766815	NA	NA
g15557-g15558	0.552399	1.04801	0.527094
g15557-g15559	0.118213	0.218073	0.542079
g15560-g15561	0.291255	0.625575	0.465579
g15561-g15562	0.165345	0.301273	0.548824
g15601-g15602	0.085535	0.274161	0.311988
g15603-g15605	0.229513	0.629539	0.364573
g15604-g15605	0.142334	0.333394	0.426923
g15605-g15606	0.211221	0.580582	0.363809
g15606-g15607	0.432225	1.07588	0.40174
g15611-g15613	0.387126	1.172	0.330311
g15613-g15614	0.570519	1.1572	0.493016
g15615-g15616	0.346928	0.572853	0.605614
g15647-g15649	0.804736	1.35382	0.594419
g15648-g15650	0.285969	0.56262	0.50828
g15649-g15650	0.258766	0.653933	0.395708
g15651-g15652	0.330015	0.490371	0.672991
g15652-g15653	0.0139389	0.0493074	0.282693
g15653-g15654	0.0478773	0.206151	0.232244
g15678-g15680	0.664786	1.32841	0.500436
g15845-g15846	0.281683	0.871264	0.323303
g15848-g15850	0.550601	0.682764	0.80643
g15886-g15887	0.261329	1.02871	0.254034
g16180-g16181	0.240762	0.381003	0.631917
g16181-g16182	1.12544	1.6856	0.667679
g1620-g1621	0.381558	0.580323	0.657493
g16226-g16227	0.187818	0.281228	0.66785
g16227-g16229	0.414426	0.645048	0.642473
g16228-g16230	0.0494464	0.111816	0.44221
g16317-g16318	0.166922	0.520825	0.320495
g16318-g16319	0.0353394	0.0739842	0.477661
g16319-g16320	0.0417414	0.182924	0.22819
g16339-g16340	0.107604	0.449877	0.239186
g16405-g16406	0.130607	0.25986	0.502606
g16571-g16572	0.821295	1.26113	0.651239
g16588-g16589	0.181254	0.451092	0.401811
g16589-g16590	0.122783	0.252551	0.486171
g16590-g16591	0.338737	1.26474	0.267831
g16591-g16592	0.448137	1.41861	0.315898
g16592-g16593	0.452679	0.846988	0.534457
g16598-g16600	1.58008	1.79176	0.881859
g16600-g16601	1.4615	2.18939	0.667535
g16671-g16672	0.0457235	0.0653228	0.699963
g16671-g16673	0.202808	0.265639	0.763472
g16672-g16674	0.155231	0.695854	0.223079
g16701-g16702	1.5339	NA	NA
g16733-g16734	0.0817132	0.455482	0.1794
g16788-g16790	0.138605	0.329231	0.420998
g16791-g16793	0.111694	0.597897	0.186811
g16792-g16793	0.117151	0.323651	0.361967
g16793-g16794	0.675004	0.983938	0.686022
g16794-g16795	0.639049	1.14838	0.556478
g16795-g16796	0.0199939	0.027688	0.722113
g16796-g16797	0.0199939	0.027688	0.722113
g16799-g16800	0.184432	0.391559	0.47102
g167-g169	0.145464	0.224478	0.648009
g16801-g16802	0.0652511	0.280849	0.232335
g1682-g1683	0.663418	0.932598	0.711365
g16832-g16833	0.326338	0.524092	0.622673
g16832-g16834	0.228835	0.299174	0.764889
g16862-g16863	0.277171	0.405695	0.683201
g16863-g16864	0.421156	0.51607	0.816082
g16923-g16924	0.337974	0.681559	0.495884
g16924-g16925	0.425714	1.40106	0.303852
g16925-g16926	0.119639	0.419558	0.285154
g17057-g17059	0.426845	1.39937	0.305027
g17078-g17080	0.00880431	0.00965382	0.912003
g17081-g17082	0.193841	0.51762	0.374485
g17082-g17083	0.26588	0.545455	0.487445
g17083-g17084	0.131825	0.359231	0.366965
g17146-g17148	0.747868	1.14634	0.652397
g17151-g17153	1.32683	NA	NA
g17152-g17153	0.752343	0.859736	0.875086
g17153-g17154	0.273504	0.490953	0.557088
g17227-g17228	0.206172	0.443039	0.465358
g1729-g1730	0.612621	1.16809	0.524465
g17305-g17307	0.546693	0.756333	0.722821
g17306-g17307	1.16734	1.16473	1.00224
g17306-g17308	0.216339	0.587201	0.368423
g17320-g17322	0.226893	0.314081	0.722404
g17321-g17322	0.182664	0.211163	0.865037
g17380-g17381	0.100641	0.0820924	1.22595
g17434-g17436	0.406916	0.460025	0.884552
g17447-g17449	0.314777	0.837202	0.375987
g17448-g17449	0.418196	0.424738	0.984596
g17449-g17451	0.440442	0.516267	0.853128
g1750-g1751	1.43215	2.13074	0.672138
g17619-g17620	0.445767	3.36438	0.132496
g17641-g17642	0.61804	1.06626	0.579635
g17702-g17703	0.677139	1.56731	0.43204
g17782-g17784	0.229256	0.303186	0.756158
g17786-g17788	0.505596	0.918882	0.550229
g17859-g17861	0.351435	2.32582	0.151102
g17860-g17861	0.394744	1.08693	0.363171
g17871-g17873	0.250716	0.37539	0.667881
g17872-g17874	NA	NA	NA
g17882-g17884	0.235525	0.504059	0.467257
g17905-g17906	0.109127	0.444385	0.245568
g18002-g18003	0.0444014	0.173038	0.256599
g18002-g18004	0.273591	0.582954	0.469317
g18078-g18080	0.349689	1.45877	0.239716
g18080-g18081	0.347935	0.995406	0.349541
g18118-g18119	1.61276	2.25633	0.714773
g18227-g18228	0.374512	0.877704	0.426695
g18229-g18231	0.316092	0.535832	0.589909
g18230-g18231	0.154582	0.289049	0.534796
g18233-g18234	0.248867	0.783393	0.317678
g18234-g18235	0.264298	0.862237	0.306526
g18235-g18236	0.399931	0.847623	0.471827
g18256-g18258	0.323623	0.499994	0.647253
g18355-g18356	0.864004	1.23399	0.700169
g18360-g18362	0.341407	0.834025	0.409349
g18361-g18362	0.276109	1.44841	0.190629
g1842-g1844	0.00377534	NA	NA
g18473-g18474	0.223934	0.270609	0.827519
g18475-g18477	0.375484	0.692414	0.542283
g18477-g18479	0.577488	1.02086	0.565688
g18567-g18569	0.414333	0.742913	0.557715
g18630-g18631	0.609752	0.75475	0.807886
g18656-g18658	1.26908	2.83314	0.447942
g18667-g18669	0.551029	0.809731	0.680508
g18669-g18670	0.296468	0.669843	0.442593
g18682-g18684	0.578042	0.631175	0.915819
g18688-g18689	0.593373	1.60368	0.370007
g18735-g18736	0.113416	0.278659	0.407008
g18781-g18783	0.125913	0.217014	0.580206
g18931-g18932	0.224061	0.299786	0.747403
g18932-g18933	0.189118	0.227158	0.832541
g18948-g18949	0.10699	0.330056	0.324158
g18949-g18950	0.474391	1.16834	0.406039
g18963-g18964	0.494081	0.88539	0.558038
g19017-g19018	NA	NA	NA
g19029-g19031	0.585123	0.898824	0.650988
g19042-g19044	0.37041	0.783695	0.472645
g19043-g19045	0.120006	0.12106	0.991289
g19066-g19067	0.00404477	NA	NA
g19111-g19112	0.240176	0.500367	0.48
g19112-g19113	0.310874	0.754659	0.41194
g19113-g19114	0.116187	0.270579	0.429402
g19114-g19115	0.398654	0.533489	0.747258
g19312-g19313	0.223398	0.45738	0.48843
g19321-g19322	0.1636	0.536027	0.305209
g19435-g19436	0.50556	0.70979	0.712267
g19459-g19460	0.340764	0.571885	0.595862
g19482-g19483	0.363179	0.325126	1.11704
g19490-g19491	0.22574	1.11956	0.201632
g19594-g19595	0.70998	1.60977	0.441043
g19595-g19596	0.445724	0.683014	0.652584
g19613-g19614	0.383278	4.40701	0.0869701
g19630-g19631	0.32538	0.462256	0.703896
g19631-g19632	0.532687	0.667464	0.798075
g19666-g19667	0.441244	0.809185	0.545295
g19708-g19710	0.123356	0.249236	0.494936
g19779-g19781	0.141838	1.01327	0.139981
g19787-g19789	0.285171	0.723935	0.393919
g19851-g19852	0.860283	1.15434	0.745261
g20145-g20146	0.68277	0.819598	0.833054
g20147-g20149	0.247635	0.319588	0.774855
g20151-g20152	0.32255	0.436022	0.739757
g20152-g20153	0.386988	0.413889	0.935004
g20195-g20196	1.03808	3.26974	0.317481
g20197-g20198	0.429577	0.608386	0.706093
g20337-g20339	0.0666412	0.17774	0.374936
g20368-g20369	0.206958	0.191857	1.07871
g20369-g20370	0.10988	0.197425	0.556565
g20385-g20387	0.00325635	NA	NA
g20424-g20425	1.43385	2.3194	0.618197
g20468-g20469	0.0132897	0.00432716	3.07123
g20469-g20470	0.057582	0.0589123	0.97742
g20584-g20585	0.0300772	0.0700948	0.429093
g20584-g20586	0.189859	0.373528	0.508287
g20623-g20624	0.251877	0.532009	0.473445
g20640-g20641	0.39327	0.995457	0.395065
g20665-g20666	0.860223	1.19344	0.720791
g20666-g20667	0.430405	0.85428	0.503822
g20672-g20674	0.0106028	NA	NA
g20675-g20676	0.175505	0.239636	0.732382
g20676-g20678	0.518002	0.705917	0.733801
g20681-g20683	0.106235	0.456837	0.232545
g20734-g20736	0.0890276	0.526718	0.169023
g20735-g20736	0.40026	NA	NA
g20736-g20737	0.13463	0.306272	0.439576
g20738-g20740	1.54181	2.1718	0.709926
g20822-g20824	0.334136	1.5252	0.219077
g2155-g2156	0.345916	0.824854	0.419367
g22-g24	0.802402	NA	NA
g2423-g2425	0.190072	0.238843	0.795804
g2565-g2567	0.0541739	0.229644	0.235904
g2610-g2612	0.625908	0.908759	0.68875
g2612-g2613	0.915337	2.10191	0.435478
g2613-g2614	0.449799	1.04914	0.428733
g2701-g2703	0.559079	1.14643	0.487672
g2715-g2716	0.573778	1.13574	0.505203
g2748-g2749	0.613294	1.0728	0.571675
g2748-g2750	0.974844	3.24712	0.300218
g2794-g2795	0.368964	0.611941	0.602942
g2795-g2796	0.327666	0.633122	0.51754
g2798-g2800	0.307585	0.719004	0.427793
g2800-g2801	0.0677569	0.211056	0.321038
g2801-g2802	0.242777	0.434317	0.558985
g2801-g2803	1.56262	1.89606	0.824144
g2920-g2921	0.298739	0.855032	0.349389
g2939-g2940	0.319485	1.13028	0.282659
g3045-g3046	0.318603	0.483153	0.659424
g3045-g3047	1.16424	2.49411	0.466795
g312-g313	0.358644	NA	NA
g3145-g3146	0.129899	0.238309	0.545084
g3177-g3179	0.279314	0.636876	0.438569
g3181-g3182	0.0222502	0.0251282	0.885465
g3275-g3276	1.50848	NA	NA
g3363-g3364	NA	NA	NA
g3407-g3408	0.165425	0.497533	0.332491
g3426-g3427	0.00202559	0.00666743	0.303804
g3436-g3438	0.522456	0.826418	0.632194
g3451-g3452	0.433921	0.656729	0.66073
g3451-g3453	1.26704	1.54049	0.822492
g3622-g3623	0.294264	1.09448	0.268862
g3623-g3624	0.237346	1.18905	0.199609
g3624-g3625	0.73666	1.67657	0.439386
g3791-g3792	0.766129	1.90943	0.401234
g3852-g3854	0.868921	NA	NA
g3864-g3865	0.105313	0.443959	0.237214
g3866-g3867	0.374808	1.24646	0.300697
g3866-g3868	0.410524	0.990462	0.414477
g3869-g3871	0.144984	0.538076	0.269449
g3871-g3872	0.360362	1.00857	0.357299
g3881-g3882	0.500849	0.77676	0.644793
g3884-g3885	0.547536	5.62203	0.0973911
g3893-g3895	0.147012	0.216874	0.677867
g3894-g3895	0.0929277	0.376658	0.246716
g3894-g3896	0.335436	0.643244	0.521475
g389-g391	1.58677	3.61561	0.438866
g3940-g3941	0.311666	0.51226	0.608414
g3976-g3978	0.202984	0.403915	0.502541
g405-g406	1.69702	3.55053	0.477962
g4123-g4124	0.413856	0.69665	0.594066
g4129-g4130	0.0743463	0.133507	0.556871
g4159-g4161	0.443352	0.624678	0.709729
g4180-g4182	0.462381	NA	NA
g4181-g4182	0.292288	0.750697	0.389355
g4329-g4331	0.63475	0.973689	0.651902
g4448-g4449	0.215249	1.12866	0.190712
g4459-g4461	0.280826	0.46305	0.606469
g4461-g4462	0.0627316	0.108748	0.576855
g4537-g4539	0.444699	1.69111	0.262963
g4539-g4541	0.387084	1.60334	0.241423
g4550-g4552	0.846819	NA	NA
g4655-g4656	0.101596	0.307948	0.329911
g4721-g4722	0.734869	0.842458	0.872292
g4828-g4830	0.442664	1.99659	0.22171
g487-g488	0.256546	0.510179	0.502854
g4881-g4882	0.456317	0.970562	0.470158
g4893-g4895	0.522143	0.950657	0.549244
g4894-g4896	0.263997	0.713598	0.369952
g490-g492	0.473062	0.842353	0.561596
g4917-g4918	0.340061	0.877039	0.387738
g4918-g4919	0.294656	0.591197	0.498406
g496-g497	0.924129	1.36146	0.678779
g5035-g5037	1.02925	1.01597	1.01307
g5046-g5047	0.362446	1.14878	0.315506
g506-g507	0.368425	0.653536	0.563741
g507-g509	0.574736	0.838835	0.68516
g5151-g5153	0.110659	0.331226	0.334088
g5153-g5155	0.220759	0.737744	0.299236
g5212-g5214	0.688774	1.69121	0.407268
g5225-g5227	0.212999	0.365734	0.582389
g5227-g5229	0.311047	0.349417	0.890186
g5240-g5241	0.570982	1.35406	0.421683
g5274-g5276	0.129879	0.281076	0.462078
g5275-g5276	0.0465218	0.177211	0.262522
g5275-g5277	0.19674	0.355293	0.553739
g5276-g5278	0.20483	0.396464	0.516644
g5314-g5315	0.57745	0.805425	0.71695
g5335-g5336	0.65662	1.29183	0.508287
g539-g540	0.392757	0.594878	0.660231
g5474-g5476	1.46816	3.1563	0.465153
g548-g549	0.348107	0.85882	0.405332
g551-g553	0.397299	0.579393	0.685717
g553-g555	0.360889	0.531881	0.678515
g555-g557	0.246662	0.304865	0.809084
g560-g561	0.369188	0.922405	0.400245
g5638-g5639	0.625963	0.982829	0.636899
g564-g566	0.233379	0.482176	0.484012
g5692-g5693	0.404028	0.919908	0.439205
g572-g574	0.0619366	0.0730316	0.84808
g589-g590	0.0517356	0.230845	0.224114
g5905-g5907	0.204099	0.483329	0.422278
g5906-g5907	0.140195	0.627161	0.223538
g5929-g5930	0.436595	1.22536	0.3563
g593-g594	0.260183	0.586888	0.443327
g594-g595	0.283387	0.560152	0.505912
g5975-g5977	0.35943	0.603909	0.595173
g5980-g5981	0.249038	0.618446	0.402684
g5997-g5999	0.502115	2.85116	0.176109
g5999-g6000	0.313627	1.18181	0.265378
g6041-g6042	0.845027	NA	NA
g6088-g6089	0.742216	1.09821	0.675841
g6161-g6162	0.183101	0.338398	0.541081
g6231-g6233	0.363979	0.434098	0.838471
g6232-g6233	0.039588	0.0559153	0.707999
g6379-g6380	0.923489	0.924987	0.99838
g6381-g6382	0.488678	1.06732	0.457854
g6541-g6542	0.322311	0.777968	0.414298
g6542-g6543	0.166955	0.31926	0.522945
g6568-g6569	0.36838	2.70321	0.136275
g6599-g6600	0.175054	0.593192	0.295105
g6624-g6626	0.579064	0.770869	0.751183
g6625-g6626	0.347935	0.457167	0.761067
g6663-g6665	0.195212	1.05687	0.184709
g6665-g6666	0.25185	1.123	0.224265
g6666-g6668	0.324629	1.71382	0.189419
g6748-g6749	0.645197	0.786151	0.820704
g6748-g6750	0.496166	0.923535	0.537247
g6785-g6787	0.366172	1.52616	0.23993
g7145-g7146	0.0166144	0.0223761	0.742507
g7257-g7259	0.161714	0.289128	0.559318
g7389-g7391	0.791426	1.52972	0.517367
g7432-g7434	0.207767	0.328582	0.632316
g7458-g7459	1.4337	3.50798	0.408697
g7490-g7492	0.317043	1.41433	0.224164
g7492-g7494	0.710506	1.76107	0.403452
g7555-g7557	0.276703	0.449436	0.615666
g7556-g7557	0.296828	0.497633	0.596479
g7614-g7615	0.0331938	0.0830815	0.399533
g764-g765	0.0672194	0.232363	0.289285
g765-g766	0.0614601	0.0868413	0.707729
g7703-g7704	0.0725516	0.181269	0.400242
g7709-g7710	0.406403	2.15083	0.188951
g7716-g7717	0.237048	0.668225	0.354743
g772-g773	1.08594	1.70509	0.636881
g7792-g7793	0.30313	0.566928	0.534688
g7793-g7794	0.278646	0.502967	0.554004
g7794-g7795	0.0761941	0.240377	0.316978
g7796-g7797	0.673863	0.948147	0.710715
g7812-g7813	0.159842	0.262473	0.608985
g7879-g7881	0.362805	0.429015	0.84567
g7881-g7882	0.332953	0.414202	0.803841
g7884-g7886	1.30169	2.19927	0.591873
g7886-g7887	1.4479	2.30054	0.629375
g7933-g7934	0.133249	0.240529	0.553984
g7934-g7935	0.154999	0.278286	0.556975
g7935-g7936	0.071226	0.224301	0.317547
g8056-g8058	0.568518	0.944837	0.60171
g8074-g8075	0.461802	0.545199	0.847035
g8101-g8103	0.143839	0.333288	0.431575
g8118-g8119	0.469586	0.570319	0.823375
g8201-g8202	0.47877	1.2695	0.377132
g8202-g8203	0.130337	0.268213	0.485946
g8202-g8204	1.39886	1.56847	0.891863
g8241-g8243	0.162597	0.179751	0.904569
g8252-g8254	0.00838869	0.0574921	0.14591
g8253-g8254	0.113047	0.65315	0.173079
g8282-g8284	0.235576	0.862184	0.273232
g8283-g8284	0.270846	0.646734	0.418791
g8307-g8309	0.345229	0.572339	0.60319
g8338-g8339	0.404544	1.45754	0.277552
g8338-g8340	1.14367	1.87179	0.611001
g8372-g8373	0.101281	0.516415	0.196122
g8397-g8398	0.239177	0.557516	0.429004
g8397-g8399	0.162894	0.684854	0.237852
g8412-g8413	0.0555026	0.166113	0.334126
g8438-g8439	0.686169	0.73117	0.938453
g8439-g8441	0.0935735	0.311984	0.299931
g8613-g8614	0.0893243	0.256671	0.348011
g8713-g8715	0.162318	0.432553	0.375257
g8776-g8777	0.321486	0.820271	0.391926
g8895-g8896	0.830042	1.06778	0.777355
g8900-g8901	0.421082	NA	NA
g8901-g8902	0.201123	1.0689	0.188159
g8907-g8908	0.285028	0.774152	0.368181
g8929-g8931	0.270407	0.345669	0.782271
g8930-g8932	0.283269	0.734747	0.385532
g8939-g8940	0.771242	1.00534	0.767144
g895-g897	1.50027	1.62481	0.923349
g8977-g8979	0.0741074	0.233606	0.317232
g8979-g8980	0.15026	0.31171	0.482052
g8979-g8981	0.0898531	0.336496	0.267026
g9019-g9020	0.450644	1.29733	0.347363
g9022-g9023	0.663949	NA	NA
g9133-g9134	1.00072	2.32569	0.430291
g915-g917	0.314677	0.901336	0.349123
g916-g918	0.178404	0.527897	0.337952
g9186-g9187	0.41089	0.543222	0.756395
g9187-g9188	NA	NA	NA
g9188-g9189	0.113638	0.139664	0.813656
g9189-g9190	0.441582	1.05881	0.417053
g9192-g9193	0.0649998	0.0938793	0.692376
g9249-g9250	0.942992	0.96877	0.97339
g9250-g9252	0.163801	0.200347	0.817583
g9257-g9258	0.464317	0.725598	0.639909
g930-g931	0.205109	1.028	0.199523
g9329-g9331	0.193897	0.369973	0.524085
g9331-g9332	0.167373	0.120595	1.3879
g9333-g9335	0.437115	0.734467	0.595146
g9334-g9336	0.434185	0.729548	0.595142
g9336-g9338	0.301683	0.325203	0.927678
g933-g934	0.0875207	0.114031	0.767514
g9396-g9397	0.981573	1.38055	0.711
g9594-g9595	0.105827	0.134033	0.789561
g9708-g9710	0.073582	0.220727	0.333362
g9710-g9712	0.107532	0.259603	0.414218
g9730-g9732	1.47328	2.31932	0.635218
g9731-g9733	0.132144	0.224011	0.5899
g9733-g9734	0.243105	0.48645	0.499753
g9734-g9735	0.300387	0.650901	0.461494
g9822-g9823	0.340673	0.372728	0.913999
g9866-g9867	0.329604	2.76017	0.119415
g9867-g9868	0.243669	0.545939	0.44633
g9919-g9920	0.874728	3.19342	0.273916
g9919-g9921	0.476519	0.713242	0.668104
g9942-g9944	0.410351	0.584199	0.702416
g9948-g9950	0.141154	0.490447	0.287806
