Seq	Ka	Ks	Ka/Ks
Sphmag01G002100.1-Sphmag01G002200.1	0.221981	0.207483	1.06988
Sphmag01G002200.1-Sphmag01G002300.1	0.0622841	0.0218523	2.85023
Sphmag01G002300.1-Sphmag01G002500.1	0.205152	0.107105	1.91543
Sphmag01G006800.1-Sphmag01G007000.1	0.0202383	0.0589151	0.343517
Sphmag01G007600.1-Sphmag01G007700.1	0.0218036	0.0350043	0.622882
Sphmag01G008700.1-Sphmag01G008900.1	0.0453707	0.0582593	0.778772
Sphmag01G010700.1-Sphmag01G010800.1	NA	NA	NA
Sphmag01G015300.1-Sphmag01G015400.1	0.123667	0.236424	0.523074
Sphmag01G016500.1-Sphmag01G016600.1	0.0489371	0.0927502	0.527622
Sphmag01G018700.1-Sphmag01G018800.1	0.0679054	0.581357	0.116805
Sphmag01G018800.1-Sphmag01G018900.1	0.0466515	0.117693	0.396382
Sphmag01G020800.1-Sphmag01G021000.1	0.0413706	0.0856755	0.482875
Sphmag01G021600.1-Sphmag01G021700.1	0.0319689	0.0987951	0.323588
Sphmag01G021700.1-Sphmag01G021800.1	0.0310958	0.0652322	0.476694
Sphmag01G021800.1-Sphmag01G021900.1	0.0859124	0.137644	0.624165
Sphmag01G024500.1-Sphmag01G024700.1	0.266605	0.494522	0.539117
Sphmag01G025400.1-Sphmag01G025500.1	0.150805	0.764442	0.197274
Sphmag01G025500.1-Sphmag01G025700.1	0.0613715	0.217734	0.281865
Sphmag01G026100.1-Sphmag01G026200.1	0.252455	0.521306	0.484274
Sphmag01G026200.1-Sphmag01G026400.1	0.372609	0.862974	0.431773
Sphmag01G029900.1-Sphmag01G030000.1	0.250871	0.310035	0.80917
Sphmag01G032000.1-Sphmag01G032100.1	0.399864	0.552518	0.723712
Sphmag01G032100.1-Sphmag01G032200.1	0.242617	0.261814	0.926678
Sphmag01G032700.1-Sphmag01G032800.1	0.236758	0.294705	0.803373
Sphmag01G032900.1-Sphmag01G033000.1	0.235091	0.416788	0.564054
Sphmag01G033000.1-Sphmag01G033100.1	0.249523	0.453155	0.550636
Sphmag01G033200.1-Sphmag01G033300.1	0.0602395	0.0566545	1.06328
Sphmag01G033300.1-Sphmag01G033400.1	0.024064	0.0435444	0.55263
Sphmag01G033400.1-Sphmag01G033600.1	0.0210083	0.0526027	0.399376
Sphmag01G033900.1-Sphmag01G034000.1	0.0628242	0.0392382	1.6011
Sphmag01G034300.1-Sphmag01G034400.1	0.0555861	0.0959501	0.579322
Sphmag01G034900.1-Sphmag01G035000.1	0.178843	0.416618	0.429273
Sphmag01G037900.1-Sphmag01G038000.1	0.131588	0.197236	0.66716
Sphmag01G040800.1-Sphmag01G040900.1	0.18213	0.539342	0.337689
Sphmag01G040900.1-Sphmag01G041100.1	0.199987	0.273597	0.730955
Sphmag01G042600.1-Sphmag01G042700.1	0.440091	0.794309	0.554055
Sphmag01G049100.1-Sphmag01G049200.1	0.128215	0.15972	0.802745
Sphmag01G049200.1-Sphmag01G049300.1	0.111194	0.141279	0.787056
Sphmag01G049300.1-Sphmag01G049400.1	0.0443055	0.0519714	0.852497
Sphmag01G060600.1-Sphmag01G060800.1	0.270188	0.824672	0.327631
Sphmag01G062100.1-Sphmag01G062200.1	0.0215687	0.0789681	0.273132
Sphmag01G062200.1-Sphmag01G062300.1	0.0411336	0.130883	0.314277
Sphmag01G062200.1-Sphmag01G062400.1	0.0500403	0.0778732	0.642588
Sphmag01G063300.1-Sphmag01G063400.1	0.0169813	0.034827	0.48759
Sphmag01G065300.1-Sphmag01G065400.1	0.088323	0.0988823	0.893213
Sphmag01G066400.1-Sphmag01G066500.1	0.139662	0.498638	0.280086
Sphmag01G066500.1-Sphmag01G066600.1	0.0131359	0.0616249	0.213159
Sphmag01G070100.1-Sphmag01G070200.1	1.00776	1.65907	0.607424
Sphmag01G070200.1-Sphmag01G070400.1	0.304467	0.475195	0.640721
Sphmag01G071900.1-Sphmag01G072000.1	0.0513393	0.762322	0.067346
Sphmag01G074500.1-Sphmag01G074600.1	0.181115	0.905738	0.199964
Sphmag01G076800.1-Sphmag01G076900.1	0.50575	1.60804	0.314513
Sphmag01G078900.1-Sphmag01G079100.1	0.00619687	0.00838691	0.738873
Sphmag01G083700.1-Sphmag01G083900.1	0.0441414	0.0730444	0.604309
Sphmag01G086800.1-Sphmag01G086900.1	0.0922876	0.230614	0.400182
Sphmag01G090400.1-Sphmag01G090500.1	0.0674245	1.41223	0.0477432
Sphmag01G096200.1-Sphmag01G096300.1	0.349216	0.566808	0.61611
Sphmag01G100800.1-Sphmag01G101000.1	0.032714	0.0724726	0.451399
Sphmag01G111500.1-Sphmag01G111700.1	0.0833797	0.120915	0.689575
Sphmag01G124000.1-Sphmag01G124100.1	0.144076	0.454836	0.316765
Sphmag01G124000.1-Sphmag01G124200.1	0.130264	0.339074	0.384174
Sphmag01G134000.1-Sphmag01G134100.1	0.0204023	0.174398	0.116987
Sphmag01G149900.1-Sphmag01G150000.1	0.424278	1.43958	0.294724
Sphmag01G150800.1-Sphmag01G150900.1	0.462547	0.769034	0.601464
Sphmag01G151200.1-Sphmag01G151300.1	0.130711	0.18255	0.716026
Sphmag01G151900.1-Sphmag01G152000.1	0.573594	2.18269	0.262792
Sphmag01G152000.1-Sphmag01G152100.1	0.361474	1.19288	0.303026
Sphmag01G152000.1-Sphmag01G152200.1	0.36428	1.13816	0.32006
Sphmag01G156300.1-Sphmag01G156500.1	0.160937	0.150451	1.06969
Sphmag01G156400.1-Sphmag01G156600.1	0.0639976	0.104628	0.611666
Sphmag01G160400.1-Sphmag01G160600.1	0.0937961	0.159575	0.587786
Sphmag01G160600.1-Sphmag01G160700.1	0.0958533	0.16921	0.566476
Sphmag01G161700.1-Sphmag01G161800.1	0.138935	0.520111	0.267125
Sphmag01G166900.1-Sphmag01G167000.1	0.0719658	0.0842995	0.853692
Sphmag01G169400.1-Sphmag01G169500.1	0.481189	1.80309	0.266869
Sphmag01G172400.1-Sphmag01G172600.1	0.176616	0.873272	0.202246
Sphmag01G175400.1-Sphmag01G175500.1	0.351383	0.481093	0.730384
Sphmag01G176100.1-Sphmag01G176200.1	0.105691	0.177363	0.595905
Sphmag01G177600.1-Sphmag01G177700.1	0.435734	0.645333	0.675207
Sphmag01G178900.1-Sphmag01G179100.1	0.151988	0.149424	1.01716
Sphmag01G179000.1-Sphmag01G179200.1	0.0786635	0.102016	0.771094
Sphmag01G179300.1-Sphmag01G179400.1	0.166112	0.170523	0.974127
Sphmag01G179300.1-Sphmag01G179500.1	0.139378	0.136116	1.02397
Sphmag01G179700.1-Sphmag01G179800.1	0.1577	0.118361	1.33236
Sphmag01G179800.1-Sphmag01G180000.1	0.149911	0.126159	1.18826
Sphmag01G180100.1-Sphmag01G180300.1	0.0207101	0.0529995	0.390761
Sphmag01G180400.1-Sphmag01G180600.1	0.0766224	0.107705	0.711408
Sphmag01G183200.1-Sphmag01G183400.1	0.0788609	0.217428	0.362699
Sphmag01G184500.1-Sphmag01G184600.1	0.156621	0.837893	0.186922
Sphmag01G184600.1-Sphmag01G184700.1	0.149342	1.17834	0.126739
Sphmag01G195100.1-Sphmag01G195200.1	0.175832	0.735543	0.23905
Sphmag01G196500.1-Sphmag01G196600.1	0.547679	0.828151	0.661327
Sphmag01G196900.1-Sphmag01G197100.1	0.393793	0.709843	0.55476
Sphmag01G197000.1-Sphmag01G197200.1	0.322418	0.333556	0.966609
Sphmag01G197100.1-Sphmag01G197300.1	0.128883	0.241146	0.53446
Sphmag01G197200.1-Sphmag01G197300.1	0.450001	0.57676	0.780224
Sphmag01G197300.1-Sphmag01G197400.1	0.402687	0.540183	0.745464
Sphmag01G197400.1-Sphmag01G197500.1	0.466909	0.712627	0.655194
Sphmag01G197700.1-Sphmag01G197900.1	0.199572	0.49924	0.399752
Sphmag02G022500.1-Sphmag02G022700.1	0.131996	0.189277	0.697366
Sphmag02G022600.1-Sphmag02G022800.1	0.0128089	0.012883	0.994252
Sphmag02G022700.1-Sphmag02G022800.1	0.0712109	0.150286	0.473836
Sphmag02G022800.1-Sphmag02G022900.1	0.067539	0.164673	0.41014
Sphmag02G023000.1-Sphmag02G023100.1	0.0665411	0.0961214	0.692261
Sphmag02G025000.1-Sphmag02G025100.1	NA	NA	NA
Sphmag02G025300.1-Sphmag02G025400.1	0.022759	NA	NA
Sphmag02G025400.1-Sphmag02G025500.1	NA	NA	NA
Sphmag02G025500.1-Sphmag02G025600.1	0.019849	NA	NA
Sphmag02G025600.1-Sphmag02G025700.1	NA	NA	NA
Sphmag02G028600.1-Sphmag02G028700.1	0.638673	1.54517	0.413335
Sphmag02G035700.1-Sphmag02G035800.1	0.122249	0.703056	0.173882
Sphmag02G047800.1-Sphmag02G047900.1	0.258538	1.11118	0.232669
Sphmag02G051300.1-Sphmag02G051500.1	0.401011	2.80912	0.142753
Sphmag02G065900.1-Sphmag02G066100.1	0.135954	0.14254	0.953796
Sphmag02G066100.1-Sphmag02G066300.1	0.107935	0.105271	1.02531
Sphmag02G070500.1-Sphmag02G070600.1	0.00840025	0.00700083	1.19989
Sphmag02G073600.1-Sphmag02G073700.1	0.0876756	0.176233	0.497499
Sphmag02G074000.1-Sphmag02G074100.1	0.00485961	0.339316	0.0143218
Sphmag02G081600.1-Sphmag02G081700.1	0.0374191	0.0547569	0.683369
Sphmag02G084300.1-Sphmag02G084400.1	0.0271782	0.0558407	0.486709
Sphmag02G088600.1-Sphmag02G088800.1	0.470063	1.64983	0.284916
Sphmag02G098000.1-Sphmag02G098100.1	NA	0.0113753	-0
Sphmag02G105000.1-Sphmag02G105100.1	0.0848476	0.155432	0.545883
Sphmag02G110200.1-Sphmag02G110300.1	0.187081	0.179075	1.04471
Sphmag02G110300.1-Sphmag02G110400.1	0.157931	0.151599	1.04177
Sphmag02G111200.1-Sphmag02G111400.1	0.0365381	0.0431668	0.846439
Sphmag02G111400.1-Sphmag02G111500.1	0.048062	0.0538704	0.892178
Sphmag02G111700.1-Sphmag02G111800.1	0.249134	1.37018	0.181826
Sphmag02G115400.1-Sphmag02G115500.1	0.296613	1.17978	0.251414
Sphmag02G117100.1-Sphmag02G117200.1	0.127083	0.687168	0.184938
Sphmag02G118400.1-Sphmag02G118500.1	0.238187	0.155221	1.53451
Sphmag02G118900.1-Sphmag02G119000.1	0.315924	0.88054	0.358785
Sphmag02G120300.1-Sphmag02G120500.1	0.0917499	0.158089	0.58037
Sphmag02G120500.1-Sphmag02G120600.1	0.0219467	0.0375562	0.584369
Sphmag02G120700.1-Sphmag02G120900.1	0.0806152	0.183954	0.438236
Sphmag02G120800.1-Sphmag02G121000.1	0.227614	0.241088	0.944111
Sphmag02G120900.1-Sphmag02G121100.1	0.0262334	0.0515574	0.50882
Sphmag02G121000.1-Sphmag02G121200.1	0.105258	0.061585	1.70916
Sphmag02G121200.1-Sphmag02G121300.1	0.311839	0.209567	1.48802
Sphmag02G121300.1-Sphmag02G121400.1	0.309172	0.293681	1.05274
Sphmag02G122200.1-Sphmag02G122400.1	0.380014	0.530968	0.715701
Sphmag02G122400.1-Sphmag02G122600.1	0.119793	0.192757	0.621473
Sphmag02G122500.1-Sphmag02G122700.1	0.0755189	0.109325	0.690772
Sphmag02G122600.1-Sphmag02G122700.1	0.136601	0.148548	0.919577
Sphmag02G122700.1-Sphmag02G122900.1	0.10142	0.131543	0.771005
Sphmag02G136300.1-Sphmag02G136500.1	0.208649	0.943114	0.221234
Sphmag02G137400.1-Sphmag02G137600.1	0.15142	0.23971	0.631681
Sphmag02G137500.1-Sphmag02G137600.1	0.143383	0.201467	0.711695
Sphmag02G137600.1-Sphmag02G137800.1	0.116271	0.136115	0.854209
Sphmag02G144800.1-Sphmag02G144900.1	0.0977629	0.132048	0.740361
Sphmag02G145000.1-Sphmag02G145100.1	0.155005	0.196444	0.789051
Sphmag02G149000.1-Sphmag02G149100.1	0.00955429	0.0462571	0.206548
Sphmag02G149100.1-Sphmag02G149200.1	0.056217	0.259377	0.216738
Sphmag02G149400.1-Sphmag02G149500.1	0.0471936	0.292996	0.161072
Sphmag02G149600.1-Sphmag02G149800.1	0.0202417	0.0276645	0.731684
Sphmag02G149700.1-Sphmag02G149900.1	0.151399	0.195828	0.77312
Sphmag02G151600.1-Sphmag02G151700.1	0.0883	0.100446	0.879079
Sphmag02G151700.1-Sphmag02G151800.1	0.083834	0.0879499	0.953202
Sphmag02G151800.1-Sphmag02G151900.1	0.0841874	0.0879499	0.95722
Sphmag02G151900.1-Sphmag02G152000.1	0.0508645	0.0881365	0.577111
Sphmag02G156200.1-Sphmag02G156300.1	0.929176	1.0689	0.869281
Sphmag02G157400.1-Sphmag02G157500.1	0.357837	0.724807	0.493699
Sphmag02G160300.1-Sphmag02G160400.1	0.0595468	0.0810764	0.734453
Sphmag02G160400.1-Sphmag02G160500.1	0.0235367	0.0370826	0.634711
Sphmag02G172200.1-Sphmag02G172300.1	0.0853866	0.203669	0.419243
Sphmag02G173200.1-Sphmag02G173300.1	0.1097	0.262015	0.418677
Sphmag02G173800.1-Sphmag02G173900.1	0.129718	0.15786	0.821727
Sphmag02G173900.1-Sphmag02G174000.1	0.124208	0.138513	0.896725
Sphmag02G174000.1-Sphmag02G174100.1	0.151531	0.176815	0.857003
Sphmag02G174100.1-Sphmag02G174200.1	0.151267	0.16926	0.893695
Sphmag02G174200.1-Sphmag02G174300.1	0.132946	0.115022	1.15583
Sphmag02G175800.1-Sphmag02G175900.1	0.02666	0.0575302	0.463409
Sphmag02G175900.1-Sphmag02G176000.1	0.0700474	0.125503	0.558135
Sphmag02G177900.1-Sphmag02G178000.1	0.532944	0.568006	0.938273
Sphmag02G178000.1-Sphmag02G178200.1	0.886421	1.76559	0.502055
Sphmag02G181500.1-Sphmag02G181600.1	0.0132595	0.0239931	0.552636
Sphmag02G182700.1-Sphmag02G182900.1	0.0653855	0.140551	0.465207
Sphmag02G183100.1-Sphmag02G183200.1	0.00587799	0.0201871	0.291175
Sphmag02G183400.1-Sphmag02G183500.1	0.141431	0.521316	0.271297
Sphmag02G183600.1-Sphmag02G183700.1	0.00683711	0.016658	0.410441
Sphmag02G183700.1-Sphmag02G183800.1	0.0516189	0.0788293	0.654819
Sphmag02G189200.1-Sphmag02G189300.1	0.122651	0.259161	0.473263
Sphmag02G189700.1-Sphmag02G189800.1	0.326967	0.754229	0.433511
Sphmag02G189900.1-Sphmag02G190000.1	0.0042381	0.0152186	0.278482
Sphmag02G190100.1-Sphmag02G190200.1	1.33376	1.7846	0.74737
Sphmag02G196700.1-Sphmag02G196800.1	0.118117	0.594879	0.198556
Sphmag02G197400.1-Sphmag02G197500.1	0.0553319	0.183509	0.301521
Sphmag02G198800.1-Sphmag02G199000.1	0.031321	0.030867	1.01471
Sphmag02G201500.1-Sphmag02G201600.1	0.0134392	0.0731219	0.183792
Sphmag02G203900.1-Sphmag02G204000.1	0.123414	0.917013	0.134583
Sphmag02G205900.1-Sphmag02G206000.1	0.130124	0.135601	0.959615
Sphmag02G206000.1-Sphmag02G206100.1	0.108758	0.128421	0.846884
Sphmag03G000600.1-Sphmag03G000800.1	0.0912334	0.305756	0.298386
Sphmag03G001700.1-Sphmag03G001900.1	0.025218	0.0295197	0.854278
Sphmag03G004700.1-Sphmag03G004800.1	0.0242502	0.0473656	0.51198
Sphmag03G004800.1-Sphmag03G004900.1	0.0351094	0.138947	0.252682
Sphmag03G006700.1-Sphmag03G006900.1	0.0222855	0.0181284	1.22932
Sphmag03G006800.1-Sphmag03G007000.1	0.0284612	0.0422463	0.673695
Sphmag03G008100.1-Sphmag03G008300.1	0.0774832	0.119589	0.647914
Sphmag03G014100.1-Sphmag03G014200.1	0.17623	0.474338	0.371527
Sphmag03G014200.1-Sphmag03G014300.1	0.138393	0.399131	0.346737
Sphmag03G015000.1-Sphmag03G015100.1	0.0809899	0.144516	0.56042
Sphmag03G017000.1-Sphmag03G017100.1	0.356152	0.462144	0.770651
Sphmag03G017100.1-Sphmag03G017200.1	0.440538	1.0305	0.427498
Sphmag03G017300.1-Sphmag03G017400.1	0.185831	0.238378	0.779564
Sphmag03G017300.1-Sphmag03G017500.1	0.239222	0.322275	0.742293
Sphmag03G025800.1-Sphmag03G025900.1	0.173048	0.871858	0.198481
Sphmag03G029700.1-Sphmag03G029800.1	0.0436919	0.0513208	0.85135
Sphmag03G033700.1-Sphmag03G033800.1	0.0280481	0.269788	0.103964
Sphmag03G035300.1-Sphmag03G035400.1	0.022173	0.0330229	0.671443
Sphmag03G035400.1-Sphmag03G035500.1	0.0323735	0.0537374	0.602438
Sphmag03G035500.1-Sphmag03G035600.1	0.0280165	0.0471516	0.59418
Sphmag03G035600.1-Sphmag03G035700.1	0.0976508	0.22663	0.430882
Sphmag03G035900.1-Sphmag03G036100.1	0.0218795	0.0438677	0.498761
Sphmag03G054200.1-Sphmag03G054400.1	0.0225496	0.0108442	2.07942
Sphmag03G056100.1-Sphmag03G056200.1	0.0257252	0.0231693	1.11031
Sphmag03G058100.1-Sphmag03G058300.1	0.103081	0.301659	0.341713
Sphmag03G058600.1-Sphmag03G058800.1	0.241602	0.493324	0.489744
Sphmag03G069500.1-Sphmag03G069600.1	0.0225889	0.0290105	0.778647
Sphmag03G070000.1-Sphmag03G070100.1	0.0408203	0.0457679	0.891898
Sphmag03G071300.1-Sphmag03G071500.1	0.0088859	0.0368005	0.241461
Sphmag03G077000.1-Sphmag03G077100.1	0.0550628	0.0629164	0.875174
Sphmag03G077600.1-Sphmag03G077700.1	0.0228178	0.0326905	0.697995
Sphmag03G079400.1-Sphmag03G079500.1	0.568928	0.988522	0.575534
Sphmag03G081500.1-Sphmag03G081700.1	0.0947828	0.140221	0.675951
Sphmag03G084800.1-Sphmag03G084900.1	0.048018	0.0591844	0.811329
Sphmag03G091000.1-Sphmag03G091100.1	0.0286477	0.02645	1.08309
Sphmag03G091200.1-Sphmag03G091300.1	0.056893	0.236477	0.240586
Sphmag03G094600.1-Sphmag03G094800.1	0.0732255	0.10323	0.709343
Sphmag03G096700.1-Sphmag03G096800.1	0.7928	2.02213	0.392061
Sphmag03G098400.1-Sphmag03G098500.1	0.307891	1.55368	0.198169
Sphmag03G098900.1-Sphmag03G099100.1	0.238931	0.836473	0.285641
Sphmag03G101200.1-Sphmag03G101300.1	0.0614301	0.0825732	0.743947
Sphmag03G101200.1-Sphmag03G101400.1	0.0194831	0.071175	0.273736
Sphmag03G107000.1-Sphmag03G107100.1	0.567575	0.877162	0.647059
Sphmag03G107100.1-Sphmag03G107200.1	0.0810561	0.0226429	3.57976
Sphmag03G108100.1-Sphmag03G108200.1	0.401329	2.03115	0.197587
Sphmag03G109300.1-Sphmag03G109400.1	0.0864142	0.361293	0.23918
Sphmag03G109800.1-Sphmag03G109900.1	0.041799	0.016678	2.50623
Sphmag03G110400.1-Sphmag03G110500.1	0.118118	0.138918	0.850266
Sphmag03G110800.1-Sphmag03G110900.1	0.0636605	0.0728821	0.873473
Sphmag03G110800.1-Sphmag03G111000.1	0.215953	0.366219	0.589683
Sphmag03G110900.1-Sphmag03G111100.1	0.0809068	0.0884927	0.914277
Sphmag03G111700.1-Sphmag03G111800.1	NA	0.00579197	-0
Sphmag03G114700.1-Sphmag03G114900.1	0.357839	0.488545	0.732458
Sphmag03G119600.1-Sphmag03G119800.1	0.0237745	0.0215079	1.10538
Sphmag03G119700.1-Sphmag03G119900.1	0.0116904	0.0120912	0.966848
Sphmag03G119800.1-Sphmag03G120000.1	0.00799734	0.013173	0.607099
Sphmag03G121800.1-Sphmag03G121900.1	0.00772357	0.0231544	0.333569
Sphmag03G121900.1-Sphmag03G122100.1	0.0193173	0.0606507	0.318501
Sphmag03G122500.1-Sphmag03G122600.1	0.0387319	0.0462982	0.836574
Sphmag03G122800.1-Sphmag03G123000.1	0.256842	0.508846	0.504754
Sphmag03G129100.1-Sphmag03G129200.1	0.598482	0.786989	0.76047
Sphmag03G129200.1-Sphmag03G129400.1	0.371027	0.444162	0.835341
Sphmag03G129600.1-Sphmag03G129800.1	0.0166144	0.0356617	0.465889
Sphmag03G132700.1-Sphmag03G132900.1	0.025444	0.0336762	0.755548
Sphmag03G134400.1-Sphmag03G134600.1	0.276375	0.863703	0.319989
Sphmag03G134800.1-Sphmag03G134900.1	NA	NA	NA
Sphmag03G135600.1-Sphmag03G135700.1	0.13593	0.237757	0.571718
Sphmag03G135700.1-Sphmag03G135800.1	0.0566168	0.0796757	0.71059
Sphmag03G135700.1-Sphmag03G135900.1	0.415106	0.979895	0.423623
Sphmag03G136300.1-Sphmag03G136400.1	NA	NA	NA
Sphmag03G138300.1-Sphmag03G138400.1	0.00799883	NA	NA
Sphmag03G139500.1-Sphmag03G139600.1	0.0743964	0.0545677	1.36338
Sphmag03G140000.1-Sphmag03G140200.1	0.0572691	0.0398958	1.43547
Sphmag03G140100.1-Sphmag03G140200.1	0.0602675	0.0428336	1.40701
Sphmag03G140600.1-Sphmag03G140800.1	0.0650599	0.0425817	1.52788
Sphmag03G140800.1-Sphmag03G140900.1	0.0751384	0.0395475	1.89996
Sphmag03G142300.1-Sphmag03G142400.1	0.178727	0.0970489	1.84161
Sphmag04G001800.1-Sphmag04G001900.1	0.20424	0.417707	0.488955
Sphmag04G003600.1-Sphmag04G003700.1	0.316298	0.578207	0.547033
Sphmag04G007700.1-Sphmag04G007800.1	0.0533427	0.076381	0.698377
Sphmag04G009400.1-Sphmag04G009500.1	0.311717	1.10416	0.282312
Sphmag04G012900.1-Sphmag04G013000.1	0.263758	0.210266	1.2544
Sphmag04G013000.1-Sphmag04G013200.1	0.100752	0.131433	0.766565
Sphmag04G013600.1-Sphmag04G013700.1	0.118233	0.19083	0.619575
Sphmag04G014500.1-Sphmag04G014600.1	0.33031	0.442542	0.746394
Sphmag04G014600.1-Sphmag04G014700.1	0.280965	0.327862	0.85696
Sphmag04G014700.1-Sphmag04G014800.1	0.449963	0.717249	0.627346
Sphmag04G014800.1-Sphmag04G014900.1	0.356382	0.626372	0.568963
Sphmag04G018700.1-Sphmag04G018800.1	0.0443761	0.0184927	2.39966
Sphmag04G018800.1-Sphmag04G018900.1	0.0327682	0.0221346	1.4804
Sphmag04G019100.1-Sphmag04G019200.1	0.0340137	0.0335794	1.01293
Sphmag04G020500.1-Sphmag04G020600.1	0.0288977	0.0110031	2.62633
Sphmag04G020800.1-Sphmag04G021000.1	0.0757742	0.108492	0.698431
Sphmag04G021300.1-Sphmag04G021500.1	0.0192489	0.0472465	0.407414
Sphmag04G021400.1-Sphmag04G021600.1	0.0215132	0.0178289	1.20665
Sphmag04G021500.1-Sphmag04G021700.1	NA	NA	NA
Sphmag04G021600.1-Sphmag04G021800.1	0.00676052	0.00235582	2.8697
Sphmag04G024600.1-Sphmag04G024700.1	0.0234094	0.00984551	2.37767
Sphmag04G026900.1-Sphmag04G027000.1	0.445562	1.58067	0.281881
Sphmag04G028700.1-Sphmag04G028800.1	0.253174	0.265146	0.954847
Sphmag04G029100.1-Sphmag04G029200.1	0.326187	0.925538	0.35243
Sphmag04G029600.1-Sphmag04G029700.1	0.67058	0.931152	0.720161
Sphmag04G031000.1-Sphmag04G031100.1	0.242166	0.782834	0.309345
Sphmag04G033900.1-Sphmag04G034000.1	NA	NA	NA
Sphmag04G034700.1-Sphmag04G034900.1	0.0836904	0.654987	0.127774
Sphmag04G035700.1-Sphmag04G035800.1	0.009985	0.0383956	0.260055
Sphmag04G035800.1-Sphmag04G036000.1	0.0682048	0.110724	0.61599
Sphmag04G035900.1-Sphmag04G036100.1	0.076189	0.0969162	0.786133
Sphmag04G037400.1-Sphmag04G037500.1	0.268378	0.394252	0.680727
Sphmag04G041300.1-Sphmag04G041500.1	0.0207066	0.0669134	0.309454
Sphmag04G045500.1-Sphmag04G045700.1	0.0842683	0.152475	0.55267
Sphmag04G051900.1-Sphmag04G052000.1	0.890674	2.45368	0.362996
Sphmag04G053800.1-Sphmag04G053900.1	0.594086	0.904242	0.656999
Sphmag04G060100.1-Sphmag04G060200.1	0.309553	1.20738	0.256384
Sphmag04G061700.1-Sphmag04G061800.1	NA	NA	NA
Sphmag04G064100.1-Sphmag04G064300.1	0.0996368	0.179972	0.553624
Sphmag04G071200.1-Sphmag04G071300.1	0.334985	0.858688	0.390112
Sphmag04G072900.1-Sphmag04G073000.1	1.33309	NA	NA
Sphmag04G073000.1-Sphmag04G073100.1	0.475923	0.714212	0.666361
Sphmag04G073800.1-Sphmag04G073900.1	0.590516	2.54036	0.232454
Sphmag04G074000.1-Sphmag04G074100.1	0.00180337	0.00531492	0.339304
Sphmag04G074400.1-Sphmag04G074500.1	0.0259593	0.0180606	1.43734
Sphmag04G075300.1-Sphmag04G075400.1	0.287994	NA	NA
Sphmag04G078100.1-Sphmag04G078200.1	0.0723192	0.086519	0.835877
Sphmag04G078200.1-Sphmag04G078300.1	0.0374353	0.0477721	0.783622
Sphmag04G078300.1-Sphmag04G078400.1	0.0618875	0.071937	0.860302
Sphmag04G078400.1-Sphmag04G078500.1	0.0802347	0.0806279	0.995123
Sphmag04G078500.1-Sphmag04G078600.1	0.36976	0.652319	0.56684
Sphmag04G078500.1-Sphmag04G078700.1	0.191634	0.386761	0.495484
Sphmag04G079200.1-Sphmag04G079300.1	0.0411326	0.0291964	1.40882
Sphmag04G081900.1-Sphmag04G082100.1	0.0982482	0.20924	0.469548
Sphmag04G086600.1-Sphmag04G086800.1	0.16556	0.385199	0.429803
Sphmag04G087100.1-Sphmag04G087200.1	0.100275	0.162736	0.616184
Sphmag04G087200.1-Sphmag04G087300.1	0.0920053	0.157648	0.583614
Sphmag04G088000.1-Sphmag04G088100.1	0.0643197	0.274444	0.234364
Sphmag04G088700.1-Sphmag04G088800.1	0.621442	2.6492	0.234578
Sphmag04G092000.1-Sphmag04G092100.1	0.370534	1.07145	0.345825
Sphmag04G093400.1-Sphmag04G093500.1	0.0396729	0.0579054	0.685133
Sphmag04G093400.1-Sphmag04G093600.1	0.043176	0.0686496	0.628933
Sphmag04G093700.1-Sphmag04G093900.1	0.0522125	0.120058	0.434895
Sphmag04G093900.1-Sphmag04G094000.1	0.0550454	0.099476	0.553354
Sphmag04G094000.1-Sphmag04G094100.1	0.0490794	0.0523217	0.938031
Sphmag04G094100.1-Sphmag04G094200.1	0.0482087	0.0442221	1.09015
Sphmag04G094200.1-Sphmag04G094300.1	0.0464529	0.0321133	1.44653
Sphmag04G094200.1-Sphmag04G094400.1	0.0539727	0.0740775	0.728598
Sphmag04G094300.1-Sphmag04G094500.1	0.0464014	0.0468269	0.990914
Sphmag04G104400.1-Sphmag04G104500.1	0.123783	0.103849	1.19196
Sphmag04G104800.1-Sphmag04G104900.1	0.107161	0.1677	0.639006
Sphmag04G104900.1-Sphmag04G105000.1	0.131804	0.219594	0.600217
Sphmag04G105000.1-Sphmag04G105200.1	0.0811035	0.0937001	0.865565
Sphmag04G105100.1-Sphmag04G105300.1	0.0863911	0.137081	0.630218
Sphmag04G107100.1-Sphmag04G107300.1	0.0192472	0.0268542	0.71673
Sphmag04G107200.1-Sphmag04G107400.1	0.0762282	0.0931954	0.817939
Sphmag04G113800.1-Sphmag04G113900.1	0.136841	1.44807	0.0944989
Sphmag04G116300.1-Sphmag04G116400.1	NA	NA	NA
Sphmag04G117000.1-Sphmag04G117200.1	0.126652	0.251253	0.504079
Sphmag04G117100.1-Sphmag04G117300.1	0.0661788	0.0291755	2.2683
Sphmag04G117200.1-Sphmag04G117400.1	0.0839862	0.094805	0.885884
Sphmag04G117300.1-Sphmag04G117500.1	0.278097	0.378965	0.733833
Sphmag04G117600.1-Sphmag04G117800.1	0.0624878	0.0295016	2.11812
Sphmag04G117900.1-Sphmag04G118100.1	0.0444233	0.0434951	1.02134
Sphmag04G118600.1-Sphmag04G118800.1	0.0879717	0.0983212	0.894738
Sphmag04G119100.1-Sphmag04G119300.1	0.0627668	0.0731142	0.858475
Sphmag04G120700.1-Sphmag04G120800.1	0.106586	0.477827	0.223065
Sphmag04G120800.1-Sphmag04G120900.1	0.0519079	0.127337	0.407642
Sphmag04G128200.1-Sphmag04G128400.1	0.0144675	0.0166041	0.871319
Sphmag04G128600.1-Sphmag04G128700.1	1.38155	5.94064	0.232559
Sphmag04G135200.1-Sphmag04G135300.1	NA	NA	NA
Sphmag04G143300.1-Sphmag04G143500.1	0.0972987	0.0701669	1.38667
Sphmag04G143400.1-Sphmag04G143600.1	0.120782	0.0737723	1.63722
Sphmag04G143500.1-Sphmag04G143700.1	0.0558134	NA	NA
Sphmag04G143600.1-Sphmag04G143800.1	0.0263224	0.00740407	3.55512
Sphmag04G143700.1-Sphmag04G143900.1	0.0181812	0.00880017	2.06601
Sphmag04G143800.1-Sphmag04G144000.1	0.00840664	0.00236129	3.56018
Sphmag04G144700.1-Sphmag04G144800.1	0.590799	0.746171	0.791775
Sphmag04G145300.1-Sphmag04G145400.1	0.479432	0.619256	0.774206
Sphmag04G145400.1-Sphmag04G145600.1	0.508314	0.699345	0.726843
Sphmag04G145900.1-Sphmag04G146000.1	0.260656	0.570504	0.456887
Sphmag04G148500.1-Sphmag04G148600.1	0.0685754	0.0849211	0.807519
Sphmag04G148900.1-Sphmag04G149100.1	0.138834	0.303655	0.457209
Sphmag04G150200.1-Sphmag04G150300.1	0.0129626	0.0760875	0.170364
Sphmag04G152200.1-Sphmag04G152400.1	0.446988	1.3037	0.34286
Sphmag05G001100.1-Sphmag05G001200.1	0.0839518	0.176677	0.47517
Sphmag05G002300.1-Sphmag05G002400.1	0.0772439	0.0553565	1.39539
Sphmag05G004400.1-Sphmag05G004600.1	0.0372957	0.0778271	0.479213
Sphmag05G004500.1-Sphmag05G004700.1	0.011284	0.0138204	0.816473
Sphmag05G004700.1-Sphmag05G004900.1	0.0106213	0.0180317	0.589036
Sphmag05G004800.1-Sphmag05G004900.1	0.109009	0.223451	0.48784
Sphmag05G004900.1-Sphmag05G005000.1	0.102398	0.212916	0.480934
Sphmag05G005000.1-Sphmag05G005100.1	0.126126	0.236305	0.533743
Sphmag05G007300.1-Sphmag05G007400.1	0.13879	1.07473	0.129139
Sphmag05G008100.1-Sphmag05G008200.1	0.0150155	0.0594863	0.252419
Sphmag05G008900.1-Sphmag05G009000.1	0.394002	0.612429	0.643343
Sphmag05G009000.1-Sphmag05G009100.1	0.287577	0.374577	0.767738
Sphmag05G009100.1-Sphmag05G009200.1	0.333084	0.309629	1.07575
Sphmag05G009200.1-Sphmag05G009300.1	0.0662359	0.0951022	0.69647
Sphmag05G009300.1-Sphmag05G009400.1	0.249873	0.283098	0.882635
Sphmag05G009400.1-Sphmag05G009500.1	0.32243	0.528433	0.610163
Sphmag05G010400.1-Sphmag05G010500.1	0.126922	0.274321	0.462677
Sphmag05G010500.1-Sphmag05G010600.1	0.0460585	0.0550559	0.836576
Sphmag05G010900.1-Sphmag05G011000.1	0.115965	0.160626	0.721955
Sphmag05G011100.1-Sphmag05G011200.1	0.0512131	0.0440665	1.16218
Sphmag05G012500.1-Sphmag05G012600.1	0.00361221	0.0324397	0.111352
Sphmag05G012600.1-Sphmag05G012700.1	0.00361053	0.0160666	0.224723
Sphmag05G012800.1-Sphmag05G012900.1	NA	0.0159715	-0
Sphmag05G014500.1-Sphmag05G014700.1	0.0219073	0.0195836	1.11866
Sphmag05G014600.1-Sphmag05G014800.1	0.00407419	0.00818727	0.497625
Sphmag05G014700.1-Sphmag05G014900.1	0.0982253	0.17293	0.568005
Sphmag05G015300.1-Sphmag05G015400.1	0.155897	0.700629	0.22251
Sphmag05G017500.1-Sphmag05G017600.1	0.0438489	0.0378372	1.15889
Sphmag05G017900.1-Sphmag05G018000.1	NA	NA	NA
Sphmag05G018900.1-Sphmag05G019000.1	NA	0.00532459	-0
Sphmag05G019800.1-Sphmag05G019900.1	0.00542653	0.0269099	0.201655
Sphmag05G020100.1-Sphmag05G020200.1	0.00180226	0.0380912	0.0473144
Sphmag05G020700.1-Sphmag05G020800.1	0.42649	1.11352	0.383012
Sphmag05G022700.1-Sphmag05G022900.1	0.154396	0.277689	0.556003
Sphmag05G023000.1-Sphmag05G023200.1	0.575522	0.574457	1.00185
Sphmag05G024200.1-Sphmag05G024300.1	0.188107	1.03882	0.181078
Sphmag05G026900.1-Sphmag05G027100.1	NA	NA	NA
Sphmag05G027000.1-Sphmag05G027200.1	0.127244	0.132391	0.961125
Sphmag05G027400.1-Sphmag05G027600.1	0.151559	0.2068	0.732878
Sphmag05G027600.1-Sphmag05G027700.1	0.061456	0.077495	0.793032
Sphmag05G027700.1-Sphmag05G027800.1	0.059692	0.0689492	0.865739
Sphmag05G028800.1-Sphmag05G029000.1	0.14532	0.183487	0.791994
Sphmag05G033700.1-Sphmag05G033800.1	0.177056	0.202109	0.876039
Sphmag05G033800.1-Sphmag05G033900.1	0.204758	0.399408	0.512654
Sphmag05G034200.1-Sphmag05G034300.1	0.0934322	0.177946	0.525059
Sphmag05G034400.1-Sphmag05G034500.1	0.247371	0.375376	0.658996
Sphmag05G038100.1-Sphmag05G038300.1	0.0114081	0.0314448	0.362797
Sphmag05G038200.1-Sphmag05G038400.1	0.0467644	0.0612938	0.762956
Sphmag05G039700.1-Sphmag05G039800.1	0.0155138	0.0270644	0.573217
Sphmag05G044000.1-Sphmag05G044200.1	0.032191	0.0590287	0.545345
Sphmag05G044200.1-Sphmag05G044400.1	0.0103614	0.0205762	0.503561
Sphmag05G047300.1-Sphmag05G047400.1	0.0580436	0.508091	0.114239
Sphmag05G048200.1-Sphmag05G048300.1	0.00968292	0.0204432	0.473651
Sphmag05G060800.1-Sphmag05G060900.1	0.0244355	0.0153	1.59709
Sphmag05G060900.1-Sphmag05G061000.1	0.0451287	0.148514	0.303868
Sphmag05G061000.1-Sphmag05G061100.1	0.0322193	0.162069	0.198799
Sphmag05G064100.1-Sphmag05G064200.1	0.147502	0.305999	0.482032
Sphmag05G064100.1-Sphmag05G064300.1	0.0318235	0.0913118	0.348515
Sphmag05G070000.1-Sphmag05G070100.1	0.0255065	0.0391968	0.650728
Sphmag05G075800.1-Sphmag05G075900.1	0.0570399	0.179806	0.31723
Sphmag05G076300.1-Sphmag05G076500.1	0.0726866	0.0685832	1.05983
Sphmag05G076500.1-Sphmag05G076600.1	0.0936914	0.0558702	1.67695
Sphmag05G081500.1-Sphmag05G081600.1	0.0844898	0.130068	0.649583
Sphmag05G081600.1-Sphmag05G081700.1	0.0934136	0.0923269	1.01177
Sphmag05G084000.1-Sphmag05G084100.1	0.00388415	1.09888	0.00353465
Sphmag05G084100.1-Sphmag05G084200.1	0.000969785	0.244478	0.00396675
Sphmag05G095800.1-Sphmag05G096000.1	0.0498462	0.0308499	1.61577
Sphmag05G095900.1-Sphmag05G096100.1	0.0191275	0.058032	0.329602
Sphmag05G096100.1-Sphmag05G096200.1	0.110305	0.215023	0.512993
Sphmag05G099000.1-Sphmag05G099100.1	0.181302	0.943994	0.192058
Sphmag05G104500.1-Sphmag05G104700.1	0.0146772	0.012747	1.15143
Sphmag05G105500.1-Sphmag05G105600.1	0.592188	3.6296	0.163155
Sphmag05G109000.1-Sphmag05G109100.1	0.257962	0.671653	0.38407
Sphmag05G109100.1-Sphmag05G109200.1	0.0357469	0.0208332	1.71586
Sphmag05G125200.1-Sphmag05G125400.1	0.0945137	0.166025	0.569273
Sphmag05G125300.1-Sphmag05G125400.1	0.0522257	0.0979618	0.533124
Sphmag05G126000.1-Sphmag05G126100.1	0.663277	1.01702	0.652175
Sphmag05G134000.1-Sphmag05G134200.1	0.0389818	0.0332009	1.17412
Sphmag05G139300.1-Sphmag05G139400.1	0.0746239	0.141199	0.528503
Sphmag05G143100.1-Sphmag05G143200.1	0.562485	1.54424	0.364246
Sphmag05G147000.1-Sphmag05G147100.1	0.327513	2.41797	0.13545
Sphmag05G149900.1-Sphmag05G150100.1	0.0167084	0.0240459	0.694855
Sphmag05G151200.1-Sphmag05G151300.1	0.0751346	1.93319	0.0388655
Sphmag06G004500.1-Sphmag06G004600.1	0.0159903	0.036526	0.437778
Sphmag06G005900.1-Sphmag06G006100.1	0.0948729	0.161406	0.58779
Sphmag06G006000.1-Sphmag06G006200.1	0.336023	0.341513	0.983925
Sphmag06G006100.1-Sphmag06G006300.1	0.180724	0.350773	0.515217
Sphmag06G006300.1-Sphmag06G006400.1	0.184563	0.321282	0.574459
Sphmag06G009700.1-Sphmag06G009900.1	0.0282409	0.0395741	0.713621
Sphmag06G009800.1-Sphmag06G010000.1	0.229549	0.575054	0.399177
Sphmag06G009900.1-Sphmag06G010100.1	0.0160001	0.0223921	0.714545
Sphmag06G010100.1-Sphmag06G010300.1	0.0589031	0.143429	0.410679
Sphmag06G010700.1-Sphmag06G010800.1	0.0018078	0.00527683	0.342592
Sphmag06G011100.1-Sphmag06G011200.1	0.12051	0.377846	0.318938
Sphmag06G012500.1-Sphmag06G012600.1	0.781206	NA	NA
Sphmag06G016500.1-Sphmag06G016700.1	0.221607	0.354374	0.625347
Sphmag06G016700.1-Sphmag06G016800.1	0.240267	0.479552	0.501024
Sphmag06G016700.1-Sphmag06G016900.1	0.112927	0.163313	0.691476
Sphmag06G017300.1-Sphmag06G017500.1	0.0311546	0.0117085	2.66085
Sphmag06G020000.1-Sphmag06G020100.1	0.20185	0.480743	0.419872
Sphmag06G020500.1-Sphmag06G020700.1	0.101938	0.23401	0.435613
Sphmag06G020600.1-Sphmag06G020700.1	0.170709	0.432595	0.394617
Sphmag06G020700.1-Sphmag06G020800.1	0.0500498	0.120783	0.414377
Sphmag06G021000.1-Sphmag06G021200.1	NA	NA	NA
Sphmag06G021900.1-Sphmag06G022000.1	0.0402642	0.0858105	0.469223
Sphmag06G022200.1-Sphmag06G022300.1	0.0584215	0.121821	0.479567
Sphmag06G023800.1-Sphmag06G024000.1	0.0336327	0.0672306	0.500259
Sphmag06G024000.1-Sphmag06G024200.1	0.0296894	0.0636726	0.466282
Sphmag06G024200.1-Sphmag06G024400.1	0.0788517	0.125885	0.626381
Sphmag06G024300.1-Sphmag06G024500.1	0.00679497	0.0276223	0.245996
Sphmag06G024500.1-Sphmag06G024700.1	0.00907458	0.0346795	0.26167
Sphmag06G026100.1-Sphmag06G026300.1	0.0112824	0.0200855	0.561721
Sphmag06G026200.1-Sphmag06G026400.1	0.0298041	0.0257116	1.15917
Sphmag06G027700.1-Sphmag06G027800.1	0.0451345	0.06978	0.646811
Sphmag06G027800.1-Sphmag06G027900.1	0.0409563	0.0655647	0.624671
Sphmag06G027900.1-Sphmag06G028000.1	0.0959707	0.120893	0.793847
Sphmag06G028000.1-Sphmag06G028100.1	0.0619623	0.0788704	0.785621
Sphmag06G028100.1-Sphmag06G028200.1	0.0271913	0.0322714	0.842581
Sphmag06G028300.1-Sphmag06G028400.1	0.0336062	0.0669574	0.501905
Sphmag06G029800.1-Sphmag06G030000.1	0.568557	1.16279	0.488959
Sphmag06G031700.1-Sphmag06G031800.1	0.232981	1.24838	0.186626
Sphmag06G033200.1-Sphmag06G033300.1	0.224195	0.321962	0.69634
Sphmag06G033300.1-Sphmag06G033400.1	0.0626402	0.0847574	0.739053
Sphmag06G038900.1-Sphmag06G039000.1	0.00741072	0.0245565	0.301782
Sphmag06G039000.1-Sphmag06G039100.1	0.0417581	0.094702	0.440942
Sphmag06G039100.1-Sphmag06G039200.1	0.017927	0.0813302	0.220423
Sphmag06G048000.1-Sphmag06G048200.1	0.185874	0.534986	0.347437
Sphmag06G051700.1-Sphmag06G051800.1	0.105498	0.144612	0.729528
Sphmag06G052400.1-Sphmag06G052500.1	0.255128	0.184876	1.37999
Sphmag06G059900.1-Sphmag06G060000.1	0.568997	1.65049	0.344744
Sphmag06G061900.1-Sphmag06G062000.1	0.0257488	0.0120309	2.14022
Sphmag06G062000.1-Sphmag06G062100.1	0.029921	0.0201111	1.48779
Sphmag06G062100.1-Sphmag06G062200.1	0.0134418	0.0242579	0.554118
Sphmag06G062200.1-Sphmag06G062300.1	0.0271257	0.0408914	0.663358
Sphmag06G079700.1-Sphmag06G079800.1	0.224808	0.396336	0.567215
Sphmag06G109400.1-Sphmag06G109500.1	0.00277139	0.0421889	0.0656901
Sphmag06G109500.1-Sphmag06G109600.1	0.467494	2.02489	0.230874
Sphmag06G109600.1-Sphmag06G109700.1	0.409452	1.71454	0.238811
Sphmag06G109700.1-Sphmag06G109800.1	0.426252	2.34152	0.182041
Sphmag06G110100.1-Sphmag06G110200.1	0.21056	0.684154	0.307766
Sphmag06G110200.1-Sphmag06G110300.1	0.318918	1.43498	0.222246
Sphmag06G110200.1-Sphmag06G110400.1	0.435027	1.21487	0.358084
Sphmag06G111800.1-Sphmag06G111900.1	0.0158819	0.0266976	0.594881
Sphmag06G114600.1-Sphmag06G114700.1	0.079737	0.0931923	0.855618
Sphmag06G114700.1-Sphmag06G114800.1	0.7052	NA	NA
Sphmag06G115400.1-Sphmag06G115600.1	0.0951364	0.159147	0.597788
Sphmag06G115600.1-Sphmag06G115700.1	0.0317026	0.104422	0.3036
Sphmag06G116800.1-Sphmag06G117000.1	0.0401315	0.0213739	1.8776
Sphmag06G116900.1-Sphmag06G117100.1	0.0463888	0.0533354	0.869757
Sphmag06G117100.1-Sphmag06G117300.1	0.00453714	NA	NA
Sphmag06G117300.1-Sphmag06G117500.1	0.0320467	0.0654423	0.489693
Sphmag06G117400.1-Sphmag06G117600.1	0.131574	0.192003	0.68527
Sphmag06G117600.1-Sphmag06G117700.1	0.0657752	0.183774	0.357914
Sphmag06G118000.1-Sphmag06G118100.1	0.0620521	0.0887819	0.698927
Sphmag06G118100.1-Sphmag06G118200.1	0.0576381	0.20982	0.274703
Sphmag06G123300.1-Sphmag06G123400.1	0.111146	0.115091	0.965729
Sphmag06G126600.1-Sphmag06G126700.1	0.0907254	0.322419	0.28139
Sphmag06G127900.1-Sphmag06G128000.1	0.467335	0.867901	0.538466
Sphmag06G129200.1-Sphmag06G129400.1	0.0255244	0.042867	0.595433
Sphmag06G129400.1-Sphmag06G129600.1	0.199389	0.325877	0.611853
Sphmag06G129500.1-Sphmag06G129700.1	0.0633222	0.0895858	0.706833
Sphmag06G133000.1-Sphmag06G133100.1	0.115378	0.160278	0.719864
Sphmag06G133200.1-Sphmag06G133300.1	0.10382	0.111931	0.927533
Sphmag06G133400.1-Sphmag06G133500.1	0.120956	0.142886	0.846521
Sphmag06G133600.1-Sphmag06G133700.1	0.0719728	0.0860893	0.836025
Sphmag06G133700.1-Sphmag06G133900.1	0.0991226	0.0901118	1.1
Sphmag06G134100.1-Sphmag06G134300.1	0.101596	0.162622	0.624736
Sphmag06G134300.1-Sphmag06G134400.1	0.103476	0.115891	0.892874
Sphmag06G134400.1-Sphmag06G134500.1	0.0984893	0.119816	0.822008
Sphmag06G134600.1-Sphmag06G134800.1	0.117863	0.138515	0.850901
Sphmag06G134800.1-Sphmag06G135000.1	0.0605206	0.0878012	0.689291
Sphmag06G134900.1-Sphmag06G135100.1	0.111046	0.129175	0.859654
Sphmag06G135200.1-Sphmag06G135300.1	0.118171	0.102507	1.1528
Sphmag06G135300.1-Sphmag06G135500.1	0.152689	0.128395	1.18921
Sphmag06G136000.1-Sphmag06G136100.1	0.199522	0.283553	0.703652
Sphmag06G137300.1-Sphmag06G137400.1	0.0136104	0.0157257	0.865485
Sphmag06G137400.1-Sphmag06G137500.1	0.0357675	0.0311202	1.14933
Sphmag06G137500.1-Sphmag06G137600.1	0.0435307	0.0491669	0.885366
Sphmag06G138000.1-Sphmag06G138200.1	0.342721	1.0794	0.317509
Sphmag06G138100.1-Sphmag06G138200.1	0.329604	0.887018	0.371587
Sphmag06G139500.1-Sphmag06G139700.1	0.053205	0.0874616	0.608324
Sphmag06G139700.1-Sphmag06G139800.1	0.511043	0.88071	0.580262
Sphmag06G140900.1-Sphmag06G141000.1	0.0664218	0.159401	0.416697
Sphmag07G004100.1-Sphmag07G004300.1	0.87069	2.15921	0.403245
Sphmag07G008300.1-Sphmag07G008400.1	0.0415555	0.113812	0.365125
Sphmag07G008400.1-Sphmag07G008600.1	0.0706924	0.137401	0.514496
Sphmag07G009300.1-Sphmag07G009400.1	0.101492	0.0981355	1.0342
Sphmag07G010100.1-Sphmag07G010200.1	0.151415	0.448753	0.337414
Sphmag07G013900.1-Sphmag07G014100.1	0.0357499	0.0317113	1.12736
Sphmag07G014400.1-Sphmag07G014500.1	0.0182833	0.0112864	1.61994
Sphmag07G014500.1-Sphmag07G014600.1	0.0204505	0.0189498	1.07919
Sphmag07G015800.1-Sphmag07G015900.1	0.0389488	0.0634511	0.613839
Sphmag07G015900.1-Sphmag07G016100.1	0.0504898	0.0599696	0.841925
Sphmag07G018000.1-Sphmag07G018100.1	0.0893445	0.133315	0.670175
Sphmag07G018500.1-Sphmag07G018600.1	0.0541958	0.199084	0.272226
Sphmag07G018600.1-Sphmag07G018800.1	0.0187832	0.0662848	0.283371
Sphmag07G021100.1-Sphmag07G021300.1	0.00864225	0.0351046	0.246185
Sphmag07G021300.1-Sphmag07G021500.1	0.0209421	0.0298615	0.701308
Sphmag07G021500.1-Sphmag07G021600.1	0.0244462	NA	NA
Sphmag07G021600.1-Sphmag07G021700.1	0.00431902	0.0117467	0.36768
Sphmag07G022200.1-Sphmag07G022400.1	0.0221036	0.0427548	0.516985
Sphmag07G022300.1-Sphmag07G022500.1	0.0228626	0.0554523	0.412292
Sphmag07G022400.1-Sphmag07G022600.1	0.285264	0.320881	0.889004
Sphmag07G022600.1-Sphmag07G022700.1	0.439348	0.556043	0.790133
Sphmag07G024500.1-Sphmag07G024600.1	0.830712	1.40555	0.591021
Sphmag07G024600.1-Sphmag07G024800.1	0.532016	0.669381	0.794789
Sphmag07G028400.1-Sphmag07G028500.1	0.114962	0.109809	1.04693
Sphmag07G029300.1-Sphmag07G029500.1	0.0266182	0.0363516	0.732242
Sphmag07G032000.1-Sphmag07G032100.1	0.012335	0.0569121	0.216738
Sphmag07G033100.1-Sphmag07G033200.1	NA	NA	NA
Sphmag07G036800.1-Sphmag07G037000.1	0.157793	0.431275	0.365876
Sphmag07G051200.1-Sphmag07G051400.1	0.0424672	0.0596585	0.711838
Sphmag07G051700.1-Sphmag07G051800.1	0.35498	1.18448	0.299693
Sphmag07G053000.1-Sphmag07G053100.1	0.158247	0.155747	1.01606
Sphmag07G054100.1-Sphmag07G054300.1	0.381857	1.78159	0.214334
Sphmag07G054300.1-Sphmag07G054500.1	NA	0.0212305	-0
Sphmag07G072500.1-Sphmag07G072600.1	0.0197351	0.0284986	0.692493
Sphmag07G073400.1-Sphmag07G073500.1	0.0395435	0.0593559	0.666211
Sphmag07G073800.1-Sphmag07G073900.1	0.515453	1.47218	0.350129
Sphmag07G076000.1-Sphmag07G076200.1	0.0141719	0.0181238	0.781951
Sphmag07G091300.1-Sphmag07G091400.1	0.229302	0.255216	0.898465
Sphmag07G091400.1-Sphmag07G091600.1	0.202774	0.330431	0.613665
Sphmag07G096400.1-Sphmag07G096500.1	0.0862821	0.080971	1.06559
Sphmag07G099100.1-Sphmag07G099300.1	0.0549977	0.0518416	1.06088
Sphmag07G103100.1-Sphmag07G103200.1	0.0289065	0.0511631	0.564988
Sphmag07G103200.1-Sphmag07G103300.1	0.0290803	0.0501033	0.580406
Sphmag07G103300.1-Sphmag07G103400.1	0.0672517	0.116862	0.575478
Sphmag07G103400.1-Sphmag07G103500.1	0.0708693	0.118613	0.597482
Sphmag07G103500.1-Sphmag07G103600.1	0.0553862	0.147695	0.375003
Sphmag07G103600.1-Sphmag07G103700.1	0.0671982	0.131414	0.511347
Sphmag07G103600.1-Sphmag07G103800.1	0.323061	0.626955	0.515287
Sphmag07G103700.1-Sphmag07G103900.1	0.0486137	0.0476835	1.01951
Sphmag07G113400.1-Sphmag07G113500.1	0.00703472	0.0201469	0.349172
Sphmag07G117900.1-Sphmag07G118000.1	0.0257172	0.0217395	1.18297
Sphmag07G121300.1-Sphmag07G121400.1	0.169863	0.341474	0.49744
Sphmag07G121400.1-Sphmag07G121500.1	NA	0.00245852	-0
Sphmag07G121500.1-Sphmag07G121600.1	0.169863	0.341474	0.49744
Sphmag07G124700.1-Sphmag07G124800.1	0.263257	1.53853	0.17111
Sphmag07G126200.1-Sphmag07G126400.1	0.082818	0.378161	0.219002
Sphmag07G126400.1-Sphmag07G126600.1	0.0210957	0.179772	0.117347
Sphmag07G126500.1-Sphmag07G126600.1	0.0168222	0.15246	0.110339
Sphmag07G126600.1-Sphmag07G126700.1	0.04896	0.2283	0.214454
Sphmag07G126700.1-Sphmag07G126800.1	0.0506144	0.220451	0.229594
Sphmag07G126800.1-Sphmag07G126900.1	0.045559	0.216537	0.210398
Sphmag07G126900.1-Sphmag07G127000.1	0.0339605	0.247072	0.137452
Sphmag08G003300.1-Sphmag08G003400.1	0.0593042	0.215759	0.274863
Sphmag08G007200.1-Sphmag08G007300.1	0.246227	1.24332	0.19804
Sphmag08G017200.1-Sphmag08G017400.1	0.0619877	0.173061	0.358184
Sphmag08G019500.1-Sphmag08G019600.1	0.0215785	0.0393442	0.548454
Sphmag08G022700.1-Sphmag08G022800.1	0.217105	1.31391	0.165235
Sphmag08G022800.1-Sphmag08G022900.1	0.189327	0.877604	0.215731
Sphmag08G026900.1-Sphmag08G027000.1	0.017134	0.0459014	0.373279
Sphmag08G046300.1-Sphmag08G046400.1	0.117183	0.164611	0.71188
Sphmag08G060600.1-Sphmag08G060700.1	0.000538876	NA	NA
Sphmag08G062000.1-Sphmag08G062100.1	0.125392	0.216361	0.579553
Sphmag08G062100.1-Sphmag08G062200.1	0.0801506	0.122113	0.656365
Sphmag08G073300.1-Sphmag08G073400.1	NA	0.0379071	-0
Sphmag08G073400.1-Sphmag08G073500.1	0.00194061	0.537589	0.00360983
Sphmag08G074300.1-Sphmag08G074400.1	0.285948	0.531365	0.538138
Sphmag08G076900.1-Sphmag08G077000.1	0.0890683	0.387205	0.230029
Sphmag08G077700.1-Sphmag08G077800.1	0.0187981	0.0378061	0.497224
Sphmag08G080700.1-Sphmag08G080800.1	0.207129	0.17221	1.20277
Sphmag08G080800.1-Sphmag08G080900.1	0.152416	0.17549	0.868515
Sphmag08G084700.1-Sphmag08G084800.1	0.0191761	0.045249	0.42379
Sphmag08G084800.1-Sphmag08G085000.1	0.0186936	0.0292305	0.639523
Sphmag08G085200.1-Sphmag08G085300.1	0.022204	0.037018	0.599816
Sphmag08G085300.1-Sphmag08G085500.1	0.302765	0.458546	0.660272
Sphmag08G085800.1-Sphmag08G085900.1	0.0969426	0.0355409	2.72763
Sphmag08G085800.1-Sphmag08G086000.1	0.231121	0.429147	0.53856
Sphmag08G096600.1-Sphmag08G096700.1	0.010219	0.0171973	0.594221
Sphmag08G098900.1-Sphmag08G099000.1	0.150368	0.227421	0.661189
Sphmag08G103900.1-Sphmag08G104100.1	0.402068	1.33714	0.300693
Sphmag08G105600.1-Sphmag08G105700.1	0.0337694	0.0303508	1.11264
Sphmag08G111600.1-Sphmag08G111800.1	0.379697	1.52062	0.2497
Sphmag08G112100.1-Sphmag08G112200.1	0.366892	0.616511	0.59511
Sphmag08G112200.1-Sphmag08G112300.1	1.39478	NA	NA
Sphmag08G112400.1-Sphmag08G112500.1	0.155286	0.242129	0.641336
Sphmag08G114400.1-Sphmag08G114600.1	0.424756	0.697274	0.609166
Sphmag08G114600.1-Sphmag08G114700.1	0.218551	0.328357	0.665591
Sphmag08G114700.1-Sphmag08G114800.1	1.43387	NA	NA
Sphmag08G114800.1-Sphmag08G114900.1	0.528425	0.765807	0.690025
Sphmag08G114900.1-Sphmag08G115100.1	0.538006	0.775408	0.693837
Sphmag08G116200.1-Sphmag08G116300.1	0.243791	0.198215	1.22993
Sphmag08G116300.1-Sphmag08G116400.1	0.20581	0.164683	1.24973
Sphmag08G116400.1-Sphmag08G116500.1	0.109143	0.0949486	1.14949
Sphmag08G119600.1-Sphmag08G119700.1	0.0250273	0.0353841	0.707303
Sphmag08G119700.1-Sphmag08G119800.1	0.0511438	0.0779306	0.656274
Sphmag08G120000.1-Sphmag08G120100.1	0.051664	0.0894583	0.57752
Sphmag08G120200.1-Sphmag08G120400.1	0.070571	0.113468	0.621946
Sphmag08G120300.1-Sphmag08G120500.1	0.45396	0.73755	0.615498
Sphmag08G121400.1-Sphmag08G121500.1	0.0204051	0.0575759	0.354404
Sphmag08G122000.1-Sphmag08G122100.1	0.141063	0.266463	0.52939
Sphmag08G122100.1-Sphmag08G122200.1	0.124768	0.108707	1.14775
Sphmag08G129200.1-Sphmag08G129400.1	0.314377	0.419053	0.750207
Sphmag08G129400.1-Sphmag08G129500.1	0.851885	1.2156	0.700792
Sphmag08G132900.1-Sphmag08G133000.1	0.0152603	0.0638629	0.238954
Sphmag08G133200.1-Sphmag08G133400.1	0.144213	0.179656	0.802718
Sphmag08G135400.1-Sphmag08G135500.1	0.035479	0.0281926	1.25845
Sphmag08G135500.1-Sphmag08G135600.1	0.284199	0.841472	0.33774
Sphmag08G135600.1-Sphmag08G135700.1	0.336951	1.04557	0.322266
Sphmag08G137500.1-Sphmag08G137700.1	0.23724	0.201045	1.18004
Sphmag08G139400.1-Sphmag08G139500.1	0.04151	0.0799994	0.518879
Sphmag08G139600.1-Sphmag08G139700.1	0.127451	0.109169	1.16746
Sphmag08G139900.1-Sphmag08G140000.1	0.401384	0.421216	0.952918
Sphmag08G140800.1-Sphmag08G141000.1	0.0915047	0.0625769	1.46228
Sphmag08G141000.1-Sphmag08G141200.1	0.0923058	0.0376227	2.45346
Sphmag08G142500.1-Sphmag08G142600.1	0.240682	0.735898	0.327059
Sphmag08G142600.1-Sphmag08G142700.1	0.257083	0.661891	0.388406
Sphmag09G004000.1-Sphmag09G004100.1	0.042609	0.0786943	0.54145
Sphmag09G004100.1-Sphmag09G004200.1	0.0636482	0.0602107	1.05709
Sphmag09G004200.1-Sphmag09G004300.1	0.0595605	0.0475027	1.25383
Sphmag09G004300.1-Sphmag09G004400.1	0.0468774	0.0472043	0.993074
Sphmag09G004600.1-Sphmag09G004700.1	0.0291374	0.0323652	0.900268
Sphmag09G004700.1-Sphmag09G004800.1	0.03962	0.0571272	0.69354
Sphmag09G007400.1-Sphmag09G007500.1	NA	0.257099	-0
Sphmag09G010400.1-Sphmag09G010500.1	0.00975157	0.00790706	1.23327
Sphmag09G011500.1-Sphmag09G011600.1	0.0870442	0.170011	0.511992
Sphmag09G011600.1-Sphmag09G011700.1	0.041781	0.068557	0.609435
Sphmag09G011900.1-Sphmag09G012000.1	0.0845575	0.162186	0.521361
Sphmag09G013600.1-Sphmag09G013700.1	0.0538962	0.0481741	1.11878
Sphmag09G013700.1-Sphmag09G013800.1	0.0842916	0.0760769	1.10798
Sphmag09G015500.1-Sphmag09G015600.1	0.190341	0.165085	1.15298
Sphmag09G015700.1-Sphmag09G015900.1	0.314331	1.14694	0.27406
Sphmag09G015800.1-Sphmag09G015900.1	0.407078	1.01728	0.400163
Sphmag09G017100.1-Sphmag09G017300.1	0.0164337	0.00891156	1.84409
Sphmag09G017300.1-Sphmag09G017400.1	0.0375226	0.0224282	1.67301
Sphmag09G017400.1-Sphmag09G017600.1	0.141863	0.119706	1.1851
Sphmag09G026500.1-Sphmag09G026600.1	0.0215379	0.00795957	2.70591
Sphmag09G027700.1-Sphmag09G027800.1	NA	NA	NA
Sphmag09G028700.1-Sphmag09G028800.1	0.289551	1.36608	0.211957
Sphmag09G029400.1-Sphmag09G029500.1	0.263838	0.920376	0.286664
Sphmag09G037100.1-Sphmag09G037300.1	0.0178975	0.0504219	0.354955
Sphmag09G040500.1-Sphmag09G040600.1	0.0972497	0.131767	0.738043
Sphmag09G040700.1-Sphmag09G040800.1	0.234802	0.343379	0.683798
Sphmag09G040800.1-Sphmag09G041000.1	0.08264	0.0966397	0.855136
Sphmag09G046200.1-Sphmag09G046300.1	0.0195504	0.0247415	0.790187
Sphmag09G046300.1-Sphmag09G046400.1	0.0188569	0.0352208	0.535392
Sphmag09G046700.1-Sphmag09G046800.1	0.0352366	0.0164584	2.14096
Sphmag09G054000.1-Sphmag09G054100.1	0.0456648	0.126185	0.361887
Sphmag09G056100.1-Sphmag09G056200.1	0.0692065	0.306187	0.226027
Sphmag09G067700.1-Sphmag09G067900.1	0.283527	0.99969	0.283615
Sphmag09G074900.1-Sphmag09G075000.1	0.274012	0.820958	0.333771
Sphmag09G076900.1-Sphmag09G077000.1	NA	NA	NA
Sphmag09G078000.1-Sphmag09G078100.1	NA	NA	NA
Sphmag09G080200.1-Sphmag09G080300.1	NA	NA	NA
Sphmag09G086500.1-Sphmag09G086600.1	0.486135	1.33865	0.363152
Sphmag09G087100.1-Sphmag09G087200.1	0.0892226	0.173723	0.513591
Sphmag09G088800.1-Sphmag09G088900.1	0.0420047	0.0252568	1.66311
Sphmag09G095200.1-Sphmag09G095400.1	0.0492077	0.0633456	0.776812
Sphmag09G095400.1-Sphmag09G095600.1	0.0442533	0.0398861	1.10949
Sphmag09G100900.1-Sphmag09G101000.1	0.727307	2.25685	0.322267
Sphmag09G102100.1-Sphmag09G102200.1	0.0969721	0.149359	0.649257
Sphmag09G102600.1-Sphmag09G102700.1	0.0854549	0.126689	0.674523
Sphmag09G104300.1-Sphmag09G104400.1	0.0703929	0.197064	0.357209
Sphmag09G104400.1-Sphmag09G104500.1	0.0726746	0.115405	0.629737
Sphmag09G104900.1-Sphmag09G105000.1	0.0732203	0.0696775	1.05085
Sphmag09G105500.1-Sphmag09G105600.1	0.0716243	0.140902	0.508327
Sphmag09G107200.1-Sphmag09G107300.1	0.27165	0.588168	0.461858
Sphmag09G107800.1-Sphmag09G108000.1	0.0443028	0.113705	0.389628
Sphmag09G109500.1-Sphmag09G109700.1	0.299803	0.607822	0.493241
Sphmag10G001200.1-Sphmag10G001300.1	0.160524	0.0558405	2.87469
Sphmag10G001300.1-Sphmag10G001500.1	0.0155965	0.0111498	1.3988
Sphmag10G002500.1-Sphmag10G002600.1	0.303746	0.395565	0.76788
Sphmag10G003800.1-Sphmag10G004000.1	0.154148	0.168942	0.912427
Sphmag10G005700.1-Sphmag10G005800.1	0.230494	0.249208	0.924905
Sphmag10G005800.1-Sphmag10G005900.1	0.40152	0.668953	0.600222
Sphmag10G007700.1-Sphmag10G007800.1	0.0982293	0.128734	0.76304
Sphmag10G009000.1-Sphmag10G009100.1	0.228228	0.469331	0.486283
Sphmag10G009300.1-Sphmag10G009400.1	0.326823	0.544564	0.600156
Sphmag10G009400.1-Sphmag10G009500.1	0.308092	0.45833	0.672205
Sphmag10G009500.1-Sphmag10G009600.1	0.296293	0.435479	0.680383
Sphmag10G009900.1-Sphmag10G010100.1	0.0105342	0.0514114	0.2049
Sphmag10G010000.1-Sphmag10G010200.1	0.0273372	0.0607777	0.44979
Sphmag10G013400.1-Sphmag10G013600.1	0.00303314	0.0112393	0.269868
Sphmag10G013900.1-Sphmag10G014000.1	NA	NA	NA
Sphmag10G017800.1-Sphmag10G017900.1	0.00765317	0.0155175	0.493195
Sphmag10G018300.1-Sphmag10G018500.1	0.00342798	0.0126667	0.27063
Sphmag10G018700.1-Sphmag10G018900.1	0.0877165	0.0651992	1.34536
Sphmag10G018900.1-Sphmag10G019000.1	0.145873	0.187247	0.779043
Sphmag10G019100.1-Sphmag10G019200.1	0.174632	0.191765	0.910658
Sphmag10G019400.1-Sphmag10G019500.1	0.0362826	0.0298257	1.21649
Sphmag10G019500.1-Sphmag10G019700.1	0.0178	0.0080945	2.19903
Sphmag10G024700.1-Sphmag10G024800.1	0.0361963	0.0402204	0.89995
Sphmag10G027200.1-Sphmag10G027300.1	0.319283	1.26243	0.252911
Sphmag10G034700.1-Sphmag10G034900.1	0.50291	3.57199	0.140793
Sphmag10G037700.1-Sphmag10G037800.1	0.0360506	0.116852	0.308514
Sphmag10G044600.1-Sphmag10G044700.1	0.0621941	0.0618511	1.00555
Sphmag10G044700.1-Sphmag10G044800.1	0.0672299	0.0739105	0.909612
Sphmag10G044800.1-Sphmag10G044900.1	0.0559157	0.0789418	0.708316
Sphmag10G044900.1-Sphmag10G045000.1	0.049277	0.0471851	1.04434
Sphmag10G044900.1-Sphmag10G045100.1	0.0925592	0.0877337	1.055
Sphmag10G046100.1-Sphmag10G046300.1	0.0150497	0.0164312	0.915924
Sphmag10G046300.1-Sphmag10G046500.1	0.0379592	0.0302677	1.25411
Sphmag10G053600.1-Sphmag10G053800.1	0.0980355	0.102459	0.956827
Sphmag10G058200.1-Sphmag10G058300.1	0.366732	0.436376	0.840403
Sphmag10G058400.1-Sphmag10G058500.1	0.211579	0.320551	0.660049
Sphmag10G058500.1-Sphmag10G058600.1	0.211579	0.320551	0.660049
Sphmag10G058600.1-Sphmag10G058700.1	0.205726	0.292328	0.703751
Sphmag10G066200.1-Sphmag10G066300.1	0.127904	0.366239	0.349237
Sphmag10G066300.1-Sphmag10G066500.1	0.320836	0.591231	0.542658
Sphmag10G070700.1-Sphmag10G070800.1	0.0297419	0.0513335	0.579385
Sphmag10G072600.1-Sphmag10G072700.1	0.0601379	0.0611217	0.983903
Sphmag10G073300.1-Sphmag10G073400.1	0.0549856	0.0958765	0.573505
Sphmag10G073300.1-Sphmag10G073500.1	0.110602	0.0863459	1.28092
Sphmag10G073800.1-Sphmag10G074000.1	0.0685254	0.103626	0.661278
Sphmag10G074300.1-Sphmag10G074400.1	0.0891408	0.136374	0.653649
Sphmag10G076100.1-Sphmag10G076200.1	1.19572	NA	NA
Sphmag10G079100.1-Sphmag10G079300.1	NA	NA	NA
Sphmag10G079300.1-Sphmag10G079400.1	0.00200929	0.00609842	0.329477
Sphmag10G083100.1-Sphmag10G083200.1	0.0537036	0.194284	0.276418
Sphmag10G087600.1-Sphmag10G087700.1	0.0153646	0.0228683	0.671872
Sphmag10G087700.1-Sphmag10G087800.1	0.019923	0.0229452	0.868285
Sphmag10G099600.1-Sphmag10G099700.1	0.0182721	0.0952992	0.191734
Sphmag10G102200.1-Sphmag10G102400.1	0.0365462	0.0605194	0.603876
Sphmag10G102300.1-Sphmag10G102500.1	0.0773986	0.14544	0.532167
Sphmag10G102800.1-Sphmag10G102900.1	0.149604	1.46465	0.102143
Sphmag10G105000.1-Sphmag10G105100.1	0.103871	1.11566	0.0931031
Sphmag11G001000.1-Sphmag11G001100.1	0.0203333	0.0376645	0.539853
Sphmag11G002200.1-Sphmag11G002300.1	0.0478416	0.0361504	1.32341
Sphmag11G003500.1-Sphmag11G003700.1	0.105868	0.139277	0.760126
Sphmag11G006000.1-Sphmag11G006100.1	0.162887	0.527993	0.308501
Sphmag11G008300.1-Sphmag11G008400.1	0.123835	0.170441	0.726559
Sphmag11G011200.1-Sphmag11G011300.1	0.0930512	0.701663	0.132615
Sphmag11G016300.1-Sphmag11G016500.1	0.35914	NA	NA
Sphmag11G016700.1-Sphmag11G016900.1	0.0231232	0.0262402	0.881212
Sphmag11G017300.1-Sphmag11G017400.1	0.0925491	0.184754	0.500931
Sphmag11G017500.1-Sphmag11G017600.1	0.244139	0.398332	0.612904
Sphmag11G017600.1-Sphmag11G017700.1	0.0371667	0.047037	0.790159
Sphmag11G017700.1-Sphmag11G017800.1	0.0758559	0.141244	0.537054
Sphmag11G019300.1-Sphmag11G019500.1	0.200615	0.596775	0.336166
Sphmag11G023700.1-Sphmag11G023800.1	0.250417	0.370347	0.676167
Sphmag11G023800.1-Sphmag11G023900.1	0.253053	0.374963	0.674874
Sphmag11G028900.1-Sphmag11G029000.1	NA	NA	NA
Sphmag11G032500.1-Sphmag11G032600.1	0.120549	0.0847532	1.42236
Sphmag11G032700.1-Sphmag11G032900.1	0.08703	0.106596	0.816449
Sphmag11G032800.1-Sphmag11G033000.1	0.0134214	0.0234393	0.572605
Sphmag11G034600.1-Sphmag11G034800.1	0.169584	0.0988687	1.71525
Sphmag11G034800.1-Sphmag11G034900.1	0.418487	0.503988	0.830351
Sphmag11G035500.1-Sphmag11G035600.1	0.0680551	0.0514477	1.3228
Sphmag11G035700.1-Sphmag11G035800.1	1.99226	NA	NA
Sphmag11G035700.1-Sphmag11G035900.1	0.081877	0.16114	0.50811
Sphmag11G037000.1-Sphmag11G037100.1	0.73668	1.31516	0.560146
Sphmag11G038900.1-Sphmag11G039100.1	0.0194652	0.0266027	0.7317
Sphmag11G044700.1-Sphmag11G044800.1	0.164043	0.404193	0.405854
Sphmag11G044800.1-Sphmag11G045000.1	0.117487	0.422965	0.277769
Sphmag11G045800.1-Sphmag11G045900.1	0.175791	0.999541	0.175872
Sphmag11G048900.1-Sphmag11G049000.1	0.0331344	0.0310979	1.06549
Sphmag11G049000.1-Sphmag11G049200.1	0.0219314	0.00679503	3.22757
Sphmag11G051100.1-Sphmag11G051200.1	0.742629	NA	NA
Sphmag11G063900.1-Sphmag11G064000.1	0.0362709	0.0524767	0.691182
Sphmag11G064900.1-Sphmag11G065000.1	0.262618	0.270672	0.970243
Sphmag11G065100.1-Sphmag11G065200.1	0.0926612	0.127666	0.725812
Sphmag11G068200.1-Sphmag11G068300.1	0.146475	0.211645	0.692076
Sphmag11G068300.1-Sphmag11G068400.1	0.156065	0.22605	0.690398
Sphmag11G070900.1-Sphmag11G071100.1	NA	NA	NA
Sphmag11G074900.1-Sphmag11G075100.1	0.0578662	0.0947381	0.610802
Sphmag11G078900.1-Sphmag11G079000.1	0.117345	0.108331	1.08321
Sphmag11G079200.1-Sphmag11G079400.1	0.180674	0.208538	0.866384
Sphmag11G079300.1-Sphmag11G079400.1	0.0610495	0.0852584	0.716052
Sphmag11G079400.1-Sphmag11G079500.1	0.154886	0.335504	0.461651
Sphmag11G080800.1-Sphmag11G080900.1	0.266918	1.62111	0.164651
Sphmag11G081300.1-Sphmag11G081500.1	0.0725293	0.0701379	1.0341
Sphmag11G089600.1-Sphmag11G089800.1	0.0535903	0.331474	0.161673
Sphmag11G091100.1-Sphmag11G091300.1	0.149395	0.196639	0.759745
Sphmag11G091200.1-Sphmag11G091400.1	0.0245978	0.0346645	0.709595
Sphmag11G102700.1-Sphmag11G102800.1	0.0131839	0.0653125	0.201858
Sphmag11G105200.1-Sphmag11G105300.1	0.00543314	0.0322924	0.168248
Sphmag11G110100.1-Sphmag11G110200.1	0.00419043	0.0441154	0.094988
Sphmag11G110200.1-Sphmag11G110300.1	0.00202034	0.0181425	0.111359
Sphmag11G111300.1-Sphmag11G111400.1	0.0722217	0.694048	0.104059
Sphmag11G113600.1-Sphmag11G113700.1	0.00139941	0.00664468	0.210606
Sphmag11G114500.1-Sphmag11G114700.1	0.139119	0.231672	0.6005
Sphmag11G114600.1-Sphmag11G114800.1	0.063429	0.0887392	0.71478
Sphmag11G117600.1-Sphmag11G117700.1	0.0260424	0.060684	0.429147
Sphmag11G118800.1-Sphmag11G118900.1	0.180088	2.5685	0.0701141
Sphmag11G119700.1-Sphmag11G119900.1	0.0948287	0.102427	0.925818
Sphmag12G002800.1-Sphmag12G002900.1	0.0806564	0.12648	0.637703
Sphmag12G003000.1-Sphmag12G003100.1	0.202719	0.263228	0.770125
Sphmag12G003600.1-Sphmag12G003700.1	0.0240111	0.0353134	0.679945
Sphmag12G003700.1-Sphmag12G003800.1	0.147014	0.171096	0.859247
Sphmag12G003800.1-Sphmag12G003900.1	0.147014	0.171096	0.859247
Sphmag12G003900.1-Sphmag12G004000.1	0.11101	0.119214	0.931185
Sphmag12G004000.1-Sphmag12G004100.1	0.111925	0.0980247	1.14181
Sphmag12G005000.1-Sphmag12G005200.1	0.0641999	0.1147	0.55972
Sphmag12G005400.1-Sphmag12G005500.1	0.0917755	0.135398	0.677819
Sphmag12G005500.1-Sphmag12G005700.1	0.0797613	0.115951	0.687889
Sphmag12G005900.1-Sphmag12G006100.1	0.101351	0.150835	0.671936
Sphmag12G007100.1-Sphmag12G007300.1	0.0550121	0.0225421	2.44042
Sphmag12G007300.1-Sphmag12G007500.1	0.0229612	0.0346205	0.663225
Sphmag12G007500.1-Sphmag12G007700.1	0.0326615	0.0481951	0.677694
Sphmag12G011100.1-Sphmag12G011200.1	0.0364477	0.0331296	1.10016
Sphmag12G011200.1-Sphmag12G011300.1	0.0450787	0.0233858	1.92761
Sphmag12G011400.1-Sphmag12G011500.1	0.150533	0.209127	0.719813
Sphmag12G011500.1-Sphmag12G011600.1	0.172941	0.225601	0.766581
Sphmag12G011600.1-Sphmag12G011700.1	0.182047	0.220939	0.823966
Sphmag12G011700.1-Sphmag12G011800.1	0.011111	0.0164407	0.67582
Sphmag12G012000.1-Sphmag12G012100.1	0.126217	0.24604	0.512994
Sphmag12G013800.1-Sphmag12G014000.1	0.0868916	0.101986	0.851993
Sphmag12G013900.1-Sphmag12G014100.1	0.0786296	0.14692	0.535185
Sphmag12G014100.1-Sphmag12G014200.1	0.0556273	0.0552067	1.00762
Sphmag12G015200.1-Sphmag12G015400.1	0.167869	0.215693	0.778277
Sphmag12G015300.1-Sphmag12G015500.1	0.0934259	0.200434	0.466117
Sphmag12G015500.1-Sphmag12G015600.1	0.0593389	0.0787944	0.753085
Sphmag12G015600.1-Sphmag12G015800.1	0.0676727	0.102107	0.662766
Sphmag12G018700.1-Sphmag12G018800.1	0.0685335	0.0769304	0.890851
Sphmag12G018800.1-Sphmag12G018900.1	0.0994684	0.158743	0.626601
Sphmag12G019300.1-Sphmag12G019500.1	0.0348694	0.0551321	0.63247
Sphmag12G019600.1-Sphmag12G019700.1	0.0556583	0.121779	0.457044
Sphmag12G019700.1-Sphmag12G019800.1	0.156797	0.306473	0.511617
Sphmag12G019900.1-Sphmag12G020000.1	0.0962324	0.167366	0.574981
Sphmag12G019900.1-Sphmag12G020100.1	0.036381	0.0810086	0.449101
Sphmag12G020200.1-Sphmag12G020300.1	0.266493	0.892778	0.298498
Sphmag12G020800.1-Sphmag12G020900.1	0.164619	0.0561865	2.92988
Sphmag12G021200.1-Sphmag12G021400.1	0.0237975	0.0343904	0.691982
Sphmag12G021400.1-Sphmag12G021600.1	0.0380354	0.0942612	0.403511
Sphmag12G021500.1-Sphmag12G021600.1	0.0873433	0.0534063	1.63545
Sphmag12G021600.1-Sphmag12G021800.1	0.110034	0.101518	1.08388
Sphmag12G024000.1-Sphmag12G024100.1	0.00640281	0.0308361	0.20764
Sphmag12G028000.1-Sphmag12G028100.1	0.160159	0.710617	0.22538
Sphmag12G028500.1-Sphmag12G028600.1	0.0237936	0.0899147	0.264624
Sphmag12G030800.1-Sphmag12G030900.1	0.281069	0.835775	0.336297
Sphmag12G044900.1-Sphmag12G045000.1	0.112904	0.317007	0.356155
Sphmag12G048600.1-Sphmag12G048700.1	0.292235	1.12309	0.260207
Sphmag12G051700.1-Sphmag12G051800.1	0.153505	0.568179	0.27017
Sphmag12G054800.1-Sphmag12G054900.1	0.0586892	0.0673456	0.871463
Sphmag12G054900.1-Sphmag12G055000.1	0.0157315	0.0481349	0.326821
Sphmag12G055000.1-Sphmag12G055100.1	0.0243096	0.0438325	0.554602
Sphmag12G066400.1-Sphmag12G066500.1	0.223875	0.313865	0.713286
Sphmag12G066500.1-Sphmag12G066600.1	0.0602693	0.0307083	1.96264
Sphmag12G066600.1-Sphmag12G066700.1	0.0041377	0.00908713	0.455336
Sphmag12G066900.1-Sphmag12G067000.1	0.0858752	0.0503368	1.70601
Sphmag12G069100.1-Sphmag12G069200.1	0.0319522	0.0567604	0.562931
Sphmag12G069700.1-Sphmag12G069800.1	NA	NA	NA
Sphmag12G072000.1-Sphmag12G072100.1	0.818973	3.3006	0.248128
Sphmag12G073400.1-Sphmag12G073600.1	0.00834619	0.0374315	0.222973
Sphmag12G082800.1-Sphmag12G082900.1	NA	0.0105532	-0
Sphmag12G084000.1-Sphmag12G084100.1	0.305851	1.87605	0.16303
Sphmag12G096000.1-Sphmag12G096200.1	0.0966543	0.135737	0.712071
Sphmag12G099400.1-Sphmag12G099500.1	0.379091	1.90548	0.198948
Sphmag12G100300.1-Sphmag12G100500.1	0.0544341	0.056286	0.967098
Sphmag12G100600.1-Sphmag12G100800.1	0.0522859	0.0735531	0.71086
Sphmag12G102400.1-Sphmag12G102600.1	0.0407883	0.0318281	1.28152
Sphmag12G102500.1-Sphmag12G102700.1	0.0424432	0.0416516	1.019
Sphmag12G102700.1-Sphmag12G102900.1	0.0364767	0.0407053	0.896116
Sphmag12G104500.1-Sphmag12G104600.1	0.262398	0.220742	1.18871
Sphmag12G104800.1-Sphmag12G104900.1	0.258532	0.222098	1.16405
Sphmag12G105000.1-Sphmag12G105100.1	0.0133857	0.0110095	1.21584
Sphmag12G105200.1-Sphmag12G105300.1	0.0859687	0.282387	0.304436
Sphmag12G105300.1-Sphmag12G105500.1	0.0552243	0.234783	0.235214
Sphmag12G106800.1-Sphmag12G106900.1	0.518324	0.586852	0.883227
Sphmag12G108500.1-Sphmag12G108600.1	NA	NA	NA
Sphmag12G110300.1-Sphmag12G110400.1	0.00908146	0.0159506	0.56935
Sphmag12G110700.1-Sphmag12G110800.1	0.00180724	NA	NA
Sphmag12G110800.1-Sphmag12G110900.1	0.00725583	0.00528037	1.37411
Sphmag12G111300.1-Sphmag12G111400.1	NA	NA	NA
Sphmag12G115700.1-Sphmag12G115800.1	0.00361494	0.00529832	0.682281
Sphmag12G116200.1-Sphmag12G116400.1	0.0726574	0.0687899	1.05622
Sphmag12G120000.1-Sphmag12G120200.1	0.158999	0.284962	0.557965
Sphmag13G002600.1-Sphmag13G002800.1	0.359438	2.50337	0.143581
Sphmag13G004200.1-Sphmag13G004400.1	1.02188	NA	NA
Sphmag13G005200.1-Sphmag13G005300.1	0.231657	0.436731	0.530435
Sphmag13G005500.1-Sphmag13G005600.1	0.27313	0.441888	0.618098
Sphmag13G006000.1-Sphmag13G006100.1	0.415451	0.579052	0.717468
Sphmag13G006200.1-Sphmag13G006300.1	0.022167	0.0311574	0.711451
Sphmag13G008100.1-Sphmag13G008200.1	0.171396	0.956748	0.179144
Sphmag13G008700.1-Sphmag13G008800.1	0.0883717	0.126072	0.700961
Sphmag13G008800.1-Sphmag13G009000.1	0.100933	0.114382	0.882415
Sphmag13G009500.1-Sphmag13G009700.1	0.328869	0.444859	0.739265
Sphmag13G013100.1-Sphmag13G013200.1	0.286085	0.640419	0.446715
Sphmag13G013200.1-Sphmag13G013400.1	0.0908274	0.34215	0.265461
Sphmag13G015900.1-Sphmag13G016000.1	0.0268124	0.0866894	0.309292
Sphmag13G016000.1-Sphmag13G016100.1	0.0368205	0.0381172	0.96598
Sphmag13G016100.1-Sphmag13G016200.1	0.0671467	0.178205	0.376796
Sphmag13G017600.1-Sphmag13G017700.1	NA	0.0620898	-0
Sphmag13G017700.1-Sphmag13G017900.1	0.0141597	0.13248	0.106882
Sphmag13G025500.1-Sphmag13G025700.1	0.0221653	0.0222352	0.99686
Sphmag13G027400.1-Sphmag13G027500.1	0.164063	0.294912	0.556314
Sphmag13G029900.1-Sphmag13G030100.1	0.0760648	0.185872	0.409233
Sphmag13G030700.1-Sphmag13G030800.1	0.0931937	0.126903	0.734369
Sphmag13G031100.1-Sphmag13G031200.1	0.0969734	0.123871	0.782856
Sphmag13G032700.1-Sphmag13G032800.1	0.0855271	0.112987	0.756967
Sphmag13G032800.1-Sphmag13G032900.1	0.0571677	0.0635579	0.89946
Sphmag13G035000.1-Sphmag13G035100.1	0.0634607	0.674376	0.0941028
Sphmag13G036100.1-Sphmag13G036300.1	0.15724	0.202692	0.775757
Sphmag13G036200.1-Sphmag13G036400.1	0.241181	0.158222	1.52432
Sphmag13G036300.1-Sphmag13G036500.1	0.119487	0.15099	0.791361
Sphmag13G036800.1-Sphmag13G036900.1	0.0491094	0.0580483	0.84601
Sphmag13G037400.1-Sphmag13G037500.1	0.164409	0.642397	0.255931
Sphmag13G038300.1-Sphmag13G038500.1	0.264685	1.32795	0.199318
Sphmag13G039500.1-Sphmag13G039600.1	0.0156418	0.0439705	0.355734
Sphmag13G039800.1-Sphmag13G039900.1	0.258596	0.409868	0.630925
Sphmag13G039900.1-Sphmag13G040000.1	0.0483318	0.0482213	1.00229
Sphmag13G040000.1-Sphmag13G040100.1	0.0248488	0.0495101	0.501894
Sphmag13G048000.1-Sphmag13G048200.1	0.401819	NA	NA
Sphmag13G052600.1-Sphmag13G052800.1	0.0984585	0.050859	1.93591
Sphmag13G052700.1-Sphmag13G052800.1	0.43283	1.4692	0.294603
Sphmag13G056800.1-Sphmag13G056900.1	0.338654	0.496685	0.681827
Sphmag13G057600.1-Sphmag13G057700.1	NA	NA	NA
Sphmag13G057700.1-Sphmag13G057800.1	0.165051	0.161621	1.02122
Sphmag13G066900.1-Sphmag13G067100.1	0.15302	0.22093	0.692618
Sphmag13G069300.1-Sphmag13G069400.1	0.0405777	0.12866	0.315387
Sphmag13G069500.1-Sphmag13G069600.1	0.00190101	0.0196995	0.0965007
Sphmag13G070200.1-Sphmag13G070300.1	0.154448	0.625072	0.247089
Sphmag13G071900.1-Sphmag13G072000.1	0.18525	0.173263	1.06918
Sphmag13G072300.1-Sphmag13G072500.1	1.08262	1.35092	0.801393
Sphmag13G073100.1-Sphmag13G073200.1	0.294849	1.20369	0.244954
Sphmag13G073200.1-Sphmag13G073300.1	0.189383	1.21007	0.156505
Sphmag13G075500.1-Sphmag13G075600.1	0.113089	0.883964	0.127934
Sphmag13G076000.1-Sphmag13G076100.1	0.131398	0.142414	0.922645
Sphmag13G076200.1-Sphmag13G076400.1	0.0855954	0.140193	0.610556
Sphmag13G082600.1-Sphmag13G082800.1	0.444986	0.558747	0.7964
Sphmag13G083300.1-Sphmag13G083400.1	0.0861314	0.176307	0.48853
Sphmag13G086000.1-Sphmag13G086100.1	0.0208305	0.0361748	0.57583
Sphmag13G090200.1-Sphmag13G090300.1	0.368913	0.559173	0.659747
Sphmag13G097000.1-Sphmag13G097200.1	0.14724	0.229876	0.640517
Sphmag13G097600.1-Sphmag13G097700.1	0.236722	0.307664	0.769418
Sphmag13G098400.1-Sphmag13G098600.1	0.426257	NA	NA
Sphmag13G098900.1-Sphmag13G099000.1	0.0632145	0.27361	0.231039
Sphmag13G099800.1-Sphmag13G099900.1	0.563638	2.67809	0.210463
Sphmag13G099800.1-Sphmag13G100000.1	0.571696	1.46227	0.390964
Sphmag13G104000.1-Sphmag13G104100.1	0.0301681	0.0543702	0.554864
Sphmag13G104200.1-Sphmag13G104300.1	0.0337024	0.0467191	0.721385
Sphmag13G107000.1-Sphmag13G107100.1	0.0214506	0.0269485	0.795986
Sphmag13G107700.1-Sphmag13G107800.1	0.296266	0.299315	0.989813
Sphmag13G107900.1-Sphmag13G108000.1	0.303361	0.270614	1.12101
Sphmag13G108000.1-Sphmag13G108100.1	0.227211	0.135081	1.68203
Sphmag13G108100.1-Sphmag13G108200.1	0.224109	0.188544	1.18863
Sphmag13G108200.1-Sphmag13G108300.1	0.259872	0.18922	1.37339
Sphmag13G110300.1-Sphmag13G110400.1	0.0766063	0.198108	0.386689
Sphmag13G114700.1-Sphmag13G114800.1	0.0684537	0.0852299	0.803165
Sphmag13G116500.1-Sphmag13G116700.1	0.046088	0.0594685	0.774999
Sphmag13G117300.1-Sphmag13G117500.1	0.0610406	0.0469683	1.29961
Sphmag13G117400.1-Sphmag13G117500.1	0.0501046	0.0747122	0.670636
Sphmag13G117500.1-Sphmag13G117600.1	0.0460741	0.0491713	0.937013
Sphmag13G117700.1-Sphmag13G117800.1	0.351027	0.822629	0.426713
Sphmag13G120800.1-Sphmag13G121000.1	NA	NA	NA
Sphmag13G121000.1-Sphmag13G121100.1	0.0841133	0.180359	0.466366
Sphmag13G121100.1-Sphmag13G121200.1	NA	NA	NA
Sphmag13G121400.1-Sphmag13G121500.1	0.0604827	0.0899127	0.672682
Sphmag13G122600.1-Sphmag13G122700.1	0.362733	1.46199	0.248108
Sphmag13G123100.1-Sphmag13G123200.1	0.170172	0.311985	0.545449
Sphmag13G125500.1-Sphmag13G125600.1	0.0371681	0.0266022	1.39718
Sphmag13G125600.1-Sphmag13G125700.1	0.0389198	0.0158255	2.45931
Sphmag14G000100.1-Sphmag14G000200.1	0.0135262	0.0304293	0.444511
Sphmag14G000200.1-Sphmag14G000300.1	0.00672777	0.0622834	0.108019
Sphmag14G006500.1-Sphmag14G006600.1	0.132934	0.193633	0.686525
Sphmag14G006800.1-Sphmag14G006900.1	0.067746	0.111447	0.607876
Sphmag14G008100.1-Sphmag14G008200.1	0.0550183	0.710222	0.0774664
Sphmag14G012100.1-Sphmag14G012200.1	0.0880336	0.0646995	1.36065
Sphmag14G012500.1-Sphmag14G012700.1	0.049876	0.0643436	0.775151
Sphmag14G014100.1-Sphmag14G014300.1	0.0870568	0.100833	0.863379
Sphmag14G014600.1-Sphmag14G014800.1	0.0268842	0.0517979	0.519022
Sphmag14G014700.1-Sphmag14G014800.1	0.0367418	0.0312749	1.1748
Sphmag14G014800.1-Sphmag14G014900.1	0.0805742	0.0809179	0.995752
Sphmag14G017200.1-Sphmag14G017300.1	0.117259	1.36653	0.0858078
Sphmag14G017400.1-Sphmag14G017500.1	0.00749793	0.0264073	0.283934
Sphmag14G018100.1-Sphmag14G018200.1	0.166867	0.650107	0.256676
Sphmag14G026400.1-Sphmag14G026500.1	0.00663455	0.00505669	1.31204
Sphmag14G028900.1-Sphmag14G029000.1	0.00900113	0.0111066	0.810428
Sphmag14G029100.1-Sphmag14G029200.1	0.0180087	0.057435	0.313549
Sphmag14G029200.1-Sphmag14G029300.1	0.0155527	0.0516426	0.30116
Sphmag14G030000.1-Sphmag14G030200.1	1.45034	1.84239	0.787205
Sphmag14G030300.1-Sphmag14G030400.1	0.364033	2.53457	0.143627
Sphmag14G035100.1-Sphmag14G035200.1	0.012367	0.0662182	0.186761
Sphmag14G035200.1-Sphmag14G035300.1	0.0175101	0.0792888	0.220839
Sphmag14G036300.1-Sphmag14G036400.1	0.233313	0.966524	0.241394
Sphmag14G038000.1-Sphmag14G038100.1	0.217618	0.348209	0.624964
Sphmag14G044300.1-Sphmag14G044400.1	0.0219773	0.0130058	1.68981
Sphmag14G045200.1-Sphmag14G045300.1	0.69123	NA	NA
Sphmag14G048200.1-Sphmag14G048300.1	0.0514742	0.0827641	0.621938
Sphmag14G048500.1-Sphmag14G048600.1	0.145494	0.225418	0.645444
Sphmag14G050700.1-Sphmag14G050800.1	0.0170046	0.0745695	0.228037
Sphmag14G050800.1-Sphmag14G050900.1	0.00676344	0.0415515	0.162773
Sphmag14G051300.1-Sphmag14G051400.1	0.0419646	0.148806	0.282009
Sphmag14G051500.1-Sphmag14G051700.1	0.0979534	0.581593	0.168422
Sphmag14G051600.1-Sphmag14G051800.1	0.00398253	NA	NA
Sphmag14G051700.1-Sphmag14G051800.1	0.0709215	0.445998	0.159017
Sphmag14G051800.1-Sphmag14G051900.1	0.0366215	0.0630406	0.580919
Sphmag14G051900.1-Sphmag14G052000.1	0.0687734	0.434298	0.158355
Sphmag14G052000.1-Sphmag14G052200.1	0.00801681	0.0304839	0.262985
Sphmag14G052300.1-Sphmag14G052400.1	0.018483	0.0583039	0.317011
Sphmag14G052500.1-Sphmag14G052600.1	0.0821015	0.332609	0.246841
Sphmag14G054000.1-Sphmag14G054100.1	0.240792	0.428907	0.561408
Sphmag14G054300.1-Sphmag14G054400.1	0.520599	1.40967	0.369307
Sphmag14G056100.1-Sphmag14G056200.1	0.108702	0.196015	0.554562
Sphmag14G057400.1-Sphmag14G057500.1	0.54214	NA	NA
Sphmag14G060300.1-Sphmag14G060400.1	0.11696	0.336957	0.347105
Sphmag14G060400.1-Sphmag14G060500.1	0.116816	0.344128	0.339454
Sphmag14G061600.1-Sphmag14G061700.1	0.842529	NA	NA
Sphmag14G062000.1-Sphmag14G062100.1	0.129389	0.197118	0.656405
Sphmag14G063300.1-Sphmag14G063400.1	0.0127481	0.00692331	1.84133
Sphmag14G065300.1-Sphmag14G065500.1	0.0789162	1.08378	0.0728156
Sphmag14G066700.1-Sphmag14G066900.1	0.053133	0.0906743	0.585977
Sphmag14G066900.1-Sphmag14G067000.1	0.00147971	0.0188815	0.0783683
Sphmag14G072200.1-Sphmag14G072400.1	0.036601	0.0609257	0.600748
Sphmag14G078200.1-Sphmag14G078300.1	0.517878	0.886291	0.58432
Sphmag14G078600.1-Sphmag14G078700.1	0.0410502	0.0348584	1.17763
Sphmag14G088600.1-Sphmag14G088700.1	0.258381	0.718697	0.359514
Sphmag14G089000.1-Sphmag14G089100.1	0.239248	0.716586	0.333872
Sphmag14G090000.1-Sphmag14G090100.1	0.0481856	0.0673817	0.715114
Sphmag14G090200.1-Sphmag14G090300.1	0.0534508	0.0491615	1.08725
Sphmag14G090300.1-Sphmag14G090400.1	0.064634	0.0657009	0.983761
Sphmag14G090400.1-Sphmag14G090500.1	0.0526314	0.0751714	0.700152
Sphmag14G090500.1-Sphmag14G090600.1	0.0541982	0.0945872	0.572997
Sphmag14G096300.1-Sphmag14G096400.1	0.0683068	0.0653289	1.04558
Sphmag14G096600.1-Sphmag14G096700.1	0.52177	0.700072	0.745308
Sphmag14G097400.1-Sphmag14G097500.1	0.0271429	0.0467325	0.580814
Sphmag14G097600.1-Sphmag14G097800.1	0.0722537	0.116693	0.619176
Sphmag14G097800.1-Sphmag14G097900.1	0.0722537	0.132901	0.543668
Sphmag14G097800.1-Sphmag14G098000.1	0.0522578	0.0455661	1.14686
Sphmag14G098200.1-Sphmag14G098300.1	0.0173004	0.0142967	1.2101
Sphmag14G102400.1-Sphmag14G102500.1	0.0872862	0.516037	0.169147
Sphmag14G105700.1-Sphmag14G105800.1	0.0161421	0.0349738	0.461547
Sphmag14G110800.1-Sphmag14G110900.1	0.262432	0.756858	0.346738
Sphmag15G000900.1-Sphmag15G001000.1	0.107566	0.129691	0.829407
Sphmag15G004400.1-Sphmag15G004500.1	0.000982189	0.0349418	0.0281093
Sphmag15G006100.1-Sphmag15G006200.1	0.186627	0.926183	0.201501
Sphmag15G007200.1-Sphmag15G007400.1	0.391514	1.18865	0.329378
Sphmag15G009300.1-Sphmag15G009400.1	0.267748	1.22668	0.21827
Sphmag15G011500.1-Sphmag15G011600.1	0.203242	0.986646	0.205993
Sphmag15G017300.1-Sphmag15G017400.1	0.00578171	0.0126495	0.457069
Sphmag15G024900.1-Sphmag15G025100.1	0.822667	NA	NA
Sphmag15G028000.1-Sphmag15G028100.1	0.864267	NA	NA
Sphmag15G028100.1-Sphmag15G028200.1	0.00293293	0.0183422	0.1599
Sphmag15G036000.1-Sphmag15G036200.1	0.0237738	0.0378067	0.628824
Sphmag15G037400.1-Sphmag15G037600.1	NA	NA	NA
Sphmag15G037500.1-Sphmag15G037700.1	0.00604258	0.0184116	0.328194
Sphmag15G037600.1-Sphmag15G037800.1	0.00283756	0.0185911	0.15263
Sphmag15G039200.1-Sphmag15G039300.1	0.257736	1.02362	0.251788
Sphmag15G041100.1-Sphmag15G041300.1	NA	0.0301458	-0
Sphmag15G041300.1-Sphmag15G041400.1	0.00977625	0.0240189	0.407023
Sphmag15G041500.1-Sphmag15G041600.1	0.00194621	NA	NA
Sphmag15G041600.1-Sphmag15G041700.1	0.00389522	0.00593301	0.656534
Sphmag15G041700.1-Sphmag15G041800.1	0.00584997	0.00593449	0.985758
Sphmag15G044600.1-Sphmag15G044700.1	0.0704078	0.054623	1.28898
Sphmag15G047000.1-Sphmag15G047200.1	0.0634298	0.172373	0.367981
Sphmag15G047100.1-Sphmag15G047200.1	0.0368061	0.321844	0.11436
Sphmag15G047200.1-Sphmag15G047300.1	0.0622927	0.304177	0.204791
Sphmag15G047300.1-Sphmag15G047400.1	0.0359932	0.296457	0.121411
Sphmag15G050200.1-Sphmag15G050300.1	0.121871	0.149021	0.817813
Sphmag15G056200.1-Sphmag15G056300.1	NA	NA	NA
Sphmag15G066100.1-Sphmag15G066300.1	0.0378461	0.089118	0.424674
Sphmag15G069000.1-Sphmag15G069200.1	0.0138818	0.0199031	0.697469
Sphmag15G070300.1-Sphmag15G070400.1	0.334444	0.733615	0.455886
Sphmag15G075200.1-Sphmag15G075300.1	0.0385294	0.0441967	0.871773
Sphmag15G079200.1-Sphmag15G079300.1	0.0396109	0.115857	0.341893
Sphmag15G083400.1-Sphmag15G083500.1	0.283421	0.960053	0.295214
Sphmag15G085300.1-Sphmag15G085400.1	NA	NA	NA
Sphmag15G087200.1-Sphmag15G087300.1	NA	0.00430615	-0
Sphmag15G087300.1-Sphmag15G087400.1	0.0755524	0.126351	0.597958
Sphmag15G088300.1-Sphmag15G088500.1	0.793467	0.902975	0.878725
Sphmag15G090700.1-Sphmag15G090800.1	0.0470227	0.0700558	0.671218
Sphmag15G090800.1-Sphmag15G090900.1	0.0464204	0.059452	0.780805
Sphmag15G092600.1-Sphmag15G092700.1	0.111133	0.181977	0.610698
Sphmag15G092700.1-Sphmag15G092900.1	0.0413515	0.127601	0.324069
Sphmag15G093100.1-Sphmag15G093200.1	0.00542193	0.010675	0.507908
Sphmag15G093600.1-Sphmag15G093700.1	0.303252	1.09436	0.277103
Sphmag15G094500.1-Sphmag15G094600.1	0.159229	0.220316	0.72273
Sphmag15G100800.1-Sphmag15G100900.1	0.343218	0.938958	0.365531
Sphmag15G101600.1-Sphmag15G101700.1	0.737764	NA	NA
Sphmag16G001100.1-Sphmag16G001300.1	0.00145264	NA	NA
Sphmag16G001300.1-Sphmag16G001500.1	0.069343	0.0544298	1.27399
Sphmag16G001900.1-Sphmag16G002100.1	NA	NA	NA
Sphmag16G002100.1-Sphmag16G002200.1	NA	NA	NA
Sphmag16G002200.1-Sphmag16G002300.1	NA	NA	NA
Sphmag16G002300.1-Sphmag16G002400.1	NA	NA	NA
Sphmag16G008400.1-Sphmag16G008600.1	0.0160418	0.0533605	0.300629
Sphmag16G015200.1-Sphmag16G015300.1	0.0164279	0.201444	0.0815505
Sphmag16G022000.1-Sphmag16G022100.1	0.0161045	0.797113	0.0202035
Sphmag16G025600.1-Sphmag16G025700.1	0.0373305	0.317777	0.117474
Sphmag16G029100.1-Sphmag16G029300.1	0.092911	1.12063	0.0829097
Sphmag16G035300.1-Sphmag16G035500.1	0.274228	0.854245	0.321018
Sphmag16G035500.1-Sphmag16G035600.1	0.0778644	0.239109	0.325644
Sphmag16G037100.1-Sphmag16G037300.1	NA	NA	NA
Sphmag16G042300.1-Sphmag16G042500.1	0.201121	0.2263	0.888733
Sphmag16G045000.1-Sphmag16G045100.1	0.0840343	0.132045	0.636404
Sphmag16G049200.1-Sphmag16G049300.1	0.0232757	0.120686	0.192863
Sphmag16G051000.1-Sphmag16G051200.1	0.028933	0.044887	0.644575
Sphmag16G051200.1-Sphmag16G051300.1	0.187861	0.216357	0.86829
Sphmag16G051300.1-Sphmag16G051400.1	0.114263	0.0706407	1.61752
Sphmag16G051700.1-Sphmag16G051800.1	0.104687	0.042275	2.47634
Sphmag16G059700.1-Sphmag16G059800.1	0.0378775	0.0568065	0.66678
Sphmag16G059800.1-Sphmag16G059900.1	0.0468209	0.0565472	0.827997
Sphmag16G059900.1-Sphmag16G060000.1	0.0274619	0.0437817	0.627246
Sphmag16G060600.1-Sphmag16G060700.1	0.68522	1.19217	0.574767
Sphmag16G062300.1-Sphmag16G062400.1	0.244684	0.522774	0.468049
Sphmag16G062400.1-Sphmag16G062500.1	0.246381	0.824333	0.298885
Sphmag16G062400.1-Sphmag16G062600.1	0.207607	0.714355	0.290621
Sphmag16G066000.1-Sphmag16G066200.1	0.029107	0.0349833	0.832027
Sphmag16G066100.1-Sphmag16G066300.1	0.0500084	0.0661572	0.755902
Sphmag16G066200.1-Sphmag16G066400.1	0.0299017	0.0607252	0.49241
Sphmag16G066300.1-Sphmag16G066500.1	0.0471021	0.0643356	0.732131
Sphmag16G069200.1-Sphmag16G069300.1	0.0210857	0.032656	0.645692
Sphmag16G071200.1-Sphmag16G071300.1	0.126413	0.80793	0.156465
Sphmag16G072300.1-Sphmag16G072400.1	0.162408	0.369306	0.439765
Sphmag16G072600.1-Sphmag16G072700.1	0.39075	1.2592	0.310317
Sphmag16G073100.1-Sphmag16G073300.1	0.13049	0.326475	0.399694
Sphmag16G073200.1-Sphmag16G073300.1	0.219183	0.44697	0.490375
Sphmag16G073300.1-Sphmag16G073400.1	0.112523	0.267938	0.419959
Sphmag16G073400.1-Sphmag16G073500.1	0.116814	0.222953	0.52394
Sphmag16G073500.1-Sphmag16G073600.1	0.0220415	0.0545251	0.404245
Sphmag16G082400.1-Sphmag16G082500.1	0.25493	0.337242	0.755928
Sphmag16G082500.1-Sphmag16G082600.1	0.34336	0.448246	0.766008
Sphmag16G082600.1-Sphmag16G082700.1	0.640056	0.958157	0.668007
Sphmag16G084800.1-Sphmag16G084900.1	0.010059	NA	NA
Sphmag16G088600.1-Sphmag16G088700.1	0.20907	0.0891218	2.34589
Sphmag16G089400.1-Sphmag16G089500.1	0.158309	0.0597666	2.64879
Sphmag16G090000.1-Sphmag16G090100.1	0.252571	0.408559	0.6182
Sphmag16G090100.1-Sphmag16G090300.1	0.383755	0.822901	0.466345
Sphmag16G093200.1-Sphmag16G093300.1	0.70201	0.77962	0.900452
Sphmag16G093800.1-Sphmag16G093900.1	0.333024	0.538544	0.618378
Sphmag16G094100.1-Sphmag16G094200.1	0.740463	1.10545	0.66983
Sphmag16G094200.1-Sphmag16G094400.1	0.81263	1.25874	0.645589
Sphmag16G094700.1-Sphmag16G094800.1	0.059561	0.114421	0.520544
Sphmag16G094800.1-Sphmag16G094900.1	0.0410138	0.0685143	0.598617
Sphmag16G098300.1-Sphmag16G098500.1	0.102047	0.0803191	1.27052
Sphmag16G099200.1-Sphmag16G099300.1	0.344428	0.649013	0.530695
Sphmag16G101000.1-Sphmag16G101200.1	0.362481	0.511304	0.708936
Sphmag16G101200.1-Sphmag16G101300.1	0.366583	0.426729	0.859055
Sphmag17G000400.1-Sphmag17G000500.1	NA	NA	NA
Sphmag17G001300.1-Sphmag17G001500.1	0.037889	0.127213	0.297838
Sphmag17G002000.1-Sphmag17G002100.1	0.756393	NA	NA
Sphmag17G002400.1-Sphmag17G002600.1	0.0316712	0.0828058	0.382476
Sphmag17G002600.1-Sphmag17G002700.1	0.0350842	0.0828058	0.423693
Sphmag17G002700.1-Sphmag17G002800.1	0.00656195	0.0105032	0.624758
Sphmag17G004000.1-Sphmag17G004100.1	0.0256839	0.144893	0.177262
Sphmag17G004100.1-Sphmag17G004200.1	0.0325112	0.13085	0.248462
Sphmag17G004500.1-Sphmag17G004600.1	0.0461487	0.0525452	0.878267
Sphmag17G005700.1-Sphmag17G005800.1	0.21646	0.761065	0.284418
Sphmag17G014200.1-Sphmag17G014300.1	0.130714	0.872421	0.149829
Sphmag17G015200.1-Sphmag17G015400.1	0.0238797	0.0879235	0.271596
Sphmag17G015400.1-Sphmag17G015500.1	0.0183118	0.0100344	1.8249
Sphmag17G015500.1-Sphmag17G015600.1	0.0307404	0.0846123	0.363309
Sphmag17G015600.1-Sphmag17G015700.1	0.0633493	0.182502	0.347116
Sphmag17G015700.1-Sphmag17G015800.1	0.0632014	0.201648	0.313424
Sphmag17G015800.1-Sphmag17G015900.1	0.0307977	0.0840727	0.366323
Sphmag17G017300.1-Sphmag17G017400.1	0.0950589	0.276344	0.343987
Sphmag17G018200.1-Sphmag17G018300.1	0.0759513	0.0940526	0.80754
Sphmag17G018300.1-Sphmag17G018400.1	0.118582	0.32141	0.368942
Sphmag17G024000.1-Sphmag17G024200.1	0.0360557	0.0550203	0.655315
Sphmag17G024200.1-Sphmag17G024300.1	0.227759	0.718718	0.316896
Sphmag17G024300.1-Sphmag17G024400.1	0.057954	0.11951	0.484929
Sphmag17G024400.1-Sphmag17G024500.1	0.105307	0.178296	0.590634
Sphmag17G025500.1-Sphmag17G025700.1	0.00422064	NA	NA
Sphmag17G027900.1-Sphmag17G028100.1	0.399177	1.24121	0.321603
Sphmag17G030100.1-Sphmag17G030200.1	0.110143	0.158906	0.693135
Sphmag17G030900.1-Sphmag17G031100.1	0.103726	0.171074	0.606321
Sphmag17G032000.1-Sphmag17G032200.1	0.0538568	0.0964274	0.558522
Sphmag17G032100.1-Sphmag17G032300.1	0.0225379	0.0347599	0.648387
Sphmag17G032300.1-Sphmag17G032400.1	0.310097	1.29484	0.239487
Sphmag17G035000.1-Sphmag17G035100.1	0.0291832	0.055615	0.524736
Sphmag17G035100.1-Sphmag17G035200.1	0.0387727	0.494589	0.0783938
Sphmag17G036200.1-Sphmag17G036300.1	0.0233978	0.0554505	0.421959
Sphmag17G036300.1-Sphmag17G036400.1	0.0234208	0.0668621	0.350285
Sphmag17G046300.1-Sphmag17G046400.1	0.0237602	0.0195888	1.21295
Sphmag17G049100.1-Sphmag17G049300.1	0.10407	0.158646	0.655989
Sphmag17G051000.1-Sphmag17G051100.1	NA	NA	NA
Sphmag17G052400.1-Sphmag17G052600.1	0.031051	NA	NA
Sphmag17G052500.1-Sphmag17G052700.1	0.0463654	0.0974645	0.475716
Sphmag17G052900.1-Sphmag17G053100.1	0.0256037	0.0629	0.407054
Sphmag17G054400.1-Sphmag17G054500.1	0.00932064	0.0622666	0.149689
Sphmag17G054500.1-Sphmag17G054600.1	0.0561121	0.280144	0.200297
Sphmag17G054700.1-Sphmag17G054800.1	0.0467504	0.149949	0.311775
Sphmag17G055500.1-Sphmag17G055600.1	0.0190722	0.052688	0.361983
Sphmag17G055600.1-Sphmag17G055700.1	0.124653	0.505672	0.246509
Sphmag17G057300.1-Sphmag17G057500.1	0.264859	0.5931	0.446567
Sphmag17G057500.1-Sphmag17G057600.1	0.148953	0.344049	0.43294
Sphmag17G058200.1-Sphmag17G058300.1	0.041615	0.0135121	3.07982
Sphmag17G058300.1-Sphmag17G058400.1	0.0463664	0.0413377	1.12165
Sphmag17G062500.1-Sphmag17G062600.1	0.100043	0.225457	0.443734
Sphmag17G063400.1-Sphmag17G063500.1	0.0235804	0.0183393	1.28579
Sphmag17G064400.1-Sphmag17G064600.1	0.00680081	0.0160294	0.424272
Sphmag17G065700.1-Sphmag17G065800.1	0.0146555	0.668128	0.0219352
Sphmag17G069000.1-Sphmag17G069100.1	NA	NA	NA
Sphmag17G069300.1-Sphmag17G069400.1	0.0207262	0.0579454	0.357685
Sphmag17G075000.1-Sphmag17G075100.1	0.0353037	0.0335155	1.05336
Sphmag17G077400.1-Sphmag17G077600.1	0.0301622	0.165588	0.182152
Sphmag17G080900.1-Sphmag17G081000.1	0.0848799	0.136344	0.622543
Sphmag17G081000.1-Sphmag17G081100.1	0.0764139	0.148382	0.514981
Sphmag17G087500.1-Sphmag17G087600.1	0.0978738	0.140297	0.697621
Sphmag17G087600.1-Sphmag17G087800.1	0.0760167	0.0867386	0.876388
Sphmag17G094500.1-Sphmag17G094600.1	0.110525	0.214943	0.514206
Sphmag17G094800.1-Sphmag17G094900.1	0.00280698	0.0113778	0.246707
Sphmag17G096300.1-Sphmag17G096500.1	0.7552	1.60455	0.470661
Sphmag17G096900.1-Sphmag17G097000.1	0.47465	0.987549	0.480634
Sphmag17G097700.1-Sphmag17G097900.1	0.612567	1.46267	0.418801
Sphmag17G098400.1-Sphmag17G098600.1	0.0550015	0.0409868	1.34193
Sphmag17G098900.1-Sphmag17G099000.1	0.233862	0.398427	0.586962
Sphmag17G099000.1-Sphmag17G099100.1	0.117832	0.147016	0.80149
Sphmag17G100900.1-Sphmag17G101100.1	0.0536322	0.131863	0.406726
Sphmag17G101000.1-Sphmag17G101200.1	0.0611529	0.0574341	1.06475
Sphmag17G101100.1-Sphmag17G101300.1	0.142402	0.467164	0.304823
Sphmag17G101900.1-Sphmag17G102100.1	0.00299673	0.00565149	0.530254
Sphmag17G102100.1-Sphmag17G102300.1	0.01727	0.026321	0.656132
Sphmag17G108700.1-Sphmag17G108800.1	0.141316	0.16836	0.839367
Sphmag17G108800.1-Sphmag17G108900.1	0.183401	0.244295	0.750736
Sphmag17G108800.1-Sphmag17G109000.1	0.139952	0.167039	0.837841
Sphmag18G002900.1-Sphmag18G003000.1	0.294714	0.621176	0.474445
Sphmag18G003000.1-Sphmag18G003100.1	0.157494	0.261515	0.602237
Sphmag18G003100.1-Sphmag18G003200.1	0.327367	0.675451	0.484665
Sphmag18G004400.1-Sphmag18G004500.1	0.239697	0.386533	0.620121
Sphmag18G004800.1-Sphmag18G004900.1	0.0728977	0.0788102	0.924977
Sphmag18G004900.1-Sphmag18G005100.1	0.0396316	0.0602264	0.658043
Sphmag18G006200.1-Sphmag18G006300.1	0.079829	0.124437	0.641522
Sphmag18G006400.1-Sphmag18G006500.1	0.402661	1.18626	0.339438
Sphmag18G006500.1-Sphmag18G006600.1	0.370441	1.04798	0.353479
Sphmag18G007200.1-Sphmag18G007400.1	0.0288255	0.0676844	0.425881
Sphmag18G007500.1-Sphmag18G007700.1	0.0753324	0.0918374	0.82028
Sphmag18G007600.1-Sphmag18G007800.1	0.0436063	0.0522781	0.834121
Sphmag18G008100.1-Sphmag18G008200.1	NA	NA	NA
Sphmag18G008200.1-Sphmag18G008300.1	0.681041	0.565709	1.20387
Sphmag18G010300.1-Sphmag18G010400.1	0.356288	0.472579	0.753921
Sphmag18G010400.1-Sphmag18G010500.1	0.097333	0.110385	0.881756
Sphmag18G012400.1-Sphmag18G012500.1	0.146506	0.319044	0.459203
Sphmag18G013700.1-Sphmag18G013800.1	0.00758507	0.0251106	0.302066
Sphmag18G015000.1-Sphmag18G015100.1	0.63182	4.85071	0.130253
Sphmag18G019400.1-Sphmag18G019500.1	0.0175997	0.0249324	0.705895
Sphmag18G023000.1-Sphmag18G023100.1	0.0854387	0.392932	0.217439
Sphmag18G026900.1-Sphmag18G027100.1	0.174092	0.172008	1.01212
Sphmag18G027100.1-Sphmag18G027200.1	0.251291	0.29701	0.846068
Sphmag18G028300.1-Sphmag18G028400.1	0.0650704	0.14225	0.457436
Sphmag18G028600.1-Sphmag18G028700.1	0.0605364	0.130423	0.464155
Sphmag18G028700.1-Sphmag18G028900.1	0.0733088	0.06714	1.09188
Sphmag18G032500.1-Sphmag18G032600.1	0.356538	0.459011	0.776752
Sphmag18G037300.1-Sphmag18G037400.1	0.119585	0.446679	0.26772
Sphmag18G038600.1-Sphmag18G038700.1	0.94652	2.30022	0.41149
Sphmag18G044300.1-Sphmag18G044400.1	0.117277	0.583224	0.201083
Sphmag18G050900.1-Sphmag18G051100.1	0.015052	0.0420554	0.357908
Sphmag18G054500.1-Sphmag18G054600.1	0.533041	3.33878	0.159651
Sphmag18G055800.1-Sphmag18G056000.1	1.12582	NA	NA
Sphmag18G055900.1-Sphmag18G056100.1	0.0344742	0.0437488	0.788003
Sphmag18G057700.1-Sphmag18G057800.1	0.02596	0.0380975	0.68141
Sphmag18G057800.1-Sphmag18G057900.1	0.0225763	0.0198126	1.13949
Sphmag18G058400.1-Sphmag18G058500.1	0.477816	0.430886	1.10891
Sphmag18G058500.1-Sphmag18G058600.1	0.465927	0.454596	1.02493
Sphmag18G064500.1-Sphmag18G064600.1	0.220823	0.378403	0.583566
Sphmag18G068400.1-Sphmag18G068500.1	0.130432	0.753038	0.173208
Sphmag18G068500.1-Sphmag18G068600.1	0.0782911	0.257751	0.303747
Sphmag18G070200.1-Sphmag18G070300.1	0.0212927	0.0416446	0.511294
Sphmag18G084000.1-Sphmag18G084100.1	0.156503	0.878655	0.178117
Sphmag18G084100.1-Sphmag18G084200.1	0.192106	0.749205	0.256413
Sphmag18G084300.1-Sphmag18G084400.1	0.536215	2.70514	0.198221
Sphmag18G085900.1-Sphmag18G086000.1	0.770733	NA	NA
Sphmag18G090400.1-Sphmag18G090600.1	0.0645296	0.0502574	1.28398
Sphmag18G090500.1-Sphmag18G090600.1	0.0154092	0.0383995	0.401285
Sphmag18G090700.1-Sphmag18G090800.1	0.709299	0.881838	0.804341
Sphmag18G091100.1-Sphmag18G091200.1	0.398571	0.408775	0.975038
Sphmag18G091900.1-Sphmag18G092000.1	0.162157	0.378477	0.428447
Sphmag18G092500.1-Sphmag18G092700.1	0.0101618	0.15236	0.0666959
Sphmag18G093400.1-Sphmag18G093600.1	0.039757	0.0872154	0.455849
Sphmag18G093500.1-Sphmag18G093700.1	0.0684509	0.0843434	0.811574
Sphmag18G093600.1-Sphmag18G093700.1	0.0628065	0.120913	0.519433
Sphmag18G094700.1-Sphmag18G094800.1	0.00271794	0.11516	0.0236014
Sphmag18G095300.1-Sphmag18G095400.1	0.0959224	0.126493	0.758323
Sphmag18G100400.1-Sphmag18G100500.1	0.855113	1.51634	0.563931
Sphmag18G100500.1-Sphmag18G100600.1	0.769467	1.44621	0.532058
Sphmag18G100600.1-Sphmag18G100700.1	1.00827	1.76985	0.56969
Sphmag18G102300.1-Sphmag18G102400.1	0.601315	0.636694	0.944434
Sphmag18G102400.1-Sphmag18G102500.1	NA	NA	NA
Sphmag19G001700.1-Sphmag19G001800.1	0.0381168	0.0413141	0.922609
Sphmag19G001800.1-Sphmag19G001900.1	0.109155	0.0748105	1.45909
Sphmag19G002800.1-Sphmag19G002900.1	0.0604307	0.0838304	0.720869
Sphmag19G002900.1-Sphmag19G003100.1	0.0254785	0.034995	0.728061
Sphmag19G005200.1-Sphmag19G005300.1	0.018981	0.173563	0.109361
Sphmag19G008100.1-Sphmag19G008300.1	0.240437	0.480332	0.500563
Sphmag19G008300.1-Sphmag19G008500.1	0.348731	0.683654	0.510098
Sphmag19G008400.1-Sphmag19G008500.1	0.526419	1.8539	0.283952
Sphmag19G008700.1-Sphmag19G008800.1	0.523673	2.34624	0.223197
Sphmag19G016700.1-Sphmag19G016800.1	0.284599	0.320933	0.886788
Sphmag19G016800.1-Sphmag19G017000.1	0.364061	0.608613	0.598182
Sphmag19G018200.1-Sphmag19G018300.1	0.0223605	0.0211287	1.0583
Sphmag19G018500.1-Sphmag19G018700.1	0.0789985	0.0564186	1.40022
Sphmag19G018700.1-Sphmag19G018800.1	0.51356	0.848629	0.605164
Sphmag19G021300.1-Sphmag19G021400.1	0.525981	1.04486	0.503398
Sphmag19G028200.1-Sphmag19G028300.1	0.346874	0.708134	0.489842
Sphmag19G030700.1-Sphmag19G030800.1	NA	0.00588313	-0
Sphmag19G030800.1-Sphmag19G030900.1	NA	NA	NA
Sphmag19G031100.1-Sphmag19G031200.1	NA	0.00588313	-0
Sphmag19G032900.1-Sphmag19G033100.1	0.00552	0.0450828	0.122441
Sphmag19G033000.1-Sphmag19G033100.1	0.0706538	0.0902808	0.7826
Sphmag19G036100.1-Sphmag19G036200.1	0.00392476	NA	NA
Sphmag19G036200.1-Sphmag19G036400.1	NA	NA	NA
Sphmag19G038000.1-Sphmag19G038100.1	1.02956	NA	NA
Sphmag19G039400.1-Sphmag19G039500.1	0.213066	1.00578	0.211841
Sphmag19G042400.1-Sphmag19G042500.1	0.00399267	0.229482	0.0173986
Sphmag19G042500.1-Sphmag19G042600.1	0.00399119	0.17787	0.0224388
Sphmag19G047800.1-Sphmag19G048000.1	0.00936982	0.0128624	0.728468
Sphmag19G047900.1-Sphmag19G048100.1	0.0557556	0.0815298	0.683868
Sphmag19G056800.1-Sphmag19G056900.1	0.00512902	0.0082604	0.620917
Sphmag19G057900.1-Sphmag19G058100.1	0.0233791	0.0687979	0.339822
Sphmag19G058100.1-Sphmag19G058200.1	NA	NA	NA
Sphmag19G061800.1-Sphmag19G062000.1	1.66167	NA	NA
Sphmag19G061900.1-Sphmag19G062000.1	0.104599	0.0517858	2.01984
Sphmag19G062000.1-Sphmag19G062100.1	0.0968405	0.0354746	2.72986
Sphmag19G066400.1-Sphmag19G066600.1	0.0561157	0.0729818	0.7689
Sphmag19G066600.1-Sphmag19G066800.1	0.0590481	0.0625149	0.944544
Sphmag19G066800.1-Sphmag19G067000.1	0.0658632	0.0830975	0.792601
Sphmag19G067100.1-Sphmag19G067300.1	0.0298829	0.0160119	1.86629
Sphmag19G068600.1-Sphmag19G068800.1	0.102237	1.12915	0.0905432
Sphmag19G069700.1-Sphmag19G069800.1	0.136579	0.501461	0.272363
Sphmag19G071400.1-Sphmag19G071600.1	0.0663977	0.102874	0.645425
Sphmag19G071600.1-Sphmag19G071700.1	0.0424064	0.0568281	0.746223
Sphmag19G071700.1-Sphmag19G071800.1	0.100817	0.105061	0.959602
Sphmag19G071700.1-Sphmag19G071900.1	0.420668	0.652225	0.644974
Sphmag19G076400.1-Sphmag19G076600.1	0.0219342	0.0541979	0.404705
Sphmag19G077400.1-Sphmag19G077500.1	0.509729	1.14134	0.446608
Sphmag19G081900.1-Sphmag19G082100.1	0.0196831	0.0221646	0.888042
Sphmag19G082100.1-Sphmag19G082200.1	0.268628	0.655983	0.409504
Sphmag19G084400.1-Sphmag19G084500.1	0.0164543	0.019802	0.830941
Sphmag19G084500.1-Sphmag19G084600.1	0.0275914	0.0198962	1.38677
Sphmag19G084600.1-Sphmag19G084800.1	0.0154536	0.0211275	0.731447
Sphmag19G084700.1-Sphmag19G084900.1	0.0375937	0.0440742	0.852964
Sphmag19G087600.1-Sphmag19G087700.1	0.72072	NA	NA
Sphmag19G087800.1-Sphmag19G087900.1	0.495221	0.867387	0.570935
Sphmag19G088900.1-Sphmag19G089000.1	0.144688	0.127345	1.13619
Sphmag19G090100.1-Sphmag19G090200.1	0.050857	0.0558875	0.909989
Sphmag19G090500.1-Sphmag19G090600.1	0.0016049	0.00784351	0.204616
Sphmag19G094200.1-Sphmag19G094300.1	0.127529	0.152153	0.838165
Sphmag19G097300.1-Sphmag19G097400.1	NA	NA	NA
Sphmag19G097500.1-Sphmag19G097600.1	0.228253	0.449313	0.508003
Sphmag20G005300.1-Sphmag20G005400.1	0.0687012	0.0911338	0.75385
Sphmag20G008500.1-Sphmag20G008600.1	NA	NA	NA
Sphmag20G015100.1-Sphmag20G015200.1	0.498572	1.96437	0.253808
SphmagU001300.1-SphmagU001400.1	NA	NA	NA
SphmagU001800.1-SphmagU002000.1	0.045407	0.0428892	1.05871
