Seq	Ka	Ks	Ka/Ks
103510-81444	NA	NA	NA
104750-113644	NA	0.0173204	-0
104784-104787	0.0490659	0.0791739	0.619723
104814-112657	NA	NA	NA
104889-104895	0.00387386	NA	NA
104934-104935	NA	NA	NA
104955-113741	NA	NA	NA
104980-63074	NA	NA	NA
105197-56413	0.51511	0.647454	0.795594
105416-57697	0.934961	1.17156	0.798049
106763-56127	NA	0.00331106	-0
107316-55080	NA	NA	NA
107316-55081	0.00454492	0.00369997	1.22837
107321-107322	1.11423	NA	NA
107416-97845	NA	NA	NA
107511-113606	NA	NA	NA
107518-51412	NA	0.0141898	-0
107520-55086	NA	NA	NA
107703-113801	NA	NA	NA
107714-56018	NA	NA	NA
108802-108803	0.832447	0.430366	1.93428
108835-61010	NA	NA	NA
108910-108911	0.719206	1.17197	0.613673
109200-62709	0.0843874	0.153099	0.551197
109207-62740	NA	NA	NA
112724-113283	NA	NA	NA
113259-113975	1.32633	2.82747	0.469085
113605-77828	0.0159161	0.00511904	3.1092
113644-56050	NA	0.00572914	-0
113915-107297	NA	NA	NA
50489-84881	1.05179	1.22181	0.860843
51392-51410	NA	NA	NA
51395-51416	NA	NA	NA
51998-64052	0.460217	0.591246	0.778384
52723-57700	0.0103242	0.0290126	0.355852
54992-113973	NA	NA	NA
55021-89424	0.00768134	0.00398444	1.92783
55071-55105	NA	NA	NA
55076-92936	0.00151797	0.00499271	0.304037
55085-55118	NA	NA	NA
55089-98542	NA	NA	NA
55092-51417	0.00515343	0.0138998	0.370756
55096-51420	NA	NA	NA
55097-55130	0.0815867	0.108779	0.750024
55097-55131	0.0343782	0.0610092	0.563491
55099-55133	NA	NA	NA
55100-77748	NA	NA	NA
55103-55136	NA	NA	NA
55104-92955	NA	NA	NA
55525-55526	0.529823	0.647696	0.818012
55593-55595	0.0329502	0.0613929	0.53671
55841-98763	1.02831	0.839332	1.22515
55886-78967	0.000625182	NA	NA
55988-79033	0.00158018	NA	NA
55988-96975	0.0176912	0.0224614	0.787626
56732-56733	0.777614	0.822776	0.94511
57400-108008	NA	NA	NA
57697-57699	1.11225	2.42607	0.458459
58769-81485	0.576277	0.942691	0.611311
58858-58859	0.753372	0.930592	0.809562
58932-58933	0.480726	0.826801	0.581429
59206-91017	0.0255627	0.0273573	0.9344
59293-108437	0.363604	0.720868	0.504398
59377-108457	0.933524	0.871509	1.07116
59785-59787	0.130237	0.237758	0.54777
60599-94846	0.00124573	0.00126086	0.988006
60824-97779	NA	NA	NA
60825-60846	NA	NA	NA
60826-60847	NA	NA	NA
60846-84182	NA	NA	NA
60975-70640	0.0029458	NA	NA
60979-108825	0.810037	0.630018	1.28574
61121-61122	0.16038	0.134369	1.19358
61127-107390	NA	NA	NA
62144-85829	NA	NA	NA
62377-62378	0.598357	1.16752	0.512501
62442-98056	0.000404694	NA	NA
62453-53360	0.379642	0.821481	0.462143
62621-75054	0.000355964	0.00106452	0.33439
62714-69613	NA	NA	NA
62740-86725	0.0674495	0.0759765	0.887769
62804-98118	0.0116651	0.0163279	0.71443
62890-62889	0.429551	0.734693	0.584667
63067-86780	NA	NA	NA
63191-109290	0.618879	1.44074	0.429556
64027-109466	1.27528	1.24704	1.02264
64094-109480	0.864374	1.13271	0.763101
64128-109486	NA	NA	NA
64316-64318	0.211718	0.247839	0.854255
64381-109546	NA	NA	NA
64743-64745	0.106705	0.585186	0.182344
64744-64746	0.351267	0.674402	0.520857
64747-68184	NA	NA	NA
64755-64757	0.085155	0.114306	0.744976
67033-83467	0.265918	0.382552	0.695117
67658-104553	1.1312	1.01509	1.11438
68285-99118	0.148539	0.362517	0.409743
75639-55564	0.108492	0.186759	0.580919
77416-77926	NA	NA	NA
77437-92946	NA	NA	NA
77527-78169	NA	NA	NA
77618-92928	NA	NA	NA
77734-78283	NA	NA	NA
78941-79168	0.726625	1.30172	0.558203
78979-78964	0.245759	0.462798	0.531029
81444-97965	NA	NA	NA
82770-96445	0.00113338	NA	NA
90882-50406	NA	NA	NA
91438-97750	NA	NA	NA
92934-77678	0.0101455	NA	NA
92943-77645	NA	NA	NA
94116-58772	NA	NA	NA
96389-104840	NA	0.0114798	-0
97424-58768	0.59518	0.665448	0.894405
97757-60674	0.0325148	0.093083	0.34931
97933-85385	0.982582	0.950949	1.03326
97965-97966	NA	NA	NA
99323-56728	0.322357	0.445383	0.723776
