Seq	Ka	Ks	Ka/Ks
EME25805-EME25806	0.21404	0.318162	0.672737
EME25915-EME25916	0.87755	1.52527	0.575341
EME26523-EME26524	1.06655	1.86734	0.57116
EME26562-EME26564	0.480761	2.31192	0.207949
EME27075-EME27077	0.12604	3.37984	0.0372918
EME27458-EME27459	0.385794	NA	NA
EME27662-EME27663	0.781063	2.50281	0.312074
EME28295-EME28296	0.253555	3.10512	0.0816571
EME28295-EME28297	0.317852	3.71027	0.0856682
EME28458-EME28459	0.925492	1.08789	0.850719
EME28499-EME28501	0.480089	0.977358	0.491211
EME28500-EME28501	0.442223	1.05246	0.420181
EME28565-EME28566	0.554952	2.99464	0.185315
EME28869-EME28870	0.776266	1.82472	0.425417
EME29374-EME29375	0.460979	NA	NA
EME29516-EME29517	0.800813	4.1315	0.193831
EME29966-EME29967	0.509692	NA	NA
EME30177-EME30179	0.462881	1.75082	0.26438
EME30913-EME30914	1.0172	NA	NA
EME31018-EME31019	0.374482	NA	NA
EME31050-EME31051	1.05283	4.12741	0.255084
EME31284-EME31285	0.550741	NA	NA
EME31414-EME31417	0.132568	3.21328	0.0412562
EME31483-EME31485	0.637241	NA	NA
EME31852-EME31853	1.25265	1.30859	0.957249
EME31867-EME31868	0.857462	2.99394	0.286399
EME32003-EME32004	0.571779	3.30239	0.173141
EME32012-EME32013	0.482525	NA	NA
EME32023-EME32024	0.0897289	0.239245	0.375051
EME32757-EME32758	1.50088	3.1796	0.472034
