104980
63074
107316
55081
107321
107322
107703
113801
113259
113975
52723
57700
54992
113973
55097
55131
55593
55595
55841
98763
55988
79033
57697
57699
59785
59787
60826
60847
64094
109480
64316
64318
64381
109546
64743
64745
64744
64746
64755
64757
67658
104553
97933
85385
103510
81444
104750
113644
104784
104787
104814
112657
104889
104895
104934
104935
104955
113741
105197
56413
105416
106763
56127
55080
107416
97845
107511
113606
107518
51412
107520
55086
107714
56018
108802
108803
108835
61010
108910
108911
109200
62709
109207
62740
112724
113283
113605
77828
56050
113915
107297
50489
84881
51392
51410
51395
51416
51998
64052
55021
89424
55071
55105
55076
92936
55085
55118
55089
98542
55092
51417
55096
51420
55130
55099
55133
55100
77748
55103
55136
55104
92955
55525
55526
55886
78967
96975
56732
56733
57400
108008
58769
81485
58858
58859
58932
58933
59206
91017
59293
108437
59377
108457
60599
94846
60824
97779
60825
60846
84182
60975
70640
60979
108825
61121
61122
61127
107390
62144
85829
62377
62378
62442
98056
62453
53360
62621
75054
62714
69613
86725
62804
98118
62890
62889
63067
86780
63191
109290
64027
109466
64128
109486
64747
68184
67033
83467
68285
99118
75639
55564
77416
77926
77437
92946
77527
78169
77618
92928
77734
78283
78941
79168
78979
78964
97965
82770
96445
90882
50406
91438
97750
92934
77678
92943
77645
94116
58772
96389
104840
97424
58768
97757
60674
97966
99323
56728
