Seq	Ka	Ks	Ka/Ks
GAX72547.1-GAX72548.1	0.372363	1.23338	0.301904
GAX72566.1-GAX72567.1	0.451734	2.7847	0.16222
GAX72568.1-GAX72570.1	0.162363	0.270166	0.600975
GAX72629.1-GAX72631.1	0.0191077	0.0371527	0.514303
GAX72652.1-GAX72653.1	0.488043	NA	NA
GAX72675.1-GAX72676.1	0.4326	NA	NA
GAX72676.1-GAX72677.1	0.425382	NA	NA
GAX72720.1-GAX72722.1	1.52003	3.09386	0.491304
GAX72721.1-GAX72722.1	0.34994	2.88857	0.121146
GAX72722.1-GAX72723.1	0.707305	3.07915	0.229708
GAX72746.1-GAX72747.1	1.23559	NA	NA
GAX72749.1-GAX72750.1	0.491176	NA	NA
GAX72788.1-GAX72790.1	0.82336	NA	NA
GAX72840.1-GAX72842.1	0.385144	1.09822	0.350697
GAX72846.1-GAX72847.1	0.590281	2.57888	0.22889
GAX72857.1-GAX72858.1	0.621274	1.94311	0.319732
GAX72888.1-GAX72889.1	0.769756	NA	NA
GAX72907.1-GAX72909.1	0.669802	NA	NA
GAX72947.1-GAX72948.1	0.987995	NA	NA
GAX72993.1-GAX72994.1	0.423634	3.84703	0.11012
GAX73002.1-GAX73004.1	0.795282	2.25282	0.353016
GAX73009.1-GAX73010.1	0.496015	4.38969	0.112995
GAX73011.1-GAX73012.1	0.301026	2.08896	0.144103
GAX73027.1-GAX73029.1	0.79234	1.52097	0.520945
GAX73028.1-GAX73029.1	0.34753	2.18443	0.159094
GAX73083.1-GAX73085.1	0.205068	1.0275	0.19958
GAX73089.1-GAX73090.1	0.177813	1.78353	0.0996974
GAX73134.1-GAX73135.1	0.725534	2.38467	0.304249
GAX73164.1-GAX73165.1	0.4108	1.55699	0.263843
GAX73193.1-GAX73194.1	0.941681	2.53824	0.370998
GAX73194.1-GAX73196.1	0.90015	2.30848	0.389932
GAX73213.1-GAX73214.1	0.311812	1.4348	0.217321
GAX73238.1-GAX73240.1	0.360064	2.04999	0.175642
GAX73244.1-GAX73245.1	1.02476	NA	NA
GAX73265.1-GAX73266.1	0.14704	0.187563	0.783948
GAX73271.1-GAX73272.1	0.815941	2.22054	0.367452
GAX73318.1-GAX73320.1	0.626059	2.86515	0.218508
GAX73319.1-GAX73320.1	0.806381	3.92987	0.205193
GAX73347.1-GAX73349.1	0.491182	3.28926	0.149329
GAX73356.1-GAX73357.1	0.482066	4.25355	0.113333
GAX73363.1-GAX73364.1	0.18812	1.69635	0.110897
GAX73363.1-GAX73365.1	0.579238	3.89713	0.148632
GAX73374.1-GAX73376.1	0.112723	0.246519	0.457259
GAX73376.1-GAX73378.1	0.838014	0.968477	0.86529
GAX73385.1-GAX73386.1	0.505472	2.59672	0.194658
GAX73389.1-GAX73390.1	1.27785	NA	NA
GAX73409.1-GAX73410.1	0.223361	0.814874	0.274105
GAX73432.1-GAX73434.1	0.40825	1.96271	0.208003
GAX73433.1-GAX73434.1	0.336849	0.625111	0.538862
GAX73476.1-GAX73477.1	0.712197	3.30908	0.215225
GAX73488.1-GAX73489.1	0.386414	NA	NA
GAX73509.1-GAX73510.1	0.586235	3.35206	0.174888
GAX73550.1-GAX73551.1	0.429518	NA	NA
GAX73624.1-GAX73625.1	0.202985	1.64761	0.123199
GAX73624.1-GAX73626.1	0.182564	0.525414	0.347467
GAX73661.1-GAX73662.1	0.908264	2.54416	0.356999
GAX73694.1-GAX73695.1	0.891854	2.29452	0.388689
GAX73716.1-GAX73717.1	0.47364	NA	NA
GAX73728.1-GAX73729.1	0.0519702	0.0733406	0.708614
GAX73753.1-GAX73755.1	0.389174	1.13262	0.343606
GAX73755.1-GAX73757.1	0.306259	0.552488	0.554327
GAX73823.1-GAX73824.1	0.620315	3.1532	0.196726
GAX73844.1-GAX73845.1	1.00379	3.84571	0.261015
GAX73914.1-GAX73916.1	0.0165861	0.193589	0.0856771
GAX73941.1-GAX73942.1	0.272836	0.744791	0.366326
GAX73947.1-GAX73948.1	1.13141	NA	NA
GAX74087.1-GAX74088.1	0.434107	NA	NA
GAX74088.1-GAX74089.1	0.564533	3.62525	0.155722
GAX74166.1-GAX74168.1	0.333351	0.653024	0.510472
GAX74182.1-GAX74184.1	0.0120091	0.0105583	1.13741
GAX74183.1-GAX74185.1	0.0570291	0.0701786	0.812629
GAX74220.1-GAX74222.1	0.0805841	0.158743	0.507638
GAX74286.1-GAX74287.1	0.343528	3.07363	0.111766
GAX74306.1-GAX74307.1	0.615519	2.22778	0.276292
GAX74316.1-GAX74317.1	0.0647546	0.0693432	0.933828
GAX74331.1-GAX74332.1	0.324544	0.411928	0.787867
GAX74340.1-GAX74341.1	0.215182	1.68121	0.127992
GAX74350.1-GAX74352.1	0.435497	2.67897	0.162562
GAX74352.1-GAX74353.1	0.503159	2.28897	0.219819
GAX74353.1-GAX74354.1	0.581937	3.84351	0.151408
GAX74386.1-GAX74387.1	1.27281	NA	NA
GAX74423.1-GAX74424.1	0.767968	NA	NA
GAX74431.1-GAX74433.1	0.00572994	0.041267	0.13885
GAX74457.1-GAX74459.1	0.082498	0.118316	0.697269
GAX74458.1-GAX74460.1	0.0128733	0.0624562	0.206117
GAX74469.1-GAX74470.1	NA	NA	NA
GAX74500.1-GAX74501.1	1.32335	2.28412	0.579368
GAX74537.1-GAX74538.1	NA	0.00299708	-0
GAX74547.1-GAX74549.1	0.797717	NA	NA
GAX74549.1-GAX74551.1	0.490442	2.09282	0.234345
GAX74576.1-GAX74578.1	0.535431	2.35985	0.226892
GAX74578.1-GAX74580.1	0.775112	3.72529	0.208068
GAX74586.1-GAX74587.1	0.837677	1.92263	0.435694
GAX74589.1-GAX74590.1	0.678774	2.33724	0.290418
GAX74590.1-GAX74591.1	1.19557	NA	NA
GAX74607.1-GAX74608.1	1.76477	2.21293	0.797479
GAX74620.1-GAX74621.1	0.101864	0.18122	0.562102
GAX74739.1-GAX74740.1	1.08544	NA	NA
GAX74797.1-GAX74798.1	0.691583	2.11989	0.326236
GAX74813.1-GAX74814.1	0.168939	0.238425	0.708563
GAX74819.1-GAX74820.1	0.0246141	0.381753	0.0644766
GAX74834.1-GAX74835.1	0.979164	NA	NA
GAX74835.1-GAX74837.1	0.961844	NA	NA
GAX74852.1-GAX74853.1	0.65334	NA	NA
GAX74855.1-GAX74856.1	0.641143	2.85028	0.22494
GAX74860.1-GAX74861.1	0.678428	1.7525	0.387119
GAX74861.1-GAX74862.1	0.309891	1.94502	0.159326
GAX74939.1-GAX74940.1	0.207024	1.09373	0.189283
GAX74954.1-GAX74956.1	0.82887	2.63779	0.314229
GAX74956.1-GAX74957.1	1.00397	3.66792	0.273715
GAX74961.1-GAX74962.1	0.198313	2.29737	0.0863214
GAX74967.1-GAX74969.1	0.488485	1.87347	0.260738
GAX74971.1-GAX74972.1	1.32531	3.06687	0.432136
GAX74972.1-GAX74973.1	0.508803	1.49477	0.340388
GAX74972.1-GAX74974.1	0.504569	2.43059	0.207591
GAX74976.1-GAX74977.1	0.218583	0.666297	0.328057
GAX75105.1-GAX75106.1	0.996599	2.38803	0.417331
GAX75119.1-GAX75120.1	0.277659	1.86688	0.148729
GAX75129.1-GAX75130.1	0.310883	1.64184	0.18935
GAX75146.1-GAX75147.1	0.0846092	0.773325	0.10941
GAX75148.1-GAX75150.1	0.045151	0.140471	0.321425
GAX75149.1-GAX75151.1	0.0480535	0.0843793	0.569494
GAX75198.1-GAX75199.1	0.361992	1.4477	0.250047
GAX75198.1-GAX75200.1	1.34472	NA	NA
GAX75202.1-GAX75204.1	1.14188	NA	NA
GAX75210.1-GAX75212.1	0.774137	2.27408	0.340418
GAX75231.1-GAX75232.1	0.564667	2.72491	0.207224
GAX75255.1-GAX75257.1	0.535503	2.66221	0.201149
GAX75256.1-GAX75257.1	0.833472	1.72837	0.48223
GAX75279.1-GAX75280.1	0.798667	1.78529	0.447359
GAX75292.1-GAX75293.1	1.24084	NA	NA
GAX75319.1-GAX75321.1	0.719096	2.39217	0.300604
GAX75321.1-GAX75322.1	1.37926	2.74752	0.502
GAX75322.1-GAX75324.1	0.102521	0.186315	0.550257
GAX75331.1-GAX75332.1	0.247168	1.08641	0.227508
GAX75376.1-GAX75377.1	0.910246	2.54774	0.357275
GAX75380.1-GAX75382.1	0.2872	NA	NA
GAX75454.1-GAX75455.1	0.106842	0.192525	0.554948
GAX75515.1-GAX75516.1	0.117953	0.0878613	1.34249
GAX75515.1-GAX75517.1	0.0280397	NA	NA
GAX75559.1-GAX75560.1	0.068069	0.132033	0.515545
GAX75598.1-GAX75599.1	0.332342	NA	NA
GAX75685.1-GAX75686.1	0.541615	3.47616	0.155808
GAX75713.1-GAX75715.1	0.288552	2.25665	0.127867
GAX75734.1-GAX75735.1	0.417636	NA	NA
GAX75771.1-GAX75772.1	0.248798	1.07709	0.230992
GAX75783.1-GAX75784.1	0.230112	1.85573	0.124001
GAX75800.1-GAX75801.1	1.014	NA	NA
GAX75828.1-GAX75829.1	0.700358	1.69302	0.413675
GAX75869.1-GAX75870.1	0.780523	1.94587	0.401119
GAX75870.1-GAX75871.1	0.115364	0.916428	0.125885
GAX75891.1-GAX75892.1	0.766755	1.02904	0.74512
GAX75918.1-GAX75919.1	0.462088	NA	NA
GAX75966.1-GAX75968.1	1.59008	NA	NA
GAX75980.1-GAX75981.1	0.239925	2.23392	0.107401
GAX76106.1-GAX76107.1	1.30783	2.03122	0.643864
GAX76132.1-GAX76133.1	0.567497	1.83274	0.309645
GAX76148.1-GAX76149.1	1.02436	NA	NA
GAX76149.1-GAX76150.1	0.980671	3.93981	0.248913
GAX76168.1-GAX76169.1	0.589282	NA	NA
GAX76269.1-GAX76271.1	0.340465	0.551592	0.617241
GAX76270.1-GAX76271.1	0.0656621	0.119092	0.551356
GAX76296.1-GAX76297.1	0.929819	2.22507	0.417883
GAX76297.1-GAX76298.1	1.21819	3.82386	0.318575
GAX76299.1-GAX76301.1	0.454313	2.08398	0.218003
GAX76300.1-GAX76302.1	0.283245	1.06933	0.264881
GAX76304.1-GAX76306.1	0.0964334	0.671104	0.143694
GAX76370.1-GAX76371.1	0.462376	2.28696	0.202179
GAX76376.1-GAX76377.1	0.517011	NA	NA
GAX76391.1-GAX76392.1	0.266517	0.495391	0.537993
GAX76415.1-GAX76417.1	0.281344	NA	NA
GAX76425.1-GAX76426.1	0.183436	0.927982	0.197672
GAX76425.1-GAX76427.1	0.195315	0.318528	0.613181
GAX76432.1-GAX76433.1	0.783735	NA	NA
GAX76443.1-GAX76445.1	0.0886943	0.174087	0.509483
GAX76450.1-GAX76451.1	0.558069	2.62388	0.212689
GAX76452.1-GAX76454.1	1.11776	1.98859	0.562088
GAX76455.1-GAX76456.1	0.446998	2.5728	0.17374
GAX76464.1-GAX76465.1	0.172287	0.35739	0.482072
GAX76465.1-GAX76466.1	0.128875	0.703255	0.183254
GAX76480.1-GAX76482.1	0.0381045	0.0741445	0.513922
GAX76520.1-GAX76521.1	0.12501	0.647583	0.19304
GAX76523.1-GAX76524.1	0.754243	3.0482	0.247439
GAX76565.1-GAX76566.1	0.379423	1.70721	0.222247
GAX76616.1-GAX76617.1	0.791958	NA	NA
GAX76617.1-GAX76618.1	0.854122	NA	NA
GAX76653.1-GAX76655.1	0.251204	0.561853	0.4471
GAX76707.1-GAX76708.1	0.811392	2.02015	0.401649
GAX76717.1-GAX76718.1	0.156896	0.654151	0.239847
GAX76732.1-GAX76733.1	0.964814	NA	NA
GAX76762.1-GAX76763.1	0.993175	2.9458	0.33715
GAX76781.1-GAX76782.1	0.581411	2.42703	0.239557
GAX76821.1-GAX76822.1	0.715571	2.10867	0.339347
GAX76837.1-GAX76839.1	0.704678	2.18889	0.321934
GAX76845.1-GAX76846.1	0.470369	2.0782	0.226335
GAX76846.1-GAX76848.1	0.439989	3.43842	0.127963
GAX76967.1-GAX76968.1	1.46917	NA	NA
GAX76968.1-GAX76970.1	1.56063	3.01616	0.517421
GAX76987.1-GAX76988.1	0.429823	1.4943	0.287643
GAX77017.1-GAX77018.1	0.436372	1.51904	0.287269
GAX77018.1-GAX77019.1	0.512831	1.45245	0.353081
GAX77024.1-GAX77025.1	0.856241	NA	NA
GAX77025.1-GAX77026.1	0.96591	NA	NA
GAX77032.1-GAX77034.1	0.552256	1.85347	0.297958
GAX77033.1-GAX77034.1	0.510365	1.86435	0.27375
GAX77036.1-GAX77038.1	0.833661	NA	NA
GAX77046.1-GAX77048.1	0.921791	2.81447	0.327518
GAX77072.1-GAX77073.1	0.0884899	0.249467	0.354716
GAX77099.1-GAX77100.1	0.383652	4.06428	0.094396
GAX77102.1-GAX77103.1	0.374579	1.01294	0.369794
GAX77130.1-GAX77131.1	1.08879	3.14518	0.346177
GAX77177.1-GAX77179.1	0.048543	0.0827826	0.586391
GAX77184.1-GAX77185.1	0.539979	NA	NA
GAX77194.1-GAX77195.1	0.609917	NA	NA
GAX77197.1-GAX77199.1	0.0709327	0.207312	0.342155
GAX77198.1-GAX77199.1	0.870243	2.29043	0.379948
GAX77200.1-GAX77202.1	0.00670038	0.0305165	0.219566
GAX77279.1-GAX77280.1	0.720168	2.54149	0.283364
GAX77283.1-GAX77284.1	0.674739	4.944	0.136476
GAX77284.1-GAX77286.1	0.949044	2.76509	0.343223
GAX77310.1-GAX77311.1	0.636701	1.91755	0.332038
GAX77387.1-GAX77388.1	0.8997	NA	NA
GAX77397.1-GAX77398.1	0.0185993	0.0340394	0.546405
GAX77410.1-GAX77412.1	1.58356	NA	NA
GAX77461.1-GAX77462.1	0.771668	1.9691	0.391888
GAX77589.1-GAX77590.1	0.715012	1.22997	0.581322
GAX77620.1-GAX77621.1	0.307529	NA	NA
GAX77849.1-GAX77851.1	0.80524	2.87093	0.28048
GAX77868.1-GAX77869.1	0.936508	NA	NA
GAX77869.1-GAX77870.1	0.966528	NA	NA
GAX77870.1-GAX77871.1	0.566178	3.35073	0.168972
GAX77878.1-GAX77879.1	0.499354	NA	NA
GAX77880.1-GAX77882.1	0.00879576	0.0124234	0.708002
GAX77923.1-GAX77924.1	0.42811	1.67767	0.255182
GAX77963.1-GAX77964.1	0.113008	0.110707	1.02078
GAX77984.1-GAX77985.1	0.664285	NA	NA
GAX77986.1-GAX77988.1	0.0337799	0.0446931	0.755819
GAX78000.1-GAX78002.1	0.00937025	0.012216	0.767045
GAX78001.1-GAX78003.1	0.0419939	0.0442723	0.948537
GAX78013.1-GAX78015.1	0.425843	2.05461	0.207262
GAX78026.1-GAX78027.1	0.0539415	0.0787939	0.684589
GAX78051.1-GAX78052.1	0.657079	3.4254	0.191825
GAX78068.1-GAX78069.1	0.421062	3.23921	0.129989
GAX78099.1-GAX78100.1	1.17858	NA	NA
GAX78128.1-GAX78129.1	0.208068	1.78418	0.116618
GAX78133.1-GAX78134.1	0.810992	3.71315	0.218411
GAX78178.1-GAX78179.1	0.219788	NA	NA
GAX78224.1-GAX78226.1	0.311451	2.56406	0.121468
GAX78231.1-GAX78233.1	0.293529	NA	NA
GAX78244.1-GAX78245.1	0.498529	NA	NA
GAX78370.1-GAX78372.1	0.0234189	0.0227104	1.0312
GAX78387.1-GAX78388.1	0.0313362	0.135579	0.231128
GAX78411.1-GAX78412.1	0.743357	NA	NA
GAX78422.1-GAX78424.1	0.927612	2.98576	0.310678
GAX78424.1-GAX78426.1	0.88809	NA	NA
GAX78429.1-GAX78430.1	0.834668	2.09619	0.398183
GAX78435.1-GAX78436.1	0.561387	2.15575	0.260413
GAX78457.1-GAX78458.1	1.12202	2.19315	0.511602
GAX78510.1-GAX78511.1	0.593292	1.68434	0.35224
GAX78548.1-GAX78549.1	0.847679	NA	NA
GAX78576.1-GAX78577.1	0.482409	NA	NA
GAX78593.1-GAX78594.1	0.279817	NA	NA
GAX78594.1-GAX78595.1	0.258372	NA	NA
GAX78640.1-GAX78642.1	1.211	2.16196	0.56014
GAX78646.1-GAX78647.1	0.750826	1.72513	0.435228
GAX78647.1-GAX78648.1	0.733761	3.13541	0.234024
GAX78655.1-GAX78656.1	1.52372	2.71158	0.56193
GAX78674.1-GAX78676.1	0.00718501	0.0259465	0.276916
GAX78675.1-GAX78676.1	0.0364192	0.0937227	0.388584
GAX78728.1-GAX78729.1	0.176597	0.21863	0.807743
GAX78736.1-GAX78738.1	1.24812	2.75244	0.45346
GAX78737.1-GAX78738.1	0.606112	NA	NA
GAX78738.1-GAX78739.1	0.83402	NA	NA
GAX78739.1-GAX78741.1	0.780854	4.11966	0.189543
GAX78755.1-GAX78756.1	0.912611	NA	NA
GAX78808.1-GAX78810.1	0.224619	0.357312	0.628635
GAX78911.1-GAX78912.1	0.418792	2.14471	0.195267
GAX78913.1-GAX78914.1	0.842353	2.19189	0.384305
GAX78914.1-GAX78915.1	1.01424	2.71714	0.373275
GAX78950.1-GAX78951.1	0.845407	1.87299	0.451369
GAX78951.1-GAX78952.1	1.02392	1.74519	0.586709
GAX78953.1-GAX78954.1	1.04471	5.36422	0.194756
GAX78957.1-GAX78958.1	0.36421	1.52837	0.238299
GAX78959.1-GAX78961.1	1.29145	NA	NA
GAX78977.1-GAX78978.1	0.164021	0.803315	0.20418
GAX78988.1-GAX78990.1	0.0250153	0.0521308	0.479857
GAX78995.1-GAX78996.1	0.388417	1.54392	0.251579
GAX79014.1-GAX79015.1	0.0650235	0.468092	0.138912
GAX79015.1-GAX79017.1	0.0132406	0.0590691	0.224155
GAX79032.1-GAX79033.1	0.765242	2.37573	0.322108
GAX79074.1-GAX79075.1	0.241828	0.251604	0.961145
GAX79083.1-GAX79084.1	0.409963	2.64284	0.155122
GAX79111.1-GAX79112.1	0.0472091	0.0818372	0.576866
GAX79122.1-GAX79123.1	0.313694	1.09106	0.287512
GAX79152.1-GAX79153.1	0.57034	3.34543	0.170483
GAX79167.1-GAX79168.1	0.326923	0.552421	0.591801
GAX79168.1-GAX79169.1	0.68136	NA	NA
GAX79173.1-GAX79175.1	0.549271	NA	NA
GAX79174.1-GAX79176.1	0.448526	2.97799	0.150613
GAX79205.1-GAX79206.1	0.0162751	0.158496	0.102684
GAX79273.1-GAX79274.1	0.381354	0.581987	0.655261
GAX79274.1-GAX79276.1	0.0917135	0.187918	0.48805
GAX79283.1-GAX79284.1	0.700271	2.37833	0.294438
GAX79286.1-GAX79288.1	0.37195	2.19496	0.169456
GAX79287.1-GAX79288.1	0.763648	2.0121	0.379528
GAX79301.1-GAX79302.1	1.04548	2.78407	0.375522
GAX79316.1-GAX79317.1	0.210909	0.398764	0.528908
GAX79319.1-GAX79321.1	0.286872	0.491223	0.583996
GAX79322.1-GAX79323.1	0.0800721	0.0730815	1.09565
GAX79325.1-GAX79327.1	0.159493	0.199639	0.798905
GAX79327.1-GAX79329.1	0.127656	0.143591	0.889023
GAX79331.1-GAX79333.1	0.0538213	0.0630311	0.853885
GAX79339.1-GAX79340.1	0.661983	1.95189	0.33915
GAX79362.1-GAX79363.1	0.398432	2.42851	0.164064
GAX79513.1-GAX79515.1	0.502123	2.21142	0.227058
GAX79514.1-GAX79515.1	0.258008	1.56086	0.165298
GAX79526.1-GAX79527.1	0.945048	2.67143	0.353761
GAX79557.1-GAX79559.1	0.791103	NA	NA
GAX79586.1-GAX79587.1	0.0211011	0.0404361	0.521838
GAX79590.1-GAX79592.1	0.258062	0.47613	0.541999
GAX79602.1-GAX79603.1	0.437026	NA	NA
GAX79617.1-GAX79619.1	0.877293	NA	NA
GAX79633.1-GAX79635.1	0.348211	2.77331	0.125558
GAX79638.1-GAX79640.1	0.180849	NA	NA
GAX79662.1-GAX79663.1	1.02587	3.80276	0.26977
GAX79680.1-GAX79681.1	0.0384704	0.0274889	1.39949
GAX79705.1-GAX79706.1	0.411973	1.29633	0.317799
GAX79796.1-GAX79797.1	0.180073	0.454049	0.396593
GAX79852.1-GAX79854.1	0.347344	1.81681	0.191183
GAX79875.1-GAX79876.1	1.27186	3.65651	0.347835
GAX79884.1-GAX79886.1	0.0365828	0.0476027	0.768503
GAX80003.1-GAX80005.1	0.127791	0.372812	0.342775
GAX80063.1-GAX80065.1	0.0750003	0.101695	0.737504
GAX80143.1-GAX80144.1	0.384117	1.87726	0.204616
GAX80188.1-GAX80189.1	0.319978	1.82948	0.174902
GAX80205.1-GAX80206.1	0.460988	NA	NA
GAX80222.1-GAX80223.1	0.252027	1.29992	0.193878
GAX80255.1-GAX80256.1	1.33249	NA	NA
GAX80261.1-GAX80262.1	0.0431529	0.057277	0.753407
GAX80272.1-GAX80274.1	0.213331	0.800873	0.266372
GAX80273.1-GAX80274.1	0.200001	1.01877	0.196316
GAX80275.1-GAX80276.1	0.302956	2.43817	0.124255
GAX80305.1-GAX80306.1	0.966934	2.35934	0.409833
GAX80325.1-GAX80326.1	1.14755	2.89545	0.39633
GAX80356.1-GAX80357.1	0.193349	0.767681	0.251861
GAX80366.1-GAX80367.1	0.0255469	0.0706368	0.361665
GAX80406.1-GAX80407.1	0.199124	0.595902	0.334155
GAX80411.1-GAX80412.1	0.517349	3.36203	0.15388
GAX80412.1-GAX80413.1	1.13806	NA	NA
GAX80431.1-GAX80432.1	0.995877	1.70378	0.584511
GAX80433.1-GAX80435.1	0.00600367	0.00634374	0.946393
GAX80460.1-GAX80461.1	0.604664	2.65782	0.227504
GAX80474.1-GAX80475.1	0.434555	2.16861	0.200384
GAX80481.1-GAX80483.1	0.770509	NA	NA
GAX80483.1-GAX80484.1	0.586486	2.21476	0.264809
GAX80494.1-GAX80495.1	0.433471	NA	NA
GAX80520.1-GAX80521.1	0.381791	1.43547	0.265969
GAX80529.1-GAX80530.1	1.08063	6.12211	0.176512
GAX80564.1-GAX80565.1	0.850673	NA	NA
GAX80637.1-GAX80638.1	0.199196	NA	NA
GAX80639.1-GAX80640.1	0.102734	0.21964	0.467738
GAX80661.1-GAX80662.1	0.738801	3.25784	0.226777
GAX80662.1-GAX80663.1	0.515682	2.53991	0.203032
GAX80669.1-GAX80670.1	0.821669	2.64732	0.310377
GAX80675.1-GAX80677.1	0.201542	0.544596	0.370077
GAX80683.1-GAX80684.1	0.349239	1.78435	0.195724
GAX80684.1-GAX80686.1	0.701293	NA	NA
GAX80687.1-GAX80689.1	0.962026	2.37752	0.404634
GAX80748.1-GAX80749.1	1.2976	4.19724	0.309155
GAX80758.1-GAX80759.1	0.920953	NA	NA
GAX80784.1-GAX80785.1	0.0440693	0.220302	0.200041
GAX80784.1-GAX80786.1	0.0328175	0.389646	0.0842238
GAX80798.1-GAX80800.1	0.191061	0.335917	0.568775
GAX80799.1-GAX80801.1	0.0386927	0.0488071	0.792767
GAX80800.1-GAX80802.1	1.16265	NA	NA
GAX80814.1-GAX80815.1	0.0648391	0.0361303	1.79459
GAX80816.1-GAX80818.1	0.702115	NA	NA
GAX80839.1-GAX80840.1	0.516481	NA	NA
GAX80858.1-GAX80859.1	0.327778	1.35444	0.242003
GAX80866.1-GAX80867.1	0.326632	1.51842	0.215113
GAX80874.1-GAX80875.1	0.444994	2.49933	0.178045
GAX80875.1-GAX80876.1	0.0789061	0.313604	0.251611
GAX80875.1-GAX80877.1	0.0885173	0.119204	0.742567
GAX80879.1-GAX80880.1	0.350521	1.86152	0.188299
GAX80902.1-GAX80903.1	0.0906389	0.212437	0.426663
GAX80906.1-GAX80908.1	0.45069	0.744133	0.605658
GAX80963.1-GAX80964.1	0.330717	1.53263	0.215784
GAX80997.1-GAX80999.1	0.25726	1.16997	0.219886
GAX80998.1-GAX80999.1	0.291985	1.66299	0.175578
GAX81040.1-GAX81041.1	0.571912	2.39718	0.238577
GAX81122.1-GAX81123.1	1.27074	3.06289	0.414882
GAX81146.1-GAX81147.1	0.768285	NA	NA
GAX81173.1-GAX81174.1	0.0828274	0.550223	0.150534
GAX81208.1-GAX81209.1	0.494281	NA	NA
GAX81228.1-GAX81229.1	1.25594	2.76848	0.453657
GAX81253.1-GAX81255.1	0.940816	1.98569	0.473798
GAX81254.1-GAX81256.1	0.0245492	0.0409288	0.599804
GAX81255.1-GAX81257.1	0.0707479	0.103969	0.68047
GAX81275.1-GAX81276.1	0.123339	0.951661	0.129604
GAX81287.1-GAX81288.1	0.310122	NA	NA
GAX81288.1-GAX81289.1	0.390881	4.23079	0.0923896
GAX81363.1-GAX81364.1	0.81819	NA	NA
GAX81412.1-GAX81413.1	0.950945	2.57696	0.369019
GAX81412.1-GAX81414.1	0.152817	0.301692	0.506534
GAX81418.1-GAX81419.1	0.567573	NA	NA
GAX81435.1-GAX81436.1	0.417514	2.05871	0.202804
GAX81476.1-GAX81477.1	0.281014	2.58916	0.108535
GAX81538.1-GAX81539.1	1.10091	2.00339	0.549521
GAX81550.1-GAX81552.1	1.56795	NA	NA
GAX81577.1-GAX81579.1	1.08179	NA	NA
GAX81585.1-GAX81586.1	0.619726	NA	NA
GAX81612.1-GAX81613.1	0.815224	NA	NA
GAX81613.1-GAX81614.1	0.824098	NA	NA
GAX81626.1-GAX81627.1	0.389019	1.46515	0.265514
GAX81627.1-GAX81628.1	0.303701	1.48223	0.204895
GAX81628.1-GAX81629.1	0.40974	2.20169	0.186102
GAX81636.1-GAX81638.1	0.482789	3.0123	0.160273
GAX81649.1-GAX81650.1	0.528254	2.85273	0.185175
GAX81773.1-GAX81774.1	0.465069	1.4949	0.311104
GAX81798.1-GAX81800.1	1.34569	2.2023	0.611036
GAX81827.1-GAX81828.1	0.51379	1.18305	0.434294
GAX81842.1-GAX81843.1	0.641265	NA	NA
GAX81843.1-GAX81844.1	0.705826	2.22638	0.317028
GAX81888.1-GAX81889.1	0.101187	0.248498	0.407193
GAX82077.1-GAX82079.1	0.342198	0.840699	0.40704
GAX82078.1-GAX82079.1	0.188241	2.47057	0.0761932
GAX82097.1-GAX82098.1	0.633034	NA	NA
GAX82100.1-GAX82101.1	0.464455	NA	NA
GAX82200.1-GAX82201.1	0.518482	0.79187	0.654756
GAX82255.1-GAX82256.1	0.578696	NA	NA
GAX82257.1-GAX82258.1	0.181185	0.9354	0.193698
GAX82265.1-GAX82267.1	1.3862	NA	NA
GAX82267.1-GAX82269.1	0.34071	NA	NA
GAX82282.1-GAX82283.1	0.370096	1.68874	0.219156
GAX82282.1-GAX82284.1	0.323653	1.71623	0.188584
GAX82290.1-GAX82291.1	0.400883	0.392184	1.02218
GAX82305.1-GAX82306.1	0.237142	NA	NA
GAX82349.1-GAX82350.1	1.36795	4.62989	0.29546
GAX82353.1-GAX82355.1	0.0305083	0.046257	0.65954
GAX82355.1-GAX82357.1	1.18718	2.00125	0.593219
GAX82362.1-GAX82364.1	1.07902	2.16082	0.499354
GAX82385.1-GAX82386.1	0.0476644	0.0495279	0.962374
GAX82459.1-GAX82460.1	0.575046	1.36362	0.421704
GAX82498.1-GAX82500.1	0.0273876	0.037431	0.731683
GAX82533.1-GAX82534.1	0.239161	0.348148	0.686953
GAX82558.1-GAX82560.1	0.662964	NA	NA
GAX82573.1-GAX82574.1	0.436093	1.92314	0.226762
GAX82627.1-GAX82628.1	0.938193	2.11054	0.444526
GAX82637.1-GAX82638.1	0.125062	0.597628	0.209264
GAX82666.1-GAX82667.1	0.344452	2.23266	0.154279
GAX82779.1-GAX82780.1	0.438596	2.614	0.167787
GAX82798.1-GAX82799.1	0.272318	3.05208	0.0892239
GAX82837.1-GAX82838.1	1.071	NA	NA
GAX82848.1-GAX82849.1	1.06459	NA	NA
GAX82849.1-GAX82850.1	0.900624	4.05066	0.22234
GAX82863.1-GAX82864.1	1.44819	NA	NA
GAX82863.1-GAX82865.1	0.0323245	0.084546	0.38233
GAX82876.1-GAX82877.1	1.08852	NA	NA
GAX82879.1-GAX82880.1	0.960428	3.12194	0.307639
GAX82920.1-GAX82921.1	1.25176	NA	NA
GAX82951.1-GAX82952.1	0.0453664	0.0692846	0.654784
GAX82952.1-GAX82953.1	1.0292	1.23674	0.832189
GAX82958.1-GAX82959.1	0.293744	1.08744	0.270126
GAX83010.1-GAX83011.1	0.361279	1.83859	0.196498
GAX83011.1-GAX83012.1	0.324386	1.45221	0.223374
GAX83016.1-GAX83017.1	1.03982	NA	NA
GAX83029.1-GAX83030.1	0.400815	1.83242	0.218736
GAX83128.1-GAX83129.1	0.470823	NA	NA
GAX83132.1-GAX83133.1	0.418646	NA	NA
GAX83184.1-GAX83185.1	0.0885412	0.392075	0.225827
GAX83193.1-GAX83194.1	0.898209	NA	NA
GAX83209.1-GAX83210.1	0.265962	NA	NA
GAX83239.1-GAX83240.1	0.80559	NA	NA
GAX83250.1-GAX83251.1	0.129256	0.181061	0.713879
GAX83306.1-GAX83307.1	0.745395	1.67156	0.445927
GAX83334.1-GAX83335.1	0.141134	0.162285	0.869669
GAX83358.1-GAX83359.1	0.635945	NA	NA
GAX83370.1-GAX83371.1	0.674991	2.28979	0.294783
GAX83371.1-GAX83372.1	0.715206	2.70994	0.26392
GAX83384.1-GAX83386.1	0.853891	NA	NA
GAX83397.1-GAX83398.1	0.661961	NA	NA
GAX83405.1-GAX83406.1	0.407821	2.32969	0.175054
GAX83406.1-GAX83408.1	0.872047	NA	NA
GAX83411.1-GAX83412.1	0.616374	NA	NA
GAX83451.1-GAX83452.1	1.04591	NA	NA
GAX83535.1-GAX83536.1	0.368544	NA	NA
GAX83542.1-GAX83544.1	0.013984	0.025121	0.556666
GAX83553.1-GAX83554.1	0.822268	NA	NA
GAX83573.1-GAX83575.1	0.253743	NA	NA
GAX83580.1-GAX83581.1	0.0761754	0.106609	0.714528
GAX83581.1-GAX83582.1	0.0525124	0.0924353	0.5681
GAX83582.1-GAX83583.1	0.213142	0.325253	0.65531
GAX83643.1-GAX83644.1	0.346278	0.890104	0.389031
GAX83800.1-GAX83802.1	0.513558	0.750178	0.684582
GAX83823.1-GAX83826.1	0.0615219	0.0761368	0.808045
GAX83842.1-GAX83843.1	0.236992	1.46819	0.161418
GAX83881.1-GAX83883.1	0.920924	NA	NA
GAX83896.1-GAX83898.1	1.02823	NA	NA
GAX83898.1-GAX83899.1	0.441953	5.19015	0.0851522
GAX83917.1-GAX83918.1	0.532798	1.28265	0.415389
GAX83929.1-GAX83930.1	1.07943	3.09347	0.348939
GAX83930.1-GAX83931.1	0.723807	1.54219	0.469336
GAX83931.1-GAX83932.1	0.943296	3.57366	0.263958
GAX83937.1-GAX83938.1	0.00464044	0.00440838	1.05264
GAX83976.1-GAX83977.1	0.0029429	0.0247499	0.118905
GAX83977.1-GAX83978.1	0.181941	0.698085	0.260629
GAX84027.1-GAX84028.1	0.749	4.58884	0.163222
GAX84050.1-GAX84051.1	0.935737	2.11511	0.442405
GAX84051.1-GAX84053.1	1.00644	2.31987	0.433833
GAX84058.1-GAX84059.1	0.426386	1.42352	0.299529
GAX84071.1-GAX84073.1	0.358197	NA	NA
GAX84072.1-GAX84073.1	0.261322	1.33642	0.195539
GAX84073.1-GAX84074.1	0.0937967	0.37099	0.252828
GAX84098.1-GAX84100.1	0.249538	0.27437	0.909494
GAX84101.1-GAX84103.1	0.664932	2.09545	0.317321
GAX84103.1-GAX84105.1	0.534418	2.20043	0.24287
GAX84112.1-GAX84113.1	0.781228	NA	NA
GAX84113.1-GAX84114.1	0.942997	3.67347	0.256704
GAX84114.1-GAX84115.1	0.809065	NA	NA
GAX84126.1-GAX84127.1	1.11589	NA	NA
GAX84126.1-GAX84128.1	0.268692	1.15663	0.232306
GAX84157.1-GAX84158.1	0.5679	NA	NA
GAX84158.1-GAX84159.1	0.749355	NA	NA
GAX84160.1-GAX84161.1	1.13154	3.04897	0.371121
GAX84179.1-GAX84180.1	0.377774	NA	NA
GAX84193.1-GAX84194.1	0.344476	2.41921	0.142392
GAX84193.1-GAX84195.1	0.341912	2.04976	0.166805
GAX84204.1-GAX84206.1	0.52226	4.52007	0.115543
GAX84213.1-GAX84215.1	0.0774972	0.632176	0.122588
GAX84256.1-GAX84257.1	0.354118	2.5051	0.141359
GAX84280.1-GAX84281.1	0.750431	3.09225	0.242682
GAX84357.1-GAX84359.1	0.0214944	0.0284002	0.75684
GAX84367.1-GAX84368.1	0.653556	NA	NA
GAX84393.1-GAX84394.1	0.721483	3.17133	0.227502
GAX84418.1-GAX84419.1	0.570285	NA	NA
GAX84453.1-GAX84454.1	0.544063	4.50032	0.120894
GAX84519.1-GAX84520.1	1.35835	1.40542	0.966511
GAX84520.1-GAX84521.1	1.53997	1.54448	0.997082
GAX84604.1-GAX84606.1	0.0632955	0.0759653	0.833216
GAX84609.1-GAX84610.1	0.5255	0.751173	0.699573
GAX84633.1-GAX84635.1	0.211915	0.395319	0.536063
GAX84663.1-GAX84665.1	0.0182417	0.0668856	0.27273
GAX84664.1-GAX84666.1	0.0564905	0.0612797	0.921847
GAX84705.1-GAX84706.1	0.263815	2.58555	0.102034
GAX84755.1-GAX84756.1	1.33355	2.37962	0.560406
GAX84793.1-GAX84794.1	1.54463	1.03786	1.48829
GAX84802.1-GAX84803.1	0.0412421	0.0723797	0.569802
GAX84816.1-GAX84817.1	0.634215	NA	NA
GAX84830.1-GAX84831.1	1.20614	NA	NA
GAX84846.1-GAX84847.1	0.903374	1.32021	0.684267
GAX84868.1-GAX84869.1	0.787232	3.49523	0.225231
GAX84891.1-GAX84892.1	0.229719	0.329345	0.697502
GAX84911.1-GAX84912.1	0.0140215	0.0173726	0.807101
GAX84926.1-GAX84927.1	0.992557	2.40027	0.41352
GAX84929.1-GAX84930.1	0.177655	0.73799	0.240729
GAX84944.1-GAX84945.1	0.503624	2.20124	0.228791
GAX85019.1-GAX85021.1	0.0161264	0.0362854	0.444433
GAX85120.1-GAX85122.1	1.16621	NA	NA
GAX85121.1-GAX85122.1	0.622556	0.789526	0.788519
GAX85156.1-GAX85158.1	0.134553	0.200906	0.669728
GAX85205.1-GAX85206.1	0.695936	1.87237	0.371688
GAX85206.1-GAX85207.1	0.621454	1.52602	0.407239
GAX85208.1-GAX85209.1	0.253677	NA	NA
GAX85239.1-GAX85240.1	0.0866262	0.178813	0.484452
GAX85286.1-GAX85287.1	0.464313	1.42771	0.325216
GAX85287.1-GAX85289.1	0.262191	1.7765	0.147589
GAX85292.1-GAX85293.1	0.489718	NA	NA
GAX85305.1-GAX85307.1	0.0928233	0.18025	0.51497
GAX85317.1-GAX85318.1	0.751956	NA	NA
GAX85318.1-GAX85319.1	0.810173	NA	NA
GAX85324.1-GAX85325.1	0.894576	NA	NA
GAX85331.1-GAX85333.1	0.714481	0.8774	0.814316
GAX85388.1-GAX85390.1	0.111842	0.249866	0.447607
GAX85475.1-GAX85476.1	0.384999	3.54355	0.108648
GAX85487.1-GAX85488.1	1.07239	NA	NA
GAX85500.1-GAX85501.1	0.717296	NA	NA
GAX85502.1-GAX85503.1	0.546324	1.15204	0.474225
GAX85534.1-GAX85535.1	0.993323	2.11931	0.468702
GAX85535.1-GAX85536.1	0.0472206	0.0846878	0.557584
GAX85536.1-GAX85537.1	0.0601776	0.197331	0.304957
GAX85545.1-GAX85547.1	1.24104	NA	NA
GAX85550.1-GAX85551.1	0.106357	0.145994	0.728504
GAX85607.1-GAX85608.1	0.436715	NA	NA
GAX85624.1-GAX85625.1	0.0772387	0.570411	0.135409
GAX85654.1-GAX85655.1	0.829654	3.65213	0.22717
GAX85655.1-GAX85656.1	0.736685	1.99394	0.369462
GAX85656.1-GAX85657.1	0.549239	1.9793	0.277491
GAX85690.1-GAX85692.1	0.00582301	0.00751131	0.775233
GAX85720.1-GAX85721.1	0.425413	0.484722	0.877643
GAX85804.1-GAX85805.1	0.41404	1.48634	0.278564
GAX85832.1-GAX85833.1	0.422703	3.16577	0.133523
GAX85833.1-GAX85834.1	0.718198	NA	NA
GAX85911.1-GAX85913.1	0.306348	0.471322	0.649975
GAX85930.1-GAX85932.1	0.53218	1.10845	0.48011
GAX85933.1-GAX85934.1	0.132267	0.198349	0.666843
GAX85934.1-GAX85935.1	1.08664	NA	NA
GAX85936.1-GAX85938.1	0.59742	2.43913	0.244931
GAX86067.1-GAX86068.1	1.08812	3.22278	0.337634
GAX86076.1-GAX86078.1	0.884623	NA	NA
GAX86076.1-GAX86079.1	1.12665	2.18241	0.516241
GAX86084.1-GAX86085.1	0.0590282	0.0691411	0.853735
GAX86095.1-GAX86096.1	1.74443	NA	NA
GAX86197.1-GAX86198.1	0.47863	1.11077	0.4309
GAX86269.1-GAX86270.1	0.246183	0.356319	0.690906
GAX86291.1-GAX86293.1	0.509748	NA	NA
GAX86292.1-GAX86293.1	0.488682	1.60507	0.304461
GAX86293.1-GAX86294.1	0.0663875	0.320826	0.206927
GAX86293.1-GAX86295.1	0.125535	0.343913	0.36502
GAX86346.1-GAX86348.1	1.711	NA	NA
GAX86371.1-GAX86373.1	NA	0.0416177	-0
GAX86372.1-GAX86373.1	0.043367	0.0495264	0.875634
GAX86485.1-GAX86486.1	0.0852587	0.187626	0.454408
GAX86599.1-GAX86600.1	0.846249	1.43585	0.58937
