seq	ka	ks	ka/ks
Sc2_00128-Sc2_00129	0.0345415	0.0398383	0.867042
Sc2_00131-Sc2_00132	0.0999076	0.115621	0.864096
Sc2_00134-Sc2_00135	0.470298	1.22781	0.383037
Sc2_00143-Sc2_00144	0.431712	1.13107	0.381685
Sc2_00151-Sc2_00153	0.00811379	0.150181	0.0540266
Sc2_00163-Sc2_00164	0.290739	0.678706	0.428372
Sc2_00164-Sc2_00165	0.707421	1.61974	0.436749
Sc2_00165-Sc2_00166	0.290203	0.929505	0.312213
Sc2_00179-Sc2_00180	0.425726	1.65515	0.257213
Sc2_00222-Sc2_00223	0.148002	0.534063	0.277125
Sc2_00231-Sc2_00232	0.700792	0.665313	1.05333
Sc2_00232-Sc2_00233	0.0673741	0.0826757	0.81492
Sc2_00242-Sc2_00243	0.178758	0.462022	0.386904
Sc2_00276-Sc2_00277	0.734485	1.29192	0.568522
Sc2_00304-Sc2_00305	0.922605	1.34034	0.688337
Sc2_00342-Sc2_00343	0.487554	1.60764	0.303273
Sc2_00356-Sc2_00357	0.155251	0.212637	0.730121
Sc2_00440-Sc2_00441	0.135367	0.516782	0.261942
Sc2_00441-Sc2_00442	0.305698	1.87119	0.163371
Sc2_00443-Sc2_00444	0.289872	2.32918	0.124452
Sc2_00517-Sc2_00518	NA	0.00467603	-0
Sc2_00602-Sc2_00603	0.0666716	0.0875825	0.761244
Sc2_00609-Sc2_00610	0.379484	3.37586	0.112411
Sc2_00610-Sc2_00611	0.107012	0.541202	0.19773
Sc2_00611-Sc2_00612	0.362494	1.70153	0.21304
Sc2_00620-Sc2_00622	0.00485165	0.0747916	0.0648688
Sc2_00621-Sc2_00623	0.114529	0.12074	0.948563
Sc2_00641-Sc2_00643	0.397607	1.0113	0.393166
Sc2_00649-Sc2_00650	0.0957259	0.297314	0.32197
Sc2_00683-Sc2_00685	0.0981198	0.138472	0.708592
Sc2_00728-Sc2_00729	0.0606325	0.105754	0.573335
Sc2_00729-Sc2_00730	0.0311751	0.0358824	0.868815
Sc2_00734-Sc2_00735	0.0846935	0.188753	0.448701
Sc2_00744-Sc2_00745	0.1325	0.44325	0.298928
Sc2_00746-Sc2_00747	0.679986	0.935964	0.726509
Sc2_00747-Sc2_00748	0.0467071	0.112211	0.416243
Sc2_00787-Sc2_00788	0.133601	0.973067	0.137298
Sc2_00819-Sc2_00820	0.0989693	0.551816	0.179352
Sc2_00836-Sc2_00837	0.185914	0.788256	0.235855
Sc2_00890-Sc2_00891	0.393869	0.820328	0.480136
Sc2_00891-Sc2_00892	0.252921	0.597571	0.423249
Sc2_00892-Sc2_00893	0.0975402	0.146611	0.665301
Sc2_00897-Sc2_00898	0.18846	0.449499	0.419267
Sc2_00898-Sc2_00899	0.109328	0.176019	0.621119
Sc2_00900-Sc2_00901	0.175311	0.383105	0.457604
Sc2_00914-Sc2_00915	0.158437	0.508196	0.311765
Sc2_00919-Sc2_00920	0.11978	0.184	0.650977
Sc2_00920-Sc2_00921	0.123797	0.3133	0.395138
Sc2_00921-Sc2_00922	0.095342	0.245248	0.388757
Sc2_00922-Sc2_00923	0.0712599	0.211493	0.336937
Sc2_00971-Sc2_00972	NA	0.012671	-0
Sc2_00972-Sc2_00973	0.18932	0.357197	0.530015
Sc2_00974-Sc2_00975	0.412713	2.00794	0.205541
Sc2_00984-Sc2_00985	0.0220932	0.0412631	0.535422
Sc2_01113-Sc2_01114	0.0986789	0.425495	0.231916
Sc2_01204-Sc2_01205	0.441618	0.947058	0.466306
Sc2_01211-Sc2_01212	0.357476	0.472127	0.75716
Sc2_01264-Sc2_01265	0.614586	2.56209	0.239877
Sc2_01582-Sc2_01583	0.456937	2.11495	0.216051
Sc2_01598-Sc2_01600	0.198079	0.478949	0.41357
Sc2_01600-Sc2_01601	0.349106	0.523276	0.667154
Sc2_01610-Sc2_01611	0.0389905	0.0833697	0.467682
Sc2_01636-Sc2_01638	0.110653	0.373642	0.296147
Sc2_01656-Sc2_01657	0.462338	0.931493	0.496341
Sc2_01659-Sc2_01660	0.109505	0.132646	0.825539
Sc2_01662-Sc2_01663	0.305571	1.02283	0.298751
Sc2_01663-Sc2_01664	0.352714	0.661658	0.533076
Sc2_01671-Sc2_01672	0.681345	1.90875	0.356958
Sc2_01674-Sc2_01675	0.0244783	0.0527563	0.463987
Sc2_01745-Sc2_01746	0.442909	1.72755	0.25638
Sc2_01753-Sc2_01754	0.588208	1.35343	0.434606
Sc2_01754-Sc2_01756	0.09248	0.265188	0.348733
Sc2_01790-Sc2_01791	0.0917253	0.190019	0.482716
Sc2_01904-Sc2_01905	0.391342	0.622546	0.628615
Sc2_01924-Sc2_01925	0.255703	0.507456	0.503892
Sc2_01935-Sc2_01936	0.100313	0.424462	0.23633
Sc2_01959-Sc2_01961	0.37914	2.42757	0.156181
Sc2_01987-Sc2_01988	0.440583	0.926106	0.475737
Sc2_01988-Sc2_01989	0.561357	1.38417	0.405554
Sc2_02029-Sc2_02030	0.37103	0.819996	0.452478
Sc2_02031-Sc2_02033	0.102335	0.141483	0.723303
Sc2_02035-Sc2_02037	0.0373341	0.120764	0.30915
Sc2_02081-Sc2_02082	0.671317	2.7621	0.243046
Sc2_02100-Sc2_02101	0.248868	0.320574	0.776319
Sc2_02127-Sc2_02128	0.244844	0.418286	0.585351
Sc2_02150-Sc2_02151	0.24748	1.5714	0.15749
Sc2_02169-Sc2_02170	0.202513	0.634663	0.319087
Sc2_02170-Sc2_02171	0.143494	0.467337	0.307046
Sc2_02229-Sc2_02230	0.031128	0.0516625	0.602526
Sc2_02241-Sc2_02242	0.102836	0.462414	0.222389
Sc2_02260-Sc2_02261	0.0786912	0.242831	0.324057
Sc2_02261-Sc2_02262	0.0734209	0.853954	0.0859777
Sc2_02264-Sc2_02265	0.63447	2.65728	0.238767
Sc2_02291-Sc2_02292	1.20896	2.07404	0.582902
Sc2_02320-Sc2_02321	0.670988	0.765071	0.877028
Sc2_02321-Sc2_02322	0.041886	0.0144489	2.89892
Sc2_02357-Sc2_02358	0.735568	1.03916	0.707852
Sc2_02358-Sc2_02359	0.846794	1.11089	0.762266
Sc2_02359-Sc2_02360	0.608969	0.992181	0.613768
Sc2_02363-Sc2_02365	0.164004	0.307851	0.53274
Sc2_02364-Sc2_02366	0.119093	0.375745	0.316952
Sc2_02365-Sc2_02366	0.268982	1.35246	0.198883
Sc2_02366-Sc2_02367	0.258034	1.89795	0.135954
Sc2_02380-Sc2_02381	0.374753	0.825756	0.45383
Sc2_02408-Sc2_02409	0.213393	0.41107	0.519116
Sc2_02513-Sc2_02515	1.45774	2.44505	0.596199
Sc2_02514-Sc2_02515	0.206304	0.395674	0.521398
Sc2_02515-Sc2_02516	0.0713021	0.111496	0.639506
Sc2_02516-Sc2_02517	0.212745	0.518908	0.409985
Sc2_02517-Sc2_02518	0.23652	0.947398	0.249653
Sc2_02542-Sc2_02543	0.110309	0.224443	0.491481
Sc2_02571-Sc2_02572	1.2984	3.54904	0.365847
Sc2_02584-Sc2_02585	0.211528	1.35149	0.156514
Sc2_02588-Sc2_02589	0.420575	1.53129	0.274654
Sc2_02591-Sc2_02592	0.519838	0.962162	0.540282
Sc2_02633-Sc2_02634	0.313166	0.52096	0.601133
Sc2_02643-Sc2_02644	0.685364	3.23362	0.211949
Sc2_02724-Sc2_02726	0.908952	1.20996	0.751226
Sc2_02737-Sc2_02738	0.851295	2.35959	0.360781
Sc2_02746-Sc2_02747	0.22983	0.636115	0.361302
Sc2_02750-Sc2_02751	0.125808	0.927454	0.135649
Sc2_02751-Sc2_02752	0.317504	0.586323	0.541517
Sc2_02752-Sc2_02753	0.273048	0.699612	0.390284
Sc2_02794-Sc2_02796	0.0539738	0.0551896	0.977971
Sc2_02795-Sc2_02797	0.252897	0.369939	0.683618
Sc2_02796-Sc2_02797	0.767793	1.12587	0.681958
Sc2_02821-Sc2_02822	0.0854282	0.119101	0.717275
Sc2_02834-Sc2_02835	0.517214	1.59252	0.324778
Sc2_02844-Sc2_02845	0.29624	0.508464	0.582618
Sc2_02876-Sc2_02877	0.327687	0.999558	0.327832
Sc2_02882-Sc2_02883	0.170293	0.774563	0.219857
Sc2_02883-Sc2_02884	0.314626	1.48397	0.212017
Sc2_02884-Sc2_02886	0.116209	0.456518	0.254555
Sc2_02904-Sc2_02905	0.229203	0.736538	0.31119
Sc2_02905-Sc2_02906	0.243988	0.726039	0.336054
Sc2_02906-Sc2_02907	0.243988	0.726039	0.336054
Sc2_02932-Sc2_02933	0.0608641	0.392757	0.154966
Sc2_02984-Sc2_02986	0.429067	0.75305	0.569772
Sc2_03003-Sc2_03004	0.163254	0.38217	0.427176
Sc2_03004-Sc2_03005	0.168681	0.489105	0.344876
Sc2_03044-Sc2_03046	0.0755855	0.288189	0.262277
Sc2_03077-Sc2_03078	0.563592	3.27777	0.171944
Sc2_03085-Sc2_03086	0.405453	0.613166	0.661244
Sc2_03093-Sc2_03094	0.681641	3.29122	0.207109
Sc2_03094-Sc2_03096	0.416135	1.23823	0.336072
Sc2_03095-Sc2_03097	0.389195	0.835822	0.465643
Sc2_03204-Sc2_03205	0.227324	1.17946	0.192735
Sc2_03205-Sc2_03206	0.691674	1.37698	0.502312
Sc2_03208-Sc2_03209	0.426983	0.58618	0.728416
Sc2_03219-Sc2_03221	0.215505	0.214131	1.00642
Sc2_03300-Sc2_03301	0.371391	1.32091	0.281162
Sc2_03300-Sc2_03302	0.268237	0.72169	0.371679
Sc2_03322-Sc2_03323	0.058107	1.14039	0.0509535
Sc2_03377-Sc2_03379	0.0057941	0.0139331	0.415852
Sc2_03409-Sc2_03410	0.362046	0.715277	0.506162
Sc2_03431-Sc2_03432	0.226937	0.979888	0.231595
Sc2_03451-Sc2_03452	0.114579	0.351423	0.326043
Sc2_03469-Sc2_03470	0.221374	0.460506	0.480719
Sc2_03470-Sc2_03471	0.337189	0.710777	0.474394
Sc2_03472-Sc2_03473	0.567149	1.76828	0.320736
Sc2_03473-Sc2_03474	0.382826	1.25691	0.304577
Sc2_03473-Sc2_03475	0.316381	1.03087	0.306907
Sc2_03575-Sc2_03576	0.0790628	0.397911	0.198695
Sc2_03623-Sc2_03624	0.0168853	0.0277	0.609579
Sc2_03651-Sc2_03652	0.0241871	0.0540508	0.447489
Sc2_03735-Sc2_03736	0.45495	2.65256	0.171513
Sc2_03755-Sc2_03756	0.362843	1.74135	0.208368
Sc2_03786-Sc2_03788	1.02225	1.24285	0.822506
Sc2_03791-Sc2_03792	0.154433	0.727205	0.212365
Sc2_03793-Sc2_03794	0.287828	0.701618	0.410235
Sc2_03830-Sc2_03831	0.07687	0.325396	0.236235
Sc2_03831-Sc2_03832	0.115276	0.656268	0.175654
Sc2_03833-Sc2_03835	0.251316	0.646334	0.388833
Sc2_03834-Sc2_03835	0.355874	2.49729	0.142504
Sc2_03855-Sc2_03856	0.07828	0.23412	0.334358
Sc2_03856-Sc2_03858	0.0642974	0.162422	0.395865
Sc2_03901-Sc2_03903	0.235403	0.240528	0.978691
Sc2_03906-Sc2_03908	0.0411303	0.178565	0.230338
Sc2_03936-Sc2_03937	0.236245	0.664684	0.355424
Sc2_03939-Sc2_03940	0.308279	0.396532	0.777436
Sc2_03941-Sc2_03942	0.122976	0.544265	0.225949
Sc2_03949-Sc2_03950	0.231807	0.628651	0.368737
Sc2_03968-Sc2_03969	0.0256591	0.0682397	0.376014
Sc2_03969-Sc2_03970	0.0575094	0.196598	0.292522
Sc2_04002-Sc2_04003	0.225123	0.451003	0.49916
Sc2_04077-Sc2_04078	0.023455	0.0484779	0.483829
Sc2_04103-Sc2_04104	0.275277	2.23475	0.12318
Sc2_04106-Sc2_04107	0.122014	1.75174	0.0696531
Sc2_04149-Sc2_04150	0.256967	1.23902	0.207395
Sc2_04172-Sc2_04174	0.267704	0.444477	0.60229
Sc2_04175-Sc2_04176	0.212661	0.424034	0.50152
Sc2_04262-Sc2_04263	0.152773	0.179668	0.850307
Sc2_04281-Sc2_04282	0.145031	0.449305	0.32279
Sc2_04283-Sc2_04284	0.291492	0.40869	0.713235
Sc2_04284-Sc2_04285	0.017812	0.0257896	0.690666
Sc2_04314-Sc2_04315	0.410227	1.07783	0.380605
Sc2_04315-Sc2_04316	0.395544	1.03074	0.383749
Sc2_04316-Sc2_04317	0.459894	1.31801	0.348931
Sc2_04356-Sc2_04357	0.394398	1.35459	0.291158
Sc2_04459-Sc2_04461	0.288104	0.461648	0.624076
Sc2_04462-Sc2_04463	0.506985	2.0265	0.250178
Sc2_04508-Sc2_04509	0.0823333	0.408837	0.201384
Sc2_04547-Sc2_04548	0.539951	0.964745	0.559683
Sc2_04573-Sc2_04574	0.487776	0.835971	0.583484
Sc2_04654-Sc2_04655	0.127781	1.632	0.0782973
Sc2_04695-Sc2_04696	0.116026	0.558866	0.20761
Sc2_04714-Sc2_04715	0.750196	2.40202	0.312318
Sc2_04725-Sc2_04726	1.02583	1.77729	0.577185
Sc2_04726-Sc2_04727	0.020646	0.0451132	0.457649
Sc2_04756-Sc2_04757	0.715363	1.09422	0.653763
Sc2_04786-Sc2_04787	0.179796	1.70823	0.105252
Sc2_04796-Sc2_04798	0.0831086	0.964562	0.086162
Sc2_04826-Sc2_04827	0.791809	1.51282	0.523401
Sc2_04856-Sc2_04858	0.408569	0.490301	0.833303
Sc2_04859-Sc2_04860	0.601319	0.983417	0.611458
Sc2_04879-Sc2_04880	0.162596	0.312008	0.521128
Sc2_04903-Sc2_04904	0.1362	0.243033	0.560417
Sc2_04904-Sc2_04906	0.0547275	0.126681	0.432011
Sc2_04941-Sc2_04942	0.0277751	0.397388	0.0698943
Sc2_04944-Sc2_04945	0.499353	1.19759	0.416965
Sc2_04946-Sc2_04947	0.110507	0.330503	0.334362
Sc2_04985-Sc2_04987	0.288607	0.401394	0.719012
Sc2_04986-Sc2_04988	0.755209	0.79544	0.949423
Sc2_04990-Sc2_04991	0.215576	0.687377	0.313622
Sc2_05016-Sc2_05017	0.504974	0.988213	0.510997
Sc2_05053-Sc2_05054	0.0795283	0.0963394	0.825501
Sc2_05083-Sc2_05084	0.0566855	0.209531	0.270535
Sc2_05084-Sc2_05085	0.106839	0.406373	0.26291
Sc2_05099-Sc2_05100	0.111609	0.451832	0.247016
Sc2_05183-Sc2_05184	0.423261	1.36426	0.310249
Sc2_05184-Sc2_05185	0.481837	1.49266	0.322804
Sc2_05230-Sc2_05231	0.0818662	0.238485	0.343275
Sc2_05231-Sc2_05232	0.183346	0.480751	0.381374
Sc2_05232-Sc2_05233	0.16494	0.421423	0.391389
Sc2_05300-Sc2_05301	0.0679203	0.142072	0.47807
Sc2_05301-Sc2_05302	0.0686099	0.130961	0.523897
Sc2_05393-Sc2_05394	0.199384	2.00378	0.0995042
Sc2_05404-Sc2_05405	0.166648	0.606447	0.274795
Sc2_05542-Sc2_05543	0.0208843	0.0471812	0.442641
Sc2_05656-Sc2_05657	0.205296	0.727742	0.2821
Sc2_05666-Sc2_05668	0.196215	0.355508	0.551928
Sc2_05681-Sc2_05682	0.112513	0.388323	0.28974
Sc2_05682-Sc2_05683	0.461156	0.921377	0.500508
Sc2_05693-Sc2_05694	0.13751	0.214558	0.6409
Sc2_05694-Sc2_05695	0.11413	0.300979	0.379195
Sc2_05695-Sc2_05696	0.343928	0.542534	0.633928
Sc2_05715-Sc2_05716	0.44622	1.88358	0.2369
Sc2_05726-Sc2_05727	0.0162531	0.0267546	0.607488
Sc2_05757-Sc2_05758	0.00395052	0.0122649	0.3221
Sc2_05763-Sc2_05764	0.397144	1.91118	0.207801
Sc2_05764-Sc2_05765	0.195862	0.475379	0.412012
Sc2_05773-Sc2_05775	0.807672	1.52559	0.529416
Sc2_05776-Sc2_05777	0.686731	1.64767	0.41679
Sc2_05785-Sc2_05786	NA	0.00660489	-0
Sc2_05832-Sc2_05833	0.309298	0.694021	0.445662
Sc2_05872-Sc2_05873	0.243878	1.60627	0.151829
Sc2_05875-Sc2_05876	0.281103	1.01803	0.276125
Sc2_05876-Sc2_05877	0.390253	1.24367	0.313793
Sc2_05877-Sc2_05878	0.158532	0.74837	0.211836
Sc2_05896-Sc2_05897	0.409091	1.1019	0.37126
Sc2_05899-Sc2_05900	0.197759	0.293478	0.673846
Sc2_05930-Sc2_05931	0.433599	1.11983	0.387202
Sc2_05949-Sc2_05950	0.258922	0.752205	0.344218
Sc2_05971-Sc2_05972	0.484337	0.853505	0.567468
Sc2_05976-Sc2_05977	0.133936	0.284642	0.470543
Sc2_06042-Sc2_06043	0.343744	1.03025	0.333651
Sc2_06210-Sc2_06211	0.586702	1.49437	0.392608
Sc2_06301-Sc2_06302	0.0465469	0.0968217	0.480749
Sc2_06302-Sc2_06303	0.0947543	0.187871	0.504357
Sc2_06304-Sc2_06305	0.119544	0.670373	0.178325
Sc2_06336-Sc2_06338	0.458707	1.46642	0.312808
Sc2_06384-Sc2_06385	0.148943	0.371346	0.401089
Sc2_06404-Sc2_06405	0.0272819	0.190145	0.14348
Sc2_06435-Sc2_06436	0.126996	0.47462	0.267575
Sc2_06439-Sc2_06440	0.118024	0.363471	0.324714
Sc2_06446-Sc2_06447	0.173159	0.409202	0.423163
Sc2_06451-Sc2_06452	0.42936	0.957405	0.448462
Sc2_06474-Sc2_06475	0.151418	0.164065	0.922916
Sc2_06474-Sc2_06476	0.874293	1.47164	0.594093
Sc2_06482-Sc2_06483	0.279425	1.17264	0.238286
Sc2_06566-Sc2_06567	0.0919322	0.60767	0.151286
Sc2_06574-Sc2_06575	0.436452	0.949512	0.45966
Sc2_06802-Sc2_06803	0.0325023	0.128865	0.252219
Sc2_06803-Sc2_06804	0.0118877	0.0146887	0.809306
Sc2_06807-Sc2_06809	0.106999	0.206014	0.519378
Sc2_06808-Sc2_06810	0.769896	1.46527	0.525431
Sc2_06809-Sc2_06811	0.0428242	0.0296564	1.44401
Sc2_06811-Sc2_06812	0.0477084	0.0297116	1.60572
Sc2_06813-Sc2_06814	0.398501	0.968071	0.411644
Sc2_06813-Sc2_06815	0.250259	0.701069	0.356967
Sc2_06827-Sc2_06828	0.331504	0.627395	0.528382
Sc2_06858-Sc2_06859	0.482889	0.73563	0.656429
Sc2_06955-Sc2_06956	0.0662416	0.0920702	0.719468
Sc2_06986-Sc2_06987	0.735606	2.49287	0.295084
Sc2_07014-Sc2_07016	0.0913964	0.269884	0.338651
Sc2_07015-Sc2_07016	0.342333	1.63638	0.209201
Sc2_07016-Sc2_07017	0.342111	1.34653	0.254069
Sc2_07020-Sc2_07021	0.00818039	0.0115024	0.711188
Sc2_07023-Sc2_07024	0.146487	0.39717	0.368828
Sc2_07040-Sc2_07041	0.117036	0.601649	0.194525
Sc2_07048-Sc2_07049	0.594331	2.07713	0.286131
Sc2_07151-Sc2_07152	0.290485	0.989708	0.293506
Sc2_07180-Sc2_07182	0.4512	1.07481	0.419795
Sc2_07183-Sc2_07185	0.170957	0.530848	0.322046
Sc2_07185-Sc2_07187	0.121017	0.454457	0.26629
Sc2_07186-Sc2_07187	0.510212	0.827235	0.616767
Sc2_07189-Sc2_07190	0.569516	0.895198	0.63619
Sc2_07191-Sc2_07192	0.288891	0.81739	0.353431
Sc2_07205-Sc2_07206	0.241915	0.679155	0.3562
Sc2_07206-Sc2_07207	0.0739096	0.643211	0.114907
Sc2_07214-Sc2_07215	0.135515	0.0710348	1.90773
Sc2_07227-Sc2_07229	0.287038	1.3107	0.218996
Sc2_07229-Sc2_07230	0.240787	0.690201	0.348866
Sc2_07231-Sc2_07233	0.310551	0.565477	0.549185
Sc2_07232-Sc2_07233	0.263056	0.640338	0.410809
Sc2_07233-Sc2_07234	0.272073	0.663043	0.410339
Sc2_07261-Sc2_07262	0.434143	1.81325	0.239428
Sc2_07274-Sc2_07275	0.0473167	0.0517274	0.914732
Sc2_07405-Sc2_07406	0.401159	0.928567	0.43202
Sc2_07407-Sc2_07408	0.327451	0.713144	0.459166
Sc2_07409-Sc2_07411	0.0844652	0.112343	0.751848
Sc2_07410-Sc2_07412	0.611823	0.865294	0.707069
Sc2_07414-Sc2_07416	0.181369	0.404712	0.448143
Sc2_07416-Sc2_07417	0.287444	0.609062	0.471946
Sc2_07450-Sc2_07451	0.470976	1.95749	0.240602
Sc2_07461-Sc2_07462	0.578802	1.50726	0.384009
Sc2_07473-Sc2_07474	0.297428	1.2612	0.235829
Sc2_07519-Sc2_07520	0.450012	0.957161	0.470153
Sc2_07520-Sc2_07521	0.40278	1.00963	0.398937
Sc2_07523-Sc2_07525	0.0583893	0.0891534	0.654931
Sc2_07530-Sc2_07532	0.267711	2.20972	0.121152
Sc2_07532-Sc2_07534	0.033838	0.0612053	0.552861
Sc2_07534-Sc2_07535	0.142746	0.201024	0.710096
Sc2_07535-Sc2_07536	0.125003	0.178929	0.698616
Sc2_07544-Sc2_07545	0.484615	1.1689	0.41459
Sc2_07659-Sc2_07660	0.525913	0.931927	0.564329
Sc2_07669-Sc2_07670	0.576859	0.853665	0.675744
Sc2_07726-Sc2_07727	0.554555	0.873935	0.634549
Sc2_07728-Sc2_07729	0.0826379	0.272615	0.30313
Sc2_07729-Sc2_07731	0.116016	0.512642	0.22631
Sc2_07748-Sc2_07750	0.384995	0.814223	0.472837
Sc2_07768-Sc2_07769	0.471714	0.792895	0.594926
Sc2_07803-Sc2_07804	0.130613	0.701617	0.186159
Sc2_07852-Sc2_07854	1.2509	2.57326	0.486116
Sc2_07855-Sc2_07856	0.198521	0.383564	0.517571
Sc2_07875-Sc2_07876	0.13511	0.360611	0.374669
Sc2_07920-Sc2_07921	0.129162	1.02018	0.126607
Sc2_07933-Sc2_07935	0.201261	0.452117	0.445153
Sc2_07979-Sc2_07980	0.0138037	0.478078	0.0288732
Sc2_08027-Sc2_08028	0.297684	0.956638	0.311177
Sc2_08028-Sc2_08029	0.325382	0.976114	0.333344
Sc2_08029-Sc2_08030	0.387687	1.14918	0.33736
Sc2_08030-Sc2_08031	0.82913	2.50288	0.331271
Sc2_08045-Sc2_08046	0.544217	1.09599	0.496553
Sc2_08060-Sc2_08061	0.48686	0.863517	0.56381
Sc2_08061-Sc2_08063	1.42279	2.08534	0.682283
Sc2_08100-Sc2_08101	0.529974	1.61384	0.328393
Sc2_08118-Sc2_08119	0.638107	1.72593	0.369718
Sc2_08181-Sc2_08182	0.058718	0.0819133	0.716831
Sc2_08264-Sc2_08265	0.00451826	0.00810723	0.557313
Sc2_08272-Sc2_08273	0.298476	0.686641	0.43469
Sc2_08307-Sc2_08308	0.114622	0.28106	0.40782
Sc2_08342-Sc2_08343	0.67576	3.26713	0.206836
Sc2_08403-Sc2_08404	0.284375	0.453025	0.627724
Sc2_08421-Sc2_08423	0.276694	0.498376	0.555191
Sc2_08422-Sc2_08424	0.031469	0.0272999	1.15271
Sc2_08423-Sc2_08425	0.285485	0.469119	0.608557
Sc2_08435-Sc2_08436	0.263437	2.03539	0.129428
Sc2_08480-Sc2_08481	0.74105	2.35947	0.314075
Sc2_08510-Sc2_08511	0.864901	1.26298	0.684811
Sc2_08527-Sc2_08529	0.410825	0.954087	0.430595
Sc2_08536-Sc2_08538	0.0484633	0.0686704	0.705738
Sc2_08611-Sc2_08612	1.52468	2.43244	0.626813
Sc2_08612-Sc2_08614	0.558543	2.86182	0.19517
Sc2_08646-Sc2_08647	0.380034	3.249	0.11697
Sc2_08687-Sc2_08688	0.360079	2.15522	0.167073
Sc2_08696-Sc2_08697	0.375069	0.564588	0.664325
Sc2_08697-Sc2_08698	0.0129445	0.0155883	0.830397
Sc2_08701-Sc2_08702	0.590628	1.00703	0.586505
Sc2_08705-Sc2_08706	0.0198439	0.0533273	0.372116
Sc2_08754-Sc2_08755	0.471896	1.03159	0.457447
Sc2_08756-Sc2_08757	0.434531	1.13621	0.382441
Sc2_08876-Sc2_08877	0.148801	0.425114	0.350027
Sc2_08893-Sc2_08894	0.495491	3.00539	0.164867
Sc2_08902-Sc2_08903	0.500114	1.69656	0.294782
Sc2_08926-Sc2_08927	0.476525	1.71705	0.277526
Sc2_08949-Sc2_08950	0.147191	0.764386	0.192561
Sc2_09191-Sc2_09193	0.0515524	0.202527	0.254545
Sc2_09219-Sc2_09220	0.243792	0.442483	0.550963
Sc2_09220-Sc2_09221	0.286086	0.559838	0.511016
Sc2_09223-Sc2_09224	0.0195552	0.139812	0.139868
Sc2_09262-Sc2_09263	0.206766	0.317216	0.651815
Sc2_09264-Sc2_09265	0.231385	0.287852	0.803834
Sc2_09265-Sc2_09266	0.364654	0.58699	0.621226
Sc2_09266-Sc2_09267	0.335694	0.334785	1.00272
Sc2_09267-Sc2_09268	0.0881719	0.279022	0.316003
Sc2_09268-Sc2_09269	0.226698	0.441387	0.513603
Sc2_09269-Sc2_09270	0.138462	0.273905	0.505511
Sc2_09279-Sc2_09280	0.128444	0.550335	0.233392
Sc2_09280-Sc2_09281	0.331792	1.11485	0.297611
Sc2_09287-Sc2_09288	0.376499	3.06263	0.122933
Sc2_09305-Sc2_09306	0.5134	2.33865	0.219528
Sc2_09314-Sc2_09315	0.148284	0.151574	0.978296
Sc2_09327-Sc2_09329	0.122345	0.472312	0.259034
Sc2_09402-Sc2_09403	0.0206418	0.0364013	0.567063
Sc2_09415-Sc2_09416	0.167326	0.812552	0.205927
Sc2_09416-Sc2_09417	0.118291	0.526246	0.224782
Sc2_09419-Sc2_09421	0.0867747	0.34335	0.252729
Sc2_09421-Sc2_09423	0.00522005	0.0151389	0.34481
Sc2_09442-Sc2_09444	0.772759	1.24445	0.620962
Sc2_09443-Sc2_09445	0.185638	0.284096	0.653435
Sc2_09453-Sc2_09454	0.20057	0.426345	0.47044
Sc2_09456-Sc2_09457	0.331077	0.646234	0.512317
Sc2_09458-Sc2_09459	0.366309	0.716516	0.511236
Sc2_09502-Sc2_09503	0.00603621	0.0356447	0.169344
Sc2_09508-Sc2_09509	0.789706	4.26407	0.1852
Sc2_09560-Sc2_09562	0.216287	0.767642	0.281755
Sc2_09562-Sc2_09563	0.314074	0.800191	0.392498
Sc2_09564-Sc2_09565	0.185518	0.570096	0.325416
Sc2_09565-Sc2_09566	0.220337	0.555716	0.396492
Sc2_09566-Sc2_09567	0.123956	0.366719	0.338014
Sc2_09567-Sc2_09568	0.15339	0.423189	0.362462
Sc2_09593-Sc2_09594	0.148702	0.174618	0.851587
Sc2_09594-Sc2_09595	0.00186597	0.0027998	0.666465
Sc2_09596-Sc2_09597	0.135034	0.608124	0.222051
Sc2_09597-Sc2_09599	0.530299	0.758561	0.699086
Sc2_09609-Sc2_09610	0.220435	0.715927	0.307902
Sc2_09677-Sc2_09678	0.553322	0.650208	0.850992
Sc2_09792-Sc2_09794	0.179233	0.428313	0.418462
Sc2_09814-Sc2_09816	0.946714	1.28974	0.734033
Sc2_09847-Sc2_09848	0.416747	2.15282	0.193582
Sc2_09854-Sc2_09855	0.335925	0.607043	0.55338
Sc2_09860-Sc2_09862	0.509362	1.01608	0.501302
Sc2_09885-Sc2_09886	0.248937	0.365985	0.680183
Sc2_09888-Sc2_09889	0.462001	0.896571	0.515297
Sc2_09917-Sc2_09918	0.765342	2.38758	0.320552
Sc2_09924-Sc2_09925	0.0975876	0.43723	0.223195
Sc2_09954-Sc2_09955	0.729473	4.15054	0.175754
Sc2_09957-Sc2_09958	0.27693	0.71645	0.38653
Sc2_09958-Sc2_09959	0.303319	0.770011	0.393915
Sc2_09960-Sc2_09961	0.0940798	0.253476	0.371159
Sc2_09964-Sc2_09965	0.174694	0.590021	0.296081
Sc2_09965-Sc2_09966	0.193712	0.546073	0.354737
Sc2_09966-Sc2_09967	0.240637	1.02616	0.234502
Sc2_09980-Sc2_09981	0.0902231	0.743675	0.121321
Sc2_10007-Sc2_10008	0.176545	0.54471	0.324108
Sc2_10032-Sc2_10033	0.176977	0.661149	0.267681
Sc2_10038-Sc2_10039	0.227707	0.536769	0.424217
Sc2_10063-Sc2_10064	0.207132	0.453841	0.456397
Sc2_10064-Sc2_10065	0.227863	0.447452	0.509246
Sc2_10065-Sc2_10066	0.192794	0.515093	0.37429
Sc2_10066-Sc2_10067	0.232565	0.61942	0.375456
Sc2_10067-Sc2_10068	0.32212	1.01771	0.316515
Sc2_10079-Sc2_10080	0.640782	1.54472	0.414821
Sc2_10085-Sc2_10086	0.246137	1.4965	0.164476
Sc2_10090-Sc2_10092	0.281957	1.42369	0.198046
Sc2_10101-Sc2_10102	0.617044	1.04869	0.588398
Sc2_10102-Sc2_10103	0.219857	0.606203	0.362679
Sc2_10131-Sc2_10132	0.25754	0.283315	0.909024
Sc2_10144-Sc2_10145	0.492985	1.65583	0.297727
Sc2_10210-Sc2_10211	0.0959717	0.880983	0.108937
Sc2_10213-Sc2_10214	0.263383	1.02669	0.256536
Sc2_10286-Sc2_10288	0.196736	0.891887	0.220584
Sc2_10290-Sc2_10292	0.102841	0.371227	0.277029
Sc2_10291-Sc2_10293	0.40406	0.632455	0.638875
Sc2_10348-Sc2_10349	0.909943	3.73014	0.243944
Sc2_10374-Sc2_10375	0.18186	0.558114	0.325847
Sc2_10380-Sc2_10381	0.362828	1.23366	0.294108
Sc2_10499-Sc2_10501	0.532522	1.89183	0.281484
Sc2_10500-Sc2_10501	0.463043	1.89732	0.244052
Sc2_10501-Sc2_10502	0.523503	1.73148	0.302344
Sc2_10502-Sc2_10503	0.491724	1.84029	0.267199
Sc2_10503-Sc2_10504	0.452421	1.51156	0.299307
Sc2_10524-Sc2_10525	0.424848	2.56259	0.165788
Sc2_10589-Sc2_10590	1.00608	1.11762	0.900193
Sc2_10603-Sc2_10604	0.215731	0.996668	0.216452
Sc2_10604-Sc2_10605	0.423292	1.06234	0.398454
Sc2_10605-Sc2_10607	0.122383	0.407833	0.300082
Sc2_10616-Sc2_10617	0.175546	0.445811	0.393767
Sc2_10632-Sc2_10633	0.145777	0.390209	0.373587
Sc2_10633-Sc2_10634	0.516391	1.0063	0.513158
Sc2_10675-Sc2_10676	0.227483	0.584528	0.389175
Sc2_10677-Sc2_10678	0.182979	0.414908	0.44101
Sc2_10678-Sc2_10679	0.107631	0.428103	0.251413
Sc2_10679-Sc2_10680	0.0955051	0.446906	0.213703
Sc2_10767-Sc2_10768	0.10658	0.362481	0.29403
Sc2_10768-Sc2_10770	0.100041	0.37422	0.267331
Sc2_10819-Sc2_10821	0.198042	0.49276	0.401903
Sc2_10896-Sc2_10897	0.342586	1.06734	0.320971
Sc2_10897-Sc2_10898	0.23357	0.615654	0.379385
Sc2_10898-Sc2_10899	0.172022	0.461821	0.372487
Sc2_10940-Sc2_10941	0.156081	0.372195	0.419353
Sc2_10959-Sc2_10960	0.0747417	0.0779054	0.959391
Sc2_10960-Sc2_10961	0.139845	0.187868	0.74438
Sc2_10968-Sc2_10969	0.354405	1.1938	0.296871
Sc2_10994-Sc2_10995	0.0358833	0.144127	0.24897
Sc2_11047-Sc2_11048	0.210192	0.481068	0.436928
Sc2_11095-Sc2_11096	0.26273	1.93678	0.135653
Sc2_11096-Sc2_11097	0.128607	0.986032	0.130428
Sc2_11097-Sc2_11098	0.0491992	0.115066	0.427573
Sc2_11098-Sc2_11099	0.33422	3.04356	0.109812
Sc2_11119-Sc2_11120	1.17818	3.15495	0.37344
Sc2_11136-Sc2_11137	0.476591	1.49763	0.318231
Sc2_11169-Sc2_11170	0.0420658	0.0924527	0.454998
Sc2_11170-Sc2_11171	0.0397193	0.0926009	0.42893
Sc2_11173-Sc2_11174	0.0680909	0.102064	0.667141
Sc2_11192-Sc2_11194	0.0735926	0.378368	0.1945
Sc2_11195-Sc2_11196	0.0834861	0.16584	0.503412
Sc2_11246-Sc2_11247	0.062611	0.148703	0.421048
Sc2_11247-Sc2_11248	0.13729	0.251034	0.546897
Sc2_11271-Sc2_11272	0.103758	0.604933	0.17152
Sc2_11340-Sc2_11341	0.14472	0.37933	0.381514
Sc2_11341-Sc2_11342	0.241439	0.727758	0.331757
Sc2_11353-Sc2_11354	0.240432	0.987577	0.243456
Sc2_11354-Sc2_11355	0.44906	1.49737	0.299898
Sc2_11407-Sc2_11408	0.123852	0.414135	0.299062
Sc2_11411-Sc2_11412	0.212321	0.760014	0.279365
Sc2_11444-Sc2_11445	0.164745	1.15756	0.142321
Sc2_11445-Sc2_11446	0.23565	0.531826	0.443097
Sc2_11503-Sc2_11504	0.165521	0.656001	0.252318
Sc2_11510-Sc2_11511	0.286358	1.79709	0.159346
Sc2_11516-Sc2_11517	0.466181	3.05944	0.152375
Sc2_11583-Sc2_11584	0.167244	0.399838	0.41828
Sc2_11647-Sc2_11648	0.0426512	0.107996	0.394931
Sc2_11652-Sc2_11653	0.80544	2.599	0.309903
Sc2_11664-Sc2_11665	0.226386	0.70049	0.323182
Sc2_11702-Sc2_11703	0.327769	2.26981	0.144404
Sc2_11763-Sc2_11764	0.325007	0.701689	0.463178
Sc2_11764-Sc2_11765	0.374705	0.661067	0.566819
Sc2_11785-Sc2_11786	0.44765	1.71648	0.260795
Sc2_11788-Sc2_11789	0.445861	1.41456	0.315193
Sc2_11873-Sc2_11874	0.413751	1.12191	0.368793
Sc2_11890-Sc2_11891	0.10309	0.0997815	1.03316
Sc2_11901-Sc2_11903	0.637291	2.83001	0.22519
Sc2_11917-Sc2_11918	0.397996	2.6625	0.149482
Sc2_11928-Sc2_11929	0.128963	0.326875	0.394534
Sc2_11931-Sc2_11932	0.00501912	0.0138072	0.363515
Sc2_11953-Sc2_11954	0.173964	0.332044	0.523918
Sc2_11958-Sc2_11959	0.0226459	0.0423073	0.535272
Sc2_11962-Sc2_11963	0.387905	0.757172	0.512308
Sc2_11996-Sc2_11998	0.00467055	0.0482286	0.0968421
Sc2_12042-Sc2_12043	0.757341	1.85884	0.407426
Sc2_12045-Sc2_12046	0.245195	0.643749	0.380886
Sc2_12046-Sc2_12047	0.271149	0.546156	0.496469
Sc2_12134-Sc2_12135	0.0213677	0.0773198	0.276355
Sc2_12142-Sc2_12144	0.850782	1.55919	0.545655
Sc2_12202-Sc2_12203	0.623968	0.829595	0.752135
Sc2_12205-Sc2_12206	0.432078	1.74503	0.247605
Sc2_12226-Sc2_12227	0.165568	0.620504	0.266828
Sc2_12229-Sc2_12230	0.502907	0.673687	0.7465
Sc2_12230-Sc2_12231	0.440611	0.45989	0.958078
Sc2_12289-Sc2_12290	0.328778	0.514693	0.638785
Sc2_12327-Sc2_12329	0.161634	0.292366	0.552849
Sc2_12348-Sc2_12349	1.24181	4.61439	0.269116
Sc2_12351-Sc2_12352	0.328138	1.03512	0.317006
Sc2_12356-Sc2_12357	0.261763	1.40543	0.186252
Sc2_12372-Sc2_12374	0.0447102	0.107089	0.417505
Sc2_12373-Sc2_12375	0.0823053	0.14059	0.58543
Sc2_12374-Sc2_12375	0.144167	0.261857	0.550556
Sc2_12375-Sc2_12376	0.490732	0.746747	0.65716
Sc2_12384-Sc2_12385	0.267307	1.01822	0.262525
Sc2_12417-Sc2_12419	0.0943304	0.390865	0.241337
Sc2_12460-Sc2_12461	0.0443466	0.503198	0.0881295
Sc2_12495-Sc2_12496	0.564373	1.15857	0.487128
Sc2_12637-Sc2_12638	0.0477165	0.121911	0.391404
Sc2_12689-Sc2_12690	0.0970989	0.0659389	1.47256
Sc2_12690-Sc2_12691	0.0565248	0.0499729	1.13111
Sc2_12700-Sc2_12702	0.560451	0.827458	0.677317
Sc2_12703-Sc2_12704	0.425304	4.09413	0.103882
Sc2_12727-Sc2_12728	0.0992482	0.250627	0.396
Sc2_12728-Sc2_12729	0.563159	1.5467	0.364103
Sc2_12742-Sc2_12743	0.365277	1.83865	0.198666
Sc2_12745-Sc2_12746	0.315723	1.3598	0.232183
Sc2_12772-Sc2_12773	0.806975	2.54325	0.3173
Sc2_12780-Sc2_12781	0.254841	2.88543	0.08832
Sc2_12858-Sc2_12859	0.228385	1.03301	0.221087
Sc2_12862-Sc2_12863	0.14146	0.409243	0.345662
Sc2_12884-Sc2_12885	0.144904	0.945127	0.153317
Sc2_12885-Sc2_12886	0.0767125	0.443779	0.172862
Sc2_12886-Sc2_12887	0.0339838	0.319394	0.106401
Sc2_12909-Sc2_12910	0.182943	0.441448	0.414416
Sc2_12926-Sc2_12927	0.0639567	0.33099	0.193229
Sc2_12973-Sc2_12974	0.214788	0.428128	0.50169
Sc2_13030-Sc2_13031	0.148845	0.517033	0.287884
Sc2_13030-Sc2_13032	0.328979	1.43771	0.228822
Sc2_13041-Sc2_13042	0.502616	0.560853	0.896165
Sc2_13056-Sc2_13058	0.226946	0.255304	0.888926
Sc2_13101-Sc2_13102	0.346786	3.57378	0.097036
Sc2_13239-Sc2_13240	0.558406	1.40381	0.39778
Sc2_13335-Sc2_13336	0.18111	0.272561	0.664473
Sc2_13338-Sc2_13339	0.152333	0.168634	0.903335
Sc2_13346-Sc2_13348	0.0751076	0.11411	0.658205
Sc2_13347-Sc2_13349	0.0601529	0.0563294	1.06788
Sc2_13367-Sc2_13368	0.0938221	0.322599	0.290832
Sc2_13416-Sc2_13417	0.254535	0.536119	0.474774
Sc2_13451-Sc2_13452	0.157622	0.574716	0.27426
Sc2_13452-Sc2_13453	0.638041	1.14819	0.555691
Sc2_13506-Sc2_13507	0.139852	0.30107	0.464516
Sc2_13524-Sc2_13525	0.35342	0.572004	0.617863
Sc2_13525-Sc2_13526	0.700898	0.955557	0.733497
Sc2_13567-Sc2_13568	0.353432	1.49672	0.236137
Sc2_13572-Sc2_13574	0.169024	0.567803	0.29768
Sc2_13574-Sc2_13575	0.105035	0.529376	0.198413
Sc2_13575-Sc2_13576	0.191039	0.474804	0.402353
Sc2_13576-Sc2_13577	0.11006	0.366871	0.299997
Sc2_13619-Sc2_13621	0.309068	1.08731	0.284251
Sc2_13621-Sc2_13622	0.159679	0.451079	0.353994
Sc2_13622-Sc2_13623	0.120714	0.384769	0.31373
Sc2_13626-Sc2_13627	0.692698	2.60866	0.265538
Sc2_13640-Sc2_13641	0.0351761	0.0701739	0.501271
Sc2_13651-Sc2_13652	0.340733	2.74804	0.123991
Sc2_13766-Sc2_13767	0.424058	1.91782	0.221115
Sc2_13936-Sc2_13937	0.105166	0.1381	0.761518
Sc2_13991-Sc2_13992	0.495827	2.58817	0.191575
Sc2_14049-Sc2_14050	0.0817247	0.536617	0.152296
Sc2_14051-Sc2_14052	0.370392	1.07205	0.345498
Sc2_14067-Sc2_14068	0.164939	1.24307	0.132687
Sc2_14081-Sc2_14082	0.202056	0.423435	0.477184
Sc2_14086-Sc2_14087	0.0389072	0.301625	0.128992
Sc2_14107-Sc2_14108	0.19247	0.750234	0.256547
Sc2_14122-Sc2_14123	0.554056	1.57453	0.351886
Sc2_14173-Sc2_14174	0.206116	0.641375	0.321365
Sc2_14174-Sc2_14175	0.399543	1.41494	0.282374
Sc2_14211-Sc2_14213	0.353688	1.55263	0.2278
Sc2_14213-Sc2_14214	0.326819	1.7533	0.186402
Sc2_14222-Sc2_14224	0.371445	1.02147	0.363639
Sc2_14226-Sc2_14227	0.00941034	0.0137328	0.685246
Sc2_14228-Sc2_14229	0.00551374	0.00475732	1.159
Sc2_14235-Sc2_14236	0.556676	1.87169	0.297419
Sc2_14266-Sc2_14267	0.141893	0.166132	0.854099
Sc2_14266-Sc2_14268	0.0862471	0.189969	0.454006
Sc2_14269-Sc2_14270	0.0838911	0.0588915	1.4245
Sc2_14284-Sc2_14285	0.347916	0.887306	0.392103
Sc2_14290-Sc2_14291	0.463569	0.627518	0.738735
Sc2_14291-Sc2_14292	0.14724	0.223322	0.659317
Sc2_14321-Sc2_14322	0.117562	0.790552	0.148709
Sc2_14322-Sc2_14323	0.197014	2.05152	0.0960328
Sc2_14325-Sc2_14326	0.515853	1.35689	0.380172
Sc2_14326-Sc2_14327	0.350043	0.786701	0.444951
Sc2_14327-Sc2_14328	0.00851232	0.0156432	0.544153
Sc2_14329-Sc2_14330	0.306797	0.574132	0.534366
Sc2_14330-Sc2_14331	0.0645671	0.163309	0.395369
Sc2_14331-Sc2_14333	0.130575	0.475655	0.274516
Sc2_14458-Sc2_14459	0.409462	2.09632	0.195324
Sc2_14555-Sc2_14556	0.17743	0.565619	0.313692
Sc2_14558-Sc2_14559	0.387848	1.5248	0.25436
Sc2_14668-Sc2_14669	0.300254	0.694806	0.432141
Sc2_14671-Sc2_14672	0.0493028	0.0431928	1.14146
Sc2_14749-Sc2_14750	0.168629	0.356615	0.472859
Sc2_14838-Sc2_14839	0.186409	1.41678	0.131573
Sc2_14842-Sc2_14843	1.01748	5.5687	0.182715
Sc2_14849-Sc2_14851	0.107115	0.186287	0.575002
Sc2_14851-Sc2_14852	0.35369	0.519131	0.681311
Sc2_14858-Sc2_14859	0.0845488	0.561026	0.150704
Sc2_14859-Sc2_14860	0.0965849	0.407544	0.236992
Sc2_14898-Sc2_14899	0.118042	0.295806	0.39905
Sc2_14932-Sc2_14933	0.20523	0.55959	0.36675
Sc2_14933-Sc2_14934	0.185225	0.297265	0.623096
Sc2_14933-Sc2_14935	0.13718	0.211929	0.647295
Sc2_14964-Sc2_14965	0.155642	0.705427	0.220635
Sc2_15008-Sc2_15009	0.0378287	1.06945	0.0353723
Sc2_15026-Sc2_15027	0.236502	1.13525	0.208325
Sc2_15027-Sc2_15028	0.333997	0.788177	0.423759
Sc2_15068-Sc2_15069	0.466254	0.79663	0.585283
Sc2_15116-Sc2_15118	0.0772847	0.193372	0.399668
Sc2_15180-Sc2_15182	0.0244785	0.0847579	0.288805
Sc2_15181-Sc2_15183	0.0883185	0.0912482	0.967893
Sc2_15189-Sc2_15191	0.147941	0.277477	0.533164
Sc2_15191-Sc2_15192	0.0789296	0.17034	0.463366
Sc2_15194-Sc2_15195	0.316524	0.739994	0.427739
Sc2_15208-Sc2_15209	0.032824	0.0775161	0.423447
Sc2_15210-Sc2_15212	0.295713	0.366251	0.807407
Sc2_15211-Sc2_15213	0.687159	1.06242	0.646787
Sc2_15281-Sc2_15282	0.223237	0.683808	0.326461
Sc2_15285-Sc2_15286	0.207925	0.504138	0.412436
Sc2_15292-Sc2_15293	0.430272	3.85869	0.111507
Sc2_15293-Sc2_15294	0.524532	2.62036	0.200176
Sc2_15354-Sc2_15355	0.103525	0.424122	0.244093
Sc2_15380-Sc2_15382	0.497554	1.86667	0.266546
Sc2_15449-Sc2_15450	0.600994	2.50096	0.240305
Sc2_15510-Sc2_15511	0.120929	0.479018	0.252451
Sc2_15530-Sc2_15531	0.442051	1.68505	0.262337
Sc2_15534-Sc2_15535	0.0026216	0.00928347	0.282394
Sc2_15569-Sc2_15571	0.585342	1.77549	0.32968
Sc2_15575-Sc2_15576	0.0657557	0.234728	0.280136
Sc2_15586-Sc2_15587	0.365038	2.13157	0.171254
Sc2_15612-Sc2_15613	NA	0.352936	-0
Sc2_15643-Sc2_15645	0.221858	0.550029	0.403357
Sc2_15644-Sc2_15646	0.0724721	0.244661	0.296214
Sc2_15691-Sc2_15692	0.246239	0.464969	0.529583
Sc2_15709-Sc2_15711	0.121467	0.4555	0.266667
Sc2_15715-Sc2_15716	0.0195023	0.206438	0.0944702
Sc2_15728-Sc2_15729	0.105579	0.357308	0.295484
Sc2_15729-Sc2_15731	0.377416	0.648074	0.582366
Sc2_15993-Sc2_15995	0.258334	0.468265	0.551682
Sc2_15994-Sc2_15996	0.819001	2.61729	0.312919
Sc2_15997-Sc2_15999	0.100571	0.226803	0.44343
Sc2_15999-Sc2_16000	0.0946184	0.27156	0.348426
Sc2_16000-Sc2_16001	0.101944	0.240459	0.423956
Sc2_16022-Sc2_16023	0.219016	0.347688	0.629922
Sc2_16024-Sc2_16026	0.0539414	0.0767508	0.702813
Sc2_16026-Sc2_16027	0.106567	0.179491	0.593717
Sc2_16033-Sc2_16034	0.149094	0.635384	0.234652
Sc2_16034-Sc2_16035	0.346671	1.73435	0.199886
Sc2_16075-Sc2_16076	0.136049	0.163178	0.833747
Sc2_16084-Sc2_16085	0.265492	0.880333	0.301582
Sc2_16148-Sc2_16149	0.0904391	0.0830896	1.08845
Sc2_16152-Sc2_16153	0.396061	1.91532	0.206785
Sc2_16174-Sc2_16175	0.369143	0.958782	0.385012
Sc2_16251-Sc2_16252	0.552855	1.51851	0.364077
Sc2_16252-Sc2_16253	0.279487	1.32522	0.210898
Sc2_16275-Sc2_16276	0.209017	1.03761	0.201442
Sc2_16276-Sc2_16277	0.116136	0.591476	0.196349
Sc2_16277-Sc2_16278	0.189023	0.777992	0.242962
Sc2_16306-Sc2_16307	0.340477	1.37763	0.247148
Sc2_16336-Sc2_16337	0.293205	0.628314	0.466653
Sc2_16390-Sc2_16391	0.248219	0.804537	0.308524
Sc2_16445-Sc2_16446	0.0671536	0.236081	0.284452
Sc2_16450-Sc2_16451	0.109075	0.492557	0.221447
Sc2_16450-Sc2_16452	0.312422	0.483219	0.646542
Sc2_16465-Sc2_16466	0.107526	0.523727	0.205309
Sc2_16497-Sc2_16498	0.00553369	0.00777756	0.711495
Sc2_16513-Sc2_16514	0.125658	0.482262	0.260561
Sc2_16514-Sc2_16515	0.164988	0.415291	0.397284
Sc2_16521-Sc2_16522	0.0977811	0.368117	0.265625
Sc2_16545-Sc2_16547	0.451155	1.25891	0.35837
Sc2_16547-Sc2_16548	0.24896	1.04467	0.238315
Sc2_16548-Sc2_16549	0.0487567	0.0575528	0.847164
Sc2_16549-Sc2_16550	0.610775	1.52243	0.401185
Sc2_16594-Sc2_16595	0.355889	0.634749	0.560676
Sc2_16614-Sc2_16615	0.00480023	0.00804179	0.59691
Sc2_16634-Sc2_16635	0.208699	0.900792	0.231684
Sc2_16643-Sc2_16645	0.157223	0.288458	0.545049
Sc2_16681-Sc2_16682	0.19083	0.635964	0.300064
Sc2_16703-Sc2_16704	0.0027409	0.0274031	0.100021
Sc2_16708-Sc2_16709	0.280019	1.39778	0.200331
Sc2_16732-Sc2_16733	0.0814097	0.288512	0.28217
Sc2_16785-Sc2_16786	0.188195	0.404523	0.465225
Sc2_16785-Sc2_16787	0.186167	0.488127	0.381391
Sc2_16805-Sc2_16806	0.177393	0.403199	0.439965
Sc2_16810-Sc2_16811	0.186768	1.21926	0.153182
Sc2_16871-Sc2_16872	0.0493028	0.0431928	1.14146
Sc2_16880-Sc2_16881	0.505527	0.801653	0.630605
Sc2_16939-Sc2_16941	0.234081	0.453029	0.516703
Sc2_16992-Sc2_16993	0.144741	0.518008	0.279419
Sc2_17055-Sc2_17057	0.112932	0.215869	0.52315
Sc2_17056-Sc2_17058	0.0370038	0.0857758	0.431401
Sc2_17060-Sc2_17062	0.128877	0.426149	0.302423
Sc2_17061-Sc2_17063	0.137514	0.424652	0.323828
Sc2_17086-Sc2_17088	0.147871	0.361564	0.408977
Sc2_17087-Sc2_17088	0.153183	0.414415	0.369637
Sc2_17088-Sc2_17089	0.16132	0.418621	0.385361
Sc2_17091-Sc2_17092	0.111704	0.43302	0.257964
Sc2_17132-Sc2_17133	0.535885	0.682897	0.784723
Sc2_17135-Sc2_17136	0.550933	0.896865	0.614288
Sc2_17272-Sc2_17273	0.162821	0.526389	0.309318
Sc2_17316-Sc2_17317	0.326493	0.399996	0.816239
Sc2_17340-Sc2_17341	0.493599	3.51995	0.140229
Sc2_17350-Sc2_17352	0.3153	0.974439	0.323571
Sc2_17376-Sc2_17377	0.0593497	0.0933989	0.635444
Sc2_17380-Sc2_17381	0.430713	1.19522	0.360363
Sc2_17425-Sc2_17427	0.133535	0.313845	0.425481
Sc2_17461-Sc2_17462	0.328246	0.753825	0.43544
Sc2_17486-Sc2_17487	0.182643	0.536012	0.340744
Sc2_17487-Sc2_17488	0.1735	0.390906	0.44384
Sc2_17543-Sc2_17544	0.143342	0.535924	0.267467
Sc2_17557-Sc2_17558	0.00191372	0.00613031	0.312174
Sc2_17583-Sc2_17584	0.00192007	0.0117521	0.163381
Sc2_17627-Sc2_17628	0.175539	0.469393	0.373969
Sc2_17645-Sc2_17646	0.132832	0.443269	0.299665
Sc2_17703-Sc2_17705	0.519888	1.77499	0.292896
Sc2_17704-Sc2_17706	0.606849	0.919956	0.65965
Sc2_17818-Sc2_17819	0.351166	1.93717	0.181278
Sc2_17827-Sc2_17828	0.194315	0.953767	0.203735
Sc2_17833-Sc2_17834	0.0995457	1.30797	0.0761069
Sc2_17891-Sc2_17892	0.355146	0.847959	0.418824
Sc2_17892-Sc2_17893	0.353671	0.799618	0.4423
Sc2_17936-Sc2_17937	0.558198	1.30063	0.429176
Sc2_17946-Sc2_17947	0.385887	1.48412	0.260011
Sc2_17961-Sc2_17962	0.649488	1.84983	0.351106
Sc2_18076-Sc2_18077	0.543627	1.02928	0.528162
Sc2_18149-Sc2_18150	0.0887669	0.233489	0.380177
Sc2_18226-Sc2_18228	0.191959	0.623431	0.307907
Sc2_18228-Sc2_18229	0.598505	1.12507	0.531973
Sc2_18229-Sc2_18230	0.633141	1.07389	0.589576
Sc2_18230-Sc2_18231	0.3528	0.855654	0.412316
Sc2_18240-Sc2_18241	0.165055	0.500545	0.329749
Sc2_18291-Sc2_18293	0.360461	1.60248	0.224939
Sc2_18292-Sc2_18293	0.462376	0.572354	0.807849
Sc2_18317-Sc2_18318	0.411415	1.07559	0.382503
Sc2_18318-Sc2_18319	0.245221	0.663288	0.369706
Sc2_18319-Sc2_18320	0.120187	0.252252	0.476456
Sc2_18330-Sc2_18331	0.129161	0.421982	0.306081
Sc2_18406-Sc2_18407	0.279906	0.55263	0.506498
Sc2_18438-Sc2_18439	0.605316	3.01974	0.200453
Sc2_18487-Sc2_18488	0.528327	1.577	0.335019
Sc2_18524-Sc2_18525	0.0231475	0.0382232	0.605588
Sc2_18578-Sc2_18579	0.017368	0.0186597	0.930775
Sc2_18636-Sc2_18637	0.500508	3.40307	0.147075
Sc2_18637-Sc2_18638	0.0826726	0.379998	0.21756
Sc2_18679-Sc2_18680	0.672635	1.15309	0.583332
Sc2_18705-Sc2_18706	0.733842	1.14915	0.638595
Sc2_18764-Sc2_18766	1.20273	3.2502	0.370047
Sc2_18810-Sc2_18811	0.368087	2.6385	0.139506
Sc2_18841-Sc2_18842	0.139299	0.865196	0.161003
Sc2_18875-Sc2_18876	0.19356	0.44726	0.432769
Sc2_18876-Sc2_18877	0.430127	0.824676	0.521571
Sc2_18877-Sc2_18878	0.307702	0.862552	0.356734
Sc2_18878-Sc2_18879	0.36591	0.478276	0.765059
Sc2_18888-Sc2_18889	0.739779	2.09639	0.352882
Sc2_18963-Sc2_18965	0.0689209	0.0922214	0.747342
Sc2_18976-Sc2_18977	0.177264	0.392631	0.451477
Sc2_19038-Sc2_19039	0.0225773	0.0638974	0.353336
Sc2_19043-Sc2_19044	0.20446	0.688911	0.296786
Sc2_19077-Sc2_19079	0.00357947	0.0126114	0.283827
Sc2_19119-Sc2_19120	0.33898	0.453712	0.747126
Sc2_19186-Sc2_19187	0.69388	2.68404	0.258521
Sc2_19215-Sc2_19216	0.0373195	0.093301	0.39999
Sc2_19220-Sc2_19221	0.0652509	0.0871839	0.748428
Sc2_19221-Sc2_19222	0.0414484	0.123553	0.33547
Sc2_19224-Sc2_19225	0.152045	1.11311	0.136595
Sc2_19225-Sc2_19226	0.132861	0.966993	0.137396
Sc2_19226-Sc2_19227	0.179339	0.617766	0.290303
Sc2_19227-Sc2_19228	0.062205	0.2923	0.212812
Sc2_19242-Sc2_19244	0.373603	0.714583	0.522826
Sc2_19243-Sc2_19245	0.115274	0.156294	0.737547
Sc2_19259-Sc2_19260	0.0184879	0.0203858	0.906903
Sc2_19270-Sc2_19272	0.772471	1.76549	0.437538
Sc2_19271-Sc2_19272	0.937543	2.01032	0.466366
Sc2_19276-Sc2_19277	0.696817	1.30438	0.534214
Sc2_19335-Sc2_19336	0.0446864	0.112164	0.398403
Sc2_19336-Sc2_19337	0.377407	0.630755	0.598341
Sc2_19413-Sc2_19414	0.388472	0.637663	0.609212
Sc2_19414-Sc2_19415	0.792383	1.19454	0.663337
Sc2_19440-Sc2_19441	0.559208	1.70417	0.328141
Sc2_19445-Sc2_19446	0.222414	0.321635	0.69151
Sc2_19465-Sc2_19466	0.326499	0.443518	0.736157
Sc2_19468-Sc2_19470	0.340465	0.565229	0.602348
Sc2_19502-Sc2_19503	0.204715	0.45923	0.445778
Sc2_19509-Sc2_19510	0.151816	0.57166	0.265571
Sc2_19510-Sc2_19511	0.151816	0.57166	0.265571
Sc2_19511-Sc2_19512	0.449935	2.44226	0.184229
Sc2_19534-Sc2_19536	0.160645	0.355227	0.452233
Sc2_19555-Sc2_19556	0.282468	1.38666	0.203704
Sc2_19598-Sc2_19600	0.144634	0.562829	0.256977
Sc2_19605-Sc2_19606	0.104141	0.312835	0.332893
Sc2_19649-Sc2_19651	0.365395	0.788612	0.46334
Sc2_19651-Sc2_19652	0.222271	0.790913	0.281031
Sc2_19661-Sc2_19662	0.377947	2.96969	0.127268
Sc2_19842-Sc2_19843	0.328477	1.83304	0.179198
Sc2_19855-Sc2_19856	NA	0.00969663	-0
Sc2_19856-Sc2_19857	0.0269089	0.697535	0.0385771
Sc2_19869-Sc2_19870	0.050418	0.0678267	0.743336
Sc2_19872-Sc2_19873	0.067552	0.10003	0.675314
Sc2_19901-Sc2_19903	0.0762832	0.345081	0.221059
Sc2_19969-Sc2_19970	0.413433	0.841265	0.491442
Sc2_19970-Sc2_19971	0.41667	0.922098	0.451872
Sc2_19975-Sc2_19976	0.0981721	0.47777	0.20548
Sc2_20006-Sc2_20008	0.145766	0.20151	0.723368
Sc2_20010-Sc2_20012	0.159341	0.214406	0.743171
Sc2_20024-Sc2_20026	0.0768922	0.240672	0.31949
Sc2_20035-Sc2_20036	0.409816	1.70567	0.240267
Sc2_20037-Sc2_20038	0.336589	0.541328	0.621785
Sc2_20038-Sc2_20039	0.143097	0.267634	0.534675
Sc2_20047-Sc2_20048	0.140266	0.217753	0.644154
Sc2_20096-Sc2_20098	0.325099	0.534335	0.608417
Sc2_20097-Sc2_20099	0.309267	0.697239	0.44356
Sc2_20113-Sc2_20114	0.143632	0.402394	0.356943
Sc2_20150-Sc2_20151	0.248819	1.51722	0.163997
Sc2_20171-Sc2_20172	0.549804	1.11763	0.491938
Sc2_20173-Sc2_20174	0.790293	1.4912	0.529971
Sc2_20183-Sc2_20184	0.18218	0.303757	0.599755
Sc2_20183-Sc2_20185	0.132665	0.152283	0.87117
Sc2_20247-Sc2_20248	0.441022	0.733575	0.601195
Sc2_20272-Sc2_20273	0.846729	2.09308	0.404538
Sc2_20288-Sc2_20289	0.227324	0.55291	0.411141
Sc2_20289-Sc2_20290	0.229525	0.546326	0.420125
Sc2_20295-Sc2_20296	0.167977	0.367511	0.457067
Sc2_20350-Sc2_20351	0.366471	0.902351	0.406129
Sc2_20372-Sc2_20373	0.31777	1.43011	0.2222
Sc2_20386-Sc2_20388	0.65885	1.24775	0.52803
Sc2_20393-Sc2_20394	0.331711	0.866679	0.382738
Sc2_20410-Sc2_20412	0.351136	0.932055	0.376734
Sc2_20412-Sc2_20414	0.188148	0.265106	0.709709
Sc2_20416-Sc2_20417	0.135852	0.405594	0.334945
Sc2_20417-Sc2_20418	0.517192	1.18912	0.434936
Sc2_20459-Sc2_20460	0.126691	0.370715	0.341747
Sc2_20514-Sc2_20515	0.656468	1.15184	0.56993
Sc2_20518-Sc2_20519	0.157046	0.507218	0.309623
Sc2_20524-Sc2_20525	0.0258687	0.0905842	0.285577
Sc2_20525-Sc2_20526	0.0253691	0.0591494	0.428899
Sc2_20528-Sc2_20529	0.136213	0.948409	0.143623
Sc2_20554-Sc2_20555	0.0813202	0.195605	0.415736
Sc2_20619-Sc2_20621	0.734684	1.57979	0.465051
Sc2_20621-Sc2_20622	0.916521	1.72711	0.530666
Sc2_20663-Sc2_20664	0.0860048	0.336104	0.255888
Sc2_20664-Sc2_20665	0.292956	0.699816	0.418619
Sc2_20665-Sc2_20666	0.347939	0.639582	0.544009
Sc2_20872-Sc2_20873	0.47059	1.70495	0.276014
Sc2_20933-Sc2_20934	0.286663	0.984291	0.291238
Sc2_20934-Sc2_20935	0.110716	0.359032	0.308372
Sc2_20979-Sc2_20980	0.223745	0.27442	0.815337
Sc2_20980-Sc2_20981	0.232986	0.25091	0.928562
Sc2_20997-Sc2_20998	0.0972752	0.251382	0.386962
Sc2_21035-Sc2_21036	0.124161	0.361518	0.343443
Sc2_21036-Sc2_21037	0.3098	0.71778	0.431608
Sc2_21054-Sc2_21055	0.00331582	0.050313	0.0659038
Sc2_21060-Sc2_21061	0.239621	0.739281	0.324127
Sc2_21075-Sc2_21077	0.967696	1.32619	0.72968
Sc2_21117-Sc2_21118	0.308112	1.28502	0.239772
Sc2_21177-Sc2_21178	0.10795	0.790654	0.136533
Sc2_21192-Sc2_21193	0.302033	0.421756	0.716133
Sc2_21372-Sc2_21373	0.154951	0.932038	0.16625
Sc2_21381-Sc2_21382	0.0974736	0.562024	0.173433
Sc2_21435-Sc2_21436	0.268877	0.708666	0.379413
Sc2_21437-Sc2_21438	0.147646	1.36837	0.107899
Sc2_21460-Sc2_21461	0.0908613	0.107996	0.841339
Sc2_21464-Sc2_21465	0.00333415	0.00794707	0.419545
Sc2_21469-Sc2_21470	0.0689439	0.139345	0.49477
Sc2_21510-Sc2_21511	0.558024	2.21096	0.25239
Sc2_21598-Sc2_21600	0.184371	0.240023	0.76814
Sc2_21649-Sc2_21651	0.120209	0.208767	0.575802
Sc2_21650-Sc2_21651	0.362189	0.820083	0.441649
Sc2_21678-Sc2_21679	0.116255	0.388653	0.299124
Sc2_21678-Sc2_21680	0.0566485	0.421025	0.134549
Sc2_21683-Sc2_21684	0.00461542	0.0102214	0.451544
Sc2_21701-Sc2_21702	0.106678	0.444621	0.23993
Sc2_21708-Sc2_21709	0.204661	0.788355	0.259606
Sc2_21723-Sc2_21725	0.044701	0.313946	0.142384
Sc2_21730-Sc2_21731	0.677684	2.08817	0.324536
Sc2_21794-Sc2_21796	1.58355	2.21261	0.715693
Sc2_21807-Sc2_21808	0.427012	0.648608	0.658352
Sc2_21809-Sc2_21810	0.558248	1.01503	0.549982
Sc2_21822-Sc2_21823	0.198419	0.324545	0.611377
Sc2_21823-Sc2_21824	0.290031	0.521974	0.555644
Sc2_21850-Sc2_21852	0.0989895	0.190531	0.519546
Sc2_21885-Sc2_21886	0.38009	1.2718	0.298859
Sc2_21886-Sc2_21887	0.39961	1.25919	0.317354
Sc2_21915-Sc2_21916	0.439855	3.44726	0.127596
Sc2_21928-Sc2_21930	0.302475	1.09297	0.276746
Sc2_21933-Sc2_21934	0.341557	1.71194	0.199514
Sc2_21985-Sc2_21986	0.768604	2.47132	0.311009
Sc2_21986-Sc2_21987	0.185069	0.643056	0.287796
Sc2_22004-Sc2_22005	0.0996216	0.0840378	1.18544
Sc2_22005-Sc2_22006	0.0459783	0.0500993	0.917744
Sc2_22006-Sc2_22007	0.0294266	0.0511691	0.575085
Sc2_22006-Sc2_22008	0.110538	0.246436	0.448546
Sc2_22013-Sc2_22015	0.362703	0.992802	0.365333
Sc2_22019-Sc2_22021	0.450338	2.27164	0.198244
Sc2_22020-Sc2_22021	0.488699	1.34162	0.36426
Sc2_22027-Sc2_22028	0.0226949	0.019422	1.16851
Sc2_22059-Sc2_22060	0.0347173	0.649298	0.053469
Sc2_22072-Sc2_22073	0.251346	0.976538	0.257385
Sc2_22074-Sc2_22075	0.106612	0.692243	0.15401
Sc2_22083-Sc2_22084	0.179541	1.62161	0.110718
Sc2_22161-Sc2_22162	0.153557	0.233335	0.658093
Sc2_22201-Sc2_22203	0.257202	1.79873	0.142991
Sc2_22311-Sc2_22312	0.0420873	0.0458918	0.917099
Sc2_22326-Sc2_22327	0.167028	0.180244	0.926676
Sc2_22327-Sc2_22328	0.202061	0.299602	0.674431
Sc2_22381-Sc2_22382	0.293895	0.464015	0.633374
Sc2_22420-Sc2_22421	0.709299	0.873052	0.812436
Sc2_22421-Sc2_22422	0.682776	0.952331	0.716953
Sc2_22427-Sc2_22428	0.282486	0.546023	0.517351
Sc2_22467-Sc2_22468	0.332579	2.18603	0.152138
Sc2_22513-Sc2_22515	0.715365	1.95146	0.366579
Sc2_22617-Sc2_22618	0.784502	2.39016	0.328221
Sc2_22623-Sc2_22624	0.0623233	0.399009	0.156195
Sc2_22624-Sc2_22625	1.01719	2.65129	0.383659
Sc2_22624-Sc2_22626	0.123158	1.20337	0.102344
Sc2_22627-Sc2_22628	0.0544881	0.325668	0.167312
Sc2_22681-Sc2_22683	0.851193	1.19061	0.714922
Sc2_22682-Sc2_22684	0.271565	0.578673	0.469289
Sc2_22710-Sc2_22711	0.0302492	0.0417096	0.725233
Sc2_22716-Sc2_22717	0.23738	0.468424	0.506763
Sc2_22726-Sc2_22727	0.169637	0.670856	0.252867
Sc2_22727-Sc2_22728	0.152212	1.16957	0.130144
Sc2_22758-Sc2_22759	0.707627	3.00223	0.2357
Sc2_22761-Sc2_22762	0.0991629	0.339653	0.291954
Sc2_22772-Sc2_22773	0.459277	1.15165	0.398798
Sc2_22773-Sc2_22774	0.525848	2.4575	0.213977
Sc2_22780-Sc2_22782	0.570036	1.9042	0.299358
Sc2_22860-Sc2_22861	0.521493	2.2607	0.230678
Sc2_22866-Sc2_22867	0.124044	0.755776	0.164128
Sc2_22894-Sc2_22895	0.440438	0.804602	0.547399
Sc2_22944-Sc2_22946	0.15512	0.352965	0.439478
Sc2_22952-Sc2_22954	0.114824	0.506996	0.226479
Sc2_23049-Sc2_23050	0.247247	1.10908	0.22293
Sc2_23050-Sc2_23051	0.0971347	0.297707	0.326276
Sc2_23083-Sc2_23084	0.519364	2.07186	0.250675
Sc2_23124-Sc2_23126	0.442013	4.8689	0.0907829
Sc2_23209-Sc2_23210	0.69392	2.62018	0.264836
Sc2_23227-Sc2_23228	0.294444	1.85195	0.158992
Sc2_23228-Sc2_23229	0.255566	1.31748	0.193981
Sc2_23264-Sc2_23265	0.763322	1.32703	0.575211
Sc2_23266-Sc2_23267	0.231802	1.39915	0.165674
Sc2_23267-Sc2_23268	0.283097	1.40997	0.200783
Sc2_23407-Sc2_23408	0.0571021	0.124188	0.459803
Sc2_23418-Sc2_23419	0.151489	0.518473	0.292182
Sc2_23419-Sc2_23421	0.984133	2.22134	0.443036
Sc2_23472-Sc2_23474	0.0534193	0.135962	0.392898
Sc2_23473-Sc2_23475	0.942649	1.50231	0.627467
Sc2_23474-Sc2_23476	0.0304948	0.0557766	0.546731
Sc2_23495-Sc2_23496	0.110719	0.282781	0.391537
Sc2_23496-Sc2_23497	0.533767	0.750164	0.711534
Sc2_23510-Sc2_23511	0.155414	0.613577	0.253292
Sc2_23543-Sc2_23544	0.610396	2.62376	0.232641
Sc2_23627-Sc2_23628	0.0752561	2.39389	0.0314367
Sc2_23643-Sc2_23644	0.118235	0.350785	0.337058
Sc2_23644-Sc2_23645	0.114063	0.223747	0.509785
Sc2_23668-Sc2_23669	0.0304214	0.0455785	0.66745
Sc2_23742-Sc2_23743	0.212234	0.844637	0.251273
Sc2_23812-Sc2_23813	0.218878	0.44013	0.497303
Sc2_23815-Sc2_23816	0.0677127	0.100926	0.670915
Sc2_23824-Sc2_23825	0.0491771	0.0518962	0.947605
Sc2_23870-Sc2_23871	0.272342	0.33987	0.801312
Sc2_23907-Sc2_23908	0.0212119	0.00302452	7.0133
Sc2_23908-Sc2_23909	0.323567	0.44952	0.719806
Sc2_23912-Sc2_23913	0.0410291	0.230562	0.177952
Sc2_23922-Sc2_23923	0.098367	0.131761	0.746555
Sc2_23923-Sc2_23924	0.226223	0.240489	0.940681
Sc2_23923-Sc2_23925	1.53784	5.02978	0.305747
Sc2_23947-Sc2_23949	0.30434	0.666048	0.456934
Sc2_23949-Sc2_23951	0.547072	1.1897	0.459841
Sc2_23981-Sc2_23982	0.286865	0.893708	0.320983
Sc2_23986-Sc2_23987	0.121474	0.712216	0.170558
Sc2_24011-Sc2_24012	0.320256	2.69706	0.118743
Sc2_24020-Sc2_24021	0.399304	2.06096	0.193747
Sc2_24030-Sc2_24032	0.17538	1.04707	0.167496
Sc2_24032-Sc2_24033	0.158887	0.531073	0.299181
Sc2_24097-Sc2_24099	0.228819	0.429719	0.532485
Sc2_24110-Sc2_24111	0.097982	0.0879982	1.11345
Sc2_24111-Sc2_24112	0.139585	0.0792929	1.76037
Sc2_24111-Sc2_24113	0.277069	0.385458	0.718803
Sc2_24120-Sc2_24121	0.265456	0.689958	0.384741
Sc2_24199-Sc2_24200	0.247236	0.4137	0.597622
Sc2_24200-Sc2_24201	0.498759	1.43605	0.347314
Sc2_24234-Sc2_24235	1.48181	4.37477	0.338717
Sc2_24262-Sc2_24263	0.382941	0.661449	0.578943
Sc2_24330-Sc2_24331	1.14825	2.55212	0.449921
Sc2_24331-Sc2_24332	0.497539	0.985785	0.504714
Sc2_24352-Sc2_24353	0.268132	1.14393	0.234395
Sc2_24392-Sc2_24393	0.064178	0.297772	0.215528
Sc2_24393-Sc2_24394	0.207103	0.592773	0.34938
Sc2_24399-Sc2_24401	0.0710094	0.0917577	0.773879
Sc2_24400-Sc2_24402	0.121719	0.184733	0.658892
Sc2_24421-Sc2_24422	0.443765	1.87647	0.236489
Sc2_24489-Sc2_24491	0.56478	1.04532	0.540293
Sc2_24493-Sc2_24495	0.109507	0.436034	0.251142
Sc2_24500-Sc2_24501	0.933254	1.36104	0.685692
Sc2_24520-Sc2_24521	0.234623	1.25398	0.187103
Sc2_24521-Sc2_24522	0.19272	1.43112	0.134664
Sc2_24522-Sc2_24523	0.291677	0.961869	0.303239
Sc2_24617-Sc2_24618	0.123675	0.502253	0.246241
Sc2_24623-Sc2_24624	0.424793	1.80566	0.235257
Sc2_24629-Sc2_24630	0.134671	0.177445	0.758948
Sc2_24633-Sc2_24634	0.124807	0.217411	0.574062
Sc2_24676-Sc2_24677	0.458001	2.79199	0.164041
Sc2_24691-Sc2_24692	0.419553	1.73925	0.241227
Sc2_24692-Sc2_24693	0.229257	0.534763	0.428707
Sc2_24714-Sc2_24715	0.199142	0.958843	0.20769
Sc2_24756-Sc2_24757	0.372632	1.9632	0.189808
Sc2_24757-Sc2_24758	0.10153	0.476484	0.213081
Sc2_24777-Sc2_24778	0.0958185	0.292962	0.327068
Sc2_24778-Sc2_24780	0.099792	0.404771	0.246539
Sc2_24795-Sc2_24796	0.219634	2.44449	0.0898484
Sc2_24807-Sc2_24808	0.127486	0.469885	0.271314
Sc2_24841-Sc2_24842	0.237192	0.500804	0.473623
Sc2_24873-Sc2_24874	0.352691	0.448545	0.786299
Sc2_24874-Sc2_24875	0.165285	0.171602	0.963188
Sc2_24874-Sc2_24876	0.160204	0.242833	0.659729
Sc2_24877-Sc2_24879	0.0968208	0.203493	0.475794
Sc2_24880-Sc2_24881	0.520508	1.82404	0.28536
Sc2_24926-Sc2_24927	0.572955	2.72992	0.20988
Sc2_24993-Sc2_24995	0.476665	1.68154	0.283469
Sc2_24994-Sc2_24995	0.149167	0.373183	0.399717
Sc2_25027-Sc2_25028	0.286386	0.903384	0.317015
Sc2_25029-Sc2_25030	0.000937211	0.00506326	0.1851
Sc2_25032-Sc2_25033	0.179474	0.784236	0.228853
Sc2_25046-Sc2_25047	0.334025	1.18923	0.280875
Sc2_25076-Sc2_25078	1.33435	1.86012	0.717348
Sc2_25160-Sc2_25161	0.0760064	0.255947	0.296962
Sc2_25173-Sc2_25174	0.108682	0.121399	0.895248
Sc2_25257-Sc2_25258	0.205605	0.27411	0.750083
Sc2_25257-Sc2_25259	0.401542	0.568613	0.706177
Sc2_25266-Sc2_25267	0.0716258	0.108817	0.658223
Sc2_25279-Sc2_25280	0.116119	0.461704	0.251501
Sc2_25280-Sc2_25281	0.277732	1.28451	0.216215
Sc2_25287-Sc2_25288	0.033363	0.0587204	0.568166
Sc2_25353-Sc2_25354	0.182568	1.07408	0.169976
Sc2_25363-Sc2_25364	0.27298	0.515628	0.529414
Sc2_25445-Sc2_25446	0.219939	0.566217	0.388436
Sc2_25446-Sc2_25447	0.125658	0.0861766	1.45815
Sc2_25447-Sc2_25448	0.142792	0.0848453	1.68297
Sc2_25532-Sc2_25533	NA	0.00334391	-0
Sc2_25545-Sc2_25546	0.288493	1.80114	0.160172
Sc2_25609-Sc2_25610	0.124937	0.399268	0.312916
Sc2_25610-Sc2_25611	0.254911	1.34634	0.189336
Sc2_25611-Sc2_25612	0.105672	0.299223	0.353154
Sc2_25635-Sc2_25636	0.276627	0.130292	2.12313
Sc2_25661-Sc2_25663	0.473632	1.04129	0.454853
Sc2_25662-Sc2_25663	0.110415	0.233513	0.472843
Sc2_25675-Sc2_25676	0.239008	1.07265	0.22282
Sc2_25683-Sc2_25684	0.985514	1.2466	0.79056
Sc2_25703-Sc2_25705	0.272679	3.83919	0.0710251
Sc2_25738-Sc2_25739	0.096655	0.297529	0.324859
Sc2_25749-Sc2_25750	0.426328	1.01016	0.422042
Sc2_25821-Sc2_25822	0.186177	0.577104	0.322606
Sc2_25827-Sc2_25828	0.670892	1.72475	0.388979
Sc2_25836-Sc2_25837	0.304661	0.665549	0.457759
Sc2_25839-Sc2_25840	0.408741	1.16399	0.351155
Sc2_25839-Sc2_25841	1.56727	2.11069	0.742538
Sc2_25844-Sc2_25845	0.086393	0.382291	0.225987
Sc2_25859-Sc2_25860	0.119363	0.453825	0.263016
Sc2_25885-Sc2_25886	0.42871	1.03985	0.412281
Sc2_25982-Sc2_25983	0.0243905	0.0424223	0.574946
Sc2_25984-Sc2_25986	0.127878	0.285035	0.44864
Sc2_25985-Sc2_25987	0.810669	2.39222	0.338877
Sc2_25986-Sc2_25988	0.0941028	0.23048	0.408291
Sc2_25987-Sc2_25989	0.134464	0.238365	0.564108
Sc2_25988-Sc2_25990	0.0873653	0.2929	0.298277
Sc2_25996-Sc2_25998	0.384064	1.01037	0.380124
Sc2_26024-Sc2_26025	0.741872	1.88094	0.394415
Sc2_26028-Sc2_26029	0.467123	1.4603	0.319882
Sc2_26105-Sc2_26106	0.313463	2.57248	0.121852
Sc2_26118-Sc2_26119	0.516295	2.5996	0.198606
Sc2_26167-Sc2_26168	0.229912	1.16172	0.197906
Sc2_26182-Sc2_26183	0.597585	1.3564	0.440567
Sc2_26183-Sc2_26184	0.561891	1.40914	0.398747
Sc2_26198-Sc2_26200	0.379909	1.49899	0.253443
Sc2_26235-Sc2_26236	0.285998	0.725586	0.394162
Sc2_26253-Sc2_26255	0.0550563	0.226267	0.243324
Sc2_26330-Sc2_26331	0.987488	2.15904	0.457375
Sc2_26331-Sc2_26332	0.154342	1.66536	0.092678
Sc2_26332-Sc2_26333	0.311011	0.707113	0.439832
Sc2_26380-Sc2_26381	0.121824	0.382779	0.318262
Sc2_26381-Sc2_26382	0.30103	1.42701	0.210952
Sc2_26381-Sc2_26383	0.38914	1.51968	0.256068
Sc2_26389-Sc2_26390	0.0911647	0.387566	0.235224
Sc2_26391-Sc2_26392	0.0466453	0.41827	0.111519
Sc2_26392-Sc2_26393	0.00933898	0.0904436	0.103257
Sc2_26393-Sc2_26394	0.390167	0.742941	0.525166
Sc2_26394-Sc2_26395	0.515535	1.00584	0.512539
Sc2_26395-Sc2_26396	0.0196016	0.51515	0.0380502
Sc2_26396-Sc2_26397	0.0062227	0.0732844	0.0849117
Sc2_26397-Sc2_26398	0.0077839	0.0570292	0.13649
Sc2_26413-Sc2_26414	0.0653311	0.197162	0.331358
Sc2_26414-Sc2_26415	0.0766558	0.127709	0.600238
Sc2_26443-Sc2_26445	0.357018	2.27411	0.156992
Sc2_26444-Sc2_26445	0.38834	1.64216	0.236481
Sc2_26468-Sc2_26470	0.218373	0.421346	0.518276
Sc2_26469-Sc2_26470	0.1998	0.695122	0.287431
Sc2_26535-Sc2_26536	0.146631	0.334115	0.438865
Sc2_26536-Sc2_26537	0.105193	1.05649	0.0995689
Sc2_26537-Sc2_26538	0.0619748	0.419306	0.147803
Sc2_26538-Sc2_26539	0.17143	1.41606	0.121061
Sc2_26579-Sc2_26580	0.243848	1.19927	0.203329
Sc2_26630-Sc2_26631	0.294871	0.593854	0.496538
Sc2_26637-Sc2_26638	0.255883	1.56196	0.163822
Sc2_26643-Sc2_26644	0.0927707	0.350571	0.264628
Sc2_26684-Sc2_26685	0.149395	0.715388	0.208831
Sc2_26685-Sc2_26686	0.158768	0.65125	0.24379
Sc2_26784-Sc2_26785	0.00274473	0.00841534	0.326158
Sc2_26844-Sc2_26845	0.035563	0.230168	0.154509
Sc2_26928-Sc2_26929	0.241997	0.865983	0.279448
Sc2_26930-Sc2_26931	0.56158	1.15117	0.487834
Sc2_26950-Sc2_26951	0.0547858	0.299531	0.182905
Sc2_26964-Sc2_26966	0.480059	1.67741	0.286191
Sc2_27038-Sc2_27039	0.590165	1.63855	0.360175
Sc2_27062-Sc2_27063	0.868734	1.65884	0.523701
Sc2_27097-Sc2_27099	0.119844	0.235437	0.509029
Sc2_27098-Sc2_27100	0.0777311	0.082424	0.943064
Sc2_27154-Sc2_27155	0.418685	0.634637	0.659724
Sc2_27157-Sc2_27158	0.176542	0.379726	0.464919
Sc2_27213-Sc2_27214	0.138313	0.489969	0.28229
Sc2_27286-Sc2_27287	1.42783	2.24032	0.637332
Sc2_27287-Sc2_27288	0.0230875	0.0888153	0.25995
Sc2_27314-Sc2_27315	0.218358	0.688745	0.317037
Sc2_27379-Sc2_27380	0.111915	0.335625	0.333452
Sc2_27381-Sc2_27382	0.397283	0.65383	0.607624
Sc2_27382-Sc2_27384	0.292588	0.555787	0.526439
Sc2_27383-Sc2_27385	1.2051	2.64239	0.456065
Sc2_27441-Sc2_27442	0.412634	1.40155	0.294412
Sc2_27448-Sc2_27449	0.0197702	0.188752	0.104741
Sc2_27469-Sc2_27470	0.0873002	0.21278	0.410285
Sc2_27497-Sc2_27498	0.130764	0.440542	0.296825
Sc2_27528-Sc2_27529	0.0605873	0.273075	0.221871
Sc2_27531-Sc2_27532	0.0443572	0.180651	0.24554
Sc2_27597-Sc2_27598	0.115472	0.382295	0.30205
Sc2_27598-Sc2_27600	0.109481	0.467028	0.23442
Sc2_27647-Sc2_27649	0.0690962	0.0897714	0.76969
Sc2_27682-Sc2_27683	0.292045	2.38523	0.122439
Sc2_27693-Sc2_27694	0.0272138	0.0611876	0.44476
Sc2_27721-Sc2_27722	0.231603	0.580393	0.399044
Sc2_27785-Sc2_27786	0.724688	1.09182	0.663743
Sc2_27819-Sc2_27820	0.183502	0.855968	0.214379
Sc2_27841-Sc2_27842	0.205458	0.777954	0.264101
Sc2_27908-Sc2_27910	0.122139	0.693946	0.176007
Sc2_27923-Sc2_27925	0.501892	1.11257	0.451111
Sc2_27925-Sc2_27927	0.152796	0.195231	0.782643
Sc2_27976-Sc2_27977	0.13278	1.07717	0.123267
Sc2_28002-Sc2_28003	0.265678	1.74025	0.152666
Sc2_28008-Sc2_28009	0.293924	1.80257	0.163058
