Seq	Ka	Ks	Ka/Ks
Azfi_s0001.g000045-Azfi_s0001.g000047	0.246701	0.630792	0.391098
Azfi_s0001.g000153-Azfi_s0001.g000156	0.166844	0.431165	0.386962
Azfi_s0001.g000316-Azfi_s0001.g000319	0.116202	0.285159	0.407501
Azfi_s0001.g000664-Azfi_s0001.g000665	0.307142	0.625585	0.490968
Azfi_s0001.g000715-Azfi_s0001.g000719	0.0210523	0.114477	0.183899
Azfi_s0001.g000721-Azfi_s0001.g000722	0.379705	0.448457	0.84669
Azfi_s0001.g000738-Azfi_s0001.g000741	0.350858	1.31518	0.266776
Azfi_s0001.g000740-Azfi_s0001.g000741	0.110341	0.314543	0.350797
Azfi_s0001.g000741-Azfi_s0001.g000743	0.0357135	0.160985	0.221844
Azfi_s0001.g000746-Azfi_s0001.g000750	0.0455294	0.236762	0.1923
Azfi_s0001.g000752-Azfi_s0001.g000754	0.221875	0.617394	0.359374
Azfi_s0001.g000759-Azfi_s0001.g000760	0.429276	2.16423	0.19835
Azfi_s0001.g001032-Azfi_s0001.g001036	0.00738529	0.0291911	0.252998
Azfi_s0002.g001285-Azfi_s0002.g001286	1.29341	NA	NA
Azfi_s0002.g001459-Azfi_s0002.g001461	0.390335	0.901042	0.433204
Azfi_s0003.g007483-Azfi_s0003.g007485	0.229653	3.16361	0.0725921
Azfi_s0003.g007513-Azfi_s0003.g007515	0.667106	1.01698	0.655971
Azfi_s0003.g007559-Azfi_s0003.g007560	0.513175	0.833867	0.615416
Azfi_s0003.g007602-Azfi_s0003.g007604	0.231411	0.497751	0.464914
Azfi_s0003.g007722-Azfi_s0003.g007724	0.569649	1.26617	0.449898
Azfi_s0003.g007940-Azfi_s0003.g007941	0.0695408	0.100127	0.694528
Azfi_s0003.g007953-Azfi_s0003.g007954	0.160556	0.354015	0.453529
Azfi_s0003.g007954-Azfi_s0003.g007955	0.0142138	0.0173126	0.821006
Azfi_s0003.g008010-Azfi_s0003.g008011	0.24951	1.19357	0.209045
Azfi_s0003.g008071-Azfi_s0003.g008073	0.262712	1.84165	0.14265
Azfi_s0003.g008102-Azfi_s0003.g008107	0.21211	0.384187	0.552102
Azfi_s0004.g008348-Azfi_s0004.g008351	0.086616	0.246824	0.350922
Azfi_s0004.g008351-Azfi_s0004.g008352	0.176285	0.334055	0.527713
Azfi_s0004.g008505-Azfi_s0004.g008508	0.296699	0.792096	0.374575
Azfi_s0004.g008550-Azfi_s0004.g008552	0.332083	3.57344	0.092931
Azfi_s0004.g008593-Azfi_s0004.g008595	0.0728053	0.307276	0.236938
Azfi_s0004.g008595-Azfi_s0004.g008596	0.243853	0.564308	0.432127
Azfi_s0004.g008596-Azfi_s0004.g008598	0.215824	0.517478	0.417069
Azfi_s0004.g008598-Azfi_s0004.g008601	0.104757	0.435866	0.240343
Azfi_s0004.g008618-Azfi_s0004.g008620	0.175949	0.425366	0.413641
Azfi_s0004.g008620-Azfi_s0004.g008621	0.143694	0.243104	0.591082
Azfi_s0004.g008623-Azfi_s0004.g008624	0.103089	0.126614	0.8142
Azfi_s0004.g008679-Azfi_s0004.g008681	0.818296	0.948581	0.862652
Azfi_s0004.g008683-Azfi_s0004.g008684	0.221153	0.222725	0.99294
Azfi_s0004.g008684-Azfi_s0004.g008685	0.269822	0.513801	0.525149
Azfi_s0005.g008911-Azfi_s0005.g008912	0.0201098	0.330545	0.0608382
Azfi_s0005.g009258-Azfi_s0005.g009260	0.166219	0.436764	0.380569
Azfi_s0005.g009326-Azfi_s0005.g009328	0.0580559	0.18659	0.311141
Azfi_s0006.g009524-Azfi_s0006.g009529	0.0979578	0.224981	0.435404
Azfi_s0006.g009558-Azfi_s0006.g009560	0.0899491	0.272659	0.329896
Azfi_s0006.g009616-Azfi_s0006.g009618	0.107158	0.402356	0.266327
Azfi_s0006.g009685-Azfi_s0006.g009687	0.273135	NA	NA
Azfi_s0006.g009769-Azfi_s0006.g009772	0.00193771	0.0135205	0.143317
Azfi_s0006.g010309-Azfi_s0006.g010311	0.273555	1.04215	0.262491
Azfi_s0006.g010448-Azfi_s0006.g010449	0.123507	0.629028	0.196346
Azfi_s0007.g010770-Azfi_s0007.g010772	0.641893	NA	NA
Azfi_s0007.g011047-Azfi_s0007.g011049	0.11939	0.57313	0.208312
Azfi_s0007.g011068-Azfi_s0007.g011069	0.172314	0.569923	0.302346
Azfi_s0007.g011072-Azfi_s0007.g011074	0.374721	0.881978	0.424865
Azfi_s0007.g011074-Azfi_s0007.g011075	0.140166	0.303998	0.461076
Azfi_s0007.g011138-Azfi_s0007.g011144	0.238522	1.97799	0.120588
Azfi_s0007.g011190-Azfi_s0007.g011191	0.0645611	0.162726	0.396746
Azfi_s0008.g011362-Azfi_s0008.g011363	0.147501	0.678792	0.217299
Azfi_s0008.g011366-Azfi_s0008.g011367	0.722695	2.58506	0.279566
Azfi_s0008.g011374-Azfi_s0008.g011375	0.275894	0.791378	0.348625
Azfi_s0008.g011375-Azfi_s0008.g011379	0.28441	0.589232	0.482679
Azfi_s0008.g011379-Azfi_s0008.g011380	0.336346	0.567648	0.592526
Azfi_s0008.g011649-Azfi_s0008.g011650	0.530285	2.0089	0.263967
Azfi_s0008.g011655-Azfi_s0008.g011657	0.224771	0.443638	0.506655
Azfi_s0009.g011722-Azfi_s0009.g011725	0.236561	0.641344	0.368853
Azfi_s0009.g011738-Azfi_s0009.g011749	0.323182	0.584679	0.552751
Azfi_s0009.g011749-Azfi_s0009.g011754	0.423872	0.431387	0.982579
Azfi_s0009.g011784-Azfi_s0009.g011792	0.454744	0.64871	0.700998
Azfi_s0009.g011788-Azfi_s0009.g011792	0.202617	0.455164	0.445153
Azfi_s0009.g011918-Azfi_s0009.g011921	0.55468	5.6967	0.0973686
Azfi_s0009.g011921-Azfi_s0009.g011922	0.213764	0.521886	0.409598
Azfi_s0010.g012196-Azfi_s0010.g012200	0.0286983	0.0334194	0.858732
Azfi_s0010.g012224-Azfi_s0010.g012227	0.187056	0.254782	0.734181
Azfi_s0010.g012272-Azfi_s0010.g012277	0.129132	0.419524	0.307807
Azfi_s0010.g012277-Azfi_s0010.g012281	0.139293	0.400971	0.347389
Azfi_s0010.g012281-Azfi_s0010.g012284	0.22238	0.556939	0.39929
Azfi_s0010.g012428-Azfi_s0010.g012433	0.202867	0.445249	0.455626
Azfi_s0011.g012495-Azfi_s0011.g012498	0.0515998	0.355135	0.145296
Azfi_s0011.g012574-Azfi_s0011.g012575	0.172994	1.19874	0.144314
Azfi_s0011.g012587-Azfi_s0011.g012588	0.0200175	0.0766514	0.261149
Azfi_s0011.g012731-Azfi_s0011.g012734	0.0532274	0.111723	0.476421
Azfi_s0012.g012773-Azfi_s0012.g012776	NA	NA	NA
Azfi_s0012.g013027-Azfi_s0012.g013029	0.0370785	0.136397	0.271842
Azfi_s0013.g013274-Azfi_s0013.g013275	0.0483424	0.0645447	0.748976
Azfi_s0013.g013327-Azfi_s0013.g013333	0.436887	0.884349	0.494021
Azfi_s0014.g013472-Azfi_s0014.g013474	0.431993	0.811845	0.532113
Azfi_s0014.g013562-Azfi_s0014.g013568	0.135401	0.755452	0.179232
Azfi_s0014.g013563-Azfi_s0014.g013568	0.265756	0.906078	0.293304
Azfi_s0015.g013732-Azfi_s0015.g013736	0.0582761	0.178472	0.326528
Azfi_s0016.g014286-Azfi_s0016.g014288	0.430936	1.80288	0.239027
Azfi_s0016.g014294-Azfi_s0016.g014295	1.96084	NA	NA
Azfi_s0017.g014424-Azfi_s0017.g014428	0.206417	0.825223	0.250135
Azfi_s0017.g014428-Azfi_s0017.g014432	0.168908	0.247702	0.6819
Azfi_s0017.g014465-Azfi_s0017.g014468	1.10249	NA	NA
Azfi_s0017.g014597-Azfi_s0017.g014598	0.205308	0.42872	0.478887
Azfi_s0017.g014662-Azfi_s0017.g014671	0.04719	0.241397	0.195488
Azfi_s0018.g014879-Azfi_s0018.g014883	0.446735	1.12197	0.39817
Azfi_s0019.g015114-Azfi_s0019.g015117	0.0555982	0.109244	0.508936
Azfi_s0019.g015127-Azfi_s0019.g015129	0.0418059	0.714687	0.0584954
Azfi_s0019.g015152-Azfi_s0019.g015156	0.51185	1.29947	0.393892
Azfi_s0019.g015237-Azfi_s0019.g015239	0.11348	0.475603	0.238603
Azfi_s0019.g015238-Azfi_s0019.g015239	0.174136	0.232624	0.748573
Azfi_s0019.g015250-Azfi_s0019.g015254	0.0389162	0.165545	0.235079
Azfi_s0019.g015268-Azfi_s0019.g015269	0.0192389	0.0308619	0.623387
Azfi_s0021.g015647-Azfi_s0021.g015649	0.0379809	0.34704	0.109442
Azfi_s0021.g015806-Azfi_s0021.g015807	0.0588974	0.607627	0.0969302
Azfi_s0022.g016133-Azfi_s0022.g016134	0.26747	1.1107	0.240812
Azfi_s0022.g016134-Azfi_s0022.g016136	0.240238	1.04764	0.229315
Azfi_s0022.g016189-Azfi_s0022.g016191	0.24589	0.671287	0.366297
Azfi_s0022.g016191-Azfi_s0022.g016197	0.158955	0.824058	0.192893
Azfi_s0022.g016191-Azfi_s0022.g016201	0.173851	0.632139	0.275021
Azfi_s0022.g016229-Azfi_s0022.g016230	0.947473	NA	NA
Azfi_s0024.g020274-Azfi_s0024.g020276	0.194785	0.33305	0.584852
Azfi_s0024.g020476-Azfi_s0024.g020478	NA	NA	NA
Azfi_s0027.g023482-Azfi_s0027.g023485	0.0637216	0.0942383	0.676175
Azfi_s0027.g023504-Azfi_s0027.g023505	0.367548	1.40022	0.262492
Azfi_s0027.g023550-Azfi_s0027.g023554	0.140671	0.27263	0.515977
Azfi_s0027.g023556-Azfi_s0027.g023557	0.308334	0.603587	0.510836
Azfi_s0027.g023654-Azfi_s0027.g023658	0.0238367	0.0646836	0.368512
Azfi_s0028.g023778-Azfi_s0028.g023780	0.543156	1.26335	0.429933
Azfi_s0028.g023967-Azfi_s0028.g023973	1.12329	NA	NA
Azfi_s0029.g024218-Azfi_s0029.g024224	0.00586676	0.0240002	0.244446
Azfi_s0030.g024267-Azfi_s0030.g024269	0.0541515	0.0849659	0.637332
Azfi_s0030.g024269-Azfi_s0030.g024275	0.0779114	0.176351	0.441798
Azfi_s0030.g024269-Azfi_s0030.g024276	0.223194	0.292233	0.763754
Azfi_s0030.g024329-Azfi_s0030.g024330	NA	NA	NA
Azfi_s0030.g024330-Azfi_s0030.g024331	NA	NA	NA
Azfi_s0030.g024331-Azfi_s0030.g024332	NA	NA	NA
Azfi_s0030.g024332-Azfi_s0030.g024333	0.00633031	0.00454248	1.39358
Azfi_s0030.g024336-Azfi_s0030.g024337	0.542281	1.24478	0.435643
Azfi_s0031.g024444-Azfi_s0031.g024446	0.541461	NA	NA
Azfi_s0032.g024596-Azfi_s0032.g024597	0.463162	1.74905	0.264807
Azfi_s0032.g024984-Azfi_s0032.g024985	1.07798	NA	NA
Azfi_s0035.g025557-Azfi_s0035.g025558	0.192159	0.531474	0.361558
Azfi_s0035.g025656-Azfi_s0035.g025660	0.226117	0.632094	0.357726
Azfi_s0035.g025703-Azfi_s0035.g025709	0.163712	0.653595	0.25048
Azfi_s0035.g025709-Azfi_s0035.g025712	0.369931	0.644962	0.573571
Azfi_s0035.g025714-Azfi_s0035.g025715	0.28932	0.67602	0.427975
Azfi_s0036.g025777-Azfi_s0036.g025781	NA	0.0886483	-0
Azfi_s0036.g025825-Azfi_s0036.g025832	0.180598	0.601334	0.300329
Azfi_s0037.g025838-Azfi_s0037.g025842	0.107555	0.88915	0.120964
Azfi_s0037.g025842-Azfi_s0037.g025848	0.160337	0.7784	0.205982
Azfi_s0037.g025848-Azfi_s0037.g025852	0.0441147	0.209105	0.21097
Azfi_s0037.g025973-Azfi_s0037.g025977	0.170365	0.510253	0.333884
Azfi_s0037.g025988-Azfi_s0037.g025990	0.487826	0.607407	0.803128
Azfi_s0037.g026071-Azfi_s0037.g026073	0.253183	0.800299	0.316361
Azfi_s0038.g026115-Azfi_s0038.g026117	0.280024	0.906494	0.308909
Azfi_s0038.g026117-Azfi_s0038.g026120	0.155018	0.272415	0.56905
Azfi_s0038.g026123-Azfi_s0038.g026130	0.11619	0.278442	0.417288
Azfi_s0038.g026158-Azfi_s0038.g026160	0.734535	2.76849	0.265319
Azfi_s0038.g026369-Azfi_s0038.g026375	0.304957	0.909002	0.335486
Azfi_s0040.g026602-Azfi_s0040.g026612	0.387763	NA	NA
Azfi_s0040.g026619-Azfi_s0040.g026623	0.260313	0.790637	0.329245
Azfi_s0041.g026770-Azfi_s0041.g026786	0.123911	0.713836	0.173584
Azfi_s0042.g026863-Azfi_s0042.g026866	1.27084	NA	NA
Azfi_s0043.g026993-Azfi_s0043.g026996	0.682669	1.191	0.573189
Azfi_s0043.g027115-Azfi_s0043.g027118	0.228335	1.10076	0.207433
Azfi_s0045.g029735-Azfi_s0045.g029738	0.0907912	0.466787	0.194502
Azfi_s0046.g030234-Azfi_s0046.g030238	0.0964727	0.378195	0.255087
Azfi_s0046.g030235-Azfi_s0046.g030238	0.0678024	0.240078	0.282418
Azfi_s0047.g030273-Azfi_s0047.g030274	0.141738	0.424317	0.334038
Azfi_s0047.g030274-Azfi_s0047.g030277	0.0638499	0.192313	0.33201
Azfi_s0048.g030457-Azfi_s0048.g030460	0.00160159	NA	NA
Azfi_s0048.g030497-Azfi_s0048.g030499	0.0129483	NA	NA
Azfi_s0048.g030568-Azfi_s0048.g030571	0.87886	NA	NA
Azfi_s0048.g030582-Azfi_s0048.g030584	0.341732	0.654145	0.522411
Azfi_s0048.g030612-Azfi_s0048.g030615	0.23131	1.22205	0.18928
Azfi_s0048.g030639-Azfi_s0048.g030641	0.286041	2.23634	0.127906
Azfi_s0049.g030748-Azfi_s0049.g030759	0.441783	0.839835	0.526035
Azfi_s0049.g030782-Azfi_s0049.g030783	0.225587	0.980493	0.230075
Azfi_s0049.g030807-Azfi_s0049.g030809	0.152039	1.04041	0.146135
Azfi_s0049.g030830-Azfi_s0049.g030835	0.357391	NA	NA
Azfi_s0051.g031362-Azfi_s0051.g031363	0.0985299	0.155083	0.635338
Azfi_s0051.g031363-Azfi_s0051.g031365	0.113543	0.222207	0.51098
Azfi_s0052.g031665-Azfi_s0052.g031669	0.205051	1.02289	0.200463
Azfi_s0054.g033610-Azfi_s0054.g033615	0.305665	1.18939	0.256993
Azfi_s0056.g034184-Azfi_s0056.g034193	0.1085	0.698227	0.155394
Azfi_s0059.g034529-Azfi_s0059.g034536	0.158523	0.529004	0.299663
Azfi_s0059.g034536-Azfi_s0059.g034538	0.404817	NA	NA
Azfi_s0059.g034663-Azfi_s0059.g034664	0.0361653	0.182275	0.19841
Azfi_s0061.g035024-Azfi_s0061.g035028	0.349257	1.08726	0.321225
Azfi_s0061.g035028-Azfi_s0061.g035032	0.321698	1.31208	0.245182
Azfi_s0061.g035115-Azfi_s0061.g035118	0.519861	2.0999	0.247565
Azfi_s0061.g035136-Azfi_s0061.g035137	0.328413	0.573634	0.572512
Azfi_s0063.g035281-Azfi_s0063.g035282	0.171094	1.06257	0.16102
Azfi_s0063.g035370-Azfi_s0063.g035371	0.288269	0.43704	0.659593
Azfi_s0063.g035382-Azfi_s0063.g035386	0.0343133	0.157176	0.218312
Azfi_s0064.g035527-Azfi_s0064.g035532	0.0964562	0.112017	0.861087
Azfi_s0064.g035659-Azfi_s0064.g035660	0.30019	1.22004	0.246049
Azfi_s0065.g035744-Azfi_s0065.g035746	0.180382	0.334432	0.53937
Azfi_s0066.g036027-Azfi_s0066.g036028	NA	NA	NA
Azfi_s0068.g036251-Azfi_s0068.g036252	0.336535	1.61031	0.208988
Azfi_s0068.g036252-Azfi_s0068.g036254	0.388655	1.42443	0.272849
Azfi_s0068.g036342-Azfi_s0068.g036345	0.402518	NA	NA
Azfi_s0068.g036460-Azfi_s0068.g036461	0.434755	2.4783	0.175425
Azfi_s0069.g036565-Azfi_s0069.g036567	0.17828	0.370353	0.481377
Azfi_s0072.g036965-Azfi_s0072.g036971	0.601946	1.20329	0.500251
Azfi_s0072.g036971-Azfi_s0072.g036978	0.61133	1.12782	0.542048
Azfi_s0072.g036978-Azfi_s0072.g036980	0.755804	1.9081	0.396103
Azfi_s0072.g037007-Azfi_s0072.g037011	0.24235	0.880434	0.275262
Azfi_s0074.g037473-Azfi_s0074.g037474	0.164947	0.38996	0.422983
Azfi_s0074.g037491-Azfi_s0074.g037492	0.25149	NA	NA
Azfi_s0074.g037508-Azfi_s0074.g037514	0.111277	0.411609	0.270347
Azfi_s0075.g037640-Azfi_s0075.g037641	0.202655	1.03801	0.195234
Azfi_s0075.g037641-Azfi_s0075.g037644	0.0794061	0.105858	0.750119
Azfi_s0075.g037689-Azfi_s0075.g037691	0.0695237	0.298491	0.232917
Azfi_s0075.g037691-Azfi_s0075.g037695	0.235906	0.565905	0.416864
Azfi_s0075.g037696-Azfi_s0075.g037698	1.23635	NA	NA
Azfi_s0076.g037922-Azfi_s0076.g037928	0.101834	0.275365	0.369815
Azfi_s0079.g038338-Azfi_s0079.g038340	0.277854	0.861899	0.322374
Azfi_s0079.g038340-Azfi_s0079.g038345	0.174502	0.490208	0.355975
Azfi_s0082.g038722-Azfi_s0082.g038730	0.284753	2.59773	0.109616
Azfi_s0083.g038850-Azfi_s0083.g038855	0.965094	2.89946	0.332853
Azfi_s0083.g038870-Azfi_s0083.g038871	0.140144	0.299607	0.467758
Azfi_s0084.g039092-Azfi_s0084.g039093	0.133401	0.649983	0.205238
Azfi_s0088.g042517-Azfi_s0088.g042518	0.133087	0.130063	1.02325
Azfi_s0091.g042874-Azfi_s0091.g042876	0.584112	1.33209	0.438493
Azfi_s0091.g042906-Azfi_s0091.g042908	0.0372553	0.0857794	0.434315
Azfi_s0091.g042914-Azfi_s0091.g042915	0.097411	0.151024	0.645002
Azfi_s0091.g042915-Azfi_s0091.g042926	0.312644	0.542021	0.576812
Azfi_s0094.g043446-Azfi_s0094.g043448	0.184337	1.04857	0.175798
Azfi_s0094.g043476-Azfi_s0094.g043480	0.326417	0.947995	0.344324
Azfi_s0094.g043509-Azfi_s0094.g043513	0.0497634	0.0631023	0.788614
Azfi_s0095.g043608-Azfi_s0095.g043612	0.929521	2.69964	0.344313
Azfi_s0096.g043782-Azfi_s0096.g043786	0.136561	0.479091	0.285042
Azfi_s0096.g043786-Azfi_s0096.g043790	0.012322	0.0794198	0.15515
Azfi_s0098.g043944-Azfi_s0098.g043953	0.0375039	0.0733461	0.511327
Azfi_s0099.g044011-Azfi_s0099.g044017	0.0597198	0.162135	0.368334
Azfi_s0099.g044047-Azfi_s0099.g044050	0.403073	2.44279	0.165005
Azfi_s0099.g044060-Azfi_s0099.g044063	0.350645	1.10391	0.317639
Azfi_s0099.g044063-Azfi_s0099.g044064	0.27892	1.52322	0.183113
Azfi_s0099.g044064-Azfi_s0099.g044065	0.262404	0.950805	0.27598
Azfi_s0099.g044065-Azfi_s0099.g044066	0.332242	1.23261	0.269543
Azfi_s0103.g044633-Azfi_s0103.g044634	1.17199	2.04736	0.57244
Azfi_s0104.g044765-Azfi_s0104.g044768	0.3649	1.42697	0.255716
Azfi_s0104.g044768-Azfi_s0104.g044769	0.412233	1.22643	0.336123
Azfi_s0105.g044944-Azfi_s0105.g044956	0.088516	0.182091	0.486109
Azfi_s0105.g044947-Azfi_s0105.g044956	0.157514	0.262607	0.599807
Azfi_s0106.g045019-Azfi_s0106.g045041	0.223922	0.872836	0.256546
Azfi_s0107.g045114-Azfi_s0107.g045115	0.466532	2.19412	0.212628
Azfi_s0107.g045132-Azfi_s0107.g045136	0.0666236	0.145669	0.457363
Azfi_s0107.g045141-Azfi_s0107.g045144	0.0147765	0.0278512	0.530553
Azfi_s0109.g045386-Azfi_s0109.g045389	0.172627	0.307764	0.560906
Azfi_s0109.g045389-Azfi_s0109.g045393	0.280616	0.748	0.375155
Azfi_s0109.g045396-Azfi_s0109.g045399	0.333439	0.988298	0.337387
Azfi_s0109.g045410-Azfi_s0109.g045413	0.339221	0.73955	0.458686
Azfi_s0109.g045413-Azfi_s0109.g045415	0.375666	0.789786	0.475655
Azfi_s0111.g045602-Azfi_s0111.g045605	0.132823	0.46025	0.288589
Azfi_s0111.g045619-Azfi_s0111.g045623	0.225991	0.41039	0.550674
Azfi_s0112.g045742-Azfi_s0112.g045752	0.00804504	0.0222866	0.360981
Azfi_s0112.g045773-Azfi_s0112.g045774	0.0358397	NA	NA
Azfi_s0113.g045855-Azfi_s0113.g045857	0.431958	2.32125	0.186088
Azfi_s0113.g045860-Azfi_s0113.g045862	0.0985119	0.53906	0.182747
Azfi_s0113.g045913-Azfi_s0113.g045914	0.326575	1.31502	0.248342
Azfi_s0117.g046576-Azfi_s0117.g046579	0.0331719	0.246295	0.134684
Azfi_s0119.g046740-Azfi_s0119.g046741	0.081329	0.127261	0.639072
Azfi_s0130.g049077-Azfi_s0130.g049079	0.175251	0.510133	0.343539
Azfi_s0137.g051019-Azfi_s0137.g051020	0.0924876	0.35268	0.262242
Azfi_s0138.g051092-Azfi_s0138.g051094	0.24794	0.685658	0.361608
Azfi_s0138.g051114-Azfi_s0138.g051123	0.0552459	0.139993	0.394634
Azfi_s0142.g051380-Azfi_s0142.g051383	0.31012	NA	NA
Azfi_s0144.g051592-Azfi_s0144.g051597	0.0991687	0.303401	0.326857
Azfi_s0145.g051696-Azfi_s0145.g051698	0.279844	0.897792	0.311702
Azfi_s0145.g051711-Azfi_s0145.g051714	0.0921759	0.111116	0.829548
Azfi_s0149.g053218-Azfi_s0149.g053222	0.767073	1.42507	0.538271
Azfi_s0154.g053509-Azfi_s0154.g053510	1.09187	2.49398	0.437803
Azfi_s0155.g053603-Azfi_s0155.g053609	0.329993	2.2924	0.143951
Azfi_s0155.g053678-Azfi_s0155.g053679	0.145038	0.369141	0.392907
Azfi_s0156.g053685-Azfi_s0156.g053688	0.18494	1.60847	0.114979
Azfi_s0157.g053743-Azfi_s0157.g053745	0.442249	0.961281	0.460062
Azfi_s0157.g053743-Azfi_s0157.g053746	0.57027	1.96959	0.289538
Azfi_s0157.g053745-Azfi_s0157.g053747	0.651582	NA	NA
Azfi_s0157.g053812-Azfi_s0157.g053813	0.446411	3.6335	0.12286
Azfi_s0157.g053837-Azfi_s0157.g053838	0.0542443	0.215181	0.252087
Azfi_s0159.g053985-Azfi_s0159.g053986	0.681895	3.42543	0.199069
Azfi_s0161.g054122-Azfi_s0161.g054124	0.569869	NA	NA
Azfi_s0164.g054310-Azfi_s0164.g054319	NA	NA	NA
Azfi_s0165.g054338-Azfi_s0165.g054339	0.0955177	0.195902	0.487579
Azfi_s0165.g054339-Azfi_s0165.g054341	1.20992	NA	NA
Azfi_s0165.g054342-Azfi_s0165.g054343	0.0869979	0.229463	0.379137
Azfi_s0167.g054503-Azfi_s0167.g054506	0.188526	0.601656	0.313345
Azfi_s0171.g055645-Azfi_s0171.g055649	0.258572	0.371463	0.696092
Azfi_s0171.g055649-Azfi_s0171.g055663	0.290985	0.971868	0.299408
Azfi_s0173.g055779-Azfi_s0173.g055782	0.00584946	0.026101	0.224109
Azfi_s0173.g055875-Azfi_s0173.g055877	1.39491	NA	NA
Azfi_s0173.g055877-Azfi_s0173.g055878	0.678882	3.1654	0.214469
Azfi_s0176.g056041-Azfi_s0176.g056042	0.0587212	0.518859	0.113174
Azfi_s0176.g056042-Azfi_s0176.g056044	0.0129607	0.061868	0.209489
Azfi_s0176.g056044-Azfi_s0176.g056047	0.0208244	0.0713905	0.291698
Azfi_s0176.g056047-Azfi_s0176.g056051	0.0129243	0.0350569	0.368665
Azfi_s0176.g056074-Azfi_s0176.g056080	0.219943	0.832469	0.264206
Azfi_s0177.g056130-Azfi_s0177.g056132	0.115535	0.0911776	1.26714
Azfi_s0177.g056133-Azfi_s0177.g056137	0.0695035	0.167673	0.414517
Azfi_s0180.g056329-Azfi_s0180.g056331	0.829813	NA	NA
Azfi_s0180.g056331-Azfi_s0180.g056332	0.187283	0.612384	0.305825
Azfi_s0181.g056361-Azfi_s0181.g056368	0.0112102	0.0138314	0.810493
Azfi_s0182.g056421-Azfi_s0182.g056424	0.226711	0.288048	0.787062
Azfi_s0185.g056607-Azfi_s0185.g056610	0.247299	0.230614	1.07235
Azfi_s0185.g056655-Azfi_s0185.g056659	0.200713	0.763017	0.263052
Azfi_s0187.g056734-Azfi_s0187.g056736	0.0559919	0.137766	0.406428
Azfi_s0191.g056985-Azfi_s0191.g056990	0.0415739	0.0694099	0.598963
Azfi_s0192.g057074-Azfi_s0192.g057076	0.212322	0.389031	0.54577
Azfi_s0194.g057200-Azfi_s0194.g057202	0.283657	1.23141	0.230351
Azfi_s0197.g057363-Azfi_s0197.g057367	NA	0.0125121	-0
Azfi_s0203.g057650-Azfi_s0203.g057651	0.0859937	0.550979	0.156074
Azfi_s0205.g057755-Azfi_s0205.g057768	0.248893	1.05746	0.235369
Azfi_s0205.g057768-Azfi_s0205.g057769	0.0546713	0.148319	0.368607
Azfi_s0205.g057775-Azfi_s0205.g057784	0.0784708	0.189377	0.414363
Azfi_s0206.g057843-Azfi_s0206.g057846	0.0698019	0.165922	0.420692
Azfi_s0207.g057878-Azfi_s0207.g057883	0.323832	1.05672	0.30645
Azfi_s0208.g058008-Azfi_s0208.g058014	0.323846	1.57694	0.205364
Azfi_s0208.g058017-Azfi_s0208.g058019	NA	NA	NA
Azfi_s0210.g058080-Azfi_s0210.g058082	0.407523	1.36856	0.297774
Azfi_s0212.g058217-Azfi_s0212.g058222	0.204758	0.461253	0.443918
Azfi_s0215.g058422-Azfi_s0215.g058423	0.248261	0.942093	0.263521
Azfi_s0215.g058423-Azfi_s0215.g058424	0.162804	0.452915	0.359458
Azfi_s0215.g058424-Azfi_s0215.g058427	0.0583263	0.175295	0.332733
Azfi_s0228.g059063-Azfi_s0228.g059064	0.158198	0.510054	0.310159
Azfi_s0228.g059064-Azfi_s0228.g059066	0.0505496	0.223959	0.225709
Azfi_s0228.g059079-Azfi_s0228.g059080	0.381992	1.92241	0.198705
Azfi_s0237.g059577-Azfi_s0237.g059579	1.15179	3.60223	0.319744
Azfi_s0241.g059726-Azfi_s0241.g059729	0.0879493	1.01932	0.086282
Azfi_s0243.g059892-Azfi_s0243.g059894	0.403119	1.09045	0.369681
Azfi_s0252.g060333-Azfi_s0252.g060339	0.0235565	0.0594564	0.396199
Azfi_s0252.g060339-Azfi_s0252.g060345	0.025516	0.0814503	0.313271
Azfi_s0254.g060417-Azfi_s0254.g060420	0.54243	NA	NA
Azfi_s0254.g060447-Azfi_s0254.g060450	0.190923	0.600976	0.317689
Azfi_s0274.g061354-Azfi_s0274.g061355	0.109026	0.273328	0.398885
Azfi_s0280.g062302-Azfi_s0280.g062304	0.369432	1.67294	0.220828
Azfi_s0291.g063345-Azfi_s0291.g063352	0.237625	0.768962	0.309021
Azfi_s0291.g063352-Azfi_s0291.g063354	0.127109	0.262046	0.485065
Azfi_s0292.g063360-Azfi_s0292.g063361	0.613996	1.39919	0.438821
Azfi_s0298.g063576-Azfi_s0298.g063578	0.717895	1.06102	0.676606
Azfi_s0298.g063581-Azfi_s0298.g063584	0.796022	NA	NA
Azfi_s0305.g063887-Azfi_s0305.g063890	0.410794	1.19321	0.344275
Azfi_s0305.g063911-Azfi_s0305.g063913	0.124187	0.776116	0.160011
Azfi_s0305.g063941-Azfi_s0305.g063947	1.50315	3.79344	0.396251
Azfi_s0308.g064052-Azfi_s0308.g064058	0.0189182	0.0630189	0.300198
Azfi_s0308.g064058-Azfi_s0308.g064062	0.0189182	0.0630189	0.300198
Azfi_s0310.g064119-Azfi_s0310.g064127	0.0192297	NA	NA
Azfi_s0310.g064122-Azfi_s0310.g064128	0.00398503	0.0208971	0.190698
Azfi_s0322.g064522-Azfi_s0322.g064524	0.330954	1.55904	0.21228
Azfi_s0327.g065232-Azfi_s0327.g065233	0.257275	0.724204	0.355252
Azfi_s0327.g065274-Azfi_s0327.g065278	0.0985901	0.163897	0.601536
Azfi_s0334.g065488-Azfi_s0334.g065497	0.20574	0.263569	0.780594
Azfi_s0340.g065629-Azfi_s0340.g065639	0.411668	0.851595	0.483408
Azfi_s0343.g065739-Azfi_s0343.g065741	0.415544	0.981533	0.423362
Azfi_s0345.g065770-Azfi_s0345.g065771	0.20588	0.830448	0.247914
Azfi_s0347.g066412-Azfi_s0347.g066415	0.00491542	0.00799267	0.614991
Azfi_s0349.g066532-Azfi_s0349.g066535	0.353593	1.12496	0.314317
Azfi_s0350.g066556-Azfi_s0350.g066560	0.414426	3.46284	0.119678
Azfi_s0350.g066569-Azfi_s0350.g066570	0.638857	NA	NA
Azfi_s0354.g066680-Azfi_s0354.g066687	0.0204973	0.0647734	0.316446
Azfi_s0359.g066833-Azfi_s0359.g066835	0.210716	NA	NA
Azfi_s0359.g066863-Azfi_s0359.g066866	0.172932	1.30182	0.132838
Azfi_s0385.g067550-Azfi_s0385.g067553	0.405062	0.83414	0.485604
Azfi_s0405.g068372-Azfi_s0405.g068373	0.43541	1.55908	0.279274
Azfi_s0406.g068399-Azfi_s0406.g068405	0.208131	0.336256	0.618965
Azfi_s0408.g068440-Azfi_s0408.g068447	0.345524	1.14993	0.300473
Azfi_s0408.g068447-Azfi_s0408.g068450	0.280521	1.09758	0.255581
Azfi_s0410.g068495-Azfi_s0410.g068496	0.275317	1.37229	0.200626
Azfi_s0412.g068564-Azfi_s0412.g068566	NA	0.0136131	-0
Azfi_s0412.g068566-Azfi_s0412.g068568	0.00476492	0.0135507	0.351636
Azfi_s0435.g069920-Azfi_s0435.g069922	0.246597	0.506221	0.487132
Azfi_s0446.g070657-Azfi_s0446.g070658	0.166743	1.12105	0.148739
Azfi_s0446.g070658-Azfi_s0446.g070663	NA	0.102033	-0
Azfi_s0458.g071806-Azfi_s0458.g071813	0.0906968	0.208712	0.434555
Azfi_s0464.g072360-Azfi_s0464.g072362	0.063827	0.199195	0.320425
Azfi_s0478.g073053-Azfi_s0478.g073054	0.00799825	0.0159072	0.502806
Azfi_s0478.g073054-Azfi_s0478.g073055	0.0349141	0.0287816	1.21307
Azfi_s0486.g073426-Azfi_s0486.g073429	0.964363	1.20322	0.801485
Azfi_s0492.g073543-Azfi_s0492.g073545	0.0631591	0.0873206	0.723301
Azfi_s0500.g073854-Azfi_s0500.g073856	0.428105	0.832511	0.514233
Azfi_s0516.g074980-Azfi_s0516.g074982	0.504439	0.896157	0.562892
Azfi_s0648.g080900-Azfi_s0648.g080905	0.0392738	0.199062	0.197294
Azfi_s0677.g081830-Azfi_s0677.g081831	0.28301	0.494788	0.571984
Azfi_s0677.g081831-Azfi_s0677.g081832	0.0102144	0.0190562	0.536012
Azfi_s0681.g082017-Azfi_s0681.g082020	0.226708	0.406424	0.55781
Azfi_s0729.g084069-Azfi_s0729.g084076	0.00594723	0.037071	0.160428
Azfi_s0768.g086023-Azfi_s0768.g086025	NA	NA	NA
Azfi_s0775.g086528-Azfi_s0775.g086532	0.458405	1.55226	0.295316
Azfi_s0775.g086530-Azfi_s0775.g086532	0.354516	1.14472	0.309696
Azfi_s0807.g087705-Azfi_s0807.g087707	0.0885518	0.251019	0.352769
Azfi_s0854.g089535-Azfi_s0854.g089538	0.186527	0.212928	0.876008
Azfi_s0971.g094112-Azfi_s0971.g094113	0.0530807	0.12341	0.430115
Azfi_s1075.g096915-Azfi_s1075.g096921	0.11342	0.129015	0.879122
Azfi_s1130.g097868-Azfi_s1130.g097869	0.843551	1.66042	0.508035
Azfi_s1162.g098543-Azfi_s1162.g098546	0.129354	0.321962	0.401769
Azfi_s1239.g100219-Azfi_s1239.g100221	0.00660447	0.0207254	0.318666
Azfi_s1531.g104152-Azfi_s1531.g104154	0.00382631	NA	NA
Azfi_s1656.g105353-Azfi_s1656.g105355	0.231607	0.541039	0.428078
Azfi_s1684.g105672-Azfi_s1684.g105677	0.24758	4.61412	0.053657
Azfi_s1707.g105997-Azfi_s1707.g105998	0.415636	1.61403	0.257515
Azfi_s1736.g106412-Azfi_s1736.g106417	NA	0.0049198	-0
Azfi_s2137.g109554-Azfi_s2137.g109556	NA	NA	NA
Azfi_s2830.g113334-Azfi_s2830.g113335	0.0124532	0.120065	0.10372
Azfi_s3235.g115077-Azfi_s3235.g115080	0.055655	0.0752554	0.739548
Azfi_s3323.g115327-Azfi_s3323.g115328	0.0629848	0.0409751	1.53715
