Seq	Ka	Ks	Ka/Ks
PNW69633-PNW69634	0.46842	0.692302	0.676613
PNW69661-PNW69662	0.0182594	0.0535158	0.341197
PNW69758-PNW69759	0.00228627	0.00355603	0.642927
PNW69780-PNW69782	0.053269	0.0724011	0.735748
PNW69790-PNW69791	0.0889733	0.157004	0.566694
PNW69802-PNW69803	0.0339714	0.0519056	0.654484
PNW69850-PNW69851	0.00721534	0.027406	0.263275
PNW69881-PNW69882	0.164926	0.181253	0.909921
PNW69889-PNW69890	0.196631	0.360048	0.546123
PNW69936-PNW69937	0.259452	0.493814	0.525404
PNW69958-PNW69960	0.457394	1.42062	0.321967
PNW69977-PNW69978	0.0207982	0.0375017	0.554592
PNW69979-PNW69981	0.110488	0.507054	0.217903
PNW70008-PNW70010	0.064763	0.116418	0.556296
PNW70009-PNW70011	NA	NA	NA
PNW70031-PNW70032	0.0150577	0.0410027	0.367237
PNW70059-PNW70061	0.17711	0.584809	0.302851
PNW70062-PNW70063	0.607522	1.04911	0.579085
PNW70069-PNW70070	0.933764	1.00227	0.93165
PNW70075-PNW70076	0.525873	0.783542	0.671149
PNW70100-PNW70101	0.0261547	0.0582279	0.449178
PNW70101-PNW70102	0.378303	0.601162	0.629286
PNW70102-PNW70103	0.636009	0.787365	0.807769
PNW70103-PNW70104	0.0328312	0.0721908	0.454784
PNW70175-PNW70176	0.228815	0.538986	0.42453
PNW70197-PNW70199	0.947111	1.44042	0.657526
PNW70212-PNW70213	0.972471	1.26819	0.766818
PNW70223-PNW70225	0.0198876	0.0323372	0.615006
PNW70224-PNW70226	0.00182705	NA	NA
PNW70301-PNW70302	0.0225724	0.0581408	0.388236
PNW70329-PNW70330	0.247602	0.362251	0.683511
PNW70346-PNW70347	0.0871693	0.161178	0.540827
PNW70347-PNW70348	0.105061	0.206254	0.509375
PNW70348-PNW70349	0.102831	0.166863	0.616261
PNW70363-PNW70364	1.35326	1.26879	1.06658
PNW70364-PNW70365	1.48523	1.02916	1.44315
PNW70388-PNW70389	0.331807	0.567809	0.584364
PNW70392-PNW70394	0.222897	0.355366	0.627233
PNW70407-PNW70408	0.330563	0.668896	0.494192
PNW70420-PNW70422	NA	0.0454684	-0
PNW70434-PNW70436	0.254459	0.264531	0.961923
PNW70503-PNW70504	0.187942	0.21241	0.884809
PNW70505-PNW70506	0.395317	0.437007	0.904601
PNW70529-PNW70530	0.644302	1.74759	0.368681
PNW70550-PNW70553	0.288796	0.437636	0.659899
PNW70564-PNW70565	0.126012	0.330692	0.381054
PNW70574-PNW70575	0.80412	0.622125	1.29254
PNW70663-PNW70665	0.0317848	0.124784	0.254718
PNW70688-PNW70689	0.756301	1.33139	0.568053
PNW70690-PNW70692	0.10983	0.382251	0.287325
PNW70712-PNW70714	0.079415	0.0540768	1.46856
PNW70714-PNW70716	0.0892235	0.0812407	1.09826
PNW70724-PNW70725	0.246275	0.268833	0.916088
PNW70738-PNW70739	0.553826	1.08465	0.510602
PNW70739-PNW70740	0.883597	1.0017	0.882096
PNW70764-PNW70765	0.167335	0.351151	0.476534
PNW70766-PNW70767	0.00292625	0.010046	0.291286
PNW70881-PNW70886	0.183914	0.214782	0.856282
PNW70884-PNW70886	0.55745	1.24636	0.447262
PNW70886-PNW70887	0.562771	2.63683	0.213427
PNW70887-PNW70888	0.0496802	0.04555	1.09067
PNW70888-PNW70891	0.122482	0.335028	0.365587
PNW70892-PNW70894	0.0310752	0.0401435	0.774104
PNW70898-PNW70899	0.316173	1.01242	0.312295
PNW70910-PNW70911	0.297486	0.747158	0.398156
PNW70931-PNW70932	0.0415006	0.100662	0.412275
PNW70932-PNW70933	0.00682154	0.0626432	0.108895
PNW70943-PNW70944	0.156784	0.233755	0.670719
PNW70948-PNW70950	NA	0.000808226	-0
PNW70949-PNW70951	0.0176049	0.022476	0.783278
PNW70965-PNW70967	0.128873	0.245775	0.524354
PNW70988-PNW70989	0.722228	0.747205	0.966573
PNW71034-PNW71036	0.0116584	0.0376494	0.309656
PNW71078-PNW71080	0.365163	0.605961	0.602617
PNW71166-PNW71167	0.131612	0.197293	0.667089
PNW71170-PNW71171	0.62182	0.633618	0.98138
PNW71177-PNW71178	0.948075	1.29214	0.733723
PNW71195-PNW71197	0.960571	1.18006	0.814003
PNW71202-PNW71204	0.299822	0.76264	0.393136
PNW71204-PNW71205	0.476679	0.763409	0.624408
PNW71206-PNW71208	1.06459	1.25816	0.846142
PNW71296-PNW71297	NA	NA	NA
PNW71361-PNW71364	0.743171	1.00894	0.736586
PNW71373-PNW71375	0.450913	0.374633	1.20361
PNW71374-PNW71376	0.261437	0.368545	0.709376
PNW71375-PNW71377	0.374749	0.405397	0.924398
PNW71376-PNW71378	0.786186	1.10353	0.712429
PNW71389-PNW71390	0.320437	0.806016	0.397557
PNW71390-PNW71391	0.577814	0.863163	0.669415
PNW71445-PNW71446	0.991156	1.52986	0.647873
PNW71449-PNW71450	0.395924	0.89132	0.444199
PNW71460-PNW71461	0.0224802	0.0569608	0.39466
PNW71461-PNW71462	0.00590671	0.0189165	0.312252
PNW71498-PNW71499	1.39709	1.5917	0.877732
PNW71508-PNW71509	0.0476077	0.15229	0.312612
PNW71534-PNW71537	0.949193	0.992785	0.956091
PNW71557-PNW71558	0.724087	2.74878	0.263422
PNW71558-PNW71559	0.676618	1.42344	0.475342
PNW71562-PNW71563	0.253609	0.666616	0.380442
PNW71563-PNW71565	0.58149	0.884172	0.657666
PNW71577-PNW71579	0.406413	1.03917	0.391093
PNW71603-PNW71604	0.842471	0.944286	0.892178
PNW71604-PNW71605	0.725751	1.21191	0.59885
PNW71617-PNW71620	0.00251737	0.0585811	0.0429724
PNW71652-PNW71654	0.534894	0.541164	0.988413
PNW71656-PNW71657	0.124725	0.283331	0.440209
PNW71674-PNW71675	0.373151	0.739987	0.504267
PNW71693-PNW71694	0.465189	0.877779	0.529961
PNW71730-PNW71731	0.0229364	0.0637991	0.359509
PNW71881-PNW71883	0.0920251	0.117022	0.786392
PNW71928-PNW71929	0.00682561	0.0256846	0.265747
PNW71946-PNW71947	0.774004	0.669183	1.15664
PNW71959-PNW71962	0.0252897	0.0189775	1.33261
PNW71994-PNW71995	0.0435758	0.213258	0.204334
PNW71995-PNW71997	0.0545873	0.220917	0.247094
PNW72035-PNW72036	0.701772	1.57939	0.444332
PNW72036-PNW72038	0.74276	1.32088	0.562324
PNW72066-PNW72067	0.167515	0.330107	0.507456
PNW72120-PNW72124	1.12475	1.18529	0.948928
PNW72127-PNW72128	0.886288	1.26247	0.702029
PNW72142-PNW72143	0.522136	0.921949	0.566339
PNW72163-PNW72164	0.0946818	0.337633	0.280428
PNW72177-PNW72180	0.000548454	0.00319645	0.171582
PNW72257-PNW72260	0.153917	0.435723	0.353245
PNW72311-PNW72312	0.110957	0.166408	0.666777
PNW72312-PNW72313	0.0203327	0.0497764	0.408481
PNW72354-PNW72356	0.0254532	0.0411303	0.618843
PNW72355-PNW72357	0.0673234	0.168278	0.400072
PNW72379-PNW72380	0.307273	0.623285	0.49299
PNW72380-PNW72381	0.427574	0.864413	0.494641
PNW72381-PNW72382	0.908912	1.57174	0.578283
PNW72395-PNW72396	0.152334	0.728122	0.209216
PNW72396-PNW72397	0.287595	1.11168	0.258702
PNW72426-PNW72427	0.44878	0.706316	0.635381
PNW72434-PNW72435	0.446443	0.845269	0.528166
PNW72435-PNW72436	0.637451	1.13871	0.5598
PNW72452-PNW72453	0.0228078	0.0434289	0.525175
PNW72458-PNW72459	1.09107	1.67706	0.650584
PNW72461-PNW72462	0.571616	0.775178	0.737399
PNW72465-PNW72467	0.130143	0.148606	0.875756
PNW72481-PNW72483	0.181555	0.298669	0.607881
PNW72483-PNW72484	0.134943	0.212861	0.633951
PNW72501-PNW72502	0.0422715	0.0566058	0.74677
PNW72508-PNW72510	0.466396	0.653429	0.713766
PNW72571-PNW72573	0.00164098	0.00457093	0.359004
PNW72572-PNW72574	NA	NA	NA
PNW72583-PNW72584	0.122116	0.19585	0.623517
PNW72622-PNW72624	1.06078	1.23019	0.862288
PNW72623-PNW72624	0.196243	0.393299	0.498966
PNW72643-PNW72644	0.140484	0.38884	0.36129
PNW72661-PNW72663	0.0323224	0.233753	0.138276
PNW72672-PNW72673	0.19923	0.438975	0.453853
PNW72673-PNW72675	0.102106	0.209466	0.487461
PNW72681-PNW72682	0.171852	0.185829	0.924788
PNW72688-PNW72690	0.466281	0.680695	0.685007
PNW72689-PNW72690	0.67666	0.904552	0.748062
PNW72693-PNW72694	0.0908757	0.163925	0.554373
PNW72695-PNW72696	0.192911	0.418497	0.460961
PNW72696-PNW72697	0.00731526	0.0173323	0.422059
PNW72697-PNW72698	0.00204358	0.00551488	0.370557
PNW72698-PNW72699	0.0909267	0.216479	0.420025
PNW72699-PNW72700	0.129018	0.275694	0.467975
PNW72700-PNW72701	0.219411	0.400681	0.547595
PNW72714-PNW72715	0.139774	0.210141	0.665146
PNW72725-PNW72726	0.0730601	0.118056	0.618859
PNW72728-PNW72730	0.0798151	0.140686	0.567327
PNW72730-PNW72732	0.1164	0.18123	0.642276
PNW72732-PNW72734	0.171903	0.268376	0.640531
PNW72740-PNW72741	0.0707901	0.149805	0.472549
PNW72741-PNW72742	0.0539636	0.104939	0.514237
PNW72742-PNW72743	0.143387	0.206126	0.695628
PNW72743-PNW72744	0.177745	0.271788	0.653985
PNW72744-PNW72745	0.0439131	0.0782562	0.561146
PNW72745-PNW72746	0.0845238	0.139266	0.606922
PNW72746-PNW72747	0.0729818	0.115975	0.629289
PNW72769-PNW72770	0.0327875	0.049536	0.661893
PNW72785-PNW72787	0.303605	0.359742	0.84395
PNW72787-PNW72789	0.495978	1.47783	0.335612
PNW72791-PNW72792	NA	NA	NA
PNW72833-PNW72834	1.07922	1.08496	0.994711
PNW72869-PNW72870	0.213252	0.569951	0.374159
PNW72870-PNW72871	0.393798	0.776644	0.507051
PNW72871-PNW72872	0.389594	0.749164	0.520038
PNW72872-PNW72873	0.396383	0.908387	0.436359
PNW72878-PNW72880	0.931754	0.875985	1.06366
PNW72887-PNW72890	0.100084	0.120685	0.829294
PNW73001-PNW73003	0.174198	0.415743	0.419005
PNW73012-PNW73013	0.280041	1.03746	0.269929
PNW73039-PNW73041	0.0139473	0.0514738	0.27096
PNW73044-PNW73045	0.116294	0.37994	0.306085
PNW73052-PNW73053	0.00191741	0.00458445	0.418242
PNW73053-PNW73055	0.0161794	0.074883	0.216063
PNW73064-PNW73065	0.0233205	0.0202315	1.15268
PNW73069-PNW73070	0.419245	0.802606	0.522354
PNW73070-PNW73071	0.424656	0.753322	0.563711
PNW73076-PNW73077	0.650535	1.24991	0.520465
PNW73124-PNW73125	0.224335	0.328247	0.683432
PNW73132-PNW73134	0.127598	0.22107	0.577186
PNW73147-PNW73149	0.155051	0.253582	0.611442
PNW73225-PNW73227	0.00833167	0.00557618	1.49415
PNW73288-PNW73291	0.105064	0.165158	0.636145
PNW73304-PNW73306	0.0698674	0.128324	0.544461
PNW73305-PNW73307	0.195152	0.285086	0.68454
PNW73320-PNW73322	0.0694698	0.0902298	0.769921
PNW73322-PNW73323	0.0779633	0.0848724	0.918593
PNW73334-PNW73335	0.420497	0.855186	0.491702
PNW73355-PNW73357	0.997959	1.41981	0.702882
PNW73367-PNW73369	0.212572	0.437978	0.485349
PNW73390-PNW73391	0.354619	0.454683	0.779925
PNW73396-PNW73397	0.0365478	0.0346911	1.05352
PNW73397-PNW73398	0.0169993	0.0514904	0.330146
PNW73401-PNW73402	NA	NA	NA
PNW73414-PNW73416	0.557252	0.9553	0.583327
PNW73416-PNW73417	1.09657	0.91816	1.19431
PNW73416-PNW73418	1.23541	1.32123	0.935049
PNW73441-PNW73443	0.0679941	0.105682	0.643386
PNW73446-PNW73447	0.978135	0.798469	1.22501
PNW73452-PNW73453	0.288737	0.527569	0.547297
PNW73453-PNW73454	0.236346	0.413735	0.571249
PNW73460-PNW73461	0.0086449	0.035128	0.246097
PNW73506-PNW73507	NA	NA	NA
PNW73536-PNW73537	0.303058	0.499262	0.607012
PNW73642-PNW73644	0.0388999	0.0713881	0.544907
PNW73699-PNW73701	0.0773995	0.0749642	1.03249
PNW73710-PNW73712	0.00617342	0.0453416	0.136154
PNW73776-PNW73777	NA	NA	NA
PNW73819-PNW73820	0.304049	0.979768	0.310328
PNW73820-PNW73821	0.160979	0.590615	0.272562
PNW73824-PNW73825	0.302493	0.685033	0.441574
PNW73825-PNW73826	0.246537	0.614772	0.401022
PNW73843-PNW73845	0.0239789	0.0513562	0.466914
PNW73852-PNW73854	0.325574	0.846613	0.38456
PNW73854-PNW73856	0.228743	0.574506	0.398157
PNW73895-PNW73897	0.288708	0.418605	0.68969
PNW73897-PNW73898	0.165651	0.517971	0.319807
PNW73907-PNW73908	0.450684	0.795249	0.566721
PNW73917-PNW73916	0.0360373	0.0487485	0.73925
PNW73993-PNW73995	0.123922	0.554198	0.223605
PNW73995-PNW73998	0.155516	0.603611	0.257642
PNW74016-PNW74017	1.46048	1.7583	0.83062
PNW74079-PNW74080	0.241202	0.379322	0.635876
PNW74080-PNW74081	0.520002	0.878087	0.592199
PNW74092-PNW74095	0.147293	0.393207	0.374594
PNW74107-PNW74108	0.41333	0.650572	0.635333
PNW74131-PNW74133	0.194573	0.497364	0.391208
PNW74147-PNW74148	0.323974	0.658343	0.492105
PNW74162-PNW74165	0.488555	0.543097	0.899571
PNW74186-PNW74188	0.913562	1.12109	0.814886
PNW74335-PNW74336	0.735685	1.15747	0.635596
PNW74357-PNW74360	0.00407018	0.0172137	0.23645
PNW74360-PNW74366	0.00612157	0.0587636	0.104173
PNW74366-PNW74367	0.221474	0.3421	0.647397
PNW74367-PNW74368	0.327939	0.405919	0.807892
PNW74374-PNW74375	0.232304	0.372053	0.624384
PNW74404-PNW74405	0.673683	0.9654	0.697827
PNW74429-PNW74428	1.06241	1.46499	0.725201
PNW74461-PNW74463	0.039481	0.0699849	0.564135
PNW74466-PNW74468	0.830829	1.07245	0.774699
PNW74523-PNW74524	0.681185	1.03596	0.65754
PNW74524-PNW74525	0.275308	0.444502	0.619363
PNW74527-PNW74529	0.152958	0.241655	0.63296
PNW74541-PNW74542	0.188382	0.471324	0.399687
PNW74598-PNW74601	0.0506233	0.078691	0.643318
PNW74618-PNW74619	0.234036	0.665985	0.351413
PNW74658-PNW74659	0.855283	1.32145	0.64723
PNW74663-PNW74664	0.451547	0.648022	0.696809
PNW74668-PNW74669	0.0698478	0.0831461	0.840061
PNW74685-PNW74686	1.1847	2.916	0.406274
PNW74686-PNW74687	0.99767	1.58647	0.628861
PNW74687-PNW74688	1.23231	1.40922	0.874465
PNW74702-PNW74703	0.134908	0.13003	1.03751
PNW74806-PNW74807	1.59454	0.977197	1.63174
PNW74807-PNW74808	1.5078	0.98254	1.53459
PNW74846-PNW74848	0.760913	1.20203	0.633022
PNW74867-PNW74868	NA	NA	NA
PNW74961-PNW74962	0.108911	0.382187	0.284967
PNW74976-PNW74977	0.563159	0.841892	0.668921
PNW74982-PNW74983	0.656455	0.802895	0.81761
PNW75027-PNW75028	0.0973889	0.11166	0.872192
PNW75036-PNW75037	0.156416	0.236203	0.662212
PNW75067-PNW75069	0.63848	1.04061	0.613566
PNW75075-PNW75077	0.50827	0.890119	0.571014
PNW75077-PNW75078	0.113229	0.302111	0.374794
PNW75078-PNW75079	0.0186594	0.0968815	0.1926
PNW75191-PNW75192	0.178368	0.331757	0.537647
PNW75196-PNW75198	0.405818	0.599422	0.677016
PNW75219-PNW75220	0.400394	0.933115	0.429093
PNW75240-PNW75241	0.581324	0.958222	0.606669
PNW75263-PNW75264	0.247366	0.816153	0.303088
PNW75344-PNW75347	0.114702	0.214349	0.535118
PNW75355-PNW75357	0.182592	0.187809	0.972223
PNW75356-PNW75357	1.33895	1.04431	1.28214
PNW75357-PNW75358	0.439543	0.401294	1.09532
PNW75388-PNW75389	0.973704	0.873676	1.11449
PNW75392-PNW75394	0.56385	0.838503	0.672449
PNW75419-PNW75422	0.24191	0.404698	0.597754
PNW75441-PNW75443	0.193903	0.25191	0.769731
PNW75457-PNW75458	0.301493	0.600275	0.502259
PNW75524-PNW75526	0.0141372	0.0893005	0.15831
PNW75528-PNW75529	0.433543	0.892181	0.485937
PNW75533-PNW75534	0.0215802	0.0735741	0.293312
PNW75596-PNW75597	0.377271	0.781665	0.48265
PNW75597-PNW75598	0.427369	0.965094	0.442826
PNW75641-PNW75644	0.143349	0.410919	0.348849
PNW75643-PNW75644	0.599444	1.42777	0.419845
PNW75665-PNW75666	0.379346	0.635421	0.597
PNW75669-PNW75671	0.154974	0.242924	0.637953
PNW75671-PNW75672	0.163452	0.288746	0.566076
PNW75672-PNW75673	0.0156202	0.0209768	0.744641
PNW75672-PNW75674	0.0625352	0.127314	0.491189
PNW75752-PNW75756	0.026232	0.0400007	0.655788
PNW75759-PNW75761	0.194562	0.299172	0.650334
PNW75775-PNW75776	0.350565	0.63814	0.549355
PNW75807-PNW75810	0.0132944	0.0445668	0.298302
PNW75813-PNW75814	0.204093	0.319776	0.638236
PNW75875-PNW75876	NA	NA	NA
PNW75877-PNW75880	NA	NA	NA
PNW75878-PNW75881	0.028916	0.0496783	0.582066
PNW75946-PNW75948	0.800581	0.884594	0.905026
PNW75967-PNW75968	0.0350854	0.0861743	0.407144
PNW76001-PNW76002	1.0545	0.83839	1.25776
PNW76027-PNW76029	0.0932885	0.0763833	1.22132
PNW76028-PNW76029	0.367043	0.467873	0.784492
PNW76073-PNW76075	0.0151282	0.0394596	0.383384
PNW76125-PNW76127	0.216298	0.448409	0.482367
PNW76132-PNW76133	0.421682	0.553272	0.76216
PNW76165-PNW76167	0.0205927	0.0665179	0.309581
PNW76166-PNW76168	0.0150844	0.0378143	0.398907
PNW76191-PNW76192	0.805307	1.04727	0.768961
PNW76198-PNW76199	0.802185	1.06192	0.755414
PNW76214-PNW76215	0.0351408	0.0909298	0.38646
PNW76262-PNW76263	0.621566	0.719764	0.863569
PNW76265-PNW76266	0.648725	0.727774	0.891383
PNW76277-PNW76278	0.0178174	0.0731751	0.243489
PNW76278-PNW76279	0.107981	0.214217	0.504073
PNW76281-PNW76282	1.01966	1.40659	0.724918
PNW76292-PNW76293	0.200218	0.483914	0.413746
PNW76332-PNW76333	0.175079	0.199009	0.879757
PNW76354-PNW76355	0.336165	0.654507	0.513617
PNW76362-PNW76363	0.018149	0.0664092	0.273291
PNW76382-PNW76383	0.0765161	0.22284	0.343368
PNW76383-PNW76384	0.14203	0.347222	0.409045
PNW76436-PNW76437	0.0174579	0.0480829	0.36308
PNW76437-PNW76439	0.0157486	0.0456799	0.344761
PNW76439-PNW76440	0.0400127	0.0583595	0.685626
PNW76440-PNW76441	0.0272874	0.0388132	0.703045
PNW76441-PNW76442	0.00343289	0.0245537	0.139811
PNW76446-PNW76447	0.150831	0.356542	0.42304
PNW76447-PNW76448	0.650636	0.780249	0.833882
PNW76452-PNW76453	0.170242	0.462506	0.368086
PNW76466-PNW76467	0.691168	1.02462	0.674561
PNW76467-PNW76468	0.57737	1.4524	0.397527
PNW76477-PNW76479	1.10735	1.59198	0.695581
PNW76492-PNW76494	0.419548	0.600839	0.69827
PNW76503-PNW76505	0.0331197	0.053159	0.623031
PNW76522-PNW76525	0.450215	0.886017	0.508134
PNW76546-PNW76547	0.638779	1.089	0.586572
PNW76547-PNW76549	0.681667	1.1711	0.582072
PNW76557-PNW76559	0.336481	0.466056	0.721974
PNW76563-PNW76569	0.29547	0.340961	0.866581
PNW76590-PNW76591	0.782786	1.28845	0.607542
PNW76604-PNW76605	0.0012947	NA	NA
PNW76606-PNW76607	0.0204051	NA	NA
PNW76607-PNW76611	0.0204051	NA	NA
PNW76614-PNW76615	0.194073	0.666761	0.291067
PNW76621-PNW76622	0.633074	0.965022	0.65602
PNW76655-PNW76656	0.143599	0.268948	0.533928
PNW76656-PNW76657	0.0275297	0.0968708	0.28419
PNW76673-PNW76674	0.75557	0.994927	0.759423
PNW76674-PNW76675	0.356262	0.814412	0.437447
PNW76734-PNW76735	0.691885	1.11387	0.621156
PNW76746-PNW76750	0.0604456	0.204668	0.295335
PNW76750-PNW76751	0.244399	0.473556	0.516093
PNW76847-PNW76848	0.398323	0.519822	0.766269
PNW76851-PNW76852	0.119483	0.129909	0.919743
PNW76852-PNW76854	0.826458	0.79271	1.04257
PNW76894-PNW76895	0.546088	1.06969	0.510511
PNW76902-PNW76903	0.846249	0.839733	1.00776
PNW76948-PNW76949	0.0815656	0.11709	0.696603
PNW76966-PNW76969	0.487692	0.78495	0.621303
PNW76973-PNW76975	0.3549	1.4099	0.25172
PNW77029-PNW77030	0.339218	0.430757	0.787492
PNW77034-PNW77036	0.259756	0.409156	0.634858
PNW77125-PNW77126	0.0141102	0.0260794	0.541047
PNW77208-PNW77209	0.423774	0.72312	0.586036
PNW77210-PNW77211	1.14501	1.22595	0.933975
PNW77211-PNW77212	0.803582	1.02076	0.787241
PNW77233-PNW77234	0.41104	0.742506	0.553586
PNW77253-PNW77254	0.705045	0.861345	0.818539
PNW77254-PNW77256	0.955191	1.11036	0.860251
PNW77262-PNW77266	0.51655	0.922672	0.559842
PNW77336-PNW77338	0.841588	1.30542	0.644689
PNW77359-PNW77360	NA	0.0162824	-0
PNW77406-PNW77407	0.0769019	0.0585576	1.31327
PNW77459-PNW77461	0.595379	0.786457	0.757039
PNW77474-PNW77475	0.0497921	0.127596	0.390233
PNW77476-PNW77477	0.937326	0.984066	0.952503
PNW77477-PNW77478	1.02166	1.10883	0.921385
PNW77478-PNW77479	1.06447	1.1606	0.91717
PNW77479-PNW77480	0.0381665	0.052272	0.730152
PNW77519-PNW77521	0.922353	0.657431	1.40297
PNW77572-PNW77573	0.002895	NA	NA
PNW77601-PNW77602	0.844113	1.01059	0.835269
PNW77606-PNW77607	0.808428	0.94951	0.851415
PNW77627-PNW77628	0.161505	0.532313	0.303403
PNW77659-PNW77661	0.472488	1.16442	0.405771
PNW77689-PNW77690	0.0194102	0.0316691	0.612907
PNW77693-PNW77694	0.00318476	0.0132351	0.240629
PNW77751-PNW77752	0.0652934	0.0854732	0.763904
PNW77760-PNW77762	1.36815	1.37108	0.997861
PNW77769-PNW77770	0.385952	0.727688	0.530381
PNW77831-PNW77832	0.178211	0.301445	0.591191
PNW77832-PNW77833	0.0305766	0.062978	0.485512
PNW77833-PNW77834	0.0636526	0.112164	0.567496
PNW77834-PNW77835	0.0435334	0.0692802	0.628367
PNW77835-PNW77836	0.0281067	0.0402229	0.698773
PNW77836-PNW77837	0.131892	0.179101	0.736412
PNW77891-PNW77892	0.142358	0.725515	0.196216
PNW77892-PNW77894	0.215937	0.519934	0.415316
PNW77894-PNW77895	0.0188658	0.129864	0.145273
PNW77906-PNW77908	0.0653411	0.0858242	0.761336
PNW77931-PNW77932	0.709499	1.58933	0.446414
PNW77947-PNW77949	0.18719	0.246328	0.759922
PNW77966-PNW77967	0.697939	1.12441	0.620718
PNW77967-PNW77968	0.475341	0.864404	0.549906
PNW78007-PNW78008	0.302485	0.593865	0.50935
PNW78009-PNW78011	0.0817181	0.127252	0.642176
PNW78010-PNW78012	0.0030335	NA	NA
PNW78039-PNW78042	0.592781	0.659004	0.89951
PNW78074-PNW78076	0.472804	0.83812	0.564125
PNW78079-PNW78080	0.553772	0.900977	0.614635
PNW78115-PNW78114	0.192617	0.163826	1.17574
PNW78288-PNW78289	0.00991083	0.0426408	0.232426
PNW78289-PNW78290	0.116523	0.360074	0.323609
PNW78326-PNW78327	0.295173	0.41185	0.716699
PNW78363-PNW78364	0.289862	0.464842	0.623572
PNW78398-PNW78399	0.510406	0.670765	0.760932
PNW78411-PNW78412	NA	NA	NA
PNW78424-PNW78425	0.833367	1.28787	0.647088
PNW78430-PNW78431	1.0851	1.71147	0.634017
PNW78431-PNW78433	1.29133	1.75416	0.736152
PNW78434-PNW78436	1.02217	1.53177	0.667308
PNW78446-PNW78448	0.222315	0.442814	0.50205
PNW78453-PNW78455	0.797297	1.09841	0.725862
PNW78494-PNW78495	0.406588	0.537133	0.75696
PNW78581-PNW78582	0.00492853	0.0775252	0.0635732
PNW78619-PNW78620	0.93418	1.28763	0.725505
PNW78651-PNW78653	0.00695558	0.108546	0.0640796
PNW78653-PNW78654	0.00160366	0.00426274	0.376204
PNW78670-PNW78672	0.170884	0.234713	0.728053
PNW78691-PNW78692	0.114472	0.399044	0.286866
PNW78712-PNW78713	0.215285	0.389877	0.552186
PNW78756-PNW78758	0.495037	0.945943	0.523326
PNW78786-PNW78787	0.393573	0.810476	0.485608
PNW78824-PNW78826	0.723398	0.954811	0.757635
PNW78827-PNW78828	0.0347169	0.0486661	0.713369
PNW78854-PNW78855	0.625663	0.930732	0.672227
PNW78891-PNW78892	0.032694	0.0937716	0.348656
PNW78904-PNW78905	0.905431	1.61647	0.560129
PNW78918-PNW78919	1.25356	0.66597	1.88231
PNW78919-PNW78920	1.24841	0.690407	1.80822
PNW78920-PNW78922	1.06193	0.719907	1.4751
PNW78954-PNW78955	0.840125	1.01335	0.829055
PNW78964-PNW78966	0.124419	0.234758	0.529989
PNW78979-PNW78983	0.939807	1.06308	0.884043
PNW78994-PNW78995	0.184013	0.465328	0.395448
PNW78995-PNW78997	0.364586	0.644882	0.565353
PNW79005-PNW79006	0.227175	0.303892	0.747551
PNW79011-PNW79012	0.890154	0.611972	1.45457
PNW79031-PNW79033	0.0122442	0.0320248	0.382334
PNW79033-PNW79035	0.00914641	0.0275265	0.332277
PNW79035-PNW79037	0.0122114	0.0182775	0.668113
PNW79037-PNW79039	0.0290577	0.0378546	0.767613
PNW79038-PNW79040	0.134121	0.117389	1.14253
PNW79041-PNW79042	0.344074	0.467898	0.735362
PNW79043-PNW79044	0.0610517	0.067428	0.905435
PNW79050-PNW79051	0.0507505	0.222816	0.227768
PNW79078-PNW79080	0.200321	0.225954	0.886554
PNW79079-PNW79081	0.0435169	0.0807524	0.538892
PNW79080-PNW79081	0.0231719	0.0326164	0.710437
PNW79081-PNW79082	0.023952	0.0472814	0.506584
PNW79082-PNW79083	0.230031	0.32982	0.697445
PNW79105-PNW79106	0.762859	1.05928	0.720171
PNW79110-PNW79111	0.140657	0.225073	0.624941
PNW79111-PNW79112	0.98217	1.39786	0.702625
PNW79124-PNW79126	0.343219	0.602066	0.570069
PNW79126-PNW79127	0.0643465	0.108696	0.591987
PNW79254-PNW79255	0.339531	0.705223	0.481451
PNW79275-PNW79276	1.30107	0.90305	1.44075
PNW79302-PNW79304	0.110238	0.237745	0.463684
PNW79321-PNW79322	0.0889974	0.314305	0.283156
PNW79525-PNW79526	0.777712	1.02448	0.759125
PNW79533-PNW79534	NA	NA	NA
PNW79534-PNW79535	0.23263	0.236339	0.984306
PNW79549-PNW79550	0.256863	0.451971	0.568318
PNW79567-PNW79568	0.809754	1.01496	0.797816
PNW79567-PNW79569	0.987319	1.02435	0.963853
PNW79573-PNW79574	0.00803657	0.0236794	0.33939
PNW79616-PNW79617	0.146512	0.607169	0.241303
PNW79624-PNW79626	0.494312	0.782479	0.631726
PNW79626-PNW79627	0.599939	0.849339	0.70636
PNW79650-PNW79651	0.39138	0.755318	0.518166
PNW79651-PNW79652	0.346333	0.683016	0.507064
PNW79659-PNW79662	0.017624	0.0723547	0.243578
PNW79663-PNW79665	0.045578	0.245443	0.185697
PNW79665-PNW79667	0.0618497	0.232249	0.266308
PNW79667-PNW79668	0.0457819	0.154456	0.296407
PNW79669-PNW79670	0.582043	0.875059	0.665147
PNW79670-PNW79671	0.495133	0.81648	0.606424
PNW79671-PNW79672	0.6079	0.977068	0.622167
PNW79672-PNW79673	0.47268	0.977278	0.483671
PNW79686-PNW79687	0.401923	0.866233	0.46399
PNW79689-PNW79690	0.193892	0.593521	0.326681
PNW79696-PNW79697	0.0226844	0.0461777	0.491241
PNW79728-PNW79729	NA	0.000890161	-0
PNW79735-PNW79736	0.00421197	0.0195846	0.215065
PNW79736-PNW79738	0.00421103	0.0397176	0.106024
PNW79738-PNW79740	0.00252368	0.0307111	0.0821747
PNW79740-PNW79741	NA	0.0300234	-0
PNW79741-PNW79742	0.00272169	NA	NA
PNW79742-PNW79746	0.111306	0.143604	0.775088
PNW79751-PNW79754	0.00369467	0.0215485	0.171459
PNW79752-PNW79754	0.0473739	0.0410591	1.1538
PNW79782-PNW79783	0.034823	0.181216	0.192162
PNW79791-PNW79792	1.19579	1.28715	0.929022
PNW79806-PNW79807	NA	0.0252126	-0
PNW79840-PNW79841	0.205855	0.651721	0.315863
PNW79846-PNW79847	NA	0.0317648	-0
PNW79859-PNW79861	0.114199	0.178867	0.638456
PNW79860-PNW79863	0.0265118	0.088699	0.298896
PNW79865-PNW79867	0.255731	1.51781	0.168487
PNW79869-PNW79871	0.124265	0.16778	0.740644
PNW79871-PNW79872	1.37717	1.80003	0.765082
PNW79874-PNW79875	1.32026	1.75996	0.750165
PNW79897-PNW79899	0.0203406	0.0443728	0.458404
PNW79898-PNW79900	0.283196	0.436036	0.649479
PNW79899-PNW79901	0.0410826	0.0448597	0.915802
PNW79930-PNW79932	0.0498103	0.0737551	0.675348
PNW79967-PNW79968	0.0620297	0.0924501	0.670953
PNW80027-PNW80028	0.537948	0.966358	0.556676
PNW80028-PNW80029	NA	NA	NA
PNW80040-PNW80042	0.334982	0.502926	0.666066
PNW80047-PNW80049	1.04946	1.84164	0.569854
PNW80049-PNW80050	0.298424	0.369967	0.806622
PNW80050-PNW80051	1.05721	1.2902	0.819421
PNW80131-PNW80133	0.0275556	0.0514759	0.535311
PNW80164-PNW80168	0.194155	0.199624	0.972607
PNW80173-PNW80174	0.0622693	0.0723541	0.860618
PNW80175-PNW80176	0.000964467	NA	NA
PNW80176-PNW80177	0.0214277	0.0522702	0.40994
PNW80177-PNW80178	0.00200398	0.00632274	0.316948
PNW80178-PNW80179	0.0164113	0.038925	0.421613
PNW80185-PNW80186	0.489293	0.691335	0.707752
PNW80197-PNW80200	0.483116	0.778992	0.620181
PNW80200-PNW80201	0.473083	0.750956	0.629975
PNW80218-PNW80219	0.183465	0.240487	0.762888
PNW80219-PNW80220	NA	NA	NA
PNW80219-PNW80222	0.525983	0.51441	1.0225
PNW80258-PNW80260	0.0258364	0.0357642	0.722409
PNW80324-PNW80325	0.0293116	0.0755456	0.387998
PNW80383-PNW80384	0.336505	0.652156	0.515989
PNW80388-PNW80389	0.12179	0.20183	0.603431
PNW80432-PNW80435	0.0355093	0.0536434	0.661951
PNW80452-PNW80453	0.337766	0.568108	0.594546
PNW80453-PNW80454	0.401837	0.717675	0.559916
PNW80468-PNW80470	0.207311	0.669781	0.309521
PNW80479-PNW80480	0.399114	0.867224	0.460221
PNW80479-PNW80481	0.678216	0.924895	0.73329
PNW80512-PNW80513	NA	0.0253622	-0
PNW80519-PNW80520	0.323338	0.654519	0.494009
PNW80558-PNW80559	0.263904	0.579424	0.45546
PNW80559-PNW80560	0.241296	0.458616	0.526141
PNW80560-PNW80561	0.179484	0.414725	0.432778
PNW80585-PNW80587	0.903663	1.0911	0.828216
PNW80594-PNW80597	0.559747	1.30333	0.429473
PNW80597-PNW80601	0.410272	0.609358	0.673285
PNW80601-PNW80602	0.587955	0.827941	0.71014
PNW80666-PNW80667	0.0229131	0.115867	0.197753
PNW80689-PNW80690	0.020253	0.121436	0.166778
PNW80721-PNW80722	0.498052	0.79133	0.629385
PNW80771-PNW80772	0.069254	0.0502548	1.37806
PNW80772-PNW80773	NA	NA	NA
PNW80773-PNW80774	NA	NA	NA
PNW80797-PNW80799	0.021852	0.0660451	0.330864
PNW80871-PNW80873	1.16894	1.48547	0.786915
PNW80966-PNW80968	0.293925	0.530384	0.554174
PNW80977-PNW80978	0.0998571	0.14633	0.682412
PNW80978-PNW80979	0.151272	0.118401	1.27762
PNW80979-PNW80980	0.084621	0.051453	1.64463
PNW80995-PNW80999	0.00820326	0.0166935	0.491404
PNW80996-PNW81002	0.071364	0.157342	0.453561
PNW80999-PNW81004	0.019651	0.0291488	0.674162
PNW81002-PNW81005	0.0691946	0.115458	0.599308
PNW81030-PNW81032	0.261186	0.925072	0.282341
PNW81043-PNW81044	0.180629	0.382953	0.471673
PNW81079-PNW81080	0.653661	0.878811	0.743802
PNW81080-PNW81081	0.930442	1.07195	0.86799
PNW81093-PNW81095	0.0541274	0.0925048	0.585131
PNW81095-PNW81094	0.00905107	0.00477164	1.89685
PNW81116-PNW81117	0.0465408	0.0844277	0.55125
PNW81122-PNW81124	0.146688	0.186196	0.787815
PNW81123-PNW81124	0.0730335	0.096089	0.760061
PNW81124-PNW81125	0.00475901	0.0064807	0.734336
PNW81125-PNW81126	0.00580754	0.00263374	2.20505
PNW81126-PNW81128	0.0831896	0.116592	0.713511
PNW81143-PNW81144	0.191111	0.373551	0.511606
PNW81153-PNW81154	1.40834	0.790673	1.78119
PNW81165-PNW81166	0.825332	1.16003	0.711473
PNW81166-PNW81167	0.974229	1.06868	0.911618
PNW81214-PNW81215	0.0200232	0.0854317	0.234376
PNW81224-PNW81226	0.083586	0.0760568	1.09899
PNW81225-PNW81227	0.160009	0.233988	0.683834
PNW81226-PNW81229	0.164366	0.148183	1.10921
PNW81250-PNW81252	0.858924	1.11006	0.773767
PNW81281-PNW81282	0.581177	0.849105	0.684459
PNW81291-PNW81293	1.20604	1.52491	0.790891
PNW81293-PNW81296	0.381719	0.777151	0.491177
PNW81298-PNW81299	0.108191	0.123338	0.877196
PNW81299-PNW81300	0.367393	0.457345	0.803316
PNW81308-PNW81309	0.205652	0.223462	0.920298
PNW81310-PNW81309	0.0971577	0.072476	1.34055
PNW81339-PNW81341	0.228633	0.426409	0.536182
PNW81343-PNW81344	0.704107	0.613509	1.14767
PNW81344-PNW81348	0.13041	0.212016	0.615097
PNW81345-PNW81349	0.013097	0.0298483	0.438786
PNW81368-PNW81369	0.657556	0.796898	0.825145
PNW81400-PNW81401	0.0591254	0.220117	0.268609
PNW81401-PNW81402	0.0352266	0.122622	0.287279
PNW81417-PNW81418	0.41907	0.875655	0.478578
PNW81446-PNW81447	0.705064	0.96794	0.728417
PNW81447-PNW81448	0.548039	0.803065	0.682433
PNW81457-PNW81458	0.967025	1.14044	0.847942
PNW81462-PNW81463	0.499517	0.731626	0.682748
PNW81507-PNW81509	0.00624135	0.00538607	1.15879
PNW81508-PNW81509	0.14467	0.134789	1.07331
PNW81605-PNW81606	0.0384715	0.0379231	1.01446
PNW81611-PNW81612	NA	NA	NA
PNW81614-PNW81615	0.126598	0.123213	1.02747
PNW81634-PNW81635	0.00343332	0.00594127	0.577877
PNW81672-PNW81674	0.0135404	0.0249541	0.542612
PNW81674-PNW81676	0.017348	0.0332125	0.522332
PNW81675-PNW81677	0.209535	0.234115	0.89501
PNW81682-PNW81683	0.437072	0.380877	1.14754
PNW81698-PNW81700	0.0325247	0.0705769	0.46084
PNW81702-PNW81705	0.113363	0.18227	0.621951
PNW81705-PNW81706	0.134135	0.118068	1.13608
PNW81706-PNW81707	0.397677	0.514381	0.773118
PNW81739-PNW81740	0.391657	0.611172	0.640829
PNW81744-PNW81746	0.136399	0.541913	0.251699
PNW81747-PNW81748	0.120158	0.166002	0.72383
PNW81747-PNW81749	0.830426	1.12224	0.739969
PNW81763-PNW81764	0.92918	0.616967	1.50605
PNW81764-PNW81766	0.0246753	0.0657584	0.375241
PNW81765-PNW81767	0.0250216	0.0633492	0.394979
PNW81837-PNW81838	0.0604742	0.071414	0.846811
PNW81846-PNW81847	0.342283	0.43634	0.784441
PNW81913-PNW81915	0.236431	0.345869	0.683588
PNW81915-PNW81916	0.0271967	0.056784	0.478951
PNW81916-PNW81919	0.114207	0.24802	0.460472
PNW81933-PNW81935	1.23681	1.35087	0.91557
PNW82000-PNW82001	0.286499	0.448911	0.63821
PNW82011-PNW82012	0.489645	0.806637	0.60702
PNW82032-PNW82033	0.457795	0.684754	0.668554
PNW82103-PNW82105	NA	0.0382492	-0
PNW82150-PNW82154	0.0721981	0.0710332	1.0164
PNW82189-PNW82190	NA	NA	NA
PNW82192-PNW82194	0.210075	0.230768	0.910333
PNW82196-PNW82197	0.927305	1.30801	0.708945
PNW82199-PNW82200	0.219943	0.524197	0.41958
PNW82232-PNW82233	0.294161	0.341827	0.860554
PNW82242-PNW82244	0.00388593	NA	NA
PNW82266-PNW82268	0.334284	1.19998	0.278575
PNW82272-PNW82273	0.460897	1.01148	0.455665
PNW82328-PNW82329	0.0215517	0.0538631	0.40012
PNW82342-PNW82343	0.249586	0.476224	0.524094
PNW82380-PNW82381	0.150681	0.308779	0.487992
PNW82396-PNW82397	0.119608	0.173814	0.688141
PNW82400-PNW82401	0.0181902	0.0472283	0.385154
PNW82531-PNW82532	0.315098	0.449939	0.700313
PNW82556-PNW82558	0.543416	0.575627	0.944041
PNW82564-PNW82565	0.158333	0.399851	0.395981
PNW82566-PNW82567	0.0494983	0.144092	0.34352
PNW82603-PNW82604	0.184179	0.353457	0.521079
PNW82617-PNW82618	0.351246	0.561522	0.625525
PNW82626-PNW82627	0.722622	1.2121	0.596174
PNW82641-PNW82642	0.700054	0.814742	0.859234
PNW82676-PNW82677	0.0203494	0.0302954	0.6717
PNW82769-PNW82771	0.0520219	0.0764994	0.68003
PNW82899-PNW82902	0.160286	0.488288	0.328261
PNW82930-PNW82934	0.41207	0.67679	0.608859
PNW82941-PNW82942	0.152046	0.149548	1.0167
PNW82969-PNW82971	0.270443	0.804314	0.33624
PNW83080-PNW83082	NA	NA	NA
PNW83081-PNW83083	0.00558326	0.00776497	0.719031
PNW83098-PNW83099	0.414445	0.623477	0.664732
PNW83102-PNW83105	0.152328	0.226905	0.671326
PNW83102-PNW83106	0.969713	0.680696	1.42459
PNW83184-PNW83186	0.0107283	0.0150214	0.7142
PNW83207-PNW83208	0.244172	0.515123	0.474006
PNW83210-PNW83211	0.715709	0.80108	0.89343
PNW83226-PNW83227	0.145289	0.184795	0.786216
PNW83227-PNW83229	NA	NA	NA
PNW83228-PNW83231	0.145289	0.209372	0.693925
PNW83229-PNW83228	0.145289	0.209372	0.693925
PNW83279-PNW83281	0.272645	0.308988	0.88238
PNW83280-PNW83281	0.74543	1.4437	0.516334
PNW83317-PNW83318	0.00336717	0.0348273	0.0966817
PNW83354-PNW83355	0.179481	0.189561	0.946826
PNW83416-PNW83417	0.25321	0.483237	0.523988
PNW83455-PNW83456	0.109459	0.209657	0.522086
PNW83456-PNW83457	0.451644	0.762288	0.592485
PNW83461-PNW83462	0.497188	0.610508	0.814384
PNW83505-PNW83506	NA	NA	NA
PNW83507-PNW83509	NA	NA	NA
PNW83553-PNW83556	0.010814	0.0159015	0.680062
PNW83583-PNW83586	0.546412	0.717977	0.761044
PNW83611-PNW83612	0.943595	1.51901	0.621189
PNW83612-PNW83613	0.844591	1.42645	0.592092
PNW83613-PNW83614	0.850479	1.44544	0.588389
PNW83614-PNW83615	0.795742	1.2635	0.62979
PNW83622-PNW83625	0.314856	0.365734	0.860889
PNW83631-PNW83633	0.404098	0.58918	0.685864
PNW83656-PNW83657	0.818803	0.666712	1.22812
PNW83665-PNW83666	0.776496	1.11242	0.698026
PNW83669-PNW83670	0.0957376	0.218942	0.437273
PNW83670-PNW83671	0.627043	1.04258	0.601436
PNW83680-PNW83682	0.0419614	0.0744596	0.563546
PNW83681-PNW83683	0.000944076	NA	NA
PNW83691-PNW83692	1.29668	1.21826	1.06437
PNW83692-PNW83693	0.761513	1.35416	0.562352
PNW83693-PNW83695	0.941513	1.3462	0.699387
PNW83695-PNW83696	0.710557	0.960406	0.739851
PNW83697-PNW83699	0.508674	1.01306	0.502114
PNW83699-PNW83703	0.543087	1.10042	0.493525
PNW83763-PNW83764	0.637759	0.906474	0.70356
PNW83777-PNW83779	0.68031	1.2557	0.541776
PNW83778-PNW83779	0.743703	1.23807	0.600694
PNW83779-PNW83780	0.723155	1.32188	0.547065
PNW83833-PNW83835	1.20303	1.13409	1.06079
PNW83835-PNW83837	1.44493	1.07458	1.34464
PNW83858-PNW83857	0.00814153	NA	NA
PNW83865-PNW83867	0.378124	0.505907	0.747417
PNW83899-PNW83901	NA	NA	NA
PNW83900-PNW83902	NA	NA	NA
PNW83935-PNW83939	0.2475	0.527301	0.469372
PNW83942-PNW83943	0.547938	0.644083	0.850727
PNW83961-PNW83962	0.0378942	0.104705	0.361913
PNW84002-PNW84004	0.0834566	0.154285	0.540925
PNW84008-PNW84009	0.0104996	0.0821012	0.127885
PNW84044-PNW84046	0.113016	0.242547	0.465953
PNW84119-PNW84120	0.188798	0.438415	0.430638
PNW84146-PNW84147	0.0364722	0.0755728	0.48261
PNW84175-PNW84176	0.100146	0.456896	0.219187
PNW84177-PNW84179	0.222425	0.411761	0.54018
PNW84187-PNW84188	0.277491	0.655691	0.423204
PNW84222-PNW84223	0.421872	1.0671	0.395345
PNW84259-PNW84261	0.350192	0.569163	0.615275
PNW84284-PNW84286	0.746559	0.961394	0.776538
PNW84299-PNW84300	0.78137	1.28554	0.607817
PNW84315-PNW84317	0.0493282	0.0658464	0.74914
PNW84316-PNW84317	0.0319066	0.034248	0.931634
PNW84443-PNW84444	0.0170781	0.0497457	0.343308
PNW84494-PNW84496	0.049814	0.154722	0.321958
PNW84534-PNW84535	0.308551	0.713036	0.432728
PNW84535-PNW84536	0.267388	0.65955	0.40541
PNW84554-PNW84555	0.209229	0.317902	0.658156
PNW84568-PNW84569	1.11014	1.33421	0.832055
PNW84626-PNW84627	0.0979637	0.337643	0.29014
PNW84632-PNW84633	0.336988	0.549347	0.613433
PNW84633-PNW84634	0.920906	0.910635	1.01128
PNW84637-PNW84638	0.449294	0.635307	0.707208
PNW84656-PNW84657	0.868808	1.35552	0.640941
PNW84657-PNW84658	0.00293505	0.00369578	0.794162
PNW84660-PNW84661	0.675963	1.00704	0.671235
PNW84671-PNW84672	0.0638593	0.13892	0.459682
PNW84672-PNW84674	0.361919	0.804762	0.449721
PNW84748-PNW84749	0.816738	1.12933	0.723205
PNW84840-PNW84843	1.09025	1.19976	0.90872
PNW84844-PNW84845	0.149885	0.524942	0.285527
PNW84848-PNW84849	0.156252	0.167312	0.933897
PNW84857-PNW84859	1.36965	1.31434	1.04208
PNW84858-PNW84859	0.063823	0.0809286	0.788634
PNW84872-PNW84874	0.0361083	0.0914495	0.394845
PNW84898-PNW84899	0.365511	0.599847	0.609341
PNW84934-PNW84937	0.135838	0.260201	0.522051
PNW84936-PNW84938	0.00619276	0.0482229	0.12842
PNW84954-PNW84955	0.149825	0.109872	1.36363
PNW84968-PNW84969	0.164473	0.427685	0.384565
PNW84994-PNW84995	0.692447	1.26169	0.548827
PNW85062-PNW85063	0.377737	0.874471	0.431961
PNW85115-PNW85117	0.0636306	0.102771	0.619151
PNW85159-PNW85160	0.876598	0.946533	0.926115
PNW85163-PNW85165	0.738555	0.814539	0.906716
PNW85192-PNW85193	0.0683359	0.0562883	1.21403
PNW85231-PNW85232	0.221671	0.431514	0.513706
PNW85234-PNW85235	0.156584	0.45653	0.342987
PNW85277-PNW85278	0.821208	1.12053	0.732877
PNW85278-PNW85279	0.734853	0.897484	0.818793
PNW85282-PNW85283	0.351394	0.534707	0.65717
PNW85312-PNW85314	0.253749	0.516926	0.490881
PNW85314-PNW85315	0.169362	0.418827	0.404371
PNW85342-PNW85345	0.819651	1.04297	0.785882
PNW85344-PNW85345	0.429078	0.697256	0.615381
PNW85436-PNW85437	0.313297	0.538807	0.581465
PNW85466-PNW85467	0.767834	1.16957	0.656512
PNW85467-PNW85468	0.056163	0.112776	0.498004
PNW85477-PNW85479	0.173884	0.401457	0.433133
PNW85500-PNW85501	0.128692	0.524706	0.245265
PNW85517-PNW85521	0.211332	0.18681	1.13127
PNW85518-PNW85521	0.127092	0.22594	0.562502
PNW85525-PNW85526	0.563869	0.70989	0.794304
PNW85527-PNW85528	0.319988	0.618264	0.51756
PNW85536-PNW85537	0.331778	0.381901	0.868754
PNW85542-PNW85543	0.646235	0.8955	0.721647
PNW85543-PNW85544	0.734691	0.929968	0.790018
PNW85544-PNW85545	0.831878	1.01606	0.818727
PNW85545-PNW85546	1.12671	1.10593	1.01879
PNW85582-PNW85583	1.30481	1.01352	1.28741
PNW85606-PNW85607	0.332804	0.446241	0.745795
PNW85619-PNW85620	0.0598552	0.0964324	0.620696
PNW85655-PNW85656	0.258498	0.40135	0.644071
PNW85700-PNW85703	0.034309	0.0692881	0.495164
PNW85706-PNW85707	0.224232	0.690737	0.324627
PNW85747-PNW85748	0.414766	1.26031	0.329098
PNW85780-PNW85781	0.538559	0.829425	0.649316
PNW85818-PNW85819	0.346376	0.672355	0.515168
PNW85840-PNW85841	0.810057	1.22308	0.662309
PNW85841-PNW85842	0.341131	0.599313	0.569204
PNW85842-PNW85843	0.611199	0.845115	0.723213
PNW85843-PNW85845	0.65156	0.76284	0.854125
PNW85918-PNW85920	0.556433	1.21072	0.459589
PNW85942-PNW85943	1.0306	0.688215	1.4975
PNW85944-PNW85945	1.04286	0.949585	1.09823
PNW85950-PNW85952	NA	NA	NA
PNW85969-PNW85970	0.387629	0.596324	0.65003
PNW86024-PNW86025	0.247939	0.425283	0.582997
PNW86047-PNW86048	0.0482133	0.0456514	1.05612
PNW86051-PNW86052	0.0678472	0.0749913	0.904734
PNW86052-PNW86053	0.106997	0.353578	0.302611
PNW86078-PNW86079	1.29032	1.35126	0.954904
PNW86083-PNW86084	1.17725	1.319	0.892533
PNW86115-PNW86116	0.148066	0.227089	0.652019
PNW86140-PNW86142	0.699001	0.992608	0.704206
PNW86176-PNW86177	0.463738	0.741455	0.625443
PNW86220-PNW86221	0.265733	0.398903	0.666159
PNW86221-PNW86222	0.0847674	0.179143	0.473183
PNW86226-PNW86228	0.84224	1.19086	0.707256
PNW86239-PNW86240	0.268412	0.497189	0.539859
PNW86250-PNW86251	0.105193	0.346426	0.303652
PNW86260-PNW86261	0.0973849	0.129789	0.75033
PNW86270-PNW86272	0.626971	0.875473	0.716151
PNW86272-PNW86273	0.695055	0.861078	0.807191
PNW86294-PNW86296	0.0657779	0.162469	0.404863
PNW86321-PNW86322	0.798991	1.06944	0.747109
PNW86326-PNW86327	0.272413	0.273185	0.997176
PNW86327-PNW86328	0.149285	0.146801	1.01692
PNW86328-PNW86329	0.237057	0.349309	0.678645
PNW86343-PNW86345	0.00226418	0.00689636	0.328315
PNW86360-PNW86361	0.547767	0.773955	0.707751
PNW86361-PNW86364	0.714628	0.796795	0.896879
PNW86387-PNW86388	0.102792	0.429598	0.239275
PNW86455-PNW86456	0.391231	0.612076	0.639187
PNW86456-PNW86457	0.50464	0.895564	0.563488
PNW86471-PNW86472	0.592443	1.25336	0.472684
PNW86472-PNW86473	0.280922	0.627447	0.447722
PNW86473-PNW86474	0.638478	1.29301	0.493793
PNW86507-PNW86508	0.345359	0.570355	0.605517
PNW86508-PNW86509	0.47413	0.642168	0.738326
PNW86509-PNW86511	0.452323	0.569653	0.794032
PNW86512-PNW86513	0.0227509	0.0827169	0.275045
PNW86550-PNW86551	0.0795753	0.123417	0.644766
PNW86551-PNW86552	0.0483294	0.051493	0.938563
PNW86592-PNW86593	0.115811	0.0574567	2.01562
PNW86613-PNW86614	0.107573	0.182782	0.588533
PNW86636-PNW86637	0.975529	1.1032	0.884274
PNW86656-PNW86657	1.11706	1.3537	0.825195
PNW86656-PNW86658	0.109631	0.0945942	1.15896
PNW86657-PNW86659	0.456544	0.61844	0.738219
PNW86662-PNW86663	0.306919	0.387805	0.791427
PNW86672-PNW86673	0.131123	0.188233	0.696602
PNW86673-PNW86675	0.768249	0.645896	1.18943
PNW86677-PNW86679	0.0686961	0.0731308	0.93936
PNW86678-PNW86680	0.0351365	0.0672963	0.522116
PNW86679-PNW86681	1.34608	1.15559	1.16485
PNW86691-PNW86692	0.0494138	0.0736779	0.670674
PNW86699-PNW86700	0.00885146	0.0118817	0.744964
PNW86704-PNW86705	0.4925	0.735892	0.669256
PNW86760-PNW86761	0.749401	1.01338	0.739508
PNW86821-PNW86822	0.289417	0.778922	0.371561
PNW86864-PNW86865	0.107331	0.533595	0.201147
PNW86898-PNW86899	0.848859	1.15719	0.733552
PNW86904-PNW86905	0.160488	0.178526	0.898964
PNW87033-PNW87034	0.361189	0.563316	0.641183
PNW87075-PNW87076	0.401487	0.824963	0.486673
PNW87090-PNW87091	0.054394	0.260628	0.208704
PNW87092-PNW87093	1.2426	1.32156	0.940254
PNW87182-PNW87184	0.356745	0.818319	0.435948
PNW87218-PNW87219	0.268825	0.564924	0.47586
PNW87224-PNW87225	0.364891	0.592245	0.616114
PNW87269-PNW87270	0.0685292	0.220636	0.310598
PNW87270-PNW87271	0.031818	0.0829128	0.383752
PNW87303-PNW87304	0.46026	0.634103	0.725844
PNW87347-PNW87348	0.361371	0.50367	0.717475
PNW87350-PNW87351	0.459678	0.753679	0.609913
PNW87351-PNW87352	0.837556	0.996979	0.840093
PNW87371-PNW87372	0.0119539	0.0463879	0.257695
PNW87372-PNW87373	0.67055	0.421564	1.59062
PNW87399-PNW87400	0.213947	0.700167	0.305565
PNW87429-PNW87430	0.152191	0.431234	0.352921
PNW87459-PNW87461	0.0219363	0.143175	0.153213
PNW87461-PNW87462	0.199007	0.478597	0.415814
PNW87462-PNW87463	0.0134551	0.0567704	0.237008
PNW87478-PNW87479	0.174751	0.373721	0.467598
PNW87486-PNW87488	0.648431	0.701268	0.924655
PNW87491-PNW87492	0.267493	0.322922	0.828353
PNW87492-PNW87493	0.0535153	0.0909633	0.588317
PNW87493-PNW87494	0.427388	0.511425	0.83568
PNW87507-PNW87509	0.345658	0.500059	0.691233
PNW87509-PNW87511	0.465793	0.58222	0.80003
PNW87529-PNW87531	0.157756	0.485703	0.324799
PNW87531-PNW87533	0.167336	0.597916	0.279866
PNW87578-PNW87576	0.101957	0.144473	0.705712
PNW87599-PNW87600	0.108123	0.561536	0.192548
PNW87600-PNW87602	0.935487	1.60187	0.583995
PNW87670-PNW87671	1.0102	1.03357	0.977389
PNW87726-PNW87728	0.756538	0.64872	1.1662
PNW87746-PNW87745	0.232782	0.509826	0.45659
PNW87746-PNW87747	0.137209	0.272444	0.503624
PNW87747-PNW87748	0.866537	0.968454	0.894763
PNW87775-PNW87777	0.560178	0.670988	0.834855
PNW87800-PNW87801	0.989993	0.880301	1.12461
PNW87844-PNW87845	0.25738	0.631451	0.407601
PNW87861-PNW87863	0.0975911	0.401098	0.24331
PNW87870-PNW87871	0.30843	0.28682	1.07534
PNW87871-PNW87872	0.761134	0.520421	1.46253
PNW87880-PNW87881	0.322381	0.979841	0.329013
PNW87983-PNW87986	0.590255	0.951104	0.6206
PNW88037-PNW88038	0.550971	1.42813	0.385798
PNW88041-PNW88042	0.377363	0.652019	0.578761
PNW88045-PNW88046	0.972734	1.39831	0.695647
PNW88048-PNW88049	0.399729	0.70535	0.566711
PNW88064-PNW88065	0.520588	1.00355	0.518745
PNW88065-PNW88066	0.659288	1.14004	0.578301
PNW88066-PNW88069	0.465213	0.805357	0.577647
PNW88082-PNW88083	0.546794	0.79365	0.688962
PNW88112-PNW88114	1.12114	1.74363	0.642994
PNW88223-PNW88225	0.88226	1.03429	0.853009
PNW88303-PNW88304	0.646503	1.13073	0.571757
PNW88329-PNW88330	0.331547	0.625118	0.530375
PNW88330-PNW88331	0.223013	0.409692	0.544343
PNW88374-PNW88375	0.16536	0.289905	0.570393
PNW88375-PNW88376	0.120258	0.212004	0.567246
PNW88376-PNW88377	0.398366	0.638762	0.623653
PNW88461-PNW88463	0.836369	1.07258	0.779773
PNW88470-PNW88471	0.0080552	0.22563	0.0357009
PNW88532-PNW88533	0.324446	0.342366	0.947657
PNW88582-PNW88583	0.444809	0.918295	0.484385
PNW88603-PNW88604	0.335913	0.700303	0.479667
PNW88670-PNW88672	0.0173868	0.042183	0.412177
PNW88680-PNW88681	0.774621	0.97574	0.79388
PNW88739-PNW88740	1.22843	1.29229	0.95058
PNW88745-PNW88747	0.0167805	0.105204	0.159504
PNW88746-PNW88747	0.026646	0.0984354	0.270695
PNW88788-PNW88789	0.598024	0.741723	0.806263
PNW88807-PNW88810	0.16032	0.806386	0.198812
PNW88830-PNW88831	0.00123664	0.00333309	0.371018
PNW88831-PNW88832	0.000617934	0.00333498	0.185289
PNW88839-PNW88840	0.0169038	0.0457036	0.369856
PNW88840-PNW88842	0.0012369	0.00166375	0.743437
PNW88870-PNW88872	0.749524	1.11228	0.673862
PNW88922-PNW88924	0.900211	0.90195	0.998072
PNW88932-PNW88933	0.413168	0.584921	0.706365
PNW88972-PNW88974	0.683736	1.06718	0.640693
PNW89010-PNW89011	0.0130561	0.0443604	0.294319
PNW89063-PNW89064	0.10622	0.138583	0.766469
PNW89064-PNW89065	0.117227	0.154857	0.757003
PNW89065-PNW89066	0.0413118	0.0488304	0.846026
PNW89078-PNW89079	0.588642	0.802987	0.733065
