Seq	Ka	Ks	Ka/Ks
PRCOL_00000234-RA-PRCOL_00000235-RA	0.491771	0.500927	0.981723
PRCOL_00000800-RA-PRCOL_00000801-RA	0.745302	0.681801	1.09314
PRCOL_00000804-RA-PRCOL_00000805-RA	1.11498	2.58194	0.431837
PRCOL_00001220-RA-PRCOL_00001221-RA	0.0171593	0.0891624	0.192451
PRCOL_00002058-RA-PRCOL_00002059-RA	0.827126	0.651088	1.27037
PRCOL_00002392-RA-PRCOL_00002393-RA	0.131091	0.326945	0.400958
PRCOL_00002393-RA-PRCOL_00002394-RA	0.097561	0.278213	0.35067
PRCOL_00002397-RA-PRCOL_00002398-RA	0.176217	0.29964	0.588098
PRCOL_00002442-RA-PRCOL_00002443-RA	0.643654	0.652795	0.985996
PRCOL_00002583-RA-PRCOL_00002584-RA	NA	NA	NA
PRCOL_00002728-RA-PRCOL_00002729-RA	0.848201	1.06507	0.796377
PRCOL_00003168-RA-PRCOL_00003169-RA	1.69928	0.918015	1.85104
PRCOL_00003849-RA-PRCOL_00003850-RA	0.956275	1.44224	0.663049
PRCOL_00003916-RA-PRCOL_00003917-RA	0.76161	1.30657	0.582907
PRCOL_00003990-RA-PRCOL_00003991-RA	0.730977	0.897735	0.814246
PRCOL_00004094-RA-PRCOL_00004095-RA	1.25935	1.04605	1.20391
PRCOL_00004277-RA-PRCOL_00004278-RA	0.0494705	0.101353	0.488102
PRCOL_00004521-RA-PRCOL_00004522-RA	0.0112	0.0192593	0.581538
PRCOL_00004855-RA-PRCOL_00004857-RA	0.0267291	0.139598	0.191472
PRCOL_00005160-RA-PRCOL_00005161-RA	0.0355527	0.0358877	0.990663
PRCOL_00006039-RA-PRCOL_00006040-RA	1.01481	0.799351	1.26954
PRCOL_00006218-RA-PRCOL_00006219-RA	0.751078	1.3282	0.565484
PRCOL_00006231-RA-PRCOL_00006232-RA	0.618971	0.495827	1.24836
PRCOL_00006266-RA-PRCOL_00006268-RA	0.496434	0.776573	0.639263
PRCOL_00006268-RA-PRCOL_00006270-RA	0.131019	0.210494	0.622437
PRCOL_00006298-RA-PRCOL_00006299-RA	0.168264	0.296658	0.567198
PRCOL_00006806-RA-PRCOL_00006807-RA	NA	NA	NA
PRCOL_00006807-RA-PRCOL_00006808-RA	NA	NA	NA
PRCOL_00006808-RA-PRCOL_00006809-RA	NA	NA	NA
PRCOL_00006875-RA-PRCOL_00006876-RA	1.02324	0.642104	1.59358
PRCOL_00007028-RA-PRCOL_00007029-RA	0.784818	0.87205	0.899969
PRCOL_00007243-RA-PRCOL_00007244-RA	0.652185	1.56036	0.417972
PRCOL_00007286-RA-PRCOL_00007287-RA	0.788213	1.05167	0.749484
