Seq	Ka	Ks	Ka/Ks
ERM93425-ERM93426	1.09722	3.87947	0.282826
ERM93425-ERM93427	0.0910452	0.0234182	3.88779
ERM93521-ERM93522	0.158787	0.242549	0.65466
ERM93522-ERM93523	0.191153	0.340203	0.561879
ERM93547-ERM93548	0.836156	NA	NA
ERM93586-ERM93587	0.118798	0.231956	0.512158
ERM93589-ERM93590	0.155572	0.539734	0.288239
ERM93601-ERM93602	0.170824	0.962248	0.177526
ERM93604-ERM93605	0.0204742	0.134626	0.152082
ERM93605-ERM93606	0.209	NA	NA
ERM93617-ERM93618	0.137792	0.33512	0.411173
ERM93618-ERM93619	0.200858	0.350786	0.572595
ERM93619-ERM93620	0.19234	0.403616	0.476543
ERM93628-ERM93629	0.23283	1.1711	0.198813
ERM93703-ERM93704	0.290933	0.509795	0.570685
ERM93712-ERM93714	0.250445	0.333957	0.749931
ERM93715-ERM93716	0.161418	0.204459	0.789487
ERM93725-ERM93726	0.0677451	0.260241	0.260317
ERM93816-ERM93817	0.032102	0.107351	0.299038
ERM93817-ERM93819	0.0578979	0.0874593	0.661998
ERM93933-ERM93935	0.182536	0.496696	0.3675
ERM93934-ERM93936	0.0404087	0.0446415	0.905182
ERM93952-ERM93953	0.579631	0.912018	0.635548
ERM93994-ERM93995	0.0138738	0.0260298	0.532996
ERM94027-ERM94029	0.0900704	0.128614	0.700315
ERM94039-ERM94040	0.508674	NA	NA
ERM94040-ERM94041	0.35256	NA	NA
ERM94058-ERM94059	0.152297	0.230638	0.660327
ERM94077-ERM94078	0.0628427	0.124791	0.503585
ERM94078-ERM94079	0.0485626	0.113649	0.427304
ERM94115-ERM94116	0.0368881	0.162381	0.22717
ERM94116-ERM94117	0.215615	0.488291	0.441572
ERM94117-ERM94118	0.110472	0.139025	0.794623
ERM94118-ERM94119	0.10976	0.0666842	1.64596
ERM94119-ERM94120	0.305827	0.438281	0.697789
ERM94124-ERM94126	0.108359	0.275231	0.393701
ERM94138-ERM94139	0.166737	0.273854	0.608856
ERM94153-ERM94154	0.715391	NA	NA
ERM94154-ERM94156	0.273675	1.91164	0.143162
ERM94179-ERM94180	0.0581555	0.0633182	0.918465
ERM94208-ERM94210	0.230216	0.215393	1.06882
ERM94209-ERM94211	0.0331519	0.155001	0.213881
ERM94215-ERM94216	0.149799	0.769407	0.194694
ERM94226-ERM94227	0.374329	3.99795	0.0936302
ERM94271-ERM94272	0.0275231	0.0435073	0.63261
ERM94272-ERM94273	0.0196541	0.029023	0.677192
ERM94273-ERM94274	NA	NA	NA
ERM94298-ERM94299	0.460736	0.711228	0.647804
ERM94304-ERM94305	0.0199537	0.0253298	0.787757
ERM94305-ERM94306	0.0310925	0.0372749	0.834141
ERM94307-ERM94308	0.21633	0.583712	0.37061
ERM94313-ERM94314	0.16341	0.358101	0.456324
ERM94336-ERM94337	0.297058	1.03766	0.286277
ERM94340-ERM94341	0.152736	0.290584	0.525618
ERM94354-ERM94356	0.336609	0.56957	0.590987
ERM94375-ERM94376	0.0570589	0.121006	0.471539
ERM94375-ERM94377	0.0456357	0.146818	0.310831
ERM94385-ERM94386	0.302548	1.04271	0.290156
ERM94385-ERM94387	0.383294	1.7856	0.214658
ERM94386-ERM94388	0.303924	1.06887	0.284342
ERM94400-ERM94402	0.196207	0.146025	1.34366
ERM94459-ERM94461	0.0885617	0.275676	0.321253
ERM94460-ERM94461	0.269438	0.457713	0.588662
ERM94462-ERM94463	0.323872	1.08346	0.298923
ERM94463-ERM94464	0.308331	1.35669	0.227267
ERM94502-ERM94504	0.377875	2.24091	0.168625
ERM94503-ERM94504	0.345857	1.32875	0.260287
ERM94509-ERM94510	0.438547	0.987124	0.444267
ERM94515-ERM94516	0.649057	0.758342	0.855889
ERM94562-ERM94563	0.261494	1.25329	0.208647
ERM94595-ERM94596	0.539615	2.40166	0.224684
ERM94610-ERM94611	0.121798	0.118565	1.02727
ERM94618-ERM94619	0.478594	0.709298	0.674744
ERM94628-ERM94630	0.249139	1.09331	0.227877
ERM94652-ERM94653	0.0398173	0.0696941	0.571314
ERM94653-ERM94654	0.0176223	0.0505266	0.348772
ERM94658-ERM94659	0.362165	0.729614	0.496379
ERM94686-ERM94687	0.591709	NA	NA
ERM94691-ERM94692	0.0473646	0.134734	0.351541
ERM94703-ERM94704	0.0573099	0.180332	0.317802
ERM94709-ERM94711	0.190901	0.351482	0.543132
ERM94741-ERM94742	0.327719	0.543494	0.602985
ERM94748-ERM94749	0.0791082	0.289167	0.273573
ERM94748-ERM94750	0.3947	0.775555	0.508926
ERM94783-ERM94785	0.111141	0.236657	0.46963
ERM94785-ERM94786	0.133758	0.166738	0.802204
ERM94786-ERM94788	0.119894	0.347768	0.344752
ERM94816-ERM94818	0.142181	0.196573	0.723298
ERM94817-ERM94818	0.03106	0.0354272	0.876728
ERM94844-ERM94845	0.0924699	0.126111	0.733242
ERM94871-ERM94872	0.206627	0.306931	0.673203
ERM94872-ERM94873	0.478864	2.13907	0.223865
ERM94873-ERM94874	0.246138	0.482269	0.510375
ERM94874-ERM94875	0.23883	0.427134	0.559146
ERM94875-ERM94876	0.470912	1.01912	0.462076
ERM94876-ERM94877	0.144159	0.148386	0.971513
ERM94884-ERM94886	0.227424	1.18931	0.191225
ERM94886-ERM94887	0.0621808	0.245282	0.253507
ERM94896-ERM94898	0.466297	NA	NA
ERM94898-ERM94899	0.267243	1.5943	0.167624
ERM94937-ERM94938	0.755898	NA	NA
ERM94949-ERM94950	0.0631471	0.179414	0.351964
ERM94949-ERM94951	0.0931439	0.15505	0.600733
ERM94993-ERM94994	0.116963	0.521976	0.224077
ERM94999-ERM95000	0.0350157	0.0675291	0.518527
ERM95000-ERM95001	0.202484	0.680912	0.297372
ERM95071-ERM95072	0.169369	0.261367	0.648011
ERM95089-ERM95090	0.0497906	0.14004	0.355547
ERM95099-ERM95100	0.166885	0.248962	0.670322
ERM95136-ERM95137	0.169056	0.302165	0.559483
ERM95138-ERM95140	0.0510785	0.0694422	0.735554
ERM95139-ERM95141	0.0931597	0.171423	0.543451
ERM95141-ERM95142	0.174232	0.324749	0.536514
ERM95143-ERM95144	0.0575159	0.158792	0.362209
ERM95166-ERM95168	0.590684	0.690067	0.855981
ERM95186-ERM95187	0.342341	1.10644	0.309407
ERM95227-ERM95228	0.154781	0.879144	0.176058
ERM95231-ERM95232	0.107244	1.12524	0.0953078
ERM95274-ERM95275	0.273107	0.241689	1.13
ERM95288-ERM95290	0.44842	1.19821	0.374242
ERM95291-ERM95292	0.191497	0.328883	0.582263
ERM95304-ERM95305	0.773698	1.9153	0.403955
ERM95314-ERM95315	0.0768017	0.124717	0.615807
ERM95323-ERM95324	0.00857884	0.0431572	0.198781
ERM95337-ERM95338	1.0145	2.14439	0.473096
ERM95338-ERM95339	0.676184	0.744064	0.908771
ERM95347-ERM95349	0.0506817	0.0280893	1.8043
ERM95352-ERM95354	0.0905048	0.14861	0.609009
ERM95356-ERM95357	0.439195	0.717039	0.612512
ERM95372-ERM95373	0.204938	1.19138	0.172017
ERM95372-ERM95374	0.300471	1.1453	0.262351
ERM95439-ERM95440	0.289539	1.19449	0.242395
ERM95440-ERM95441	0.396303	1.97691	0.200466
ERM95457-ERM95459	0.0291913	0.0474919	0.614657
ERM95458-ERM95460	0.106869	0.0839924	1.27236
ERM95463-ERM95464	1.20984	NA	NA
ERM95465-ERM95466	0.0978108	0.152712	0.640493
ERM95467-ERM95468	0.246851	0.185875	1.32805
ERM95538-ERM95539	0.470453	NA	NA
ERM95539-ERM95541	0.450718	NA	NA
ERM95606-ERM95607	0.583633	2.27961	0.256024
ERM95614-ERM95615	0.257835	0.340972	0.756178
ERM95616-ERM95618	0.189895	0.321109	0.591372
ERM95617-ERM95619	0.171596	0.316875	0.541525
ERM95618-ERM95620	0.0384751	0.245644	0.15663
ERM95620-ERM95621	0.121923	0.307293	0.396764
ERM95654-ERM95655	0.0668467	0.0805615	0.82976
ERM95655-ERM95656	0.169352	0.91828	0.184423
ERM95658-ERM95659	0.19378	1.00975	0.191909
ERM95659-ERM95660	0.0568916	0.272467	0.208802
ERM95675-ERM95676	0.0463855	0.142138	0.326341
ERM95704-ERM95705	0.12602	0.209718	0.600901
ERM95729-ERM95731	0.0981404	0.137489	0.713807
ERM95738-ERM95739	1.55424	2.52871	0.614639
ERM95770-ERM95772	0.190442	0.339912	0.560269
ERM95783-ERM95784	0.100911	0.217424	0.464122
ERM95784-ERM95785	0.0925308	0.250218	0.369801
ERM95786-ERM95788	0.0837327	0.0698682	1.19844
ERM95830-ERM95831	0.10716	0.225941	0.474281
ERM95855-ERM95856	0.160307	0.317045	0.505629
ERM95859-ERM95860	0.505535	NA	NA
ERM95893-ERM95895	0.201171	0.167988	1.19753
ERM95903-ERM95904	0.363091	0.553531	0.655955
ERM95915-ERM95916	0.0258987	0.0785405	0.32975
ERM95965-ERM95966	0.0448852	0.133018	0.337436
ERM95968-ERM95970	0.0626554	0.176743	0.354501
ERM95969-ERM95970	0.10976	0.166824	0.657941
ERM95970-ERM95971	0.0501624	0.133966	0.374441
ERM95970-ERM95972	0.0926926	0.183354	0.50554
ERM95983-ERM95984	0.104187	0.131343	0.793243
ERM95985-ERM95987	0.136761	0.210112	0.650899
ERM95986-ERM95988	0.0730736	0.0811288	0.900711
ERM95987-ERM95989	0.0938707	0.150273	0.62467
ERM95993-ERM95995	0.534409	NA	NA
ERM95995-ERM95996	0.1403	0.709491	0.197747
ERM96002-ERM96004	0.490451	2.54489	0.19272
ERM96025-ERM96027	0.396195	NA	NA
ERM96056-ERM96058	0.14683	0.301555	0.486912
ERM96069-ERM96071	0.4807	1.41729	0.339169
ERM96071-ERM96072	0.47723	1.05748	0.45129
ERM96072-ERM96073	0.375641	0.947933	0.396273
ERM96073-ERM96075	0.369006	0.960216	0.384295
ERM96130-ERM96131	0.0835943	0.30224	0.276583
ERM96170-ERM96172	0.185246	0.732412	0.252926
ERM96171-ERM96172	0.261221	0.667884	0.391117
ERM96172-ERM96173	0.0421082	0.0444553	0.947204
ERM96174-ERM96176	0.367791	1.59344	0.230816
ERM96175-ERM96176	0.414294	2.52032	0.164381
ERM96182-ERM96183	0.030118	0.0476527	0.632033
ERM96183-ERM96185	0.0490414	0.140132	0.349966
ERM96214-ERM96215	0.0901855	0.187146	0.481899
ERM96348-ERM96349	0.642447	3.27394	0.19623
ERM96373-ERM96375	0.531219	1.65884	0.320236
ERM96374-ERM96375	0.196494	0.51369	0.382516
ERM96375-ERM96376	0.144242	0.445947	0.323451
ERM96376-ERM96377	0.170111	0.338148	0.503066
ERM96377-ERM96378	0.214327	0.501205	0.427624
ERM96381-ERM96383	0.169592	0.263447	0.643743
ERM96382-ERM96383	0.127945	0.218161	0.58647
ERM96383-ERM96384	0.375352	0.779503	0.481527
ERM96384-ERM96385	0.449681	0.95296	0.471878
ERM96385-ERM96386	0.831752	NA	NA
ERM96401-ERM96402	0.0185935	0.0983166	0.189118
ERM96405-ERM96406	0.116595	0.285664	0.408156
ERM96407-ERM96408	0.221213	0.59474	0.371949
ERM96408-ERM96410	0.179891	0.406631	0.442394
ERM96442-ERM96443	0.184609	0.969023	0.19051
ERM96451-ERM96452	0.130473	0.492956	0.264675
ERM96457-ERM96458	0.0633028	0.0875488	0.723057
ERM96480-ERM96482	0.283367	1.22366	0.231573
ERM96509-ERM96510	0.0296009	0.17248	0.171619
ERM96551-ERM96553	1.55807	NA	NA
ERM96553-ERM96554	0.496117	0.779814	0.636199
ERM96554-ERM96555	0.460594	0.613513	0.750749
ERM96563-ERM96564	0.155487	0.532394	0.292052
ERM96564-ERM96566	0.162859	0.530861	0.306784
ERM96574-ERM96575	0.264809	0.713724	0.371024
ERM96594-ERM96595	0.29662	0.526587	0.563289
ERM96596-ERM96597	0.190748	0.290026	0.657695
ERM96597-ERM96598	0.071129	0.197182	0.360727
ERM96598-ERM96599	0.434734	NA	NA
ERM96616-ERM96617	0.836801	NA	NA
ERM96628-ERM96630	0.0952886	0.362471	0.262886
ERM96640-ERM96641	0.1403	0.280295	0.500543
ERM96641-ERM96642	0.170567	0.478981	0.356105
ERM96781-ERM96782	0.0695761	0.155623	0.44708
ERM96872-ERM96873	0.163825	0.28844	0.567971
ERM96880-ERM96881	0.238925	0.370926	0.644131
ERM96914-ERM96915	0.853425	2.23706	0.381495
ERM96922-ERM96924	0.268472	0.962108	0.279046
ERM96952-ERM96953	0.575217	2.20466	0.26091
ERM96953-ERM96954	0.333354	0.871994	0.38229
ERM96967-ERM96968	0.13044	0.448257	0.290994
ERM96969-ERM96971	0.274792	0.497493	0.552354
ERM96970-ERM96971	0.268567	0.723717	0.371094
ERM96984-ERM96985	0.332095	0.41748	0.795476
ERM97007-ERM97009	0.0402955	0.108686	0.370753
ERM97022-ERM97023	0.498978	NA	NA
ERM97024-ERM97026	0.0658595	0.175778	0.374673
ERM97026-ERM97027	0.0908996	0.146926	0.618677
ERM97026-ERM97028	0.351515	0.620373	0.566618
ERM97034-ERM97036	0.0433071	0.0784781	0.551837
ERM97037-ERM97038	0.196397	0.199382	0.985031
ERM97071-ERM97072	0.0958632	0.449398	0.213315
ERM97072-ERM97074	0.118443	0.475264	0.249215
ERM97098-ERM97099	0.0178156	0.00919687	1.93714
ERM97109-ERM97110	0.153331	0.358835	0.427303
ERM97110-ERM97111	0.298126	1.89818	0.157059
ERM97112-ERM97113	0.181093	1.63974	0.11044
ERM97113-ERM97114	0.0853179	0.24485	0.348449
ERM97114-ERM97115	0.0698683	0.204623	0.34145
ERM97116-ERM97117	0.179786	0.41283	0.435496
ERM97117-ERM97118	0.240382	1.42691	0.168464
ERM97138-ERM97139	0.199797	0.30452	0.656104
ERM97154-ERM97155	0.0831687	0.203614	0.408463
ERM97181-ERM97183	0.0295524	0.0387508	0.762627
ERM97182-ERM97183	0.027059	0.0201225	1.34472
ERM97320-ERM97321	0.117341	0.113437	1.03442
ERM97324-ERM97325	0.135138	0.267323	0.505525
ERM97354-ERM97356	0.0123393	0.0233052	0.529464
ERM97358-ERM97359	0.0732084	0.107431	0.681446
ERM97375-ERM97376	0.0936673	0.162385	0.576823
ERM97378-ERM97380	0.0578187	0.119465	0.483979
ERM97403-ERM97404	0.10608	0.385911	0.274882
ERM97419-ERM97420	0.451467	1.05612	0.427479
ERM97471-ERM97472	0.0630796	0.0635448	0.992679
ERM97585-ERM97586	0.0224026	0.020941	1.0698
ERM97590-ERM97591	0.0935716	0.162977	0.57414
ERM97591-ERM97592	0.13246	0.245457	0.539647
ERM97591-ERM97593	0.129328	0.300218	0.430781
ERM97624-ERM97625	0.226204	0.536785	0.421406
ERM97722-ERM97723	0.167866	0.223611	0.750706
ERM97737-ERM97738	0.0696635	0.180538	0.385866
ERM97740-ERM97741	0.00644487	0.0128888	0.500038
ERM97741-ERM97742	0.0294237	0.121404	0.242361
ERM97742-ERM97743	0.0312813	0.0388659	0.804852
ERM97767-ERM97768	0.689901	1.75324	0.393501
ERM97771-ERM97773	0.638258	1.24826	0.51132
ERM97784-ERM97785	0.181208	0.39768	0.455663
ERM97791-ERM97793	0.0723913	0.16277	0.444747
ERM97792-ERM97794	0.110509	0.176114	0.627484
ERM97793-ERM97795	0.139004	0.317363	0.437996
ERM97794-ERM97796	0.475977	0.779733	0.610436
ERM97829-ERM97831	1.60057	1.61003	0.994124
ERM97847-ERM97848	0.295175	NA	NA
ERM97993-ERM97994	0.19447	1.03226	0.188392
ERM97994-ERM97995	0.222698	1.62384	0.137143
ERM97995-ERM97997	0.157995	1.24342	0.127065
ERM98024-ERM98025	0.101479	0.210694	0.481641
ERM98033-ERM98035	0.474692	3.66302	0.12959
ERM98104-ERM98105	0.0152624	0.0551399	0.276794
ERM98106-ERM98107	0.0225913	0.0361383	0.625135
ERM98127-ERM98128	0.0763092	0.114423	0.666902
ERM98127-ERM98129	0.111	0.130698	0.849292
ERM98155-ERM98156	0.528716	NA	NA
ERM98159-ERM98160	0.13058	0.4158	0.314045
ERM98161-ERM98162	0.0372232	0.274409	0.135648
ERM98162-ERM98163	0.041388	0.105227	0.393319
ERM98202-ERM98204	0.76219	NA	NA
ERM98209-ERM98210	0.363559	0.521081	0.697702
ERM98219-ERM98220	0.14541	0.323907	0.448926
ERM98220-ERM98221	0.243238	0.681935	0.356689
ERM98220-ERM98222	0.49204	1.01001	0.487162
ERM98223-ERM98224	0.211806	0.253455	0.835675
ERM98223-ERM98225	0.125697	0.112339	1.1189
ERM98224-ERM98226	0.146812	0.137674	1.06637
ERM98230-ERM98231	0.224598	0.510992	0.439532
ERM98231-ERM98232	0.227789	0.418152	0.544752
ERM98232-ERM98233	0.12419	0.216367	0.573978
ERM98233-ERM98234	0.178539	0.360921	0.494677
ERM98234-ERM98235	0.143997	0.214453	0.671463
ERM98235-ERM98236	0.121645	0.177043	0.687094
ERM98263-ERM98264	0.114247	0.317486	0.359848
ERM98337-ERM98338	0.454571	2.87804	0.157944
ERM98381-ERM98383	0.0714222	0.126814	0.563204
ERM98383-ERM98384	0.112761	0.383961	0.293679
ERM98385-ERM98386	0.0748592	0.149183	0.501794
ERM98409-ERM98410	0.080973	0.295491	0.274029
ERM98412-ERM98413	0.023766	0.145698	0.163118
ERM98413-ERM98414	0.208694	0.459529	0.454148
ERM98467-ERM98469	0.0134398	0.0403992	0.332676
ERM98468-ERM98470	0.0156745	0.0778579	0.201322
ERM98585-ERM98586	0.0603937	0.121171	0.498419
ERM98595-ERM98596	0.203446	0.870132	0.23381
ERM98617-ERM98618	0.0461414	0.104782	0.440356
ERM98645-ERM98646	0.410506	1.2625	0.325152
ERM98645-ERM98647	0.17947	0.510957	0.351243
ERM98649-ERM98650	0.450078	2.5737	0.174876
ERM98654-ERM98656	0.548077	0.861343	0.636306
ERM98660-ERM98661	0.130902	0.324488	0.40341
ERM98678-ERM98680	0.126472	0.20043	0.631005
ERM98679-ERM98681	0.831705	1.37557	0.604626
ERM98691-ERM98692	0.0975744	0.225965	0.431811
ERM98703-ERM98704	0.146454	0.053588	2.73295
ERM98704-ERM98705	0.0135571	NA	NA
ERM98707-ERM98708	0.399481	1.64661	0.242608
ERM98712-ERM98714	0.966892	2.3157	0.417537
ERM98713-ERM98714	0.27995	0.339737	0.824018
ERM98746-ERM98747	0.15199	0.166583	0.912397
ERM98843-ERM98844	0.472301	1.3988	0.337647
ERM98870-ERM98872	0.351666	0.543659	0.646851
ERM98871-ERM98873	0.0285758	0.0592349	0.482414
ERM98872-ERM98874	0.0631633	0.032488	1.9442
ERM98874-ERM98875	0.0257493	0.101048	0.254823
ERM98897-ERM98899	0.307897	1.86272	0.165294
ERM98899-ERM98901	0.32869	1.646	0.199691
ERM98900-ERM98901	0.224999	1.19538	0.188224
ERM98916-ERM98917	0.0371893	0.219357	0.169538
ERM98953-ERM98954	0.0704001	0.0691879	1.01752
ERM98954-ERM98955	0.0574048	0.0783649	0.732531
ERM98955-ERM98956	0.0221478	0.0297271	0.745038
ERM98956-ERM98957	0.155798	0.289896	0.537428
ERM98997-ERM98998	0.225161	1.99025	0.113132
ERM99020-ERM99021	0.0385407	0.088026	0.437833
ERM99033-ERM99034	0.158269	0.42881	0.369088
ERM99043-ERM99044	0.074426	0.119368	0.623499
ERM99049-ERM99051	0.723912	1.64199	0.440876
ERM99145-ERM99146	0.13198	0.296824	0.444642
ERM99146-ERM99147	0.302995	1.4728	0.205727
ERM99150-ERM99151	0.0359245	0.258102	0.139188
ERM99151-ERM99152	0.0198226	0.174704	0.113464
ERM99152-ERM99153	0.0315477	0.103107	0.30597
ERM99164-ERM99165	0.228701	2.014	0.113556
ERM99168-ERM99170	0.0140418	0.120667	0.116368
ERM99189-ERM99191	0.118863	0.301666	0.394021
ERM99307-ERM99309	0.356375	0.808071	0.441019
ERM99309-ERM99310	0.0592738	0.0861201	0.688269
ERM99352-ERM99354	0.0547316	0.0473449	1.15602
ERM99354-ERM99356	0.0711893	0.0756276	0.941313
ERM99365-ERM99366	0.00664309	0.0381568	0.1741
ERM99424-ERM99426	0.535585	3.33136	0.160771
ERM99435-ERM99436	0.00971882	0.352592	0.0275639
ERM99441-ERM99443	0.10641	0.641836	0.165791
ERM99442-ERM99444	0.0393222	0.148442	0.2649
ERM99443-ERM99445	0.100759	0.277085	0.363638
ERM99444-ERM99446	0.0912899	0.292113	0.312515
ERM99445-ERM99446	0.168473	0.786148	0.214303
ERM99446-ERM99447	0.101586	0.247517	0.410421
ERM99451-ERM99453	0.315844	0.565643	0.558381
ERM99459-ERM99460	0.475082	0.649977	0.730922
ERM99492-ERM99493	0.658776	NA	NA
ERM99514-ERM99515	0.366162	1.98314	0.184637
ERM99515-ERM99516	0.113946	0.169522	0.672163
ERM99517-ERM99518	1.27647	NA	NA
ERM99518-ERM99520	0.614381	NA	NA
ERM99522-ERM99524	0.219085	1.24981	0.175296
ERM99523-ERM99524	0.385216	1.08411	0.355329
ERM99570-ERM99571	0.0699596	0.0902517	0.775161
ERM99575-ERM99576	0.439146	2.60044	0.168874
ERM99577-ERM99579	0.492931	0.887718	0.555278
ERM99604-ERM99606	0.175745	0.482243	0.364432
ERM99605-ERM99606	0.258181	0.506495	0.50974
ERM99627-ERM99629	0.178703	0.242261	0.737645
ERM99628-ERM99630	0.18977	0.166116	1.14239
ERM99631-ERM99632	0.0543274	0.185951	0.29216
ERM99632-ERM99633	0.0582774	0.209908	0.277634
ERM99633-ERM99634	0.0622437	0.242522	0.256652
ERM99643-ERM99644	0.488711	1.60718	0.304079
ERM99662-ERM99663	0.0823961	0.161957	0.508754
ERM99688-ERM99689	0.529295	2.33496	0.226683
ERM99695-ERM99696	0.27569	3.30846	0.0833287
ERM99725-ERM99727	0.295452	0.396864	0.744468
ERM99726-ERM99727	0.156775	0.195523	0.80182
ERM99727-ERM99728	0.22039	1.37809	0.159924
ERM99735-ERM99736	0.0231913	0.0249722	0.928682
ERM99765-ERM99766	0.0177874	0.0943397	0.188546
ERM99766-ERM99767	0.311152	1.21473	0.256149
ERM99843-ERM99844	0.13636	0.12586	1.08342
ERM99880-ERM99882	0.389521	0.431427	0.902866
ERM99881-ERM99883	0.256915	0.449782	0.571197
ERM99894-ERM99895	0.303587	1.89768	0.159978
ERM99923-ERM99925	0.216522	0.26409	0.819877
ERM99924-ERM99926	0.0493914	NA	NA
ERM99939-ERM99940	0.133505	0.212704	0.627653
ERM99950-ERM99952	0.252317	1.07672	0.234339
ERM99954-ERM99956	0.0782021	0.192761	0.405696
ERM99955-ERM99957	0.052291	0.216652	0.241359
ERM99956-ERM99958	0.209459	1.24506	0.168233
ERM99957-ERM99959	0.153365	0.518177	0.29597
ERM99958-ERM99960	0.173982	0.35646	0.488083
ERM99959-ERM99961	0.107572	0.232393	0.462886
ERM99960-ERM99962	0.117962	0.173424	0.680196
ERM99961-ERM99963	0.0729138	0.252188	0.289125
ERM99962-ERM99964	0.354282	0.513201	0.690337
ERM99963-ERM99965	0.154686	0.311572	0.496469
ERN00058-ERN00059	0.210512	0.379298	0.555004
ERN00065-ERN00066	0.283868	0.558782	0.508011
ERN00085-ERN00086	0.888468	1.97898	0.448953
ERN00094-ERN00095	0.177523	0.230577	0.769906
ERN00101-ERN00103	0.0235738	0.0716531	0.329
ERN00122-ERN00124	0.327277	0.517491	0.63243
ERN00169-ERN00171	0.0508783	0.230904	0.220344
ERN00170-ERN00171	0.0484043	0.130087	0.372092
ERN00199-ERN00201	0.162652	0.27595	0.589426
ERN00200-ERN00202	0.41755	0.582867	0.716373
ERN00204-ERN00205	0.264951	1.16428	0.227566
ERN00205-ERN00206	0.0788998	0.275408	0.286483
ERN00232-ERN00233	0.246983	0.442932	0.557609
ERN00327-ERN00328	0.37005	1.49671	0.247241
ERN00341-ERN00343	0.17112	1.05366	0.162406
ERN00344-ERN00346	0.114574	0.190496	0.601454
ERN00356-ERN00357	0.0210258	0.0738793	0.284597
ERN00387-ERN00389	0.13903	0.195906	0.709675
ERN00397-ERN00398	0.0588259	0.162041	0.36303
ERN00400-ERN00401	0.0934482	0.178538	0.523408
ERN00422-ERN00424	0.0612495	0.100205	0.611244
ERN00423-ERN00424	0.0448616	0.0569846	0.787258
ERN00462-ERN00463	0.034541	0.063783	0.54154
ERN00475-ERN00476	0.142905	1.63316	0.0875026
ERN00546-ERN00547	0.0255801	0.0452562	0.56523
ERN00663-ERN00664	0.251066	0.748231	0.335546
ERN00665-ERN00667	0.0571715	0.0796842	0.717476
ERN00666-ERN00668	0.159388	0.362269	0.439969
ERN00667-ERN00669	0.0973196	0.341938	0.284611
ERN00668-ERN00670	0.207621	0.363589	0.571032
ERN00675-ERN00677	0.0928386	0.182276	0.50933
ERN00676-ERN00678	0.0243255	0.0245647	0.990262
ERN00694-ERN00695	0.369085	0.587023	0.62874
ERN00745-ERN00746	0.204133	0.300462	0.679397
ERN00766-ERN00768	0.852734	2.39088	0.356661
ERN00771-ERN00772	0.245848	0.55294	0.44462
ERN00771-ERN00773	0.290305	0.42649	0.680683
ERN00777-ERN00778	0.163398	0.347187	0.470634
ERN00777-ERN00779	0.0663708	0.756535	0.08773
ERN00792-ERN00793	0.148713	0.815411	0.182378
ERN00842-ERN00843	0.0564931	0.0991851	0.569573
ERN00845-ERN00847	0.135615	0.564846	0.240092
ERN00846-ERN00847	0.280154	0.860373	0.325619
ERN00848-ERN00849	0.301024	0.855926	0.351693
ERN00849-ERN00850	0.12052	0.627161	0.192168
ERN00875-ERN00876	0.041992	0.155842	0.269452
ERN00974-ERN00975	0.0738526	0.191622	0.385408
ERN00975-ERN00976	0.1192	0.265288	0.449324
ERN00975-ERN00977	0.0530572	0.16352	0.324468
ERN00993-ERN00994	0.281163	1.31688	0.213507
ERN01000-ERN01002	0.206801	0.551941	0.37468
ERN01001-ERN01002	0.27691	0.422189	0.655891
ERN01002-ERN01003	0.0122137	0.0196107	0.622807
ERN01003-ERN01004	0.0480411	0.163243	0.294292
ERN01004-ERN01005	0.00939894	0.0297897	0.31551
ERN01004-ERN01006	0.0500183	0.111773	0.4475
ERN01013-ERN01014	0.203464	1.61761	0.125781
ERN01027-ERN01028	0.211236	0.393346	0.537024
ERN01029-ERN01030	0.248079	0.253124	0.98007
ERN01077-ERN01078	0.119111	0.123986	0.960676
ERN01083-ERN01084	0.746925	NA	NA
ERN01103-ERN01104	0.129636	0.846395	0.153163
ERN01104-ERN01105	0.138772	0.434737	0.31921
ERN01186-ERN01187	0.00365954	0.0338316	0.108169
ERN01198-ERN01200	0.110814	0.556228	0.199225
ERN01200-ERN01201	0.115126	0.495029	0.232563
ERN01208-ERN01209	0.355333	0.411	0.864557
ERN01214-ERN01215	0.392731	0.170517	2.30317
ERN01254-ERN01255	0.198237	0.295944	0.669847
ERN01269-ERN01270	0.216639	1.69873	0.12753
ERN01302-ERN01304	0.160557	0.565188	0.284077
ERN01303-ERN01304	0.156242	0.519338	0.300848
ERN01315-ERN01317	0.0382715	0.2059	0.185875
ERN01324-ERN01326	0.252318	1.76614	0.142864
ERN01325-ERN01326	0.301926	0.722082	0.418132
ERN01326-ERN01327	0.0976424	0.239511	0.407674
ERN01328-ERN01330	0.358185	1.22419	0.292589
ERN01330-ERN01331	0.478101	1.68162	0.28431
ERN01333-ERN01334	0.15298	0.805706	0.189871
ERN01334-ERN01335	0.0785766	0.302843	0.259463
ERN01335-ERN01336	0.200125	0.460697	0.434397
ERN01336-ERN01337	0.0414573	0.10999	0.376919
ERN01337-ERN01338	0.526808	3.21868	0.163672
ERN01354-ERN01355	0.137546	0.420801	0.326868
ERN01356-ERN01358	0.446251	NA	NA
ERN01358-ERN01359	0.121752	0.229297	0.530979
ERN01362-ERN01363	0.056342	0.153666	0.366653
ERN01375-ERN01376	0.569649	1.61122	0.353552
ERN01394-ERN01396	0.344779	0.562536	0.612901
ERN01395-ERN01396	0.0790639	0.243482	0.324721
ERN01406-ERN01407	0.329934	1.40967	0.234051
ERN01436-ERN01438	0.423729	2.59252	0.163443
ERN01448-ERN01449	0.25103	1.04839	0.239443
ERN01455-ERN01456	0.0599267	0.113968	0.525821
ERN01506-ERN01507	0.0954104	0.540611	0.176486
ERN01507-ERN01508	0.0569611	0.0934254	0.609695
ERN01513-ERN01514	0.406392	0.894152	0.4545
ERN01517-ERN01518	0.231245	NA	NA
ERN01525-ERN01526	0.479579	2.46279	0.194729
ERN01579-ERN01581	0.103507	0.212499	0.487095
ERN01580-ERN01581	0.583218	0.889218	0.655878
ERN01582-ERN01584	0.0295593	0.283101	0.104412
ERN01587-ERN01588	0.944112	1.88615	0.500549
ERN01590-ERN01591	0.359004	1.30238	0.275651
ERN01592-ERN01593	0.549953	0.931368	0.590479
ERN01601-ERN01602	0.172234	0.229352	0.750957
ERN01602-ERN01604	0.116934	0.164318	0.711631
ERN01610-ERN01611	0.147564	0.286755	0.514599
ERN01638-ERN01639	0.0159515	0.013176	1.21065
ERN01657-ERN01659	0.0868249	0.0767694	1.13098
ERN01675-ERN01677	0.137324	0.211026	0.650744
ERN01677-ERN01678	0.0949334	0.157646	0.602192
ERN01701-ERN01702	0.147542	0.32224	0.457865
ERN01707-ERN01708	0.0476041	0.111561	0.426709
ERN01738-ERN01739	0.109498	0.229529	0.477055
ERN01822-ERN01824	0.179342	0.307072	0.58404
ERN01870-ERN01871	0.0662753	0.419441	0.158009
ERN01871-ERN01872	0.0912723	0.290748	0.313922
ERN01872-ERN01873	0.130352	0.414522	0.314463
ERN01872-ERN01874	0.173648	0.211305	0.821787
ERN01877-ERN01878	0.0333932	0.0440931	0.757333
ERN01879-ERN01880	0.0221176	0.0137142	1.61275
ERN01882-ERN01883	0.0673706	0.18806	0.358239
ERN01882-ERN01884	0.0727547	0.125467	0.579874
ERN01883-ERN01885	0.371561	0.766118	0.484992
ERN01886-ERN01887	0.0650847	0.0871438	0.746865
ERN01887-ERN01888	0.104839	0.194874	0.537983
ERN01901-ERN01902	0.393541	1.11474	0.353033
ERN01910-ERN01911	0.153653	0.496268	0.309616
ERN01962-ERN01963	0.184488	1.1183	0.164972
ERN01968-ERN01969	0.387791	1.71549	0.226052
ERN01969-ERN01970	0.0564276	0.138551	0.40727
ERN01969-ERN01971	0.0806634	0.26354	0.306076
ERN01974-ERN01975	0.137582	0.915686	0.15025
ERN01977-ERN01979	0.107264	0.588777	0.18218
ERN01978-ERN01979	0.13863	0.356451	0.388917
ERN01979-ERN01980	0.0192194	0.481703	0.0398989
ERN02001-ERN02002	0.313491	1.01055	0.310219
ERN02019-ERN02021	0.527981	NA	NA
ERN02020-ERN02021	0.576031	2.10127	0.274135
ERN02024-ERN02025	0.346917	1.31613	0.263589
ERN02024-ERN02026	0.108043	0.680751	0.158712
ERN02096-ERN02098	1.00283	2.17919	0.460186
ERN02102-ERN02103	0.741647	2.50351	0.296242
ERN02114-ERN02115	0.132459	0.221658	0.597581
ERN02116-ERN02117	0.224943	0.241524	0.931347
ERN02117-ERN02119	0.235501	0.45959	0.512417
ERN02157-ERN02158	0.169885	0.334986	0.507141
ERN02164-ERN02165	0.808612	1.40641	0.574946
ERN02176-ERN02178	0.140304	0.307219	0.456692
ERN02177-ERN02178	0.0883846	0.305564	0.289251
ERN02198-ERN02199	0.201574	0.231778	0.869689
ERN02212-ERN02213	0.0882092	0.123656	0.713345
ERN02230-ERN02231	0.152051	0.705767	0.215441
ERN02342-ERN02343	0.455006	0.658863	0.690592
ERN02431-ERN02432	0.661405	1.71451	0.385768
ERN02435-ERN02437	0.659479	1.69861	0.388246
ERN02440-ERN02442	0.611377	3.11069	0.196541
ERN02458-ERN02460	0.567826	0.870405	0.65237
ERN02460-ERN02461	0.271792	0.501438	0.542026
ERN02471-ERN02472	0.2143	0.305344	0.701831
ERN02475-ERN02476	0.431581	NA	NA
ERN02476-ERN02477	0.0217169	0.0266917	0.813623
ERN02477-ERN02479	0.120662	0.428257	0.281752
ERN02524-ERN02526	0.359342	2.28853	0.157019
ERN02533-ERN02535	0.0276489	0.0298207	0.92717
ERN02543-ERN02545	0.215465	0.219312	0.982459
ERN02570-ERN02571	0.182848	0.688282	0.265659
ERN02578-ERN02580	0.0728479	0.139683	0.521524
ERN02601-ERN02602	0.33462	0.471285	0.710015
ERN02624-ERN02626	0.0208057	0.0637065	0.326586
ERN02638-ERN02639	0.064568	0.0671014	0.962245
ERN02639-ERN02640	0.0525186	0.0476985	1.10105
ERN02700-ERN02701	0.0733438	0.155691	0.471084
ERN02703-ERN02704	0.107789	0.282295	0.381831
ERN02705-ERN02707	0.135246	0.130172	1.03897
ERN02706-ERN02708	0.499954	3.78819	0.131977
ERN02723-ERN02724	0.389994	2.46425	0.158261
ERN02724-ERN02725	0.532595	2.15527	0.247112
ERN02725-ERN02726	0.453899	NA	NA
ERN02726-ERN02727	0.549568	NA	NA
ERN02732-ERN02733	0.972139	2.98704	0.325452
ERN02760-ERN02762	0.331631	1.00561	0.329782
ERN02784-ERN02786	0.0734274	0.141974	0.51719
ERN02785-ERN02786	0.0617506	0.181342	0.34052
ERN02855-ERN02856	0.0324177	0.0222338	1.45804
ERN02856-ERN02857	0.0330345	0.0309163	1.06851
ERN02857-ERN02858	0.0616257	0.103145	0.597465
ERN02858-ERN02859	0.0640598	0.100375	0.638202
ERN02859-ERN02860	0.0189606	0.0245694	0.771714
ERN02934-ERN02935	0.407424	1.75007	0.232804
ERN02935-ERN02936	0.151323	0.332696	0.454841
ERN02936-ERN02937	0.245612	1.04594	0.234824
ERN02937-ERN02939	0.182	0.319227	0.570126
ERN02979-ERN02980	0.107829	0.272483	0.395728
ERN02979-ERN02981	0.272822	1.11329	0.245059
ERN02986-ERN02987	0.14179	0.324347	0.437153
ERN03051-ERN03053	0.138334	0.331118	0.417778
ERN03057-ERN03058	0.0956728	0.249838	0.382939
ERN03058-ERN03059	0.263565	1.30192	0.202443
ERN03059-ERN03060	0.143295	0.691389	0.207257
ERN03060-ERN03061	0.382926	1.12722	0.33971
ERN03060-ERN03062	0.563317	1.30595	0.431346
ERN03074-ERN03075	0.170337	0.275779	0.617658
ERN03079-ERN03081	0.139905	0.134131	1.04305
ERN03084-ERN03086	0.0168215	0.0371709	0.452546
ERN03087-ERN03088	0.499154	1.16192	0.429596
ERN03090-ERN03091	0.0534806	0.127044	0.42096
ERN03114-ERN03116	0.181641	0.27323	0.664791
ERN03132-ERN03133	0.298974	3.90385	0.0765844
ERN03158-ERN03160	0.050737	0.11196	0.453169
ERN03179-ERN03180	0.701978	NA	NA
ERN03196-ERN03197	0.064694	0.164907	0.392307
ERN03236-ERN03238	0.0484197	0.149293	0.324326
ERN03243-ERN03245	0.257329	1.50872	0.170561
ERN03247-ERN03249	0.114894	0.365777	0.314109
ERN03258-ERN03259	0.58952	NA	NA
ERN03259-ERN03261	0.585025	NA	NA
ERN03262-ERN03263	0.328592	0.452943	0.725459
ERN03322-ERN03324	0.0315428	0.0534551	0.590081
ERN03341-ERN03342	0.548363	NA	NA
ERN03363-ERN03365	0.18703	1.05988	0.176464
ERN03364-ERN03365	0.290496	1.34405	0.216136
ERN03365-ERN03366	0.157918	1.9012	0.0830619
ERN03366-ERN03367	0.0742119	0.101324	0.732424
ERN03368-ERN03370	0.0264367	0.0598156	0.44197
ERN03370-ERN03371	0.283789	0.753107	0.376824
ERN03374-ERN03375	0.262562	0.456147	0.575609
ERN03381-ERN03382	0.152928	0.196512	0.778214
ERN03382-ERN03383	0.0458695	0.114389	0.400994
ERN03390-ERN03391	0.236379	0.538673	0.438817
ERN03438-ERN03439	0.113693	0.342184	0.332256
ERN03468-ERN03469	0.895187	0.834261	1.07303
ERN03514-ERN03515	0.135588	0.33373	0.406282
ERN03515-ERN03516	0.0354354	0.175626	0.201766
ERN03528-ERN03529	0.249236	1.62484	0.153391
ERN03538-ERN03539	0.0199517	0.0114445	1.74334
ERN03613-ERN03614	0.316707	0.423675	0.747524
ERN03617-ERN03619	0.25335	0.311017	0.814586
ERN03619-ERN03620	0.24471	0.281529	0.869219
ERN03704-ERN03705	0.0669718	0.127885	0.523688
ERN03723-ERN03724	0.546445	1.08946	0.501575
ERN03747-ERN03748	0.0423838	0.14459	0.293132
ERN03764-ERN03766	0.100586	0.263583	0.38161
ERN03765-ERN03767	0.0274588	0.0339853	0.807962
ERN03767-ERN03768	0.387645	1.46723	0.264202
ERN03768-ERN03769	0.21893	0.447422	0.489315
ERN03781-ERN03783	0.185196	0.186203	0.994591
ERN03788-ERN03789	0.083114	2.00601	0.0414324
ERN03808-ERN03810	0.0880184	0.10953	0.8036
ERN03831-ERN03832	0.907476	1.72392	0.526404
ERN03834-ERN03835	0.272729	0.790246	0.345119
ERN03856-ERN03857	0.269635	0.317582	0.849024
ERN03857-ERN03858	0.491683	0.887794	0.553826
ERN03891-ERN03892	0.148638	0.129225	1.15023
ERN03891-ERN03893	0.0842182	0.246297	0.341937
ERN03899-ERN03900	0.135206	0.295018	0.458297
ERN03903-ERN03904	0.0262309	0.0150219	1.74618
ERN03906-ERN03907	0.0229164	0.0716623	0.319783
ERN03931-ERN03932	1.29875	NA	NA
ERN03942-ERN03944	0.109962	0.192372	0.571611
ERN03945-ERN03946	0.125803	0.197565	0.636766
ERN03998-ERN03999	0.34589	NA	NA
ERN04005-ERN04006	1.06672	2.13616	0.499363
ERN04018-ERN04019	0.237964	0.250469	0.950073
ERN04018-ERN04020	0.266947	0.459989	0.580333
ERN04031-ERN04033	0.288696	1.88134	0.153452
ERN04056-ERN04057	0.336443	0.460302	0.730918
ERN04064-ERN04066	0.0797513	0.676314	0.117921
ERN04083-ERN04084	0.00909629	0.021002	0.433116
ERN04094-ERN04095	0.284057	NA	NA
ERN04095-ERN04096	0.132271	0.723192	0.1829
ERN04095-ERN04097	0.0985023	0.792332	0.124319
ERN04096-ERN04098	0.314063	0.737025	0.426122
ERN04104-ERN04105	0.425446	1.34777	0.315666
ERN04105-ERN04106	0.278583	0.507852	0.548553
ERN04114-ERN04115	0.781877	3.7776	0.206977
ERN04131-ERN04133	0.12034	1.76921	0.068019
ERN04138-ERN04140	0.0980135	0.235625	0.415972
ERN04140-ERN04141	0.338236	0.415059	0.814911
ERN04141-ERN04142	0.254173	0.44755	0.56792
ERN04154-ERN04156	0.150564	0.264828	0.568535
ERN04156-ERN04157	0.602743	NA	NA
ERN04180-ERN04181	0.775362	NA	NA
ERN04199-ERN04201	0.0454306	0.0944839	0.480829
ERN04200-ERN04201	0.080574	0.136685	0.589485
ERN04202-ERN04203	0.174112	0.210768	0.826085
ERN04205-ERN04206	0.487623	1.17984	0.413294
ERN04214-ERN04215	0.33218	0.926869	0.358389
ERN04215-ERN04216	0.360567	1.0668	0.33799
ERN04216-ERN04217	0.360678	0.974345	0.370174
ERN04218-ERN04219	0.167183	0.58693	0.284844
ERN04249-ERN04250	0.257867	0.692682	0.372273
ERN04250-ERN04251	0.24865	0.793849	0.31322
ERN04296-ERN04297	0.840843	1.66938	0.503685
ERN04305-ERN04307	0.828295	2.59472	0.319223
ERN04308-ERN04309	0.132846	0.273922	0.484976
ERN04361-ERN04362	0.762497	NA	NA
ERN04429-ERN04430	0.128745	0.190018	0.677537
ERN04472-ERN04473	0.466321	2.74351	0.169972
ERN04518-ERN04519	0.413551	1.21654	0.339941
ERN04532-ERN04533	0.650047	1.13362	0.573426
ERN04571-ERN04572	0.16833	0.184073	0.914477
ERN04571-ERN04573	0.0909152	0.13728	0.662261
ERN04580-ERN04582	0.418537	0.635279	0.658824
ERN04658-ERN04660	0.245228	1.62508	0.150902
ERN04705-ERN04706	0.603466	0.787609	0.766201
ERN04775-ERN04776	0.134316	0.219796	0.611094
ERN04787-ERN04789	0.18297	0.312077	0.586298
ERN04793-ERN04795	0.0949934	0.141385	0.671877
ERN04824-ERN04825	0.0474298	0.105199	0.450857
ERN04825-ERN04826	0.0660765	0.0937054	0.705151
ERN04826-ERN04827	0.072307	0.0829935	0.871237
ERN04827-ERN04828	0.103674	0.398983	0.259846
ERN04875-ERN04877	1.4766	NA	NA
ERN04876-ERN04877	0.501223	NA	NA
ERN04929-ERN04930	0.136364	0.371516	0.367047
ERN05013-ERN05014	0.232215	0.682902	0.340042
ERN05014-ERN05015	0.470917	1.83482	0.256656
ERN05017-ERN05019	0.255741	0.455324	0.561667
ERN05098-ERN05099	0.0355294	0.0967319	0.367298
ERN05099-ERN05101	0.0864382	0.190402	0.453977
ERN05131-ERN05132	0.409635	3.70309	0.11062
ERN05132-ERN05133	0.247656	1.39302	0.177784
ERN05133-ERN05134	0.0734014	0.205848	0.35658
ERN05186-ERN05187	0.176497	0.156363	1.12876
ERN05223-ERN05224	0.304995	1.22328	0.249326
ERN05285-ERN05286	0.187596	1.00106	0.187398
ERN05287-ERN05289	0.343732	NA	NA
ERN05290-ERN05291	0.329021	1.98254	0.165959
ERN05294-ERN05296	0.151292	0.632694	0.239124
ERN05316-ERN05317	0.0125966	0.0518692	0.242854
ERN05342-ERN05344	0.0918434	0.0958569	0.958131
ERN05344-ERN05346	0.0489198	0.168268	0.290725
ERN05345-ERN05346	0.126865	0.582407	0.217829
ERN05354-ERN05356	0.819082	2.54726	0.321555
ERN05355-ERN05357	0.637938	1.50352	0.424297
ERN05356-ERN05357	0.564233	1.4001	0.402995
ERN05357-ERN05358	0.605387	1.45545	0.415945
ERN05384-ERN05385	0.38594	1.24554	0.309858
ERN05419-ERN05421	0.0110757	0.0549816	0.201444
ERN05468-ERN05469	0.134158	0.51904	0.258474
ERN05477-ERN05478	0.321193	1.87177	0.171598
ERN05478-ERN05479	0.283595	0.952768	0.297653
ERN05483-ERN05484	0.0615041	0.22767	0.270146
ERN05501-ERN05502	1.39741	NA	NA
ERN05502-ERN05503	0.309258	0.836066	0.369897
ERN05537-ERN05538	0.30678	1.75419	0.174884
ERN05537-ERN05539	0.470459	NA	NA
ERN05541-ERN05542	0.0632054	0.0817813	0.772859
ERN05580-ERN05581	0.426079	3.17743	0.134096
ERN05586-ERN05587	0.421938	0.836222	0.504576
ERN05589-ERN05590	0.0225873	0.0233994	0.965296
ERN05619-ERN05621	0.0493703	0.0639746	0.771717
ERN05620-ERN05622	0.224207	0.29256	0.766362
ERN05646-ERN05648	0.366715	NA	NA
ERN05648-ERN05650	0.328197	1.57775	0.208016
ERN05650-ERN05652	0.0658693	0.236425	0.278605
ERN05651-ERN05652	0.104994	0.235792	0.445282
ERN05662-ERN05664	0.447264	2.34325	0.190873
ERN05759-ERN05761	0.338286	4.82319	0.0701374
ERN05786-ERN05788	0.125893	0.34314	0.366887
ERN05788-ERN05789	0.135893	0.363059	0.374302
ERN05789-ERN05791	0.241563	1.35418	0.178383
ERN05795-ERN05797	0.052919	0.134637	0.393048
ERN05798-ERN05800	0.83891	2.39059	0.350922
ERN05813-ERN05814	0.181097	1.33827	0.135322
ERN05825-ERN05826	0.0582971	0.160706	0.362757
ERN05856-ERN05858	0.113625	0.176725	0.642952
ERN05857-ERN05859	0.441917	0.576699	0.766286
ERN05882-ERN05883	0.183762	0.229351	0.801225
ERN05885-ERN05886	0.0763519	0.087434	0.873252
ERN05886-ERN05887	0.0464393	0.0939255	0.494427
ERN05886-ERN05888	0.0878481	0.16482	0.532996
ERN05918-ERN05919	0.102451	0.203436	0.503602
ERN05920-ERN05922	0.101373	0.324895	0.312016
ERN05952-ERN05954	0.540258	1.89546	0.285027
ERN05971-ERN05972	0.338451	0.5473	0.618401
ERN06099-ERN06100	0.202148	0.294907	0.685462
ERN06100-ERN06101	0.156746	0.260634	0.601403
ERN06102-ERN06104	0.329112	0.489755	0.671992
ERN06103-ERN06105	0.204459	0.357182	0.572422
ERN06104-ERN06106	0.185037	0.205423	0.900763
ERN06113-ERN06115	0.0836988	0.123466	0.677911
ERN06119-ERN06120	0.234869	0.349577	0.671866
ERN06129-ERN06131	0.215318	0.42918	0.501695
ERN06130-ERN06131	0.160868	0.259392	0.620174
ERN06175-ERN06176	0.0184963	0.127	0.145641
ERN06188-ERN06189	0.0929839	0.225179	0.412934
ERN06190-ERN06192	0.353588	2.18073	0.162142
ERN06192-ERN06193	0.113533	0.199709	0.568492
ERN06223-ERN06224	0.438669	1.29031	0.339972
ERN06224-ERN06225	0.5193	1.44502	0.359373
ERN06224-ERN06226	0.493961	1.81742	0.271792
ERN06225-ERN06227	0.564829	1.83784	0.307333
ERN06232-ERN06233	0.489428	1.21774	0.401914
ERN06241-ERN06243	0.572954	1.21995	0.469653
ERN06242-ERN06243	0.566375	2.01772	0.2807
ERN06288-ERN06290	0.862478	NA	NA
ERN06290-ERN06291	0.561704	1.12411	0.499687
ERN06291-ERN06292	0.717735	1.99164	0.360373
ERN06302-ERN06304	0.333935	0.754981	0.442309
ERN06304-ERN06305	0.0975358	0.108692	0.897359
ERN06306-ERN06307	0.0256742	0.136149	0.188574
ERN06308-ERN06309	0.104307	0.357209	0.292004
ERN06323-ERN06324	0.290389	0.762019	0.381078
ERN06324-ERN06325	0.438129	1.7814	0.245946
ERN06325-ERN06326	0.215923	0.84665	0.255032
ERN06361-ERN06362	0.114563	0.18838	0.608146
ERN06362-ERN06363	0.0793368	0.107544	0.737716
ERN06369-ERN06370	0.277189	1.30332	0.21268
ERN06370-ERN06371	0.380808	0.802397	0.474588
ERN06375-ERN06377	0.304048	0.370027	0.821691
ERN06377-ERN06378	0.467487	1.03565	0.451393
ERN06378-ERN06379	0.461805	1.01083	0.456858
ERN06400-ERN06402	0.424042	3.25039	0.130459
ERN06401-ERN06402	0.396078	NA	NA
ERN06402-ERN06403	0.10257	0.120114	0.853937
ERN06408-ERN06409	0.471014	1.37431	0.342727
ERN06410-ERN06411	0.0107835	0.044462	0.242532
ERN06412-ERN06413	0.19935	0.292658	0.68117
ERN06413-ERN06414	0.08653	0.347582	0.248948
ERN06422-ERN06424	1.11934	1.81283	0.617454
ERN06437-ERN06438	0.313587	1.8324	0.171135
ERN06476-ERN06477	0.272121	0.417083	0.65244
ERN06509-ERN06511	0.881562	2.48254	0.355105
ERN06598-ERN06599	0.426751	0.812987	0.524918
ERN06642-ERN06643	0.445907	1.34202	0.332265
ERN06649-ERN06650	0.238094	1.27055	0.187394
ERN06670-ERN06671	0.0795268	0.363543	0.218755
ERN06671-ERN06672	0.0823021	0.279106	0.294877
ERN06681-ERN06683	0.0769915	0.0845305	0.910813
ERN06701-ERN06702	0.0168535	0.059807	0.281798
ERN06751-ERN06752	0.156202	0.28938	0.53978
ERN06752-ERN06753	0.14136	0.355309	0.39785
ERN06810-ERN06811	0.234475	0.333966	0.702093
ERN06811-ERN06813	0.0628926	0.0288017	2.18364
ERN06812-ERN06814	0.00770009	0.0395207	0.194837
ERN06837-ERN06839	0.0559776	0.141972	0.394285
ERN06844-ERN06845	0.0487008	0.0809411	0.601682
ERN06857-ERN06858	0.178844	0.416891	0.428996
ERN06917-ERN06918	0.136687	0.177432	0.770366
ERN06938-ERN06940	0.14864	0.277217	0.536185
ERN06940-ERN06941	0.157707	0.238423	0.661457
ERN06943-ERN06944	0.443538	0.591239	0.750183
ERN06944-ERN06945	0.121715	0.0487052	2.499
ERN06952-ERN06953	0.000894761	0.0190658	0.0469301
ERN06953-ERN06954	0.0370839	0.0815367	0.454812
ERN07006-ERN07008	0.107153	0.180365	0.59409
ERN07011-ERN07012	0.0779091	0.495254	0.157311
ERN07011-ERN07013	0.143865	0.40896	0.351783
ERN07049-ERN07050	0.0899968	0.162352	0.554332
ERN07064-ERN07065	0.0918689	0.567464	0.161894
ERN07065-ERN07066	0.0964336	0.510178	0.18902
ERN07066-ERN07068	0.0735729	0.397246	0.185207
ERN07171-ERN07172	0.289948	NA	NA
ERN07181-ERN07182	0.770478	1.48839	0.517659
ERN07182-ERN07183	0.154807	0.26236	0.590057
ERN07187-ERN07189	0.126156	0.281429	0.448269
ERN07213-ERN07214	0.308191	1.84693	0.166866
ERN07214-ERN07215	0.269101	1.03976	0.258812
ERN07219-ERN07221	0.307027	1.34806	0.227755
ERN07224-ERN07225	0.108558	0.143637	0.755783
ERN07224-ERN07226	0.0973221	0.160049	0.608076
ERN07227-ERN07229	0.164524	0.330349	0.49803
ERN07228-ERN07229	0.155854	0.526107	0.296241
ERN07229-ERN07230	0.251666	0.495189	0.508223
ERN07229-ERN07231	0.116654	0.406145	0.287222
ERN07232-ERN07234	0.246416	1.25361	0.196565
ERN07233-ERN07235	0.114953	0.284333	0.404292
ERN07234-ERN07236	0.238853	1.23293	0.193728
ERN07262-ERN07263	0.184828	1.56652	0.117986
ERN07263-ERN07264	0.102668	0.465644	0.220485
ERN07264-ERN07265	0.52986	2.70634	0.195785
ERN07265-ERN07266	0.470439	NA	NA
ERN07295-ERN07296	0.049909	0.217838	0.22911
ERN07295-ERN07297	0.112295	0.375959	0.298689
ERN07302-ERN07304	0.272389	1.45752	0.186886
ERN07303-ERN07304	0.243162	1.28658	0.188999
ERN07308-ERN07310	NA	0.403505	-0
ERN07310-ERN07312	NA	0.448167	-0
ERN07318-ERN07319	0.149186	0.156775	0.95159
ERN07330-ERN07331	0.214882	0.506808	0.423991
ERN07331-ERN07332	0.191094	0.579119	0.329974
ERN07333-ERN07334	0.145703	0.434317	0.335476
ERN07334-ERN07335	0.220465	0.384923	0.572752
ERN07335-ERN07336	0.472396	1.75827	0.268671
ERN07340-ERN07341	0.147374	0.297329	0.495661
ERN07342-ERN07343	0.165239	0.595551	0.277456
ERN07343-ERN07344	0.208769	0.764583	0.273049
ERN07394-ERN07395	0.247716	NA	NA
ERN07395-ERN07396	0.28301	NA	NA
ERN07396-ERN07397	0.139323	0.856381	0.162688
ERN07399-ERN07400	0.517128	2.05339	0.251841
ERN07404-ERN07406	0.314165	1.24462	0.252419
ERN07405-ERN07406	0.530094	2.2076	0.240122
ERN07425-ERN07426	0.53368	1.42396	0.374785
ERN07441-ERN07443	0.139247	0.168621	0.825794
ERN07443-ERN07445	0.0856456	0.208492	0.410786
ERN07444-ERN07445	0.106264	0.0626992	1.69482
ERN07475-ERN07477	0.582218	NA	NA
ERN07481-ERN07482	0.177225	0.645291	0.274643
ERN07482-ERN07483	0.361646	1.0543	0.343019
ERN07483-ERN07484	0.253016	1.07979	0.23432
ERN07521-ERN07522	1.393	2.07521	0.671255
ERN07527-ERN07528	0.0551277	0.088862	0.620374
ERN07539-ERN07541	0.0512879	0.163436	0.31381
ERN07540-ERN07541	0.0905328	0.189456	0.477857
ERN07547-ERN07549	0.207404	0.403685	0.513777
ERN07548-ERN07549	0.0797022	0.138039	0.577387
ERN07568-ERN07569	0.671156	0.810909	0.827658
ERN07576-ERN07577	0.125143	0.344458	0.363303
ERN07577-ERN07578	0.100231	0.290355	0.345201
ERN07617-ERN07618	0.479718	NA	NA
ERN07618-ERN07619	0.166117	0.154359	1.07617
ERN07619-ERN07620	0.132686	0.133142	0.996578
ERN07622-ERN07623	0.443211	2.34831	0.188736
ERN07649-ERN07650	0.0713585	0.0809627	0.881374
ERN07649-ERN07651	0.384718	0.508409	0.756711
ERN07703-ERN07704	0.123462	0.212831	0.580093
ERN07708-ERN07709	0.626291	1.80626	0.346733
ERN07709-ERN07710	0.387938	1.48286	0.261615
ERN07720-ERN07722	0.206006	0.232869	0.884643
ERN07722-ERN07723	0.0252876	0.0787976	0.320918
ERN07723-ERN07724	0.0671202	0.123058	0.545437
ERN07734-ERN07735	0.0441541	0.272255	0.162179
ERN07736-ERN07737	0.0278066	0.206364	0.134746
ERN07750-ERN07751	0.012528	0.357056	0.0350869
ERN07854-ERN07856	0.339716	NA	NA
ERN07863-ERN07865	0.172249	0.774197	0.222487
ERN07867-ERN07869	0.169818	0.466421	0.364087
ERN07879-ERN07881	0.154323	0.195256	0.790361
ERN07882-ERN07883	0.112878	0.222865	0.506485
ERN07889-ERN07891	0.244007	0.676509	0.360685
ERN07895-ERN07897	0.365043	1.39176	0.26229
ERN07926-ERN07927	0.0692144	0.126227	0.548333
ERN07981-ERN07982	0.246334	1.34635	0.182964
ERN07983-ERN07984	0.0460649	0.124545	0.369866
ERN07987-ERN07988	0.0775483	0.209263	0.370578
ERN07988-ERN07989	0.0785961	0.103975	0.755916
ERN07990-ERN07992	0.0798009	0.252244	0.316364
ERN07991-ERN07992	0.101554	0.150253	0.675888
ERN07992-ERN07993	0.233344	0.829455	0.281323
ERN07993-ERN07994	0.0756741	0.210558	0.359398
ERN07994-ERN07995	0.104681	0.315975	0.331293
ERN07995-ERN07996	0.19989	0.754992	0.264758
ERN07995-ERN07997	0.2044	1.60534	0.127325
ERN07999-ERN08000	0.0851374	0.220015	0.386962
ERN08000-ERN08001	0.0609854	0.312491	0.195159
ERN08018-ERN08019	0.536791	NA	NA
ERN08020-ERN08021	0.893267	1.54088	0.579711
ERN08026-ERN08027	0.0674492	0.167296	0.403173
ERN08027-ERN08028	0.134801	0.479535	0.281108
ERN08028-ERN08029	0.243171	0.872406	0.278736
ERN08029-ERN08030	0.171979	0.112561	1.52787
ERN08030-ERN08031	0.158459	0.659196	0.240382
ERN08031-ERN08033	0.0836514	0.127972	0.653668
ERN08057-ERN08058	0.410876	NA	NA
ERN08060-ERN08061	0.00538065	0.0270389	0.198996
ERN08061-ERN08062	0.10959	0.314779	0.348149
ERN08062-ERN08063	0.0685124	0.354874	0.193061
ERN08063-ERN08064	0.399956	0.729579	0.548201
ERN08078-ERN08079	0.0473492	0.153325	0.308816
ERN08086-ERN08088	0.0793977	0.174491	0.455026
ERN08110-ERN08112	0.46029	2.00048	0.23009
ERN08121-ERN08122	0.150765	0.16434	0.917398
ERN08153-ERN08154	0.325923	1.33986	0.243252
ERN08157-ERN08158	0.335854	1.78951	0.187679
ERN08158-ERN08159	0.1725	0.278546	0.619285
ERN08159-ERN08160	0.454702	1.56887	0.289827
ERN08165-ERN08166	0.86272	1.54437	0.558623
ERN08178-ERN08180	0.177147	0.785045	0.225652
ERN08186-ERN08187	0.0569517	0.453214	0.125662
ERN08231-ERN08232	0.299437	0.617187	0.485164
ERN08267-ERN08268	0.297662	0.740247	0.402112
ERN08286-ERN08287	0.465952	0.987855	0.47168
ERN08289-ERN08291	0.0995852	0.125541	0.793246
ERN08439-ERN08440	0.0876391	0.144634	0.605936
ERN08577-ERN08578	0.517249	1.03003	0.502168
ERN08590-ERN08591	0.137048	0.37173	0.368677
ERN08629-ERN08630	0.114846	0.187726	0.611775
ERN08630-ERN08631	0.135395	0.450603	0.300476
ERN08643-ERN08645	0.0549719	0.275038	0.19987
ERN08650-ERN08652	0.0549978	0.259855	0.211648
ERN08660-ERN08661	0.101908	0.307488	0.331422
ERN08662-ERN08663	0.119231	0.236674	0.503778
ERN08663-ERN08664	0.116383	0.317531	0.366526
ERN08663-ERN08665	0.0907988	0.25998	0.349252
ERN08666-ERN08668	0.281432	0.523322	0.537779
ERN08667-ERN08669	0.115816	0.188654	0.613909
ERN08675-ERN08676	0.168451	0.322773	0.521888
ERN08677-ERN08678	0.250612	0.594108	0.421828
ERN08682-ERN08684	0.0669981	0.179517	0.373213
ERN08683-ERN08685	0.0899246	0.221411	0.406144
ERN08684-ERN08685	0.0769771	0.273518	0.281433
ERN08687-ERN08688	0.367965	0.682297	0.539304
ERN08703-ERN08704	0.0663332	0.322482	0.205696
ERN08715-ERN08716	0.0645455	0.212986	0.30305
ERN08723-ERN08725	0.0111669	0.033212	0.336231
ERN08725-ERN08727	0.639646	1.12383	0.569165
ERN08729-ERN08731	0.0822268	0.210769	0.390128
ERN08762-ERN08764	0.112501	0.193021	0.582846
ERN08764-ERN08766	0.0698651	0.139791	0.499782
ERN08766-ERN08767	0.151002	0.300918	0.501805
ERN08782-ERN08783	0.0704647	0.187706	0.375399
ERN08783-ERN08784	0.0869503	0.193647	0.449015
ERN08795-ERN08796	0.069301	0.101288	0.684197
ERN08796-ERN08797	0.0721828	0.235575	0.306411
ERN08866-ERN08867	0.009415	0.0391684	0.240372
ERN08870-ERN08871	1.1452	1.55898	0.734582
ERN08905-ERN08906	0.117536	0.255894	0.459318
ERN08924-ERN08925	0.0514998	0.217531	0.236747
ERN08946-ERN08947	0.157062	0.19255	0.815694
ERN08988-ERN08990	0.403613	1.88699	0.213892
ERN08996-ERN08998	0.0970258	0.207685	0.467177
ERN09001-ERN09003	0.0492109	0.0602808	0.816361
ERN09002-ERN09003	0.0845409	0.289138	0.292389
ERN09003-ERN09004	0.0469776	0.189112	0.248412
ERN09114-ERN09116	0.105564	0.200757	0.525827
ERN09115-ERN09116	0.160174	0.306525	0.522549
ERN09122-ERN09123	0.257228	1.79886	0.142995
ERN09170-ERN09171	0.130391	0.226455	0.575793
ERN09170-ERN09172	0.12057	0.346563	0.347903
ERN09273-ERN09274	0.229718	0.631735	0.36363
ERN09274-ERN09275	0.235514	0.835452	0.2819
ERN09275-ERN09276	0.298904	1.89726	0.157545
ERN09276-ERN09277	0.203	0.890975	0.227841
ERN09292-ERN09293	0.693427	1.89996	0.364969
ERN09307-ERN09309	0.459391	1.00321	0.457919
ERN09309-ERN09310	0.581398	1.55783	0.373211
ERN09309-ERN09311	0.477809	1.89622	0.25198
ERN09333-ERN09334	0.0151502	NA	NA
ERN09356-ERN09357	0.0341676	0.0390313	0.875392
ERN09358-ERN09359	0.042946	0.0247641	1.7342
ERN09360-ERN09361	0.13962	0.472755	0.295333
ERN09361-ERN09363	0.299867	0.556036	0.539294
ERN09390-ERN09391	0.320299	0.954715	0.335492
ERN09394-ERN09395	0.356596	1.86826	0.190871
ERN09404-ERN09405	0.153822	0.207926	0.739792
ERN09410-ERN09411	0.560331	1.33022	0.421232
ERN09421-ERN09422	1.05678	1.81672	0.581695
ERN09429-ERN09430	0.270474	NA	NA
ERN09430-ERN09432	0.420382	NA	NA
ERN09449-ERN09451	0.109328	0.717591	0.152354
ERN09450-ERN09452	0.124187	0.830442	0.149543
ERN09472-ERN09474	0.675296	2.28116	0.296031
ERN09473-ERN09474	0.513931	1.32713	0.38725
ERN09474-ERN09475	0.076588	0.209112	0.366254
ERN09475-ERN09476	0.321618	1.20429	0.26706
ERN09525-ERN09527	NA	NA	NA
ERN09526-ERN09528	0.00706364	0.0123677	0.571137
ERN09533-ERN09534	0.184049	0.462065	0.398318
ERN09546-ERN09548	0.451088	2.18523	0.206426
ERN09568-ERN09570	0.605042	1.09008	0.555046
ERN09579-ERN09580	0.834906	1.26854	0.658161
ERN09588-ERN09589	0.150766	1.4502	0.103962
ERN09589-ERN09590	0.0856423	0.18245	0.469402
ERN09591-ERN09593	0.187917	0.451288	0.416402
ERN09592-ERN09594	0.121245	0.382376	0.317083
ERN09593-ERN09595	0.136231	0.359976	0.378443
ERN09594-ERN09596	0.121175	0.327563	0.369929
ERN09595-ERN09596	0.156431	0.388526	0.402626
ERN09596-ERN09597	0.0982296	0.127959	0.767667
ERN09598-ERN09599	0.0130399	0.0195517	0.666944
ERN09599-ERN09600	0.211566	1.61872	0.1307
ERN09600-ERN09601	0.0692201	0.264708	0.261496
ERN09601-ERN09602	0.267734	3.17648	0.0842866
ERN09602-ERN09603	0.270825	NA	NA
ERN09603-ERN09605	0.142098	1.87408	0.0758228
ERN09616-ERN09617	0.148796	0.247572	0.601022
ERN09636-ERN09637	0.139281	0.181422	0.767718
ERN09638-ERN09639	0.15027	0.474292	0.31683
ERN09693-ERN09694	0.22972	0.77787	0.29532
ERN09748-ERN09749	0.295877	1.01701	0.290929
ERN09749-ERN09750	0.328686	2.7319	0.120314
ERN09749-ERN09751	0.298105	1.20347	0.247704
ERN09752-ERN09753	0.566103	2.56889	0.220368
ERN09760-ERN09762	0.39596	1.30372	0.303716
ERN09843-ERN09844	0.0929826	0.469204	0.198171
ERN09844-ERN09845	0.0546598	0.138718	0.394034
ERN09846-ERN09847	0.302312	0.392775	0.769681
ERN09848-ERN09849	0.0515047	0.1355	0.380107
ERN09853-ERN09855	0.361762	0.621796	0.581802
ERN09890-ERN09891	0.364171	0.455781	0.799004
ERN09892-ERN09893	0.208465	0.588993	0.353935
ERN09918-ERN09920	0.807545	2.29154	0.352403
ERN09984-ERN09985	0.0164061	0.0534662	0.30685
ERN09987-ERN09989	0.119794	0.188245	0.636375
ERN09989-ERN09990	0.0947618	0.171028	0.554071
ERN10083-ERN10084	0.0441694	0.0433396	1.01915
ERN10086-ERN10088	0.0593555	0.252443	0.235124
ERN10088-ERN10089	0.110665	0.237716	0.465534
ERN10089-ERN10090	0.121271	0.286086	0.423895
ERN10107-ERN10109	0.0172084	0.0257358	0.668656
ERN10108-ERN10110	0.0105106	0.0320803	0.327633
ERN10110-ERN10111	0.0999298	0.286363	0.348962
ERN10111-ERN10112	0.23315	0.61925	0.376504
ERN10116-ERN10117	0.390039	0.686062	0.568519
ERN10148-ERN10150	0.370348	NA	NA
ERN10149-ERN10151	0.310491	2.61851	0.118575
ERN10171-ERN10172	0.0816352	0.240181	0.339891
ERN10176-ERN10178	0.0798345	0.255089	0.312967
ERN10177-ERN10179	0.10818	0.138769	0.779569
ERN10222-ERN10223	0.293561	NA	NA
ERN10238-ERN10239	0.0443349	0.145028	0.305699
ERN10302-ERN10303	0.168753	2.20016	0.0767003
ERN10309-ERN10310	0.0572159	0.170442	0.335692
ERN10329-ERN10331	0.138163	0.223671	0.617708
ERN10330-ERN10332	0.150879	0.331256	0.455475
ERN10334-ERN10336	0.0511895	0.256193	0.199808
ERN10335-ERN10336	0.0223682	0.157124	0.14236
ERN10364-ERN10366	0.472971	1.01163	0.467534
ERN10365-ERN10366	1.70899	NA	NA
ERN10375-ERN10376	0.0693626	0.0766859	0.904503
ERN10418-ERN10419	0.34293	0.4303	0.796956
ERN10435-ERN10437	0.0308161	0.0286759	1.07464
ERN10436-ERN10438	0.0144259	NA	NA
ERN10437-ERN10439	0.0253063	0.0439476	0.57583
ERN10438-ERN10440	0.0193307	NA	NA
ERN10439-ERN10441	0.0253949	0.039264	0.646773
ERN10441-ERN10442	0.0266367	0.0469464	0.567386
ERN10503-ERN10505	0.14466	0.319145	0.453273
ERN10513-ERN10515	0.234035	0.669619	0.349504
ERN10514-ERN10515	0.323433	1.24923	0.258906
ERN10520-ERN10521	0.159859	0.398022	0.401632
ERN10521-ERN10523	0.19361	1.23271	0.15706
ERN10525-ERN10527	0.106055	0.250503	0.423368
ERN10530-ERN10531	0.0789021	0.155411	0.5077
ERN10532-ERN10533	0.1288	0.547679	0.235173
ERN10615-ERN10616	0.189346	0.673275	0.281231
ERN10641-ERN10643	0.202306	0.419328	0.482453
ERN10645-ERN10646	0.246941	0.478602	0.515964
ERN10646-ERN10647	0.0917912	0.183887	0.499171
ERN10647-ERN10648	0.102123	0.188758	0.541028
ERN10648-ERN10649	0.0881495	0.168928	0.521816
ERN10649-ERN10650	0.482344	0.535934	0.900006
ERN10656-ERN10657	0.934044	2.37173	0.393824
ERN10751-ERN10752	0.0761659	0.294619	0.258523
ERN10800-ERN10802	0.0519865	0.180527	0.287971
ERN10801-ERN10803	0.20175	0.553134	0.36474
ERN10802-ERN10803	0.311858	0.805307	0.387253
ERN10803-ERN10804	0.264258	1.18219	0.223533
ERN10804-ERN10805	0.367913	1.86906	0.196843
ERN10806-ERN10807	0.192817	0.858784	0.224523
ERN10813-ERN10815	0.324137	1.22863	0.263819
ERN10815-ERN10817	0.212579	0.455939	0.466245
ERN10816-ERN10818	1.09949	3.28603	0.334596
ERN10817-ERN10818	0.474185	1.4701	0.322553
ERN10818-ERN10820	0.20385	0.287937	0.707968
ERN10823-ERN10824	0.0338986	0.0438355	0.773314
ERN10851-ERN10852	0.0739041	0.228446	0.323509
ERN10851-ERN10853	0.059273	0.331649	0.178722
ERN10977-ERN10978	0.864385	3.37494	0.256119
ERN10978-ERN10979	0.115505	0.22065	0.523477
ERN10982-ERN10984	0.165427	0.81975	0.201801
ERN10983-ERN10984	0.641431	1.24994	0.51317
ERN11029-ERN11030	0.210789	0.793206	0.265744
ERN11030-ERN11031	0.161406	0.459749	0.351074
ERN11042-ERN11044	0.119211	0.195804	0.608829
ERN11043-ERN11045	0.0235286	0.0304114	0.773676
ERN11058-ERN11059	0.206183	0.810773	0.254305
ERN11062-ERN11063	0.175371	0.592433	0.296019
ERN11065-ERN11066	0.205011	0.738473	0.277614
ERN11067-ERN11068	0.147748	0.281163	0.525487
ERN11068-ERN11069	0.195725	0.345505	0.566489
ERN11069-ERN11070	0.121551	0.220057	0.552364
ERN11079-ERN11080	0.0152962	0.0578486	0.264418
ERN11089-ERN11091	0.328709	0.664385	0.494756
ERN11090-ERN11091	0.064102	0.192963	0.332198
ERN11093-ERN11094	0.487361	NA	NA
ERN11093-ERN11095	0.105704	1.11111	0.0951336
ERN11098-ERN11099	0.102081	0.278663	0.366325
ERN11100-ERN11101	0.146911	0.399766	0.367493
ERN11101-ERN11102	0.111046	0.319633	0.347416
ERN11108-ERN11109	0.0457527	0.114603	0.399226
ERN11108-ERN11110	0.0136749	0.021062	0.649266
ERN11115-ERN11116	0.385124	0.626671	0.614555
ERN11122-ERN11123	0.152545	1.18156	0.129105
ERN11146-ERN11147	0.507786	0.852133	0.595901
ERN11161-ERN11162	0.352799	3.11047	0.113423
ERN11173-ERN11174	0.116435	0.294968	0.394737
ERN11178-ERN11179	0.0281877	0.116305	0.24236
ERN11180-ERN11181	0.741043	1.3828	0.535899
ERN11183-ERN11184	0.0552833	0.11683	0.473194
ERN11194-ERN11195	0.373461	1.52512	0.244874
ERN11222-ERN11223	0.255566	0.635243	0.402312
ERN11223-ERN11224	0.283372	0.821259	0.345046
ERN11224-ERN11226	0.603811	NA	NA
ERN11237-ERN11239	0.238252	0.643772	0.370087
ERN11290-ERN11292	0.0548644	0.268228	0.204543
ERN11294-ERN11295	0.00682368	0.0234667	0.290782
ERN11397-ERN11398	0.0834572	0.114748	0.727311
ERN11415-ERN11416	0.205802	1.24107	0.165826
ERN11416-ERN11418	0.248682	0.865696	0.287262
ERN11419-ERN11420	0.812042	NA	NA
ERN11443-ERN11444	0.034045	0.0723378	0.47064
ERN11444-ERN11445	0.800445	2.50228	0.319886
ERN11450-ERN11451	0.208664	0.396785	0.525888
ERN11477-ERN11479	0.180356	0.38311	0.470769
ERN11485-ERN11486	0.531989	2.3478	0.22659
ERN11488-ERN11490	0.196856	1.05364	0.186835
ERN11489-ERN11490	0.211077	0.393867	0.535909
ERN11491-ERN11493	0.624435	2.10612	0.296486
ERN11492-ERN11494	0.265937	1.26276	0.210601
ERN11503-ERN11505	0.0926673	0.0681642	1.35947
ERN11519-ERN11520	0.0659564	0.196546	0.335578
ERN11534-ERN11535	0.250431	1.18406	0.211502
ERN11536-ERN11537	0.391616	1.5072	0.25983
ERN11537-ERN11538	0.176191	0.440188	0.400262
ERN11572-ERN11573	0.559505	1.12449	0.497562
ERN11577-ERN11578	0.123776	0.202242	0.612017
ERN11603-ERN11604	0.297647	2.19347	0.135697
ERN11614-ERN11615	1.30227	1.52363	0.854717
ERN11616-ERN11617	0.0794268	0.158068	0.502484
ERN11617-ERN11618	0.0935308	0.204165	0.458114
ERN11618-ERN11619	0.279265	1.06341	0.262612
ERN11620-ERN11622	0.544323	3.3866	0.160729
ERN11622-ERN11623	0.039648	0.0833219	0.475841
ERN11623-ERN11624	0.311268	1.10973	0.280491
ERN11624-ERN11625	0.296963	1.04231	0.28491
ERN11625-ERN11626	0.302531	0.961601	0.314612
ERN11632-ERN11633	0.061434	0.256344	0.239654
ERN11633-ERN11634	0.282242	NA	NA
ERN11634-ERN11635	0.106315	0.297323	0.357572
ERN11635-ERN11636	0.183013	0.509652	0.359094
ERN11642-ERN11643	0.133921	0.370344	0.361614
ERN11643-ERN11644	0.0511673	0.206661	0.247591
ERN11643-ERN11645	0.228701	0.347386	0.658348
ERN11646-ERN11648	0.181934	0.155504	1.16996
ERN11648-ERN11650	0.809136	1.92368	0.420618
ERN11670-ERN11671	0.162547	0.276328	0.588241
ERN11671-ERN11672	0.128952	0.223951	0.575804
ERN11675-ERN11677	0.601555	2.03753	0.295238
ERN11688-ERN11689	0.0764709	0.24321	0.314423
ERN11690-ERN11691	0.103581	0.153014	0.676933
ERN11722-ERN11724	0.328371	0.71452	0.459569
ERN11724-ERN11726	0.0639641	0.165737	0.385939
ERN11776-ERN11778	0.943264	NA	NA
ERN11801-ERN11802	0.116096	0.80204	0.14475
ERN11823-ERN11825	0.0938875	0.289637	0.324156
ERN11828-ERN11830	0.303345	0.461711	0.657001
ERN11829-ERN11831	0.176758	0.435012	0.406329
ERN11845-ERN11846	0.534405	0.596276	0.896237
ERN11926-ERN11928	0.45887	0.527359	0.870128
ERN11938-ERN11939	0.0360999	0.1622	0.222564
ERN11952-ERN11954	0.218592	0.289644	0.754694
ERN11954-ERN11955	0.131067	0.203553	0.643896
ERN11957-ERN11959	0.0759585	0.110129	0.689725
ERN11969-ERN11970	0.535746	1.11633	0.479919
ERN11985-ERN11986	0.086071	0.529688	0.162494
ERN11987-ERN11989	0.179308	0.500986	0.35791
ERN11988-ERN11989	0.204591	0.592372	0.345375
ERN11989-ERN11990	0.0778841	0.236448	0.329392
ERN11990-ERN11991	0.337355	0.875719	0.385232
ERN11990-ERN11992	0.168795	0.436781	0.386452
ERN11994-ERN11996	0.236189	0.947267	0.249338
ERN11995-ERN11997	0.167994	0.98335	0.170838
ERN12000-ERN12001	0.166564	0.472345	0.352632
ERN12016-ERN12017	0.123401	0.263697	0.467964
ERN12023-ERN12025	0.297192	2.42748	0.122428
ERN12041-ERN12043	0.347492	1.44156	0.241052
ERN12043-ERN12044	0.630488	3.4286	0.183891
ERN12078-ERN12079	0.214208	0.350709	0.610786
ERN12118-ERN12119	0.299978	0.331277	0.905521
ERN12119-ERN12120	0.310651	0.231165	1.34385
ERN12143-ERN12144	0.307563	0.510881	0.602025
ERN12144-ERN12145	0.294645	0.346163	0.851173
ERN12202-ERN12203	0.0664662	0.107395	0.618896
ERN12210-ERN12212	0.0723971	0.195616	0.370097
ERN12274-ERN12276	0.503556	2.52262	0.199616
ERN12276-ERN12277	0.461257	1.88042	0.245294
ERN12283-ERN12284	0.160451	0.358353	0.447745
ERN12344-ERN12345	0.13533	0.599917	0.225581
ERN12345-ERN12347	0.621415	2.91888	0.212895
ERN12377-ERN12379	0.764585	1.80289	0.424088
ERN12385-ERN12386	0.162831	0.659914	0.246745
ERN12397-ERN12398	0.275707	0.339372	0.812405
ERN12408-ERN12409	0.160673	0.260008	0.617953
ERN12517-ERN12519	0.251146	0.281745	0.891393
ERN12602-ERN12603	0.885286	1.44167	0.614071
ERN12611-ERN12612	0.228959	0.532273	0.430153
ERN12613-ERN12614	1.46273	2.61137	0.560139
ERN12614-ERN12615	0.209001	0.357336	0.584885
ERN12633-ERN12634	0.332566	1.4546	0.22863
ERN12637-ERN12638	0.21956	0.474986	0.462245
ERN12650-ERN12651	0.0966911	0.187602	0.515405
ERN12651-ERN12652	0.161863	0.394973	0.409807
ERN12652-ERN12653	0.158149	0.360624	0.438542
ERN12653-ERN12654	0.0455304	0.150881	0.301764
ERN12676-ERN12678	0.432976	NA	NA
ERN12720-ERN12722	0.10605	0.25993	0.407995
ERN12722-ERN12724	0.146268	0.326954	0.447365
ERN12758-ERN12759	0.0608809	0.0374242	1.62678
ERN12762-ERN12764	0.0826039	0.13084	0.631337
ERN12763-ERN12764	0.0493665	0.0659169	0.748921
ERN12846-ERN12848	0.0961869	0.0668337	1.4392
ERN12848-ERN12849	0.0933665	0.123561	0.75563
ERN12944-ERN12945	0.373934	0.621255	0.601901
ERN12947-ERN12949	1.08687	1.92107	0.565762
ERN12963-ERN12965	0.208269	0.855086	0.243565
ERN12987-ERN12989	0.300096	1.69344	0.177211
ERN12992-ERN12993	0.189475	1.04043	0.182111
ERN12993-ERN12994	1.46956	NA	NA
ERN12994-ERN12995	0.493279	1.63356	0.301965
ERN12995-ERN12996	0.0726898	0.272654	0.266601
ERN12998-ERN12999	0.149042	0.453826	0.328411
ERN12999-ERN13000	0.197327	0.429146	0.459815
ERN13022-ERN13023	0.133546	0.200436	0.666277
ERN13023-ERN13024	0.129273	0.267039	0.484098
ERN13026-ERN13027	0.217374	1.8854	0.115293
ERN13030-ERN13032	0.298811	0.335345	0.891054
ERN13031-ERN13033	0.128489	0.0968301	1.32695
ERN13033-ERN13034	0.680991	1.27636	0.53354
ERN13043-ERN13044	0.0438545	0.0876073	0.50058
ERN13048-ERN13050	0.676324	2.04066	0.331424
ERN13050-ERN13051	0.743695	1.08267	0.686911
ERN13053-ERN13054	0.115906	0.217891	0.531944
ERN13072-ERN13073	0.301807	2.45535	0.122918
ERN13090-ERN13091	0.112263	0.443244	0.253276
ERN13092-ERN13094	0.244912	0.738422	0.331669
ERN13093-ERN13095	0.275369	1.07062	0.257206
ERN13104-ERN13105	0.139059	1.06498	0.130574
ERN13105-ERN13106	0.209426	1.45119	0.144313
ERN13107-ERN13108	0.262986	0.664682	0.395658
ERN13121-ERN13122	0.0357506	0.0417633	0.856029
ERN13151-ERN13153	0.557324	NA	NA
ERN13198-ERN13199	0.14411	0.26773	0.538265
ERN13200-ERN13201	0.191365	0.254661	0.751451
ERN13201-ERN13202	0.187915	0.248372	0.756588
ERN13202-ERN13203	0.375911	0.547541	0.686543
ERN13206-ERN13208	0.055915	0.0949725	0.58875
ERN13207-ERN13209	0.099089	0.16875	0.587193
ERN13211-ERN13212	0.184727	0.285772	0.646416
ERN13214-ERN13215	0.157784	0.262127	0.601938
ERN13273-ERN13274	0.107077	0.749117	0.142938
ERN13331-ERN13332	0.0057967	0.0219656	0.263899
ERN13335-ERN13336	0.644151	1.71876	0.374776
ERN13349-ERN13351	0.197478	1.89489	0.104216
ERN13350-ERN13351	0.289727	1.41541	0.204694
ERN13351-ERN13352	0.0481517	0.239306	0.201214
ERN13380-ERN13381	0.471719	NA	NA
ERN13386-ERN13387	0.0978998	0.22985	0.425929
ERN13397-ERN13399	0.190019	0.41753	0.455102
ERN13399-ERN13400	0.149667	0.274505	0.545224
ERN13399-ERN13401	0.0652335	0.227878	0.286266
ERN13404-ERN13406	0.191143	0.336153	0.56862
ERN13405-ERN13406	0.182052	0.2852	0.63833
ERN13405-ERN13407	0.364822	1.70632	0.213806
ERN13414-ERN13415	0.130679	0.248446	0.525986
ERN13418-ERN13419	0.0795198	0.172903	0.45991
ERN13420-ERN13422	0.0876854	0.13388	0.654955
ERN13443-ERN13444	0.323089	2.71797	0.118872
ERN13446-ERN13447	0.123707	0.346594	0.356921
ERN13447-ERN13448	0.313645	0.760794	0.412261
ERN13454-ERN13455	0.26829	0.390554	0.686946
ERN13462-ERN13464	0.195346	0.391807	0.498578
ERN13467-ERN13468	0.181147	0.311313	0.58188
ERN13481-ERN13482	0.352631	0.52619	0.670159
ERN13495-ERN13497	0.017244	0.0263099	0.655419
ERN13504-ERN13505	0.197434	0.490501	0.402515
ERN13517-ERN13518	0.54507	2.0823	0.261763
ERN13519-ERN13520	0.0906011	0.384953	0.235356
ERN13544-ERN13545	0.178878	0.375979	0.475766
ERN13549-ERN13550	0.23638	0.399736	0.59134
ERN13551-ERN13552	0.267837	0.818348	0.32729
ERN13552-ERN13553	0.540248	1.70299	0.317234
ERN13554-ERN13556	0.200605	0.394237	0.508845
ERN13555-ERN13556	0.241218	0.46618	0.517434
ERN13559-ERN13560	0.298221	0.702162	0.424718
ERN13560-ERN13561	0.367227	0.712984	0.515056
ERN13561-ERN13562	0.420569	0.88471	0.475375
ERN13562-ERN13563	0.301762	0.599262	0.503556
ERN13564-ERN13565	0.340885	0.840573	0.405538
ERN13585-ERN13586	1.14164	3.22902	0.353558
ERN13641-ERN13642	0.0970832	0.211203	0.459667
ERN13642-ERN13643	0.379578	0.953931	0.397909
ERN13643-ERN13644	0.198215	0.39152	0.506272
ERN13644-ERN13646	0.198529	0.398409	0.498305
ERN13703-ERN13704	0.143562	0.456587	0.314423
ERN13704-ERN13705	0.107837	0.291492	0.369949
ERN13705-ERN13706	0.0963968	0.40193	0.239835
ERN13706-ERN13707	0.170564	0.930764	0.183252
ERN13707-ERN13708	0.0766449	0.309937	0.247292
ERN13708-ERN13709	0.0669325	0.183745	0.364269
ERN13714-ERN13715	0.246841	0.343602	0.718392
ERN13734-ERN13736	0.444766	1.91989	0.231663
ERN13735-ERN13737	0.415428	NA	NA
ERN13736-ERN13737	0.389417	2.15633	0.180592
ERN13750-ERN13751	0.463115	0.392173	1.1809
ERN13751-ERN13752	0.336016	0.454598	0.739149
ERN13759-ERN13761	0.19174	0.814332	0.235457
ERN13760-ERN13761	0.304295	0.786886	0.386707
ERN13761-ERN13762	0.057461	0.198048	0.290137
ERN13763-ERN13764	0.0358086	0.0463659	0.772306
ERN13765-ERN13766	0.154035	0.672214	0.229146
ERN13766-ERN13768	0.150687	0.76221	0.197697
ERN13767-ERN13769	0.215894	1.44046	0.149878
ERN13792-ERN13793	0.311784	1.85039	0.168497
ERN13793-ERN13794	0.0717539	0.242031	0.296465
ERN13794-ERN13796	0.874177	1.84011	0.475067
ERN13827-ERN13828	0.27561	0.87324	0.315618
ERN13847-ERN13849	0.521082	NA	NA
ERN13849-ERN13850	0.148857	0.221795	0.671144
ERN13850-ERN13851	0.129141	0.729703	0.176977
ERN13851-ERN13853	0.289233	1.44079	0.200747
ERN13856-ERN13857	0.285302	0.562417	0.507278
ERN13929-ERN13930	0.139567	0.353344	0.39499
ERN13929-ERN13931	0.269402	0.54709	0.492426
ERN13932-ERN13934	0.247804	1.34464	0.184291
ERN13934-ERN13935	0.268056	1.486	0.180388
ERN13960-ERN13962	0.113787	0.288659	0.39419
ERN13961-ERN13962	0.0907834	0.344216	0.263739
ERN13990-ERN13991	0.117993	0.223625	0.527637
ERN14001-ERN14002	0.620632	NA	NA
ERN14003-ERN14005	0.780044	NA	NA
ERN14016-ERN14018	0.390464	0.609368	0.640768
ERN14017-ERN14019	0.211486	0.414376	0.510373
ERN14053-ERN14054	0.0855643	0.138782	0.616539
ERN14083-ERN14084	0.756914	2.66381	0.284147
ERN14084-ERN14085	0.326764	0.810777	0.403026
ERN14101-ERN14102	0.304113	0.578359	0.52582
ERN14106-ERN14107	0.181157	1.48439	0.122041
ERN14106-ERN14108	0.175889	NA	NA
ERN14148-ERN14149	0.719731	3.09673	0.232416
ERN14184-ERN14185	0.191006	0.469364	0.406945
ERN14184-ERN14186	0.252503	0.471026	0.53607
ERN14204-ERN14205	0.137878	0.221775	0.621701
ERN14205-ERN14207	0.355537	0.640189	0.555362
ERN14208-ERN14209	0.586	NA	NA
ERN14214-ERN14215	0.272358	1.38425	0.196755
ERN14239-ERN14241	0.505068	0.812724	0.621451
ERN14273-ERN14274	0.245187	0.646063	0.37951
ERN14276-ERN14278	0.118078	0.285835	0.413097
ERN14278-ERN14279	0.079193	0.189903	0.417019
ERN14281-ERN14282	0.124022	0.432417	0.286812
ERN14283-ERN14284	0.769461	2.16505	0.355402
ERN14296-ERN14297	0.131836	0.251895	0.523379
ERN14312-ERN14313	0.211324	0.387466	0.545401
ERN14314-ERN14315	0.292598	1.22894	0.23809
ERN14365-ERN14366	0.268092	0.410831	0.65256
ERN14366-ERN14368	0.119375	0.223802	0.533396
ERN14406-ERN14407	0.0733289	0.118079	0.621017
ERN14424-ERN14425	0.0764364	0.11016	0.693864
ERN14468-ERN14470	0.173687	0.560905	0.309654
ERN14471-ERN14473	0.319924	1.14096	0.2804
ERN14474-ERN14475	0.0730891	0.158239	0.46189
ERN14474-ERN14476	0.0765604	0.212658	0.360016
ERN14483-ERN14484	0.210471	0.296511	0.709827
ERN14484-ERN14485	0.424528	0.350993	1.20951
ERN14485-ERN14486	0.454637	0.249505	1.82215
ERN14496-ERN14498	0.446132	1.0831	0.411904
ERN14522-ERN14523	0.0627823	0.165777	0.378715
ERN14532-ERN14533	0.0761961	0.275615	0.276458
ERN14532-ERN14534	0.29512	0.441342	0.668688
ERN14533-ERN14535	0.317095	1.10781	0.286237
ERN14538-ERN14539	0.0871266	0.235952	0.369256
ERN14540-ERN14541	0.159269	0.847119	0.188013
ERN14542-ERN14544	0.301633	0.64606	0.46688
ERN14552-ERN14553	0.12666	0.249016	0.508642
ERN14553-ERN14554	0.262571	1.03474	0.253756
ERN14556-ERN14557	0.287288	0.564144	0.509247
ERN14559-ERN14561	0.593508	2.51342	0.236136
ERN14575-ERN14576	0.66272	NA	NA
ERN14600-ERN14601	0.156	0.485156	0.321546
ERN14601-ERN14602	0.112446	0.206524	0.544467
ERN14602-ERN14603	0.113287	0.371773	0.304721
ERN14606-ERN14607	0.566676	1.42581	0.397441
ERN14607-ERN14608	0.148612	0.260418	0.570669
ERN14678-ERN14680	0.089952	0.27099	0.331938
ERN14679-ERN14681	0.0451307	0.0766337	0.588914
ERN14680-ERN14682	0.130114	0.330147	0.39411
ERN14683-ERN14685	0.0309486	0.163965	0.188751
ERN14685-ERN14686	0.0438145	0.206996	0.211669
ERN14696-ERN14698	0.235736	0.310824	0.758424
ERN14702-ERN14704	0.136345	0.371535	0.366978
ERN14706-ERN14708	0.13831	0.330136	0.418949
ERN14709-ERN14710	0.280065	0.580449	0.482497
ERN14710-ERN14712	0.260315	0.696612	0.373687
ERN14728-ERN14730	0.407311	1.66239	0.245015
ERN14737-ERN14739	0.328864	1.44593	0.227441
ERN14739-ERN14740	0.333001	1.14077	0.29191
ERN14740-ERN14741	0.334782	1.13054	0.296125
ERN14751-ERN14752	0.174682	0.555205	0.314627
ERN14770-ERN14771	0.312157	0.674093	0.463077
ERN14771-ERN14772	0.28577	1.32095	0.216337
ERN14780-ERN14781	0.216673	0.420055	0.515821
ERN14798-ERN14799	0.115669	0.265432	0.435777
ERN14799-ERN14800	0.55651	NA	NA
ERN14806-ERN14807	0.835673	1.68156	0.496962
ERN14807-ERN14808	0.840596	4.83533	0.173845
ERN14884-ERN14885	0.214937	0.408862	0.525695
ERN14888-ERN14889	0.0558819	0.0989624	0.564678
ERN14888-ERN14890	0.0624077	0.0490489	1.27235
ERN14900-ERN14901	1.18536	NA	NA
ERN14911-ERN14913	0.169481	NA	NA
ERN14912-ERN14913	0.219736	0.926852	0.237077
ERN14913-ERN14915	0.0101991	0.0362575	0.281297
ERN14916-ERN14918	0.0902832	0.30514	0.295875
ERN14962-ERN14964	0.255675	0.444401	0.575325
ERN14963-ERN14964	0.13786	0.317563	0.434119
ERN14964-ERN14965	0.242192	0.424816	0.570112
ERN14967-ERN14968	0.0890494	0.0789375	1.1281
ERN14974-ERN14976	0.0724556	0.179558	0.403522
ERN14997-ERN14998	0.199022	0.795153	0.250294
ERN15003-ERN15004	0.799772	1.0385	0.770126
ERN15004-ERN15006	0.0503184	0.102489	0.490962
ERN15005-ERN15007	0.782213	NA	NA
ERN15048-ERN15049	0.287335	0.364084	0.789197
ERN15052-ERN15054	0.150693	0.289676	0.520212
ERN15053-ERN15055	0.109519	0.196582	0.557118
ERN15056-ERN15057	0.65555	NA	NA
ERN15059-ERN15060	0.685817	NA	NA
ERN15059-ERN15061	0.250678	0.945881	0.265021
ERN15065-ERN15067	0.330682	2.39042	0.138336
ERN15066-ERN15067	1.07286	2.12606	0.504624
ERN15067-ERN15068	0.222882	1.34207	0.166074
ERN15068-ERN15069	0.317552	1.28759	0.246624
ERN15096-ERN15098	0.24697	2.47472	0.0997971
ERN15097-ERN15098	0.451025	1.16061	0.388609
ERN15112-ERN15113	0.262809	0.266506	0.986129
ERN15116-ERN15117	0.503396	NA	NA
ERN15138-ERN15140	0.0673333	0.164093	0.410335
ERN15141-ERN15142	0.159561	0.456871	0.349246
ERN15142-ERN15143	0.0948512	0.11337	0.836654
ERN15169-ERN15171	0.209376	0.378436	0.553269
ERN15170-ERN15171	0.267991	0.49106	0.545741
ERN15172-ERN15174	0.0323399	0.0932152	0.346938
ERN15173-ERN15174	0.0907146	0.209215	0.433594
ERN15186-ERN15187	0.104364	0.986447	0.105798
ERN15191-ERN15192	0.0466284	0.155802	0.29928
ERN15227-ERN15228	0.37129	1.19283	0.311267
ERN15230-ERN15232	0.235869	1.00599	0.234464
ERN15232-ERN15233	0.104653	0.595865	0.175632
ERN15234-ERN15236	0.203809	0.672476	0.303072
ERN15239-ERN15241	0.0657184	0.103792	0.633177
ERN15249-ERN15251	0.173925	NA	NA
ERN15264-ERN15266	0.246056	0.311101	0.790919
ERN15266-ERN15268	0.0824808	0.102897	0.801589
ERN15277-ERN15278	0.0503455	0.155742	0.323261
ERN15278-ERN15279	0.203869	1.25597	0.162321
ERN15279-ERN15280	0.19051	0.92808	0.205273
ERN15280-ERN15282	0.272322	1.26501	0.215272
ERN15285-ERN15287	0.14524	0.185834	0.78156
ERN15287-ERN15288	0.0508031	0.072356	0.702127
ERN15287-ERN15289	0.17314	0.130854	1.32315
ERN15290-ERN15292	1.3866	NA	NA
ERN15316-ERN15318	0.345833	0.440293	0.785461
ERN15318-ERN15319	0.351041	0.322776	1.08757
ERN15330-ERN15331	0.218138	0.345339	0.631663
ERN15359-ERN15360	0.0296079	0.0776073	0.381509
ERN15363-ERN15364	0.324446	0.432563	0.750056
ERN15364-ERN15365	0.00671114	0.0151928	0.441732
ERN15376-ERN15377	0.0930338	0.191757	0.485166
ERN15377-ERN15378	0.102533	0.225589	0.45451
ERN15421-ERN15422	0.112558	0.107823	1.04392
ERN15424-ERN15425	0.126012	0.136668	0.922024
ERN15428-ERN15429	0.240178	0.539894	0.444862
ERN15452-ERN15454	0.227893	0.981407	0.23221
ERN15454-ERN15455	0.214745	1.15733	0.185552
ERN15468-ERN15469	0.0994802	0.338014	0.294308
ERN15479-ERN15480	0.0826166	0.282362	0.292591
ERN15493-ERN15494	0.135458	0.381747	0.354837
ERN15503-ERN15504	0.0394543	0.00999239	3.94844
ERN15507-ERN15508	0.309	0.608236	0.508026
ERN15602-ERN15603	0.151109	1.47108	0.10272
ERN15603-ERN15605	0.291091	1.46355	0.198893
ERN15604-ERN15606	0.124632	0.874516	0.142515
ERN15643-ERN15644	0.141598	0.772352	0.183333
ERN15673-ERN15674	0.460801	1.59962	0.288068
ERN15686-ERN15687	0.167525	0.207013	0.809246
ERN15739-ERN15740	0.0625562	0.136379	0.458696
ERN15751-ERN15753	0.208149	0.293473	0.709263
ERN15753-ERN15754	1.13893	2.56815	0.443482
ERN15760-ERN15761	0.102159	0.286582	0.356474
ERN15779-ERN15780	1.4964	NA	NA
ERN15780-ERN15781	0.0796786	0.138862	0.573797
ERN15793-ERN15794	0.333015	0.575316	0.578838
ERN15835-ERN15836	0.224949	0.514104	0.437555
ERN15843-ERN15844	0.0470611	0.0967627	0.486356
ERN15844-ERN15845	0.0903774	0.287665	0.314176
ERN15848-ERN15850	0.228694	0.9673	0.236425
ERN15849-ERN15850	0.24494	0.780731	0.313732
ERN15850-ERN15851	0.103954	0.299086	0.347573
ERN15860-ERN15861	0.352193	0.848489	0.415083
ERN15861-ERN15862	0.255895	1.17982	0.216893
ERN15864-ERN15865	0.245062	1.54552	0.158563
ERN15905-ERN15907	0.0615454	0.111301	0.552963
ERN15919-ERN15920	0.0966374	0.610666	0.158249
ERN15926-ERN15928	0.311153	1.18226	0.263185
ERN15928-ERN15929	0.104767	0.0758354	1.38151
ERN16046-ERN16048	0.770806	NA	NA
ERN16048-ERN16049	0.322532	1.95845	0.164688
ERN16050-ERN16052	0.10514	0.210448	0.499599
ERN16051-ERN16052	0.0756243	0.162533	0.465286
ERN16081-ERN16082	0.825601	3.22368	0.256105
ERN16085-ERN16086	0.376652	1.51357	0.248851
ERN16146-ERN16147	0.107943	0.276613	0.39023
ERN16147-ERN16148	0.0565297	0.141813	0.398622
ERN16186-ERN16187	0.0886326	0.49477	0.179139
ERN16203-ERN16204	0.125632	0.169602	0.740742
ERN16206-ERN16207	0.375474	2.81544	0.133362
ERN16211-ERN16213	0.104636	0.1323	0.790898
ERN16301-ERN16303	0.0770689	0.148615	0.51858
ERN16303-ERN16304	0.0290944	0.073071	0.398167
ERN16305-ERN16307	0.346483	0.409	0.847145
ERN16376-ERN16377	0.731584	0.961283	0.761049
ERN16377-ERN16378	0.1131	0.152639	0.74096
ERN16382-ERN16384	1.61332	2.64955	0.608903
ERN16391-ERN16393	0.0860292	0.198508	0.433378
ERN16441-ERN16442	0.269901	0.458405	0.588783
ERN16489-ERN16490	0.118227	0.204337	0.578586
ERN16513-ERN16515	0.112161	0.211671	0.529884
ERN16527-ERN16528	0.0425841	0.129746	0.328212
ERN16541-ERN16542	0.0652393	0.12287	0.530961
ERN16662-ERN16663	0.025594	0.0718857	0.356038
ERN16722-ERN16724	0.507133	1.42002	0.357132
ERN16723-ERN16724	0.1741	0.370359	0.470084
ERN16733-ERN16734	0.144365	0.138424	1.04291
ERN16736-ERN16737	0.0219593	0.00595853	3.68535
ERN16737-ERN16738	0.025908	0.0118224	2.19143
ERN16832-ERN16833	0.673569	NA	NA
ERN16842-ERN16844	0.14808	0.957111	0.154716
ERN16857-ERN16858	0.201545	1.03812	0.194144
ERN16858-ERN16859	0.158694	0.467973	0.339109
ERN16884-ERN16885	0.165317	0.257428	0.642188
ERN16884-ERN16886	0.0819874	0.20134	0.407208
ERN16887-ERN16889	0.0936233	0.176013	0.531911
ERN16903-ERN16905	0.514145	1.99746	0.2574
ERN16904-ERN16905	0.555168	2.44318	0.227231
ERN16924-ERN16925	0.0994231	0.215406	0.46156
ERN16962-ERN16963	0.238905	0.549998	0.434374
ERN16966-ERN16967	0.0375658	0.0892835	0.420748
ERN16966-ERN16968	0.181508	0.266827	0.680248
ERN16995-ERN16996	0.378532	NA	NA
ERN16996-ERN16997	0.342153	0.867898	0.394232
ERN16998-ERN16999	0.375902	2.60668	0.144208
ERN16999-ERN17000	0.10561	0.238402	0.44299
ERN17021-ERN17022	0.0940148	0.147877	0.635762
ERN17025-ERN17026	0.177839	0.790678	0.22492
ERN17060-ERN17061	0.384135	NA	NA
ERN17071-ERN17072	0.412142	1.23491	0.333744
ERN17135-ERN17137	0.560857	NA	NA
ERN17143-ERN17145	0.0558108	0.165112	0.338019
ERN17144-ERN17145	0.0946988	0.236049	0.401183
ERN17145-ERN17146	0.476752	1.17588	0.405444
ERN17145-ERN17147	0.255548	0.377808	0.676396
ERN17208-ERN17209	0.237389	1.02715	0.231115
ERN17226-ERN17228	0.469423	0.791025	0.593437
ERN17244-ERN17246	0.071992	1.11139	0.0647763
ERN17259-ERN17260	0.413035	1.53409	0.269238
ERN17281-ERN17283	0.776483	0.841763	0.922448
ERN17294-ERN17295	0.435881	NA	NA
ERN17297-ERN17298	0.784391	1.83311	0.427901
ERN17317-ERN17318	0.153007	0.231346	0.661375
ERN17382-ERN17384	0.0395136	0.0689531	0.57305
ERN17441-ERN17443	0.157116	0.264689	0.593587
ERN17442-ERN17443	0.120695	0.171387	0.704224
ERN17446-ERN17447	0.249138	0.998466	0.249521
ERN17512-ERN17513	0.277444	1.11728	0.24832
ERN17514-ERN17515	0.553598	1.31769	0.420128
ERN17525-ERN17527	0.186713	0.273133	0.683599
ERN17537-ERN17538	0.209882	0.811815	0.258535
ERN17538-ERN17540	0.412316	0.919441	0.448442
ERN17551-ERN17552	0.112424	0.529646	0.212263
ERN17554-ERN17556	0.321708	1.40506	0.228965
ERN17603-ERN17604	0.0383061	0.0650004	0.589321
ERN17618-ERN17619	0.0618247	0.197136	0.313615
ERN17619-ERN17620	0.123178	0.507362	0.242782
ERN17655-ERN17656	0.0491412	0.113853	0.431619
ERN17680-ERN17681	0.548349	1.67622	0.327134
ERN17681-ERN17682	0.391088	4.28075	0.0913598
ERN17682-ERN17683	0.289769	0.604746	0.479158
ERN17684-ERN17685	0.521234	1.17295	0.44438
ERN17685-ERN17686	0.141779	1.99747	0.0709793
ERN17686-ERN17688	0.55273	2.40577	0.229752
ERN17692-ERN17693	0.275107	1.45204	0.189463
ERN17712-ERN17714	0.0611673	0.135431	0.45165
ERN17716-ERN17717	0.130154	0.234955	0.553954
ERN17795-ERN17797	0.10355	0.173805	0.595786
ERN17798-ERN17799	0.0866425	0.201887	0.429163
ERN17801-ERN17803	0.0630836	0.0785069	0.803542
ERN17810-ERN17811	0.237218	1.20457	0.196932
ERN17829-ERN17830	0.692556	1.45086	0.477343
ERN17837-ERN17838	0.0834024	0.202215	0.412443
ERN17852-ERN17854	0.391865	0.885697	0.442436
ERN17854-ERN17855	0.563671	1.24491	0.452779
ERN17869-ERN17870	0.0425231	0.169703	0.250573
ERN17880-ERN17881	0.227234	NA	NA
ERN17881-ERN17882	0.202336	0.822218	0.246085
ERN17902-ERN17903	0.0876641	0.142803	0.613883
ERN17909-ERN17910	0.165827	0.245092	0.676589
ERN17909-ERN17911	0.154018	0.384763	0.400294
ERN17992-ERN17993	1.32454	NA	NA
ERN18019-ERN18021	0.0968323	0.1424	0.680004
ERN18020-ERN18021	0.0452461	0.145571	0.310817
ERN18021-ERN18022	0.18082	0.819425	0.220667
ERN18023-ERN18025	0.184215	0.162967	1.13038
ERN18028-ERN18030	0.270651	0.667462	0.405494
ERN18040-ERN18042	0.055884	0.239402	0.233432
ERN18042-ERN18044	0.165149	0.405824	0.406947
ERN18046-ERN18047	0.381502	4.25164	0.0897305
ERN18047-ERN18048	0.334825	1.77953	0.188153
ERN18048-ERN18050	0.229451	1.08919	0.210663
ERN18055-ERN18056	0.0252248	NA	NA
ERN18056-ERN18057	0.0252248	NA	NA
ERN18060-ERN18062	0.105205	0.110215	0.954542
ERN18066-ERN18068	0.612262	0.720344	0.849958
ERN18067-ERN18069	0.352803	0.538886	0.65469
ERN18137-ERN18139	0.253988	1.9499	0.130257
ERN18171-ERN18172	0.219016	0.247934	0.883361
ERN18249-ERN18250	0.247498	0.390425	0.633919
ERN18250-ERN18251	0.363091	1.71149	0.212149
ERN18251-ERN18253	0.326279	1.55961	0.209205
ERN18262-ERN18264	0.291411	0.47854	0.608958
ERN18263-ERN18265	0.0173192	0.0686767	0.252185
ERN18265-ERN18266	0.0739462	0.130544	0.566447
ERN18268-ERN18269	0.0317852	0.092188	0.344786
ERN18269-ERN18271	0.239538	1.34886	0.177586
ERN18288-ERN18289	0.56865	NA	NA
ERN18289-ERN18291	0.403793	1.08404	0.372491
ERN18292-ERN18293	0.377501	0.51089	0.738909
ERN18307-ERN18309	0.124513	0.155484	0.800812
ERN18324-ERN18326	0.0440748	0.0864766	0.509673
ERN18332-ERN18333	0.0253379	0.149129	0.169906
ERN18341-ERN18342	0.187927	0.476325	0.394535
ERN18353-ERN18354	0.0514392	0.128373	0.4007
ERN18397-ERN18399	0.119334	0.0670387	1.78007
ERN18398-ERN18399	0.341142	NA	NA
ERN18401-ERN18403	0.263755	0.394051	0.669342
ERN18446-ERN18448	0.477154	1.1704	0.407684
ERN18457-ERN18458	0.0125316	0.0447223	0.28021
ERN18499-ERN18501	0.276306	0.344501	0.802046
ERN18505-ERN18506	0.449935	3.2669	0.137726
ERN18550-ERN18551	0.139492	0.575754	0.242277
ERN18550-ERN18552	0.153808	0.19049	0.807435
ERN18608-ERN18610	0.394117	1.1805	0.333856
ERN18617-ERN18618	0.393765	1.31594	0.299228
ERN18618-ERN18619	0.102718	0.0853418	1.2036
ERN18618-ERN18620	0.194842	0.319341	0.610137
ERN18621-ERN18622	0.273278	1.34851	0.202651
ERN18621-ERN18623	0.675724	3.23078	0.209152
ERN18661-ERN18662	0.106879	0.170362	0.627362
ERN18667-ERN18668	0.303767	NA	NA
ERN18671-ERN18673	0.442916	0.613788	0.721611
ERN18672-ERN18674	0.111657	0.127143	0.878201
ERN18673-ERN18674	0.40159	1.26766	0.316797
ERN18676-ERN18677	0.112209	0.294146	0.381473
ERN18679-ERN18680	0.447762	NA	NA
ERN18726-ERN18727	0.0243588	0.0186811	1.30393
ERN18736-ERN18737	0.192846	1.20968	0.159419
ERN18744-ERN18745	0.204876	0.417661	0.490532
ERN18746-ERN18747	0.335368	1.68147	0.19945
ERN18758-ERN18759	0.141403	0.601457	0.2351
ERN18786-ERN18787	0.639042	NA	NA
ERN18819-ERN18820	1.1508	NA	NA
ERN18820-ERN18821	1.02328	3.18828	0.32095
ERN18834-ERN18835	0.468341	0.641731	0.729808
ERN18846-ERN18847	1.61125	1.83835	0.876465
ERN18856-ERN18858	0.187655	0.162221	1.15679
ERN18858-ERN18860	0.287709	0.439038	0.655316
ERN18886-ERN18887	0.168183	0.199378	0.843539
ERN18887-ERN18889	0.762488	1.62892	0.468095
ERN18891-ERN18892	0.126244	0.267332	0.472235
ERN18898-ERN18899	0.364303	0.81622	0.44633
ERN18899-ERN18901	0.189531	0.480191	0.3947
ERN18923-ERN18924	0.304876	0.48895	0.623532
ERN18937-ERN18939	0.216517	NA	NA
ERN18942-ERN18944	0.0494394	0.0396053	1.2483
ERN18946-ERN18947	0.542984	0.987426	0.549898
ERN18949-ERN18950	0.236488	0.930378	0.254185
ERN18972-ERN18974	0.343115	0.294797	1.1639
ERN18980-ERN18981	0.131144	0.141354	0.927763
ERN18982-ERN18983	0.100066	0.071297	1.4035
ERN18982-ERN18984	0.0897816	0.161255	0.556769
ERN18985-ERN18987	0.0510838	0.135194	0.377855
ERN18988-ERN18989	0.0752184	0.10852	0.693131
ERN19021-ERN19022	0.220043	0.591956	0.371721
ERN19043-ERN19044	0.484935	3.49146	0.138892
ERN19045-ERN19046	0.356623	NA	NA
ERN19046-ERN19047	0.467477	5.32201	0.0878384
ERN19047-ERN19048	0.457926	1.28427	0.356565
ERN19078-ERN19079	0.14157	0.400847	0.353178
ERN19080-ERN19081	0.169239	0.851495	0.198755
ERN19085-ERN19086	0.573577	0.997823	0.574828
ERN19111-ERN19112	0.209615	0.498253	0.420699
ERN19122-ERN19123	0.543927	1.0036	0.541978
ERN19123-ERN19124	0.42343	1.32646	0.319218
ERN19128-ERN19129	0.377501	0.578904	0.652097
ERN19170-ERN19171	0.11516	0.164484	0.700133
ERN19171-ERN19172	0.11709	0.171222	0.683848
ERN19187-ERN19188	0.237964	0.652338	0.364786
ERN19225-ERN19226	0.60903	1.19074	0.511471
ERN19227-ERN19229	0.0927269	0.196391	0.472155
ERN19231-ERN19233	0.142895	0.70305	0.203251
ERN19241-ERN19242	0.182216	0.878497	0.207418
ERN19242-ERN19243	0.330297	0.774344	0.426551
ERN19242-ERN19244	0.411347	2.15065	0.191266
ERN19251-ERN19252	0.0893108	0.217576	0.410481
ERN19261-ERN19262	0.0477275	0.188803	0.25279
ERN19262-ERN19263	0.0290947	0.110945	0.262243
ERN19263-ERN19264	0.0427103	0.410727	0.103987
ERN19264-ERN19265	0.178712	0.481975	0.370792
ERN19265-ERN19267	0.198945	0.337474	0.589512
ERN19266-ERN19268	0.331077	0.484096	0.683909
ERN19436-ERN19437	0.0773404	0.236179	0.327465
ERN19437-ERN19438	0.281419	1.7254	0.163103
ERN19437-ERN19439	0.270007	1.25532	0.21509
ERN19442-ERN19444	0.674356	2.45873	0.27427
ERN19443-ERN19444	0.35625	1.16366	0.306145
ERN19444-ERN19445	0.297738	1.24304	0.239525
ERN19444-ERN19446	0.17495	0.362186	0.483038
ERN19457-ERN19458	0.00993512	0.0706102	0.140704
ERN19474-ERN19476	0.168312	0.566633	0.297038
ERN19476-ERN19477	0.00555907	0.0312534	0.177871
ERN19502-ERN19503	0.101626	0.244792	0.415154
ERN19503-ERN19504	0.0236734	0.175841	0.13463
ERN19506-ERN19507	0.0295755	0.102969	0.287227
ERN19510-ERN19512	0.805152	1.72634	0.466391
ERN19529-ERN19530	0.469416	2.1272	0.220673
ERN19529-ERN19531	0.370808	1.81281	0.204548
ERN19534-ERN19536	0.285154	0.513458	0.555361
ERN19535-ERN19536	0.301792	0.761235	0.396451
ERN19536-ERN19537	0.240528	2.06618	0.116412
ERN19536-ERN19538	0.293572	1.51425	0.193873
ERN19556-ERN19558	0.0619114	0.0994689	0.62242
ERN19565-ERN19567	0.14991	0.298257	0.502619
ERN19568-ERN19569	0.271183	0.396549	0.683857
ERN19569-ERN19570	0.282516	0.555462	0.508615
ERN19571-ERN19572	0.0778644	0.115743	0.672736
ERN19577-ERN19578	0.307991	0.42203	0.729784
ERN19580-ERN19581	0.0677882	0.076998	0.88039
ERN19601-ERN19603	0.0326045	0.149414	0.218216
ERN19603-ERN19604	0.0324676	0.0720968	0.450333
ERN19623-ERN19624	0.167834	0.280207	0.598965
ERN19647-ERN19648	0.0529077	0.502161	0.10536
ERN19667-ERN19668	0.432093	1.04481	0.41356
ERN19678-ERN19679	0.200335	0.425904	0.470375
ERN19678-ERN19680	0.176739	0.445377	0.396829
ERN19724-ERN19725	0.0585685	0.132493	0.442049
ERN19725-ERN19726	0.282063	1.25857	0.224115
ERN19729-ERN19730	0.204478	0.905248	0.22588
ERN19751-ERN19752	0.127108	0.148848	0.85395
ERN19768-ERN19769	0.0574248	0.14578	0.393914
ERN19769-ERN19770	0.179964	0.272363	0.660748
ERN19770-ERN19771	0.399136	0.602527	0.662436
ERN19800-ERN19802	0.283952	0.624525	0.454669
ERN19867-ERN19868	0.37409	0.734933	0.509012
ERN19871-ERN19872	0.692458	1.40515	0.492799
ERN19878-ERN19879	0.120489	0.192347	0.626416
ERN19908-ERN19910	0.139797	0.260818	0.535993
ERN19909-ERN19910	0.0285599	0.0471688	0.605484
ERN19915-ERN19916	0.126163	0.124188	1.0159
ERN19917-ERN19918	0.0504636	0.446081	0.113126
ERN19926-ERN19928	0.215359	0.816255	0.263838
ERN19965-ERN19967	0.186342	0.339632	0.548659
ERN19966-ERN19967	0.12735	0.18741	0.67953
ERN19967-ERN19968	0.182443	0.589904	0.309276
ERN19969-ERN19970	0.155552	0.357688	0.434881
ERN19970-ERN19971	0.291116	1.68631	0.172635
ERN19997-ERN19998	0.382684	1.81382	0.210982
ERN19998-ERN19999	0.368689	2.52882	0.145795
ERN20006-ERN20007	1.3888	NA	NA
ERN20006-ERN20008	1.64456	3.12933	0.525531
ERN20014-ERN20016	0.221306	0.421064	0.525587
ERN20016-ERN20018	0.443833	1.05585	0.420357
ERN20017-ERN20018	0.291484	1.18435	0.246113
ERN20018-ERN20019	0.334728	4.27393	0.0783184
ERN20019-ERN20020	0.252362	1.02498	0.246211
ERN20026-ERN20027	0.244754	0.997812	0.245291
ERN20039-ERN20040	0.0794348	0.094199	0.843266
ERN20053-ERN20054	0.144294	0.395484	0.364854
ERN20058-ERN20059	0.170163	1.12363	0.15144
ERN20059-ERN20060	0.0539249	0.31842	0.169352
ERN20060-ERN20061	0.116146	1.04025	0.111652
ERN20071-ERN20072	0.478539	3.83407	0.124812
ERN20106-ERN20107	0.0963142	0.0639745	1.50551
ERN20106-ERN20108	0.0937087	0.188196	0.497932
ERN20145-ERN20146	0.0180658	0.050013	0.361223
ERN20200-ERN20201	0.0606825	0.148488	0.408669
ERN20218-ERN20219	0.0899926	0.192957	0.466387
ERN20219-ERN20220	0.137545	0.173954	0.790696
ERN20220-ERN20221	0.244948	0.909018	0.269464
ERN20221-ERN20222	0.151242	0.562362	0.26894
ERN20223-ERN20224	0.241504	1.33016	0.18156
ERN20246-ERN20247	0.162612	0.354139	0.459176
ERN20262-ERN20263	0.160527	0.822705	0.19512
ERN20263-ERN20264	0.0536953	0.139864	0.383912
ERN20264-ERN20265	0.200613	0.805864	0.248942
ERN20265-ERN20266	0.112191	0.188535	0.595067
ERN20267-ERN20268	0.225589	0.612267	0.368449
ERN20268-ERN20269	0.206662	0.906121	0.228073
ERN20268-ERN20270	0.175921	0.82195	0.214028
ERN20269-ERN20271	0.110241	0.20441	0.539312
ERN20293-ERN20294	0.16009	0.52857	0.302874
ERN20294-ERN20295	0.365535	1.32723	0.275412
ERN20295-ERN20296	0.123661	0.279246	0.442841
ERN20296-ERN20297	0.115246	0.303463	0.379769
ERN20297-ERN20298	0.116169	0.316975	0.366492
ERN20298-ERN20300	0.308865	1.01527	0.30422
ERN20299-ERN20301	0.15691	0.313869	0.499923
ERN20301-ERN20303	0.133695	0.963554	0.138752
ERN20303-ERN20304	0.176736	0.603916	0.29265
ERN20304-ERN20305	0.054267	0.160452	0.338214
ERN20340-ERN20341	0.0461907	0.161995	0.285137
ERN20350-ERN20351	0.159095	3.01866	0.052704
ERN20401-ERN20402	0.444918	1.13406	0.392322
ERN20408-ERN20410	0.0757323	0.160638	0.471448
ERN20409-ERN20410	0.185275	0.251207	0.73754
ERN20412-ERN20414	0.00667351	0.00439052	1.51998
ERN20414-ERN20415	0.00667433	0.0312746	0.21341
ERN20419-ERN20420	0.214443	0.578606	0.370621
ERN20419-ERN20421	0.359261	0.622815	0.576835
ERN20422-ERN20424	0.296539	0.569364	0.520824
ERN20424-ERN20425	0.361099	1.28906	0.280125
ERN20425-ERN20427	0.0928839	0.182818	0.508068
ERN20426-ERN20428	0.078419	0.182032	0.430798
ERN20430-ERN20432	0.319831	1.3192	0.242443
ERN20431-ERN20433	0.462539	1.19969	0.38555
ERN20496-ERN20497	0.0677604	0.209156	0.323971
ERN20497-ERN20498	0.314613	0.747896	0.420663
ERN20503-ERN20505	0.323793	0.679514	0.476506
ERN20504-ERN20505	0.131999	0.566893	0.232847
ERN20510-ERN20511	0.327836	0.657901	0.498306
ERN20596-ERN20598	0.232444	0.342648	0.678376
ERN20625-ERN20627	0.167358	0.0767702	2.17999
ERN20638-ERN20639	1.02211	1.35959	0.751778
ERN20639-ERN20640	0.247738	0.305561	0.810764
ERN20640-ERN20641	0.140093	0.462998	0.302577
ERN20656-ERN20657	0.169787	0.228255	0.743849
ERN20657-ERN20658	0.113016	0.236929	0.477003
ERN20659-ERN20660	0.0745417	0.121156	0.615254
ERN20660-ERN20661	0.0645922	0.132675	0.486847
