Seq	Ka	Ks	Ka/Ks
ESQ27067-ESQ27068	0.386272	2.1888	0.176476
ESQ27184-ESQ27185	0.184675	1.14807	0.160857
ESQ27185-ESQ27186	0.142381	0.744199	0.191321
ESQ27222-ESQ27223	0.167747	1.03537	0.162016
ESQ27238-ESQ27239	0.552598	2.36752	0.233408
ESQ27251-ESQ27252	0.203643	0.581785	0.350032
ESQ27277-ESQ27278	0.168776	0.533099	0.316594
ESQ27278-ESQ27279	0.243249	0.690751	0.352151
ESQ27279-ESQ27280	0.131479	0.397192	0.33102
ESQ27280-ESQ27281	0.144406	0.353849	0.408101
ESQ27281-ESQ27282	0.177858	0.976167	0.1822
ESQ27321-ESQ27322	0.463018	2.69897	0.171554
ESQ27323-ESQ27324	0.245335	1.27623	0.192234
ESQ27334-ESQ27335	0.0220109	0.126004	0.174684
ESQ27433-ESQ27434	0.437916	1.73485	0.252423
ESQ27448-ESQ27449	0.0574925	0.0661495	0.86913
ESQ27453-ESQ27454	0.120197	0.637331	0.188594
ESQ27460-ESQ27461	0.0179365	0.0854102	0.210004
ESQ27476-ESQ27477	0.0464528	0.106246	0.43722
ESQ27538-ESQ27539	0.30346	0.624575	0.485867
ESQ27540-ESQ27541	0.338024	1.1028	0.306515
ESQ27541-ESQ27542	0.237792	0.88962	0.267296
ESQ27549-ESQ27551	0.0909538	0.419462	0.216834
ESQ27551-ESQ27552	0.112971	0.35292	0.320104
ESQ27552-ESQ27553	0.134145	0.531693	0.252298
ESQ27643-ESQ27644	0.06955	0.23371	0.297591
ESQ27644-ESQ27645	0.110361	0.279911	0.394272
ESQ27736-ESQ27737	0.476088	0.807629	0.589488
ESQ27738-ESQ27740	0.0494261	0.0630691	0.783681
ESQ27740-ESQ27742	0.170787	0.3418	0.499671
ESQ27742-ESQ27743	0.169841	0.370063	0.458951
ESQ27743-ESQ27745	0.1583	0.354058	0.447101
ESQ27752-ESQ27753	0.139502	0.595863	0.234118
ESQ27757-ESQ27759	0.00843256	0.216252	0.0389942
ESQ27763-ESQ27764	0.126627	0.698999	0.181155
ESQ27764-ESQ27765	0.148894	0.859838	0.173165
ESQ27765-ESQ27766	0.369329	NA	NA
ESQ27767-ESQ27768	0.114671	0.419024	0.273663
ESQ27829-ESQ27830	0.374925	0.990079	0.378682
ESQ27833-ESQ27834	0.697315	0.672138	1.03746
ESQ27882-ESQ27883	0.147506	0.644782	0.228769
ESQ27895-ESQ27896	0.400758	1.06909	0.374858
ESQ27898-ESQ27899	0.14348	0.131372	1.09217
ESQ27969-ESQ27970	0.025039	0.0297825	0.840727
ESQ27979-ESQ27980	0.485276	2.87751	0.168644
ESQ27981-ESQ27982	0.270528	1.14051	0.237199
ESQ27983-ESQ27985	0.252997	1.27323	0.198705
ESQ27984-ESQ27985	0.130339	0.360362	0.36169
ESQ27985-ESQ27986	0.0780163	0.229823	0.339462
ESQ27986-ESQ27988	0.0490335	0.195528	0.250775
ESQ27987-ESQ27989	0.176689	0.708838	0.249266
ESQ27989-ESQ27991	0.181223	0.713821	0.253878
ESQ28053-ESQ28054	0.104582	0.126208	0.828649
ESQ28115-ESQ28116	0.752689	1.47368	0.510753
ESQ28116-ESQ28117	0.198434	0.781079	0.254052
ESQ28117-ESQ28118	0.199486	1.1377	0.175342
ESQ28123-ESQ28124	0.268108	2.7616	0.0970843
ESQ28160-ESQ28161	0.569018	4.80025	0.118539
ESQ28190-ESQ28192	0.0198644	0.0563685	0.352403
ESQ28214-ESQ28217	0.223274	0.716106	0.311789
ESQ28231-ESQ28232	0.35985	1.49971	0.239947
ESQ28233-ESQ28234	0.4669	0.548279	0.851573
ESQ28236-ESQ28237	0.708457	2.2856	0.309966
ESQ28239-ESQ28240	0.445405	2.97426	0.149753
ESQ28253-ESQ28254	0.100905	0.0963255	1.04754
ESQ28254-ESQ28255	0.155763	0.162659	0.957607
ESQ28258-ESQ28260	0.0674134	0.348	0.193717
ESQ28273-ESQ28274	0.0878333	0.185726	0.472919
ESQ28290-ESQ28291	0.286222	1.06173	0.269581
ESQ28291-ESQ28292	1.56883	2.96917	0.528372
ESQ28359-ESQ28361	0.12253	0.223907	0.547239
ESQ28360-ESQ28362	0.0741465	0.251105	0.295281
ESQ28362-ESQ28364	0.0772095	0.15783	0.489194
ESQ28364-ESQ28365	0.0201668	NA	NA
ESQ28429-ESQ28430	0.238637	0.850345	0.280635
ESQ28431-ESQ28432	0.0132525	0.241559	0.0548626
ESQ28447-ESQ28450	0.24983	0.177333	1.40881
ESQ28454-ESQ28456	0.0891826	0.139631	0.638701
ESQ28482-ESQ28483	0.149809	0.478975	0.31277
ESQ28493-ESQ28495	0.030303	0.0987842	0.30676
ESQ28526-ESQ28527	0.166091	0.466033	0.356392
ESQ28526-ESQ28528	0.0481838	0.167857	0.287052
ESQ28549-ESQ28551	0.377882	0.496009	0.761845
ESQ28550-ESQ28552	0.0179824	0.0586669	0.306517
ESQ28563-ESQ28565	0.143529	0.301776	0.475614
ESQ28585-ESQ28587	0.104063	0.0891433	1.16737
ESQ28586-ESQ28587	0.203255	0.205171	0.990666
ESQ28587-ESQ28588	0.0344397	0.0272902	1.26198
ESQ28588-ESQ28589	0.0189626	0.0553433	0.342636
ESQ28601-ESQ28602	0.24515	0.518787	0.472544
ESQ28606-ESQ28608	0.167173	0.613601	0.272446
ESQ28620-ESQ28621	0.0428342	0.254005	0.168635
ESQ28644-ESQ28645	0.0471105	0.109006	0.432183
ESQ28644-ESQ28646	0.127306	0.286835	0.443831
ESQ28651-ESQ28652	0.339653	1.0328	0.328866
ESQ28664-ESQ28665	0.0143724	0.0143348	1.00262
ESQ28665-ESQ28666	0.016027	0.00976096	1.64195
ESQ28666-ESQ28667	0.0194149	0.0303691	0.6393
ESQ28666-ESQ28668	0.0319418	0.0357519	0.89343
ESQ28692-ESQ28693	0.0831091	0.106149	0.782944
ESQ28693-ESQ28694	0.0993749	0.127134	0.781654
ESQ28694-ESQ28695	0.146987	0.168863	0.87045
ESQ28705-ESQ28706	0.0782225	0.319496	0.24483
ESQ28706-ESQ28707	0.0265517	0.143532	0.184988
ESQ28707-ESQ28708	0.31728	1.75411	0.180878
ESQ28714-ESQ28715	0.0815043	0.267842	0.3043
ESQ28715-ESQ28716	0.346573	1.46992	0.235776
ESQ28715-ESQ28717	0.377945	1.86465	0.20269
ESQ28718-ESQ28719	0.0855508	0.135579	0.631003
ESQ28726-ESQ28727	0.509226	1.71843	0.296333
ESQ28737-ESQ28738	0.219437	0.878886	0.249676
ESQ28740-ESQ28741	0.0281712	0.0249852	1.12751
ESQ28741-ESQ28742	0.0206648	0.0153786	1.34374
ESQ28743-ESQ28744	0.112022	0.743848	0.150597
ESQ28762-ESQ28764	0.046891	0.163682	0.286477
ESQ28775-ESQ28776	0.165078	0.0917471	1.79928
ESQ28783-ESQ28784	0.272388	0.356452	0.764165
ESQ28785-ESQ28786	0.133865	0.162925	0.821633
ESQ28797-ESQ28799	0.0325276	0.0341081	0.95366
ESQ28800-ESQ28801	0.0778486	0.245774	0.316748
ESQ28801-ESQ28803	0.0913884	0.277905	0.328848
ESQ28808-ESQ28810	0.0585152	0.072536	0.806706
ESQ28815-ESQ28816	0.159217	0.226153	0.704024
ESQ28816-ESQ28817	0.291442	0.849288	0.34316
ESQ28817-ESQ28818	0.347689	1.05014	0.331089
ESQ28835-ESQ28836	0.437749	0.919815	0.47591
ESQ28917-ESQ28918	0.100534	0.103568	0.970699
ESQ28925-ESQ28926	0.667209	1.53322	0.435169
ESQ28954-ESQ28955	0.347156	0.399853	0.868209
ESQ28965-ESQ28967	0.243781	0.440979	0.552818
ESQ28985-ESQ28987	0.297353	0.57016	0.521525
ESQ28990-ESQ28991	0.182538	0.176233	1.03577
ESQ29010-ESQ29011	0.171579	0.279127	0.614701
ESQ29052-ESQ29055	0.459494	1.03881	0.442329
ESQ29055-ESQ29057	0.554724	0.991358	0.55956
ESQ29092-ESQ29093	0.095374	0.2462	0.387385
ESQ29092-ESQ29094	0.111889	0.330615	0.338426
ESQ29105-ESQ29107	0.0667611	0.154258	0.432788
ESQ29107-ESQ29108	0.110939	0.294787	0.376338
ESQ29124-ESQ29125	0.0706671	0.218145	0.323946
ESQ29125-ESQ29126	0.057544	0.18707	0.307606
ESQ29127-ESQ29129	0.182279	0.250506	0.727642
ESQ29128-ESQ29130	0.107787	0.350941	0.307139
ESQ29129-ESQ29130	0.0553234	0.176248	0.313895
ESQ29132-ESQ29134	0.390052	1.056	0.369366
ESQ29133-ESQ29135	0.216386	0.568086	0.380903
ESQ29134-ESQ29136	0.108216	0.153884	0.703231
ESQ29135-ESQ29137	0.178086	0.525017	0.3392
ESQ29137-ESQ29138	0.242988	1.55776	0.155985
ESQ29138-ESQ29139	0.104042	0.595289	0.174775
ESQ29147-ESQ29149	0.244411	0.458034	0.533608
ESQ29149-ESQ29150	0.172231	0.480196	0.358667
ESQ29197-ESQ29198	0.0814452	0.397991	0.204641
ESQ29201-ESQ29202	0.042281	0.0685957	0.61638
ESQ29207-ESQ29208	0.115436	0.195886	0.5893
ESQ29208-ESQ29209	0.155672	0.267103	0.582818
ESQ29221-ESQ29222	0.207116	0.634847	0.326246
ESQ29229-ESQ29231	0.183313	0.284914	0.6434
ESQ29244-ESQ29245	0.129369	0.533038	0.242701
ESQ29250-ESQ29251	0.0238605	0.0453294	0.52638
ESQ29279-ESQ29280	0.0993673	0.141354	0.702965
ESQ29283-ESQ29284	0.136995	0.37075	0.369508
ESQ29288-ESQ29290	0.202557	0.68569	0.295406
ESQ29289-ESQ29290	0.124937	0.448397	0.27863
ESQ29290-ESQ29291	0.0580814	0.232165	0.250173
ESQ29291-ESQ29292	0.222649	0.76456	0.291212
ESQ29292-ESQ29293	0.220424	0.700758	0.31455
ESQ29296-ESQ29298	0.124203	0.259289	0.479015
ESQ29297-ESQ29298	0.0918309	0.130567	0.703326
ESQ29298-ESQ29299	0.140242	0.270239	0.518953
ESQ29300-ESQ29301	0.0749844	0.141687	0.529224
ESQ29303-ESQ29304	0.140044	0.257772	0.543286
ESQ29304-ESQ29305	0.0865693	0.153049	0.565633
ESQ29318-ESQ29320	0.0727357	0.0628479	1.15733
ESQ29320-ESQ29322	0.251667	0.479374	0.524991
ESQ29322-ESQ29324	0.241144	0.493036	0.489101
ESQ29323-ESQ29324	0.241944	0.359609	0.672799
ESQ29324-ESQ29326	0.122326	0.147442	0.829654
ESQ29326-ESQ29328	0.115992	0.153266	0.756807
ESQ29336-ESQ29339	0.126266	0.482751	0.261555
ESQ29357-ESQ29359	0.163018	0.384601	0.423864
ESQ29359-ESQ29360	0.155859	0.483972	0.322042
ESQ29369-ESQ29370	0.29995	0.521753	0.574889
ESQ29382-ESQ29384	0.127257	0.489898	0.259763
ESQ29392-ESQ29393	0.494355	1.38073	0.35804
ESQ29396-ESQ29397	0.034023	0.0200206	1.6994
ESQ29411-ESQ29412	0.120689	0.910177	0.132599
ESQ29412-ESQ29413	0.0724817	0.333931	0.217056
ESQ29413-ESQ29414	0.0834887	0.34143	0.244526
ESQ29414-ESQ29415	0.281085	0.631253	0.44528
ESQ29415-ESQ29419	0.239099	0.355446	0.672674
ESQ29433-ESQ29434	0.120152	0.177524	0.67682
ESQ29436-ESQ29437	0.0640651	0.0549931	1.16497
ESQ29440-ESQ29441	0.0593968	0.686519	0.0865188
ESQ29441-ESQ29442	0.0708267	0.6357	0.111415
ESQ29456-ESQ29457	0.590616	1.01549	0.581608
ESQ29457-ESQ29458	0.0650443	0.0682748	0.952685
ESQ29484-ESQ29485	0.0668382	0.0622761	1.07326
ESQ29485-ESQ29486	0.122915	0.191225	0.642777
ESQ29499-ESQ29500	0.0452158	0.22554	0.200478
ESQ29516-ESQ29518	0.306727	0.79402	0.386297
ESQ29539-ESQ29540	0.141392	0.426809	0.331277
ESQ29551-ESQ29553	0.105023	0.253879	0.413673
ESQ29552-ESQ29554	0.136676	0.209521	0.652329
ESQ29554-ESQ29555	0.291415	0.523321	0.556858
ESQ29555-ESQ29556	0.0283639	0.0205991	1.37695
ESQ29557-ESQ29558	0.244651	0.408693	0.598618
ESQ29581-ESQ29583	0.153019	0.121241	1.26211
ESQ29608-ESQ29609	0.203477	0.411089	0.494969
ESQ29632-ESQ29633	0.142581	0.338187	0.421603
ESQ29639-ESQ29640	0.309297	0.434193	0.71235
ESQ29641-ESQ29642	0.111379	0.344236	0.323555
ESQ29659-ESQ29662	0.0361139	0.202035	0.17875
ESQ29724-ESQ29726	0.399973	0.579953	0.689664
ESQ29740-ESQ29741	0.0146759	0.0772197	0.190054
ESQ29755-ESQ29757	0.210132	0.438611	0.479085
ESQ29765-ESQ29767	0.620541	NA	NA
ESQ29791-ESQ29792	NA	NA	NA
ESQ29809-ESQ29811	1.25445	2.0161	0.622214
ESQ29847-ESQ29848	0.184983	0.940854	0.196612
ESQ29848-ESQ29849	0.0750089	0.279955	0.267932
ESQ29878-ESQ29880	0.00462013	0.0127361	0.362759
ESQ29881-ESQ29882	0.0527955	0.162208	0.325481
ESQ29907-ESQ29908	0.16696	2.58569	0.0645705
ESQ29954-ESQ29956	0.284932	0.812453	0.350706
ESQ29983-ESQ29984	0.373786	0.80849	0.462326
ESQ30012-ESQ30014	0.593488	NA	NA
ESQ30013-ESQ30014	0.201398	1.16794	0.172438
ESQ30014-ESQ30015	0.081139	0.329133	0.246523
ESQ30017-ESQ30018	0.190573	0.374981	0.50822
ESQ30018-ESQ30019	0.270988	0.588565	0.460422
ESQ30032-ESQ30034	0.767461	2.08168	0.368674
ESQ30039-ESQ30040	0.129099	0.209431	0.616426
ESQ30055-ESQ30056	0.648554	NA	NA
ESQ30058-ESQ30060	0.00805728	0.060847	0.132419
ESQ30075-ESQ30076	0.485852	3.08352	0.157564
ESQ30115-ESQ30116	0.085404	0.200823	0.425271
ESQ30116-ESQ30118	0.0506867	0.130984	0.386969
ESQ30117-ESQ30119	0.153432	0.317151	0.483781
ESQ30121-ESQ30122	0.335323	1.8148	0.184771
ESQ30151-ESQ30152	0.341469	1.19875	0.284854
ESQ30153-ESQ30156	0.403069	NA	NA
ESQ30164-ESQ30166	0.477051	0.783367	0.608975
ESQ30165-ESQ30167	0.0341172	0.0639296	0.533668
ESQ30166-ESQ30168	0.0101726	0.0520338	0.195499
ESQ30167-ESQ30169	0.0182152	0.0447811	0.406762
ESQ30168-ESQ30170	0.0126803	0.0939948	0.134904
ESQ30170-ESQ30171	0.0126803	0.0507592	0.249812
ESQ30172-ESQ30174	0.021272	0.0547884	0.388258
ESQ30173-ESQ30175	NA	0.0137903	-0
ESQ30174-ESQ30176	0.018556	0.0455743	0.40716
ESQ30175-ESQ30177	0.010791	0.0170491	0.632936
ESQ30176-ESQ30178	0.0341485	0.0829749	0.411552
ESQ30203-ESQ30209	0.0949423	0.263966	0.359676
ESQ30219-ESQ30220	0.280076	0.697969	0.401272
ESQ30244-ESQ30246	0.389765	0.709905	0.549039
ESQ30251-ESQ30252	0.179325	0.504909	0.355163
ESQ30253-ESQ30257	0.400754	1.18116	0.339288
ESQ30254-ESQ30257	0.611309	1.52156	0.401765
ESQ30265-ESQ30266	0.0717115	0.186126	0.385284
ESQ30269-ESQ30271	0.176545	0.532571	0.331495
ESQ30271-ESQ30272	0.139997	0.499471	0.28029
ESQ30272-ESQ30273	0.380683	NA	NA
ESQ30273-ESQ30274	0.079671	0.356624	0.223403
ESQ30274-ESQ30275	0.0934013	0.20913	0.446618
ESQ30275-ESQ30276	0.107919	0.231254	0.466666
ESQ30276-ESQ30277	0.112567	0.697467	0.161394
ESQ30276-ESQ30278	0.246571	0.995836	0.247602
ESQ30279-ESQ30280	0.603653	NA	NA
ESQ30306-ESQ30307	0.00876823	NA	NA
ESQ30307-ESQ30308	0.00876823	NA	NA
ESQ30323-ESQ30325	0.218361	0.220915	0.98844
ESQ30324-ESQ30325	0.497561	1.07479	0.462938
ESQ30335-ESQ30336	0.00084333	0.014076	0.0599126
ESQ30366-ESQ30367	0.0710615	0.146301	0.485722
ESQ30387-ESQ30389	0.346305	0.689316	0.502389
ESQ30397-ESQ30398	0.106403	0.742109	0.143379
ESQ30404-ESQ30405	0.217742	0.294393	0.739631
ESQ30407-ESQ30408	0.0802984	0.198049	0.405448
ESQ30419-ESQ30420	0.0274045	0.0611568	0.448102
ESQ30467-ESQ30468	0.096014	0.416141	0.230724
ESQ30493-ESQ30494	0.146629	0.26065	0.562552
ESQ30513-ESQ30514	0.151718	0.18182	0.834439
ESQ30515-ESQ30516	0.146334	0.536114	0.272953
ESQ30516-ESQ30517	0.175989	0.58592	0.300364
ESQ30526-ESQ30528	0.144672	0.197816	0.731349
ESQ30563-ESQ30564	0.0245193	0.0351056	0.698444
ESQ30564-ESQ30565	0.0441269	0.0612832	0.720049
ESQ30574-ESQ30575	0.0746025	0.20065	0.371805
ESQ30576-ESQ30577	0.0107154	0.0476198	0.22502
ESQ30577-ESQ30578	0.0172685	0.0561812	0.307371
ESQ30578-ESQ30579	0.0153159	0.0206459	0.74184
ESQ30599-ESQ30600	0.441034	0.811752	0.543312
ESQ30613-ESQ30615	0.0783784	0.147688	0.530702
ESQ30619-ESQ30621	0.0197274	0.0686685	0.287285
ESQ30625-ESQ30627	0.203815	0.177006	1.15146
ESQ30627-ESQ30628	0.110403	0.170042	0.649266
ESQ30628-ESQ30629	0.157692	0.275928	0.571499
ESQ30629-ESQ30630	0.15848	0.195018	0.812642
ESQ30630-ESQ30631	0.132365	0.213357	0.620395
ESQ30631-ESQ30632	0.131845	0.21644	0.609152
ESQ30632-ESQ30633	0.175453	0.225829	0.776929
ESQ30651-ESQ30652	0.0664193	0.118754	0.559302
ESQ30652-ESQ30653	0.264389	1.02371	0.258266
ESQ30664-ESQ30665	0.104589	0.11927	0.876908
ESQ30668-ESQ30669	0.567281	2.04934	0.276812
ESQ30671-ESQ30672	0.115897	0.244613	0.473797
ESQ30673-ESQ30674	0.0340251	0.173649	0.195942
ESQ30677-ESQ30678	0.279262	0.348609	0.801077
ESQ30695-ESQ30696	0.0425275	0.0927705	0.458416
ESQ30710-ESQ30711	0.0650088	0.220627	0.294654
ESQ30711-ESQ30712	0.402537	0.750175	0.536591
ESQ30711-ESQ30713	0.23428	0.244307	0.958955
ESQ30714-ESQ30715	0.214978	0.301199	0.713742
ESQ30720-ESQ30721	0.0519212	0.191788	0.270722
ESQ30733-ESQ30734	0.0175784	0.0423095	0.415471
ESQ30739-ESQ30740	0.0753301	0.103424	0.728362
ESQ30741-ESQ30742	0.154014	0.207422	0.742514
ESQ30742-ESQ30743	0.0905497	0.15526	0.583214
ESQ30743-ESQ30744	0.311685	0.435305	0.716014
ESQ30779-ESQ30780	0.628473	2.53355	0.24806
ESQ30780-ESQ30782	0.292935	0.476915	0.61423
ESQ30819-ESQ30820	0.203598	0.337949	0.602453
ESQ30822-ESQ30823	0.166633	0.274017	0.608113
ESQ30825-ESQ30827	0.192769	0.273126	0.705788
ESQ30827-ESQ30828	0.140882	0.235618	0.597925
ESQ30837-ESQ30839	0.178439	0.215581	0.82771
ESQ30840-ESQ30841	0.100577	0.205111	0.490355
ESQ30859-ESQ30860	0.023228	0.24105	0.096362
ESQ30872-ESQ30873	0.32641	0.707693	0.46123
ESQ30876-ESQ30878	0.054098	0.058418	0.92605
ESQ30890-ESQ30891	0.213469	0.372627	0.572876
ESQ30898-ESQ30900	0.158955	0.721769	0.22023
ESQ30904-ESQ30905	0.773675	1.56352	0.494828
ESQ30913-ESQ30914	0.203723	0.579693	0.351433
ESQ30935-ESQ30936	0.435401	0.933961	0.466187
ESQ30942-ESQ30943	0.0986369	0.335786	0.293749
ESQ30949-ESQ30950	0.0161127	0.0184724	0.872258
ESQ30950-ESQ30951	0.0215614	0.0184724	1.16723
ESQ30951-ESQ30952	0.0161127	0.0184724	0.872258
ESQ30974-ESQ30976	0.00368726	NA	NA
ESQ30975-ESQ30977	0.12748	0.138174	0.922602
ESQ31018-ESQ31020	0.274051	0.653295	0.419491
ESQ31039-ESQ31040	0.0881259	0.317177	0.277844
ESQ31040-ESQ31043	0.128445	0.289848	0.443145
ESQ31049-ESQ31050	0.149773	0.221598	0.675874
ESQ31086-ESQ31088	NA	NA	NA
ESQ31145-ESQ31146	0.28465	1.48915	0.19115
ESQ31173-ESQ31174	0.239034	0.863857	0.276705
ESQ31174-ESQ31175	0.165403	0.360302	0.459068
ESQ31199-ESQ31200	0.332405	1.70767	0.194654
ESQ31326-ESQ31328	0.0513611	0.15986	0.321287
ESQ31327-ESQ31328	0.0619583	0.285038	0.217368
ESQ31366-ESQ31368	0.176251	0.600509	0.293502
ESQ31456-ESQ31457	0.215576	1.32265	0.162988
ESQ31485-ESQ31486	0.327098	NA	NA
ESQ31486-ESQ31487	0.238596	1.40711	0.169564
ESQ31501-ESQ31503	0.24212	1.06166	0.228058
ESQ31503-ESQ31504	0.254642	1.30794	0.194689
ESQ31544-ESQ31545	0.289864	1.33046	0.217867
ESQ31545-ESQ31546	0.321651	1.12472	0.285984
ESQ31551-ESQ31552	0.742821	1.98634	0.373964
ESQ31553-ESQ31554	0.0730887	0.649379	0.112552
ESQ31582-ESQ31583	0.229935	0.391858	0.586782
ESQ31584-ESQ31585	0.309481	0.381538	0.811141
ESQ31604-ESQ31606	0.186412	0.447555	0.416512
ESQ31605-ESQ31607	0.0995005	0.0973074	1.02254
ESQ31654-ESQ31655	0.242065	0.350829	0.689981
ESQ31657-ESQ31658	0.272733	0.343045	0.795036
ESQ31671-ESQ31672	0.141168	0.219384	0.643472
ESQ31672-ESQ31673	0.212135	0.302156	0.702072
ESQ31693-ESQ31694	0.572901	2.05015	0.279443
ESQ31707-ESQ31708	0.487332	NA	NA
ESQ31743-ESQ31744	0.0731847	0.0912506	0.802019
ESQ31751-ESQ31754	0.0571614	0.100204	0.570449
ESQ31752-ESQ31755	0.0468908	0.123101	0.380912
ESQ31774-ESQ31775	0.682253	NA	NA
ESQ31778-ESQ31779	0.484171	2.19096	0.220986
ESQ31818-ESQ31820	0.856982	1.68679	0.508056
ESQ31825-ESQ31826	0.399062	0.876616	0.45523
ESQ31850-ESQ31853	0.100677	0.343693	0.292927
ESQ31887-ESQ31888	0.071487	0.318685	0.224319
ESQ31921-ESQ31922	0.256237	0.365821	0.700443
ESQ31958-ESQ31959	0.214725	0.899443	0.238731
ESQ31962-ESQ31964	0.337781	0.730354	0.46249
ESQ31967-ESQ31968	0.207379	0.64255	0.322743
ESQ31983-ESQ31984	0.340595	1.53871	0.221351
ESQ32028-ESQ32029	0.151729	0.722199	0.210093
ESQ32048-ESQ32049	0.0619132	0.248494	0.249154
ESQ32073-ESQ32074	0.0224634	0.0526747	0.426456
ESQ32077-ESQ32078	0.304415	0.922977	0.329819
ESQ32107-ESQ32108	0.00906585	0.0908312	0.0998098
ESQ32128-ESQ32129	0.18696	0.499809	0.374062
ESQ32129-ESQ32130	0.103733	0.268376	0.386521
ESQ32132-ESQ32134	0.0983139	0.186198	0.528008
ESQ32138-ESQ32139	0.716197	NA	NA
ESQ32228-ESQ32230	0.105245	0.330346	0.31859
ESQ32288-ESQ32289	0.0267188	0.127736	0.209172
ESQ32320-ESQ32321	0.0381863	0.32277	0.118308
ESQ32421-ESQ32422	0.193722	0.181966	1.0646
ESQ32441-ESQ32444	0.164635	2.08205	0.0790735
ESQ32447-ESQ32449	0.698157	2.11976	0.329357
ESQ32553-ESQ32555	0.341781	1.47953	0.231006
ESQ32554-ESQ32555	0.23331	0.930751	0.250668
ESQ32555-ESQ32556	0.0695593	0.149007	0.46682
ESQ32556-ESQ32557	0.24477	0.981864	0.249292
ESQ32557-ESQ32558	0.06082	0.20603	0.2952
ESQ32557-ESQ32559	0.475357	1.18567	0.400918
ESQ32591-ESQ32592	0.155213	0.223573	0.694236
ESQ32605-ESQ32607	0.301787	0.685933	0.439965
ESQ32607-ESQ32609	0.0677194	0.43709	0.154932
ESQ32609-ESQ32610	0.0772202	0.411404	0.187699
ESQ32623-ESQ32624	0.642859	1.27172	0.505505
ESQ32624-ESQ32625	0.336597	0.764594	0.44023
ESQ32634-ESQ32635	0.0024195	0.232559	0.0104038
ESQ32641-ESQ32642	0.428134	3.87009	0.110626
ESQ32642-ESQ32643	0.199418	0.756262	0.263689
ESQ32643-ESQ32644	0.0750588	0.174567	0.42997
ESQ32653-ESQ32655	0.135275	0.935658	0.144577
ESQ32664-ESQ32665	0.308091	1.18733	0.259481
ESQ32665-ESQ32666	0.337885	1.46236	0.231055
ESQ32684-ESQ32685	0.0416103	0.260379	0.159807
ESQ32712-ESQ32714	0.095216	0.144368	0.659536
ESQ32713-ESQ32714	0.235741	0.473991	0.497352
ESQ32715-ESQ32717	0.0608507	0.134879	0.45115
ESQ32717-ESQ32718	0.23284	0.540807	0.430542
ESQ32718-ESQ32719	0.22819	0.485593	0.46992
ESQ32719-ESQ32721	0.237286	0.478933	0.495447
ESQ32738-ESQ32739	0.0596339	0.251429	0.23718
ESQ32775-ESQ32776	0.327033	1.25275	0.261053
ESQ32797-ESQ32799	0.465782	0.550444	0.846194
ESQ32798-ESQ32799	0.265617	0.681845	0.389557
ESQ32799-ESQ32800	0.127235	0.226813	0.560968
ESQ32801-ESQ32802	0.0823577	0.236397	0.348387
ESQ32810-ESQ32811	0.302945	1.57631	0.192186
ESQ32848-ESQ32850	0.0175317	0.0921909	0.190167
ESQ32853-ESQ32854	0.0757304	0.284083	0.266579
ESQ32856-ESQ32858	0.108048	0.417987	0.258495
ESQ32859-ESQ32860	0.156342	0.478541	0.326705
ESQ32860-ESQ32861	0.302779	1.20663	0.25093
ESQ32862-ESQ32863	0.0379513	0.318721	0.119074
ESQ32865-ESQ32867	0.404036	NA	NA
ESQ32886-ESQ32888	0.249929	NA	NA
ESQ32912-ESQ32914	0.15159	0.385883	0.392838
ESQ32938-ESQ32939	0.185742	0.456173	0.407175
ESQ32939-ESQ32941	0.660212	2.56785	0.257107
ESQ32942-ESQ32943	0.333195	0.551075	0.604628
ESQ32947-ESQ32949	0.157372	0.553998	0.284066
ESQ32948-ESQ32949	0.239607	0.570294	0.420147
ESQ32960-ESQ32961	0.335293	1.07877	0.310811
ESQ32963-ESQ32964	0.17731	0.290337	0.610704
ESQ32975-ESQ32976	0.156453	0.266669	0.586691
ESQ33001-ESQ33002	0.0167397	0.0235967	0.709408
ESQ33006-ESQ33007	0.22532	0.85197	0.264469
ESQ33014-ESQ33015	0.195711	0.729063	0.268442
ESQ33015-ESQ33016	0.170599	0.746975	0.228386
ESQ33018-ESQ33019	0.290797	1.84206	0.157865
ESQ33054-ESQ33056	0.197883	0.25638	0.771835
ESQ33055-ESQ33056	0.130537	0.0755614	1.72757
ESQ33067-ESQ33068	0.19698	0.465426	0.423226
ESQ33075-ESQ33078	0.0995097	0.413385	0.240719
ESQ33080-ESQ33081	0.391779	0.627475	0.624375
ESQ33081-ESQ33082	0.45379	1.03086	0.440207
ESQ33082-ESQ33083	0.421653	0.994764	0.423872
ESQ33083-ESQ33084	0.17276	0.485081	0.356146
ESQ33084-ESQ33085	0.13072	0.180636	0.723669
ESQ33085-ESQ33086	0.414822	1.11035	0.373596
ESQ33093-ESQ33094	0.289831	0.734177	0.39477
ESQ33094-ESQ33095	0.0460446	0.172675	0.266655
ESQ33098-ESQ33100	0.499095	1.35883	0.367298
ESQ33127-ESQ33128	0.341656	3.5026	0.0975435
ESQ33171-ESQ33172	0.00836924	0.104164	0.0803467
ESQ33172-ESQ33173	0.0502469	0.216866	0.231696
ESQ33196-ESQ33197	0.40132	1.6033	0.250308
ESQ33229-ESQ33230	0.0699888	0.209196	0.334561
ESQ33230-ESQ33231	0.0263896	0.0301788	0.87444
ESQ33255-ESQ33257	0.0921849	0.0795766	1.15844
ESQ33329-ESQ33330	0.311882	0.340979	0.914667
ESQ33335-ESQ33337	0.0497418	0.110292	0.451002
ESQ33336-ESQ33338	0.0805951	0.126534	0.636943
ESQ33337-ESQ33339	0.0902751	0.13834	0.652559
ESQ33342-ESQ33343	0.310228	1.90055	0.163231
ESQ33344-ESQ33345	0.00218304	0.00206888	1.05518
ESQ33374-ESQ33376	0.322457	0.323567	0.996567
ESQ33376-ESQ33378	0.217442	0.32459	0.669897
ESQ33392-ESQ33393	0.051053	0.0703748	0.725445
ESQ33393-ESQ33394	0.00291075	NA	NA
ESQ33394-ESQ33396	0.109956	0.1484	0.740947
ESQ33395-ESQ33397	0.107286	0.352198	0.304617
ESQ33406-ESQ33407	0.439551	1.27036	0.346004
ESQ33407-ESQ33408	0.460715	0.916011	0.502958
ESQ33421-ESQ33422	0.158653	0.536833	0.295535
ESQ33421-ESQ33423	0.146002	0.627437	0.232695
ESQ33422-ESQ33424	0.218876	0.598799	0.365525
ESQ33425-ESQ33426	NA	NA	NA
ESQ33427-ESQ33428	0.158784	0.542738	0.292561
ESQ33428-ESQ33429	0.19324	1.00117	0.193014
ESQ33455-ESQ33457	0.0203806	0.152926	0.133271
ESQ33457-ESQ33458	0.188968	1.13306	0.166777
ESQ33460-ESQ33461	0.0826092	0.315527	0.261813
ESQ33464-ESQ33467	0.0574406	0.0809558	0.70953
ESQ33475-ESQ33476	0.012148	0.187146	0.0649119
ESQ33477-ESQ33478	0.0823552	0.585521	0.140653
ESQ33478-ESQ33479	0.0909487	0.521277	0.174473
ESQ33488-ESQ33489	0.226544	1.18817	0.190666
ESQ33491-ESQ33492	0.488452	1.29599	0.376895
ESQ33541-ESQ33542	0.00801686	0.00587172	1.36533
ESQ33547-ESQ33548	0.181466	0.259244	0.699982
ESQ33554-ESQ33556	0.368128	0.410482	0.896819
ESQ33555-ESQ33556	0.282728	0.331965	0.851681
ESQ33556-ESQ33557	0.309606	0.489116	0.63299
ESQ33556-ESQ33558	0.27236	0.297156	0.916558
ESQ33576-ESQ33577	0.0781368	0.0996758	0.783909
ESQ33577-ESQ33578	0.0471658	0.0741972	0.635682
ESQ33599-ESQ33600	0.288615	0.385124	0.749408
ESQ33604-ESQ33606	0.0574051	0.263703	0.217688
ESQ33617-ESQ33618	0.69815	1.97644	0.353237
ESQ33619-ESQ33620	0.0751921	0.154155	0.48777
ESQ33620-ESQ33621	0.0955531	0.274816	0.347699
ESQ33621-ESQ33623	0.0557313	0.214954	0.259271
ESQ33624-ESQ33625	0.259908	0.387466	0.670789
ESQ33642-ESQ33644	0.115455	0.798705	0.144553
ESQ33665-ESQ33666	0.0369758	0.239085	0.154655
ESQ33694-ESQ33696	0.182701	0.314229	0.581427
ESQ33712-ESQ33713	0.0545791	0.193514	0.282042
ESQ33721-ESQ33722	0.17185	0.873324	0.196778
ESQ33723-ESQ33724	0.143944	0.198173	0.726355
ESQ33724-ESQ33725	0.283806	0.531601	0.53387
ESQ33726-ESQ33728	0.145155	0.201885	0.719
ESQ33739-ESQ33740	0.0109603	0.0176861	0.619715
ESQ33740-ESQ33742	0.0622547	0.108939	0.571463
ESQ33741-ESQ33743	0.141738	0.233557	0.606867
ESQ33743-ESQ33744	0.16109	0.245058	0.657353
ESQ33746-ESQ33747	0.187974	0.386302	0.4866
ESQ33762-ESQ33763	0.0936028	0.12284	0.761993
ESQ33763-ESQ33764	0.0752595	0.156889	0.4797
ESQ33764-ESQ33765	0.288901	0.380464	0.759338
ESQ33766-ESQ33767	0.035775	0.0609204	0.587242
ESQ33767-ESQ33768	0.0995013	0.141586	0.70276
ESQ33769-ESQ33770	0.0254769	0.0355473	0.716703
ESQ33770-ESQ33771	0.0497148	0.0722595	0.688004
ESQ33784-ESQ33785	0.0846463	0.289715	0.292171
ESQ33785-ESQ33786	0.367721	1.80256	0.203999
ESQ33786-ESQ33787	0.379842	1.57762	0.240769
ESQ33828-ESQ33830	0.0577833	0.215287	0.268401
ESQ33830-ESQ33831	0.248073	2.40387	0.103197
ESQ33858-ESQ33860	0.320227	0.644349	0.496977
ESQ33885-ESQ33886	0.0549934	0.157107	0.350037
ESQ33887-ESQ33889	NA	0.00512071	-0
ESQ33889-ESQ33890	0.00662759	0.185421	0.0357434
ESQ33900-ESQ33901	0.231838	1.30078	0.178231
ESQ33903-ESQ33904	0.514044	2.61044	0.196919
ESQ33904-ESQ33905	0.431945	1.9154	0.225512
ESQ33909-ESQ33911	0.148111	0.649293	0.228111
ESQ33914-ESQ33915	0.816599	1.06878	0.76405
ESQ33920-ESQ33921	0.364643	0.772108	0.47227
ESQ33921-ESQ33922	0.0927129	0.458819	0.202068
ESQ33922-ESQ33923	0.0833337	0.438613	0.189993
ESQ33923-ESQ33924	0.109909	0.330796	0.332255
ESQ33927-ESQ33928	0.0894121	0.426629	0.209578
ESQ33927-ESQ33929	0.0616311	0.421895	0.146081
ESQ33973-ESQ33974	0.171574	0.598003	0.286912
ESQ33986-ESQ33987	0.102044	0.259927	0.392585
ESQ33989-ESQ33990	0.193913	0.861053	0.225204
ESQ34035-ESQ34036	0.389429	1.54236	0.25249
ESQ34038-ESQ34039	0.0899378	0.0748348	1.20182
ESQ34058-ESQ34060	0.589778	1.1098	0.531425
ESQ34124-ESQ34126	0.117619	0.29937	0.392889
ESQ34127-ESQ34129	0.00647181	0.184912	0.0349994
ESQ34137-ESQ34138	0.118409	0.258642	0.45781
ESQ34195-ESQ34196	0.148393	0.491895	0.301677
ESQ34196-ESQ34197	0.642171	NA	NA
ESQ34199-ESQ34201	0.179669	0.644174	0.278913
ESQ34206-ESQ34207	0.348601	0.416404	0.837171
ESQ34207-ESQ34208	0.421834	1.57336	0.26811
ESQ34273-ESQ34274	0.0812158	0.266288	0.304993
ESQ34288-ESQ34290	0.232509	0.548504	0.423896
ESQ34312-ESQ34313	0.279967	0.820143	0.341363
ESQ34316-ESQ34317	0.0136796	0.0937267	0.145952
ESQ34318-ESQ34319	0.114189	0.218189	0.523349
ESQ34319-ESQ34321	0.236212	0.368036	0.641817
ESQ34341-ESQ34342	0.111324	0.448721	0.248093
ESQ34342-ESQ34343	0.0892716	0.384321	0.232284
ESQ34368-ESQ34369	0.0335203	0.0583161	0.574803
ESQ34368-ESQ34370	0.680041	0.752278	0.903976
ESQ34375-ESQ34376	0.0921669	0.344818	0.267292
ESQ34390-ESQ34391	0.595369	1.57192	0.378754
ESQ34396-ESQ34397	0.242151	0.38211	0.633722
ESQ34400-ESQ34399	0.931923	3.51517	0.265115
ESQ34404-ESQ34406	0.187292	0.326757	0.573183
ESQ34417-ESQ34419	0.259059	0.479431	0.540347
ESQ34422-ESQ34423	0.262924	0.476871	0.551352
ESQ34423-ESQ34424	0.39743	0.554419	0.716842
ESQ34429-ESQ34430	0.272643	0.40123	0.679518
ESQ34430-ESQ34431	0.413604	0.622881	0.664018
ESQ34537-ESQ34538	0.0833529	0.494944	0.168409
ESQ34538-ESQ34539	0.402773	NA	NA
ESQ34552-ESQ34553	0.0881381	0.472731	0.186444
ESQ34556-ESQ34557	0.135244	0.750974	0.180091
ESQ34557-ESQ34558	0.0750728	0.399426	0.187952
ESQ34558-ESQ34559	0.0845703	0.394944	0.214132
ESQ34558-ESQ34560	0.100904	0.660654	0.152734
ESQ34599-ESQ34600	0.416864	0.493847	0.844115
ESQ34602-ESQ34603	0.395681	0.988572	0.400255
ESQ34610-ESQ34612	0.164921	0.319962	0.515439
ESQ34612-ESQ34614	0.108646	0.325528	0.333752
ESQ34630-ESQ34631	0.282056	0.934117	0.301949
ESQ34644-ESQ34645	0.0349251	0.244817	0.142658
ESQ34671-ESQ34673	0.357659	0.611313	0.585067
ESQ34674-ESQ34675	0.175965	0.376782	0.467021
ESQ34675-ESQ34676	0.182085	0.435486	0.418118
ESQ34681-ESQ34682	0.0361398	0.471219	0.0766944
ESQ34682-ESQ34683	0.0246479	0.327636	0.0752295
ESQ34721-ESQ34722	0.151454	0.291156	0.520181
ESQ34723-ESQ34724	0.18642	0.443566	0.420275
ESQ34725-ESQ34726	0.226919	0.484594	0.468267
ESQ34731-ESQ34732	0.148845	1.24286	0.11976
ESQ34743-ESQ34745	0.21064	0.886931	0.237493
ESQ34745-ESQ34746	0.130499	0.705475	0.184981
ESQ34746-ESQ34747	0.115776	0.507002	0.228354
ESQ34749-ESQ34750	0.317985	1.51247	0.210242
ESQ34754-ESQ34755	0.153815	0.308224	0.499035
ESQ34761-ESQ34762	0.298042	0.349987	0.851582
ESQ34778-ESQ34780	0.408593	2.10218	0.194367
ESQ34781-ESQ34782	0.25449	0.719269	0.353818
ESQ34782-ESQ34783	0.355624	0.729908	0.487218
ESQ34783-ESQ34784	0.431101	0.954553	0.451626
ESQ34784-ESQ34785	0.425549	1.35686	0.313629
ESQ35069-ESQ35070	0.15479	0.37614	0.411522
ESQ35084-ESQ35085	0.24386	1.21509	0.200694
ESQ35087-ESQ35088	0.278016	0.976526	0.284699
ESQ35105-ESQ35106	0.0762833	0.263727	0.28925
ESQ35175-ESQ35177	0.565551	2.60036	0.21749
ESQ35198-ESQ35199	0.219638	0.97034	0.226352
ESQ35233-ESQ35234	0.5606	1.096	0.511498
ESQ35388-ESQ35389	0.110446	0.150868	0.732066
ESQ35389-ESQ35390	0.118356	0.310339	0.381375
ESQ35390-ESQ35391	0.0734953	0.174588	0.420965
ESQ35391-ESQ35392	0.166164	0.384924	0.431681
ESQ35405-ESQ35407	0.188099	0.52593	0.35765
ESQ35408-ESQ35409	0.205	0.883833	0.231944
ESQ35409-ESQ35410	0.224948	0.715991	0.314177
ESQ35410-ESQ35411	0.210096	0.628429	0.33432
ESQ35411-ESQ35412	0.202421	0.754634	0.268238
ESQ35412-ESQ35413	0.143805	0.494309	0.29092
ESQ35413-ESQ35414	0.176182	0.60259	0.292375
ESQ35470-ESQ35471	0.16516	0.685716	0.240858
ESQ35471-ESQ35472	0.212815	0.852502	0.249636
ESQ35506-ESQ35507	0.11326	0.579337	0.1955
ESQ35507-ESQ35508	0.149514	0.629908	0.237358
ESQ35508-ESQ35509	0.124906	0.381048	0.327795
ESQ35510-ESQ35511	0.0905189	0.197238	0.458932
ESQ35511-ESQ35512	0.278802	1.01084	0.275812
ESQ35512-ESQ35513	0.232509	0.808945	0.287423
ESQ35513-ESQ35514	0.107655	0.403569	0.266759
ESQ35560-ESQ35562	0.315407	0.570447	0.552912
ESQ35562-ESQ35563	0.374324	1.17632	0.318217
ESQ35563-ESQ35564	0.278146	0.385477	0.721565
ESQ35575-ESQ35576	0.193089	0.718743	0.268649
ESQ35587-ESQ35588	1.05383	2.72536	0.386677
ESQ35601-ESQ35602	0.362155	0.90026	0.402279
ESQ35611-ESQ35612	0.267622	1.41396	0.18927
ESQ35613-ESQ35615	0.226794	1.35235	0.167704
ESQ35666-ESQ35668	0.508961	0.710038	0.716808
ESQ35684-ESQ35685	0.118085	0.19989	0.590752
ESQ35692-ESQ35693	0.0864477	0.048425	1.78519
ESQ35693-ESQ35694	0.174645	0.112058	1.55852
ESQ35695-ESQ35696	0.284027	1.97545	0.143779
ESQ35717-ESQ35718	0.603173	NA	NA
ESQ35718-ESQ35719	0.0643681	0.205275	0.313571
ESQ35730-ESQ35731	0.357598	0.785497	0.45525
ESQ35776-ESQ35777	0.655522	1.2482	0.525176
ESQ35827-ESQ35828	0.116887	0.447224	0.261362
ESQ35849-ESQ35852	0.314575	3.73611	0.0841985
ESQ35857-ESQ35858	0.0882637	0.366313	0.240952
ESQ35867-ESQ35868	0.497367	1.69558	0.293331
ESQ35872-ESQ35874	0.246544	3.03547	0.0812211
ESQ35874-ESQ35875	0.294609	3.23927	0.0909491
ESQ35874-ESQ35876	0.305299	NA	NA
ESQ35920-ESQ35921	0.175508	0.589425	0.29776
ESQ35932-ESQ35933	0.778189	3.70854	0.209837
ESQ35984-ESQ35985	0.271153	1.48303	0.182837
ESQ35985-ESQ35987	0.394152	2.48893	0.158362
ESQ36075-ESQ36076	0.452251	2.75319	0.164265
ESQ36082-ESQ36083	0.00165689	0.074321	0.0222937
ESQ36084-ESQ36086	0.291733	1.10369	0.264326
ESQ36102-ESQ36103	NA	0.0031995	-0
ESQ36127-ESQ36128	0.193416	0.249848	0.774134
ESQ36148-ESQ36150	0.501893	2.5796	0.194562
ESQ36152-ESQ36154	0.0115473	0.106269	0.108661
ESQ36156-ESQ36157	0.222529	1.38116	0.161118
ESQ36173-ESQ36174	0.256891	0.821707	0.312631
ESQ36174-ESQ36175	0.365234	1.65897	0.220156
ESQ36192-ESQ36193	0.261794	0.587418	0.445669
ESQ36211-ESQ36213	0.511769	3.37945	0.151435
ESQ36249-ESQ36251	0.25855	1.13207	0.228386
ESQ36283-ESQ36284	0.0857875	0.316105	0.271389
ESQ36284-ESQ36285	0.0544945	0.0995567	0.547371
ESQ36289-ESQ36290	0.0678643	0.343197	0.197741
ESQ36311-ESQ36312	0.282117	1.42422	0.198086
ESQ36328-ESQ36329	0.461484	1.1461	0.402656
ESQ36343-ESQ36344	0.45426	3.63584	0.12494
ESQ36368-ESQ36370	0.430914	0.779572	0.552757
ESQ36369-ESQ36370	0.270046	1.23936	0.217891
ESQ36400-ESQ36401	0.527685	NA	NA
ESQ36401-ESQ36402	0.0535992	0.115217	0.465204
ESQ36449-ESQ36450	0.0597496	1.29949	0.0459792
ESQ36502-ESQ36504	0.546165	2.01528	0.271013
ESQ36545-ESQ36546	0.46968	NA	NA
ESQ36637-ESQ36638	0.439796	0.794757	0.553371
ESQ36638-ESQ36639	0.962662	NA	NA
ESQ36688-ESQ36689	0.482848	2.53557	0.19043
ESQ36729-ESQ36730	0.108101	0.367424	0.294212
ESQ36788-ESQ36789	0.208752	0.900404	0.231843
ESQ36795-ESQ36796	0.81963	2.62243	0.312546
ESQ36796-ESQ36797	0.25843	1.22878	0.210315
ESQ36811-ESQ36812	0.0496533	0.169484	0.292967
ESQ36833-ESQ36834	1.41127	NA	NA
ESQ36861-ESQ36862	0.334571	1.91591	0.174627
ESQ36898-ESQ36899	0.216211	0.562371	0.384464
ESQ36899-ESQ36900	0.216211	0.562371	0.384464
ESQ36937-ESQ36940	0.316191	1.16612	0.271147
ESQ36948-ESQ36949	0.23121	0.217434	1.06336
ESQ36950-ESQ36951	0.00571678	NA	NA
ESQ36953-ESQ36955	0.00451145	NA	NA
ESQ36965-ESQ36966	0.352322	0.373549	0.943176
ESQ36978-ESQ36980	0.268523	0.45639	0.588363
ESQ36987-ESQ36989	0.422919	0.604762	0.699314
ESQ37025-ESQ37026	0.067465	0.435829	0.154797
ESQ37079-ESQ37080	0.865465	2.13329	0.405696
ESQ37089-ESQ37090	0.116182	0.154989	0.749611
ESQ37094-ESQ37095	0.181379	0.437231	0.414835
ESQ37097-ESQ37098	0.152268	0.13698	1.11161
ESQ37098-ESQ37099	0.209978	0.200442	1.04758
ESQ37104-ESQ37105	0.151911	0.389655	0.389859
ESQ37105-ESQ37106	0.117876	0.305228	0.386189
ESQ37125-ESQ37126	0.0219716	0.0242247	0.906993
ESQ37127-ESQ37129	0.105589	0.255595	0.413111
ESQ37144-ESQ37145	0.250924	0.297117	0.844527
ESQ37145-ESQ37146	0.265442	0.486489	0.545628
ESQ37148-ESQ37150	1.05282	1.45436	0.723905
ESQ37151-ESQ37153	0.403546	0.942847	0.428008
ESQ37163-ESQ37164	0.402302	0.719833	0.558882
ESQ37170-ESQ37172	0.0062656	NA	NA
ESQ37172-ESQ37173	0.173757	0.095442	1.82055
ESQ37202-ESQ37204	0.078161	0.541054	0.144461
ESQ37224-ESQ37225	0.212787	0.393263	0.541081
ESQ37225-ESQ37226	0.171182	0.430667	0.39748
ESQ37238-ESQ37239	0.185904	0.293192	0.63407
ESQ37238-ESQ37240	0.311351	0.269275	1.15626
ESQ37268-ESQ37270	0.260615	1.05706	0.246547
ESQ37282-ESQ37284	0.25173	0.294749	0.854049
ESQ37304-ESQ37305	0.172432	0.439234	0.392575
ESQ37305-ESQ37306	0.154384	0.395819	0.390038
ESQ37307-ESQ37309	0.262884	1.07756	0.243962
ESQ37308-ESQ37309	0.0844313	0.217781	0.387689
ESQ37309-ESQ37310	0.148448	0.367242	0.404225
ESQ37309-ESQ37311	0.247074	1.20156	0.205628
ESQ37328-ESQ37329	0.119246	0.429662	0.277535
ESQ37335-ESQ37337	0.0332789	0.0431687	0.770904
ESQ37336-ESQ37337	0.181408	0.229958	0.788875
ESQ37338-ESQ37339	0.317611	0.423374	0.750189
ESQ37339-ESQ37340	0.0860431	0.13496	0.637545
ESQ37340-ESQ37341	0.0101225	NA	NA
ESQ37341-ESQ37342	0.00757576	0.0191099	0.39643
ESQ37342-ESQ37343	0.0337264	0.177007	0.190537
ESQ37343-ESQ37344	0.046675	0.148955	0.313349
ESQ37344-ESQ37345	0.00756247	NA	NA
ESQ37345-ESQ37346	0.0333644	0.0294705	1.13213
ESQ37347-ESQ37348	0.0479815	0.118732	0.404117
ESQ37348-ESQ37349	0.294383	0.912024	0.32278
ESQ37352-ESQ37354	0.211117	0.671433	0.314428
ESQ37357-ESQ37358	0.273096	0.51093	0.534506
ESQ37363-ESQ37365	1.5671	3.02524	0.518007
ESQ37364-ESQ37366	0.381185	1.36914	0.278413
ESQ37365-ESQ37366	1.83973	2.27816	0.807551
ESQ37365-ESQ37367	0.254354	0.264852	0.960363
ESQ37385-ESQ37386	0.0510927	0.0489662	1.04343
ESQ37386-ESQ37388	0.066568	0.0907179	0.733791
ESQ37387-ESQ37389	0.0923908	0.286846	0.322092
ESQ37391-ESQ37393	0.0514039	0.0904397	0.568377
ESQ37393-ESQ37394	0.060596	0.0629251	0.962987
ESQ37394-ESQ37396	0.0756115	0.0813452	0.929515
ESQ37395-ESQ37397	NA	NA	NA
ESQ37397-ESQ37398	0.0394653	0.194475	0.202933
ESQ37405-ESQ37406	0.236479	0.323707	0.730534
ESQ37411-ESQ37413	0.0824009	0.877429	0.0939118
ESQ37419-ESQ37420	0.00925304	0.0332361	0.278403
ESQ37431-ESQ37433	0.0790294	0.105926	0.746078
ESQ37433-ESQ37434	0.0552784	0.11982	0.461344
ESQ37434-ESQ37435	0.0923791	0.186348	0.495735
ESQ37438-ESQ37439	0.276071	0.428185	0.644746
ESQ37472-ESQ37473	0.516146	NA	NA
ESQ37476-ESQ37478	0.253569	1.16524	0.21761
ESQ37508-ESQ37509	0.106386	1.07887	0.0986086
ESQ37524-ESQ37525	0.200088	0.843469	0.23722
ESQ37525-ESQ37526	0.739678	2.74203	0.269756
ESQ37558-ESQ37560	0.190773	1.13416	0.168206
ESQ37560-ESQ37562	0.405055	NA	NA
ESQ37614-ESQ37615	0.19915	0.673191	0.29583
ESQ37630-ESQ37631	0.0186048	0.0170488	1.09127
ESQ37631-ESQ37632	0.010197	0.00472948	2.15604
ESQ37632-ESQ37633	0.0191716	0.0225055	0.851865
ESQ37632-ESQ37634	0.0162771	0.0229988	0.707734
ESQ37673-ESQ37674	0.46391	NA	NA
ESQ37713-ESQ37714	0.115725	0.36258	0.31917
ESQ37722-ESQ37723	0.570596	NA	NA
ESQ37741-ESQ37742	0.887725	1.46862	0.604461
ESQ37769-ESQ37770	0.0871769	0.16819	0.518323
ESQ37791-ESQ37793	0.0198297	0.088961	0.222903
ESQ37796-ESQ37797	0.494849	NA	NA
ESQ37797-ESQ37799	0.280184	1.21253	0.231075
ESQ37876-ESQ37877	0.0520502	0.0920417	0.565507
ESQ37891-ESQ37892	0.189932	0.636815	0.298252
ESQ37896-ESQ37897	0.435687	1.68495	0.258576
ESQ37948-ESQ37949	0.45864	0.796342	0.575933
ESQ37949-ESQ37950	0.488076	0.830332	0.587809
ESQ37951-ESQ37952	0.362622	0.924184	0.39237
ESQ37963-ESQ37965	0.411037	1.09774	0.37444
ESQ37964-ESQ37965	0.196266	0.619726	0.316698
ESQ37974-ESQ37975	0.377918	0.493824	0.765288
ESQ37975-ESQ37976	0.565235	0.701493	0.80576
ESQ37985-ESQ37986	0.206209	0.687371	0.299997
ESQ37990-ESQ37992	0.0157341	0.0821168	0.191606
ESQ38028-ESQ38029	0.357036	0.718943	0.496613
ESQ38029-ESQ38030	0.301885	0.503365	0.599734
ESQ38043-ESQ38044	0.127739	0.146391	0.872592
ESQ38044-ESQ38045	0.23417	0.537978	0.435278
ESQ38045-ESQ38046	0.222388	0.466709	0.476503
ESQ38046-ESQ38047	0.2267	0.295783	0.766441
ESQ38048-ESQ38050	0.0399905	0.0468565	0.853468
ESQ38065-ESQ38069	0.00456081	0.189062	0.0241234
ESQ38071-ESQ38072	0.881648	1.35916	0.648672
ESQ38078-ESQ38080	0.0506326	0.218923	0.23128
ESQ38082-ESQ38083	0.127718	0.468968	0.272338
ESQ38083-ESQ38084	0.10285	0.373051	0.2757
ESQ38117-ESQ38118	0.19601	1.62537	0.120594
ESQ38122-ESQ38123	0.150478	0.321256	0.468405
ESQ38125-ESQ38126	0.177703	0.717592	0.247638
ESQ38126-ESQ38128	0.270595	0.621245	0.435569
ESQ38135-ESQ38136	0.324321	0.958388	0.338402
ESQ38136-ESQ38137	0.249372	0.711769	0.350355
ESQ38137-ESQ38138	0.0533644	0.144512	0.369272
ESQ38138-ESQ38139	0.0972616	0.257948	0.377058
ESQ38139-ESQ38140	0.131225	0.25631	0.511978
ESQ38140-ESQ38141	0.313333	1.01227	0.309534
ESQ38168-ESQ38170	0.319334	1.20186	0.2657
ESQ38185-ESQ38186	0.125293	0.663446	0.188852
ESQ38188-ESQ38189	0.45357	0.631595	0.718134
ESQ38189-ESQ38190	0.13007	0.260861	0.498617
ESQ38199-ESQ38200	0.238936	2.4472	0.0976367
ESQ38202-ESQ38203	0.393026	2.77577	0.141592
ESQ38203-ESQ38204	0.253454	1.35141	0.187548
ESQ38204-ESQ38205	0.147551	0.450251	0.327709
ESQ38205-ESQ38206	0.121974	0.415156	0.293803
ESQ38206-ESQ38207	0.0420199	0.212673	0.19758
ESQ38225-ESQ38226	1.10774	NA	NA
ESQ38231-ESQ38232	0.0388727	0.213832	0.181791
ESQ38232-ESQ38233	0.0397403	0.143637	0.276673
ESQ38233-ESQ38234	0.0708151	0.297713	0.237863
ESQ38241-ESQ38242	0.311204	0.469133	0.663359
ESQ38242-ESQ38243	0.28486	0.508271	0.560448
ESQ38243-ESQ38244	0.304645	0.630456	0.483213
ESQ38266-ESQ38267	0.150276	0.256891	0.58498
ESQ38272-ESQ38274	0.298938	0.276916	1.07952
ESQ38285-ESQ38286	0.161713	0.74889	0.215937
ESQ38294-ESQ38295	0.0591789	0.140959	0.419831
ESQ38295-ESQ38296	0.115471	0.302012	0.382338
ESQ38324-ESQ38326	0.252616	0.699812	0.360976
ESQ38326-ESQ38327	0.307326	0.875113	0.351184
ESQ38343-ESQ38345	0.12888	0.291713	0.441805
ESQ38345-ESQ38347	0.219511	0.542046	0.404967
ESQ38347-ESQ38349	0.194456	0.423772	0.45887
ESQ38348-ESQ38349	0.249809	0.724811	0.344654
ESQ38349-ESQ38350	0.216826	0.739319	0.293278
ESQ38350-ESQ38351	0.144663	0.385724	0.375042
ESQ38354-ESQ38355	0.355346	1.02235	0.347576
ESQ38375-ESQ38376	0.0231895	0.0893648	0.259493
ESQ38388-ESQ38389	0.0699683	0.272579	0.25669
ESQ38394-ESQ38395	0.215291	0.421954	0.510224
ESQ38430-ESQ38432	0.0979229	0.21043	0.465347
ESQ38431-ESQ38432	0.308521	0.312774	0.986404
ESQ38432-ESQ38433	0.116992	0.241061	0.485323
ESQ38445-ESQ38446	0.219581	0.33587	0.653769
ESQ38455-ESQ38456	0.163052	0.21322	0.764713
ESQ38457-ESQ38459	0.0195936	0.115768	0.16925
ESQ38474-ESQ38475	0.0277044	0.0811355	0.341459
ESQ38485-ESQ38487	0.0337753	0.0926948	0.364371
ESQ38489-ESQ38491	0.00353747	0.00607449	0.582349
ESQ38495-ESQ38496	0.136413	0.227445	0.599765
ESQ38498-ESQ38500	0.0815595	0.386027	0.211279
ESQ38500-ESQ38501	0.224919	1.06117	0.211954
ESQ38508-ESQ38510	0.112906	0.57967	0.194777
ESQ38516-ESQ38517	0.954534	NA	NA
ESQ38530-ESQ38531	0.129413	0.389651	0.332125
ESQ38531-ESQ38532	0.0906186	0.332188	0.272793
ESQ38535-ESQ38536	0.115355	0.330913	0.348597
ESQ38536-ESQ38537	0.404011	1.36171	0.296695
ESQ38587-ESQ38589	0.113573	0.173432	0.654856
ESQ38621-ESQ38622	0.0112796	0.0536617	0.210198
ESQ38622-ESQ38623	0.00264683	0.0044767	0.591246
ESQ38658-ESQ38659	0.0259415	NA	NA
ESQ38677-ESQ38678	0.207084	0.337773	0.613088
ESQ38683-ESQ38685	0.157006	0.240966	0.651568
ESQ38684-ESQ38686	0.0409375	0.0897693	0.45603
ESQ38686-ESQ38687	0.0582537	0.258089	0.225712
ESQ38687-ESQ38689	0.169191	0.374744	0.451485
ESQ38750-ESQ38751	0.112248	0.574898	0.195248
ESQ38767-ESQ38768	0.451854	4.8676	0.0928289
ESQ38776-ESQ38777	0.378256	1.06097	0.35652
ESQ38779-ESQ38780	0.42067	0.644544	0.652664
ESQ38893-ESQ38894	0.298124	0.335184	0.889433
ESQ38916-ESQ38917	0.156876	0.243604	0.643981
ESQ38943-ESQ38944	0.16596	0.270053	0.614547
ESQ38974-ESQ38976	0.185885	0.844599	0.220087
ESQ38976-ESQ38978	0.488152	1.04567	0.466829
ESQ38978-ESQ38979	0.0894582	0.64032	0.139709
ESQ38982-ESQ38983	0.139009	0.473778	0.293405
ESQ38983-ESQ38984	0.289255	3.22292	0.0897494
ESQ38984-ESQ38985	0.184117	0.687088	0.267967
ESQ38986-ESQ38987	0.194995	0.792437	0.24607
ESQ38987-ESQ38988	0.28452	1.12337	0.253274
ESQ38999-ESQ39000	0.695509	0.862998	0.805922
ESQ39000-ESQ39001	0.709063	1.64297	0.431573
ESQ39008-ESQ39009	0.109824	0.45729	0.240162
ESQ39011-ESQ39012	0.379571	1.80588	0.210186
ESQ39012-ESQ39013	0.438664	NA	NA
ESQ39013-ESQ39014	0.0878595	0.367673	0.238961
ESQ39014-ESQ39015	0.401391	NA	NA
ESQ39018-ESQ39019	0.457608	1.85891	0.246169
ESQ39019-ESQ39020	0.231625	0.779426	0.297174
ESQ39053-ESQ39054	0.343522	1.23784	0.277517
ESQ39054-ESQ39056	0.21599	0.523958	0.412227
ESQ39055-ESQ39057	0.253988	2.41523	0.105161
ESQ39059-ESQ39060	0.0292591	0.141892	0.206206
ESQ39066-ESQ39068	0.310911	1.13197	0.274665
ESQ39074-ESQ39077	0.410529	NA	NA
ESQ39077-ESQ39078	0.128407	0.448574	0.286256
ESQ39078-ESQ39079	0.279145	2.28649	0.122084
ESQ39080-ESQ39081	0.26745	NA	NA
ESQ39088-ESQ39089	0.120623	0.657296	0.183514
ESQ39106-ESQ39107	0.859159	NA	NA
ESQ39175-ESQ39176	0.44439	NA	NA
ESQ39189-ESQ39190	0.297683	1.36071	0.21877
ESQ39192-ESQ39193	0.504953	2.3589	0.214063
ESQ39287-ESQ39288	0.191122	0.663325	0.288128
ESQ39290-ESQ39291	0.787938	1.35166	0.58294
ESQ39318-ESQ39319	0.0752591	0.511411	0.14716
ESQ39339-ESQ39340	0.173386	0.509849	0.340074
ESQ39347-ESQ39348	0.921034	4.19181	0.219722
ESQ39358-ESQ39360	0.171194	1.30079	0.131608
ESQ39367-ESQ39368	0.463191	0.835409	0.554448
ESQ39368-ESQ39369	0.471927	1.18364	0.398708
ESQ39371-ESQ39373	0.0629454	0.383578	0.164101
ESQ39401-ESQ39402	0.830879	1.29936	0.639455
ESQ39483-ESQ39484	0.230171	0.449348	0.512233
ESQ39500-ESQ39502	0.157629	0.421975	0.37355
ESQ39501-ESQ39502	0.0892009	0.23184	0.384753
ESQ39502-ESQ39503	0.282355	0.942246	0.299662
ESQ39503-ESQ39504	0.302261	0.865028	0.349424
ESQ39504-ESQ39505	0.169289	0.53079	0.318938
ESQ39505-ESQ39506	0.107203	0.463419	0.231331
ESQ39505-ESQ39508	0.495296	2.99295	0.165488
ESQ39532-ESQ39534	0.0675808	0.224448	0.301098
ESQ39534-ESQ39535	0.0735677	0.258679	0.284398
ESQ39538-ESQ39539	0.0417068	0.0911829	0.457397
ESQ39539-ESQ39540	0.247002	0.666134	0.3708
ESQ39556-ESQ39557	1.6021	NA	NA
ESQ39563-ESQ39564	0.126595	0.302911	0.417928
ESQ39569-ESQ39570	0.0707278	0.143941	0.491367
ESQ39572-ESQ39573	0.480528	3.9715	0.120994
ESQ39575-ESQ39576	0.295575	1.03366	0.285949
ESQ39580-ESQ39581	0.61667	2.49107	0.247553
ESQ39580-ESQ39582	0.381038	1.02618	0.371315
ESQ39590-ESQ39591	0.225639	0.487518	0.462832
ESQ39591-ESQ39592	0.156535	0.205117	0.763148
ESQ39592-ESQ39593	0.274536	0.382635	0.717489
ESQ39593-ESQ39594	0.329584	0.772636	0.42657
ESQ39594-ESQ39595	0.35884	0.676967	0.53007
ESQ39595-ESQ39596	0.443673	0.695891	0.637562
ESQ39595-ESQ39597	0.367095	0.561939	0.653264
ESQ39600-ESQ39601	0.289811	0.878454	0.32991
ESQ39609-ESQ39610	0.0150463	0.231094	0.0651089
ESQ39610-ESQ39611	0.353374	1.22504	0.28846
ESQ39617-ESQ39618	0.435805	0.434527	1.00294
ESQ39629-ESQ39631	0.464247	1.89173	0.245409
ESQ39634-ESQ39636	0.267753	0.771707	0.346962
ESQ39646-ESQ39647	0.102202	0.152531	0.670041
ESQ39672-ESQ39673	0.40731	1.57904	0.257948
ESQ39676-ESQ39679	0.675536	2.49041	0.271255
ESQ39679-ESQ39680	0.844421	1.53666	0.549518
ESQ39681-ESQ39682	0.405009	3.22183	0.125708
ESQ39682-ESQ39683	0.00986635	0.211179	0.0467203
ESQ39682-ESQ39684	0.00496981	0.0413663	0.120141
ESQ39688-ESQ39689	0.0813477	0.159414	0.510292
ESQ39697-ESQ39699	0.199103	0.619582	0.32135
ESQ39698-ESQ39699	0.172574	0.679892	0.253826
ESQ39712-ESQ39713	0.177671	0.229272	0.774935
ESQ39719-ESQ39720	0.338018	1.67138	0.202239
ESQ39732-ESQ39733	0.652159	NA	NA
ESQ39748-ESQ39749	0.306649	0.485261	0.631926
ESQ39749-ESQ39750	0.368417	0.587224	0.627387
ESQ39750-ESQ39751	0.321726	0.453474	0.70947
ESQ39765-ESQ39766	0.104707	0.443638	0.236018
ESQ39767-ESQ39769	0.178848	0.482388	0.370757
ESQ39769-ESQ39770	0.207804	0.47655	0.436059
ESQ39779-ESQ39780	0.0110679	0.0294379	0.375976
ESQ39808-ESQ39809	0.193794	0.804448	0.240903
ESQ39838-ESQ39839	0.01743	0.0992715	0.175579
ESQ39841-ESQ39842	0.197154	0.515593	0.382383
ESQ39844-ESQ39845	0.581333	1.07237	0.542099
ESQ39845-ESQ39846	0.27463	0.726134	0.378208
ESQ39863-ESQ39864	0.514948	1.40893	0.365488
ESQ39864-ESQ39865	0.582999	1.41371	0.41239
ESQ39865-ESQ39866	0.46536	1.07902	0.431279
ESQ39875-ESQ39876	0.50195	1.03623	0.484402
ESQ40045-ESQ40046	0.463807	1.94324	0.238678
ESQ40111-ESQ40112	0.090003	0.39095	0.230216
ESQ40112-ESQ40113	0.140525	0.508237	0.276495
ESQ40125-ESQ40127	0.136789	0.403729	0.338813
ESQ40266-ESQ40267	0.178562	0.521651	0.342302
ESQ40288-ESQ40290	0.171467	0.468803	0.365755
ESQ40345-ESQ40346	0.474921	0.693298	0.685018
ESQ40346-ESQ40347	0.74894	1.76792	0.423627
ESQ40349-ESQ40350	0.17214	1.00891	0.17062
ESQ40403-ESQ40404	0.0643507	0.28401	0.226579
ESQ40414-ESQ40416	0.397045	0.668777	0.593688
ESQ40459-ESQ40460	0.0911559	0.169559	0.537605
ESQ40495-ESQ40496	0.26725	0.647905	0.412483
ESQ40501-ESQ40502	0.229187	0.952337	0.240657
ESQ40502-ESQ40503	0.119812	0.375197	0.31933
ESQ40503-ESQ40504	0.208512	0.735091	0.283655
ESQ40530-ESQ40531	0.19138	0.877739	0.218037
ESQ40599-ESQ40600	0.0764216	0.446143	0.171294
ESQ40603-ESQ40604	0.259498	0.244037	1.06336
ESQ40615-ESQ40616	0.14126	0.429295	0.329052
ESQ40616-ESQ40617	0.418081	1.92839	0.216803
ESQ40618-ESQ40619	0.694624	2.63724	0.26339
ESQ40625-ESQ40627	0.0925775	0.742751	0.124641
ESQ40638-ESQ40639	0.0733989	0.369104	0.198857
ESQ40645-ESQ40647	0.0180922	0.0389637	0.464335
ESQ40652-ESQ40653	0.436083	NA	NA
ESQ40678-ESQ40679	0.21867	1.94181	0.112612
ESQ40681-ESQ40682	0.182818	0.73347	0.249251
ESQ40687-ESQ40688	0.277361	0.340994	0.813392
ESQ40688-ESQ40689	0.412206	0.551019	0.748081
ESQ40689-ESQ40690	0.398561	1.34199	0.296992
ESQ40690-ESQ40691	0.122998	0.317534	0.387355
ESQ40691-ESQ40692	0.341452	0.739582	0.461682
ESQ40692-ESQ40693	0.2836	0.515074	0.5506
ESQ40720-ESQ40721	0.238379	0.565384	0.421623
ESQ40781-ESQ40782	0.324544	2.21639	0.14643
ESQ40820-ESQ40821	0.0574037	0.279451	0.205416
ESQ40828-ESQ40830	0.00607994	0.25863	0.0235082
ESQ40829-ESQ40832	0.0240491	0.109298	0.220033
ESQ40830-ESQ40834	0.00607994	0.25863	0.0235082
ESQ40832-ESQ40834	0.0240699	0.177206	0.13583
ESQ40837-ESQ40838	0.285323	0.460202	0.619996
ESQ40881-ESQ40883	0.141128	0.448128	0.314927
ESQ40883-ESQ40884	0.0291961	0.709791	0.0411333
ESQ40885-ESQ40886	0.207886	0.742311	0.280052
ESQ40891-ESQ40892	0.807506	2.80227	0.288161
ESQ40896-ESQ40897	0.0663397	0.147963	0.448352
ESQ40897-ESQ40898	0.080185	0.266021	0.301423
ESQ40968-ESQ40970	0.0732904	0.455916	0.160754
ESQ40985-ESQ40987	0.0130995	0.571852	0.0229072
ESQ40990-ESQ40991	0.0743362	0.3066	0.242453
ESQ41072-ESQ41073	0.0840473	0.161079	0.521778
ESQ41094-ESQ41097	0.317235	0.440452	0.720249
ESQ41126-ESQ41128	NA	0.00770335	-0
ESQ41127-ESQ41129	0.0578435	0.116829	0.495112
ESQ41149-ESQ41150	0.679842	3.10539	0.218923
ESQ41176-ESQ41177	0.345914	0.598013	0.578439
ESQ41215-ESQ41216	0.0815731	0.201885	0.404056
ESQ41216-ESQ41217	0.416172	3.0999	0.134253
ESQ41281-ESQ41282	0.0880934	0.313169	0.281296
ESQ41287-ESQ41288	0.0115235	0.164506	0.0700491
ESQ41325-ESQ41326	0.216469	1.38824	0.155931
ESQ41464-ESQ41465	0.194961	0.488862	0.398807
ESQ41506-ESQ41507	0.171554	0.484423	0.354141
ESQ41563-ESQ41564	0.222683	0.598548	0.372039
ESQ41568-ESQ41569	0.314887	NA	NA
ESQ41609-ESQ41610	0.286867	NA	NA
ESQ41624-ESQ41625	0.216871	0.81112	0.267373
ESQ41626-ESQ41627	0.0268747	0.16909	0.158938
ESQ41691-ESQ41692	0.139681	0.729927	0.191363
ESQ41719-ESQ41720	0.0204814	0.0805502	0.254268
ESQ41722-ESQ41723	0.414143	0.683533	0.605886
ESQ41723-ESQ41724	0.310871	0.816093	0.380926
ESQ41749-ESQ41751	0.218529	0.232473	0.940021
ESQ41770-ESQ41771	0.273819	2.29796	0.119158
ESQ41781-ESQ41782	0.513394	NA	NA
ESQ41797-ESQ41798	0.0792924	0.430738	0.184085
ESQ41800-ESQ41801	0.0921689	0.32562	0.283057
ESQ41801-ESQ41802	0.101661	0.458335	0.221805
ESQ41803-ESQ41805	0.370176	2.86155	0.129362
ESQ41866-ESQ41868	0.0865998	0.227553	0.38057
ESQ41876-ESQ41877	0.358523	0.851886	0.420859
ESQ41877-ESQ41878	0.264701	0.478888	0.55274
ESQ41878-ESQ41879	0.523808	1.27131	0.412021
ESQ41879-ESQ41880	0.314669	0.740675	0.424841
ESQ41880-ESQ41881	0.215873	0.438474	0.492327
ESQ41881-ESQ41882	0.527066	1.38621	0.380221
ESQ41884-ESQ41887	0.314993	0.63608	0.495209
ESQ41919-ESQ41920	0.725973	1.73832	0.417629
ESQ41920-ESQ41921	0.761952	1.54124	0.494375
ESQ41921-ESQ41922	0.892412	2.21642	0.402636
ESQ41991-ESQ41993	NA	0.0875787	-0
ESQ42004-ESQ42005	0.0783355	0.174503	0.448907
ESQ42005-ESQ42006	0.506768	NA	NA
ESQ42018-ESQ42019	0.0114451	0.107911	0.106061
ESQ42070-ESQ42071	0.153918	0.912591	0.16866
ESQ42116-ESQ42117	0.29335	0.78454	0.373914
ESQ42133-ESQ42134	0.189981	0.754145	0.251916
ESQ42141-ESQ42144	0.316001	0.756908	0.41749
ESQ42175-ESQ42177	0.183195	0.291751	0.627917
ESQ42176-ESQ42177	0.261076	0.370891	0.703916
ESQ42177-ESQ42178	1.28419	3.42615	0.37482
ESQ42199-ESQ42200	0.071698	0.181184	0.395718
ESQ42212-ESQ42214	0.337822	0.554501	0.609237
ESQ42218-ESQ42219	0.262302	0.327421	0.801116
ESQ42239-ESQ42240	0.255448	0.452093	0.565033
ESQ42252-ESQ42253	0.733804	3.30132	0.222276
ESQ42259-ESQ42260	0.128685	0.635187	0.202594
ESQ42260-ESQ42261	0.0767643	0.457803	0.16768
ESQ42266-ESQ42267	0.209249	1.88642	0.110924
ESQ42293-ESQ42294	0.234453	1.85062	0.126689
ESQ42315-ESQ42316	0.119363	0.408488	0.292206
ESQ42316-ESQ42317	0.30015	0.980415	0.306146
ESQ42317-ESQ42318	0.269692	1.01437	0.265872
ESQ42353-ESQ42354	0.00302623	0.072418	0.0417884
ESQ42382-ESQ42384	0.219228	0.617554	0.354994
ESQ42384-ESQ42385	0.21077	0.613482	0.343564
ESQ42384-ESQ42387	0.15773	0.68643	0.229783
ESQ42390-ESQ42391	0.154331	0.147346	1.04741
ESQ42395-ESQ42396	0.110509	0.188382	0.58662
ESQ42400-ESQ42401	0.0791555	0.181886	0.435194
ESQ42401-ESQ42403	0.0949266	0.275481	0.344585
ESQ42407-ESQ42408	0.35038	1.63333	0.214519
ESQ42426-ESQ42427	NA	NA	NA
ESQ42434-ESQ42435	0.413194	NA	NA
ESQ42442-ESQ42444	0.453943	0.896268	0.506482
ESQ42445-ESQ42446	0.201802	0.58437	0.345333
ESQ42486-ESQ42487	0.0852001	0.299793	0.284196
ESQ42487-ESQ42488	0.100633	0.368006	0.273454
ESQ42488-ESQ42489	0.107515	0.32825	0.327541
ESQ42495-ESQ42497	0.345581	2.05968	0.167784
ESQ42497-ESQ42496	0.455934	2.18395	0.208766
ESQ42505-ESQ42506	0.368318	NA	NA
ESQ42506-ESQ42507	0.463398	3.97469	0.116587
ESQ42573-ESQ42574	0.0876154	0.189292	0.46286
ESQ42583-ESQ42584	0.377519	0.451619	0.835924
ESQ42584-ESQ42585	0.292142	0.863166	0.338455
ESQ42646-ESQ42647	0.296837	NA	NA
ESQ42647-ESQ42648	0.209879	1.50655	0.139311
ESQ42647-ESQ42649	0.335528	2.30834	0.145355
ESQ42720-ESQ42721	0.219426	0.424954	0.516352
ESQ42721-ESQ42723	0.535556	1.16377	0.460191
ESQ42733-ESQ42734	0.320812	0.660679	0.485579
ESQ42736-ESQ42737	0.254461	0.254439	1.00009
ESQ42770-ESQ42771	0.138307	0.188794	0.732585
ESQ42771-ESQ42772	0.177534	0.335885	0.528556
ESQ42772-ESQ42773	0.180876	0.322215	0.561353
ESQ42772-ESQ42774	0.474709	0.701759	0.676455
ESQ42776-ESQ42777	0.43325	0.645864	0.670808
ESQ42778-ESQ42780	0.545468	1.56331	0.348919
ESQ42779-ESQ42780	0.553283	1.251	0.442272
ESQ42785-ESQ42786	0.331152	0.64064	0.516908
ESQ42787-ESQ42788	0.289339	0.480652	0.601971
ESQ42788-ESQ42789	0.266284	0.441731	0.602818
ESQ42788-ESQ42790	0.412227	0.695452	0.592747
ESQ42799-ESQ42800	0.339671	0.458584	0.740694
ESQ42800-ESQ42801	0.367473	0.562541	0.653238
ESQ42812-ESQ42813	0.403402	0.957209	0.421436
ESQ42836-ESQ42837	0.252354	0.76295	0.330761
ESQ42837-ESQ42838	0.312317	1.08588	0.287616
ESQ42840-ESQ42842	0.112224	0.216726	0.517814
ESQ42895-ESQ42896	0.00145708	0.0153828	0.0947215
ESQ42908-ESQ42909	0.303265	0.672221	0.451139
ESQ42909-ESQ42910	0.28144	0.518181	0.543131
ESQ42913-ESQ42914	0.221276	0.774758	0.285606
ESQ42914-ESQ42915	0.364716	1.11312	0.327652
ESQ42915-ESQ42916	0.140768	0.513887	0.273928
ESQ42918-ESQ42919	0.249686	0.656496	0.380331
ESQ42922-ESQ42923	0.221827	1.20306	0.184385
ESQ42937-ESQ42940	0.129174	0.146548	0.881445
ESQ42978-ESQ42979	0.465904	1.07794	0.432218
ESQ42979-ESQ42980	0.278486	0.608307	0.457804
ESQ42982-ESQ42983	0.199245	0.375119	0.531152
ESQ42983-ESQ42984	0.377855	0.904209	0.417885
ESQ42984-ESQ42985	0.243432	0.794913	0.306237
ESQ42995-ESQ42997	0.0646036	0.093295	0.692466
ESQ43005-ESQ43006	0.139982	0.31549	0.443698
ESQ43026-ESQ43027	0.151497	0.159125	0.952062
ESQ43034-ESQ43035	0.0408394	0.0878049	0.465116
ESQ43045-ESQ43046	0.0481576	0.165343	0.291259
ESQ43055-ESQ43056	0.629437	1.0258	0.613603
ESQ43057-ESQ43059	0.574881	1.13011	0.508696
ESQ43058-ESQ43060	0.00280173	0.00494671	0.566383
ESQ43066-ESQ43068	0.10723	0.41113	0.260819
ESQ43080-ESQ43081	0.105593	0.191007	0.552822
ESQ43085-ESQ43086	0.350605	1.83284	0.191291
ESQ43087-ESQ43089	0.180045	0.764239	0.235588
ESQ43103-ESQ43104	0.105546	0.155202	0.680053
ESQ43113-ESQ43115	0.230341	0.478807	0.481072
ESQ43125-ESQ43126	0.452932	0.806697	0.561464
ESQ43130-ESQ43132	0.410384	0.74012	0.554483
ESQ43132-ESQ43134	0.419225	0.737017	0.568813
ESQ43134-ESQ43135	0.531508	0.943591	0.563282
ESQ43135-ESQ43136	0.356985	0.566515	0.630143
ESQ43136-ESQ43137	0.222987	0.401454	0.555448
ESQ43137-ESQ43138	0.418443	0.860172	0.486465
ESQ43147-ESQ43148	0.209699	1.9244	0.108969
ESQ43164-ESQ43166	0.397405	6.22415	0.0638488
ESQ43165-ESQ43166	0.257303	0.801974	0.320837
ESQ43166-ESQ43167	0.239553	0.578747	0.413916
ESQ43198-ESQ43199	0.142144	0.502396	0.282932
ESQ43230-ESQ43231	0.109347	0.257899	0.423991
ESQ43237-ESQ43239	0.399342	1.34876	0.296081
ESQ43240-ESQ43241	0.380352	0.869177	0.437601
ESQ43241-ESQ43242	0.343666	0.800901	0.4291
ESQ43245-ESQ43246	0.277325	0.435533	0.636747
ESQ43253-ESQ43254	0.211431	0.384757	0.549517
ESQ43254-ESQ43256	0.251382	0.34285	0.733213
ESQ43261-ESQ43262	0.2437	0.565035	0.4313
ESQ43263-ESQ43264	0.379734	0.272095	1.39559
ESQ43271-ESQ43272	0.13999	0.275284	0.508531
ESQ43272-ESQ43273	0.137036	0.789379	0.173599
ESQ43282-ESQ43283	0.0776312	0.142474	0.544881
ESQ43288-ESQ43289	0.233187	0.633826	0.367905
ESQ43290-ESQ43291	0.383331	0.826848	0.463606
ESQ43312-ESQ43313	0.394044	1.05131	0.374814
ESQ43313-ESQ43314	0.808078	0.959169	0.842478
ESQ43336-ESQ43337	0.156926	0.656845	0.238909
ESQ43337-ESQ43338	0.166624	0.619535	0.26895
ESQ43337-ESQ43339	0.167323	0.406128	0.411995
ESQ43344-ESQ43345	0.179036	0.20178	0.887282
ESQ43345-ESQ43346	0.155912	0.267785	0.582229
ESQ43346-ESQ43347	0.164116	0.247295	0.663646
ESQ43354-ESQ43355	0.260564	0.586904	0.443963
ESQ43362-ESQ43363	0.534518	NA	NA
ESQ43405-ESQ43407	0.00843282	0.0549772	0.153387
ESQ43406-ESQ43408	0.0356926	0.0374768	0.952394
ESQ43407-ESQ43409	0.0245185	0.0383848	0.638755
ESQ43408-ESQ43410	0.0326494	0.0280824	1.16263
ESQ43410-ESQ43411	0.0376476	0.0380022	0.990667
ESQ43422-ESQ43423	0.0779743	0.383973	0.203072
ESQ43514-ESQ43515	0.498262	NA	NA
ESQ43524-ESQ43526	0.113444	0.331818	0.341887
ESQ43528-ESQ43529	0.430696	NA	NA
ESQ43559-ESQ43560	0.217324	0.226188	0.960811
ESQ43685-ESQ43686	0.100675	0.184881	0.544536
ESQ43686-ESQ43687	0.246518	0.326974	0.753937
ESQ43694-ESQ43695	0.108794	0.459683	0.236671
ESQ43712-ESQ43713	1.07807	1.28732	0.837454
ESQ43798-ESQ43799	0.0884327	0.200877	0.440232
ESQ43828-ESQ43829	0.45069	0.627414	0.71833
ESQ43855-ESQ43856	0.854241	3.69005	0.231499
ESQ43938-ESQ43939	2.17268	NA	NA
ESQ43951-ESQ43952	0.448353	2.32178	0.193108
ESQ43965-ESQ43966	0.270267	1.11209	0.243026
ESQ44033-ESQ44034	0.156713	0.485846	0.322557
ESQ44034-ESQ44035	0.214052	0.578337	0.370116
ESQ44060-ESQ44061	0.171114	0.386597	0.442616
ESQ44072-ESQ44075	0.423978	NA	NA
ESQ44152-ESQ44153	0.120041	0.431763	0.278027
ESQ44158-ESQ44160	0.161815	0.567059	0.285359
ESQ44161-ESQ44163	0.229255	0.297575	0.770408
ESQ44162-ESQ44163	0.224287	0.260198	0.861985
ESQ44163-ESQ44164	0.39376	0.574166	0.685795
ESQ44164-ESQ44165	0.385665	0.76104	0.506761
ESQ44166-ESQ44167	0.643846	1.3019	0.494545
ESQ44167-ESQ44168	0.327545	0.720593	0.454549
ESQ44168-ESQ44169	0.375019	0.852236	0.440041
ESQ44188-ESQ44189	0.280728	0.567406	0.494757
ESQ44189-ESQ44190	0.115278	0.200786	0.574133
ESQ44192-ESQ44193	0.339394	0.752115	0.451252
ESQ44193-ESQ44195	0.378126	0.719852	0.525283
ESQ44204-ESQ44205	0.108282	0.353024	0.306728
ESQ44224-ESQ44226	0.163538	1.26637	0.129139
ESQ44246-ESQ44247	0.275015	0.857733	0.32063
ESQ44252-ESQ44253	0.596417	NA	NA
ESQ44273-ESQ44274	0.781948	1.699	0.46024
ESQ44297-ESQ44298	0.452415	NA	NA
ESQ44298-ESQ44299	0.484565	3.06549	0.158071
ESQ44300-ESQ44301	0.294388	1.09932	0.26779
ESQ44301-ESQ44302	0.27418	1.25342	0.218745
ESQ44302-ESQ44303	0.513291	NA	NA
ESQ44304-ESQ44305	0.232413	0.484641	0.479558
ESQ44305-ESQ44306	0.348856	1.4385	0.242514
ESQ44332-ESQ44333	0.0502326	0.143971	0.348907
ESQ44359-ESQ44360	0.151555	0.130023	1.16561
ESQ44372-ESQ44373	0.284113	1.06655	0.266386
ESQ44373-ESQ44374	0.0736076	0.703162	0.104681
ESQ44374-ESQ44375	0.232482	1.19312	0.194852
ESQ44378-ESQ44379	0.0403454	0.181781	0.221944
ESQ44379-ESQ44380	0.10592	0.459079	0.230722
ESQ44384-ESQ44385	0.353643	3.05727	0.115673
ESQ44524-ESQ44529	0.249902	0.653187	0.382589
ESQ44590-ESQ44591	0.0203349	0.130317	0.156042
ESQ44598-ESQ44599	0.106567	0.405276	0.262948
ESQ44651-ESQ44653	0.11196	0.348349	0.321401
ESQ44653-ESQ44654	0.139252	0.310119	0.449029
ESQ44654-ESQ44655	0.218183	0.708313	0.308032
ESQ44655-ESQ44656	0.132687	0.499532	0.265622
ESQ44668-ESQ44669	0.0908228	0.150295	0.604297
ESQ44674-ESQ44675	0.0488729	0.140206	0.348579
ESQ44675-ESQ44676	0.47665	1.59474	0.298889
ESQ44681-ESQ44682	0.33183	0.429635	0.772353
ESQ44687-ESQ44688	0.175443	0.311157	0.563841
ESQ44700-ESQ44701	0.21631	1.56267	0.138423
ESQ44701-ESQ44702	NA	0.278369	-0
ESQ44702-ESQ44703	0.00178374	0.131824	0.0135312
ESQ44703-ESQ44704	0.00178258	0.163743	0.0108865
ESQ44704-ESQ44705	0.000837873	0.104567	0.00801278
ESQ44705-ESQ44706	0.00251588	0.25624	0.00981846
ESQ44706-ESQ44707	0.0159205	0.3649	0.0436298
ESQ44707-ESQ44710	0.226466	1.8924	0.119671
ESQ44713-ESQ44714	NA	NA	NA
ESQ44824-ESQ44825	0.317197	2.07647	0.152758
ESQ44839-ESQ44841	NA	0.0176561	-0
ESQ44861-ESQ44862	NA	NA	NA
ESQ44879-ESQ44880	0.117056	0.321263	0.364361
ESQ44926-ESQ44927	0.0503421	0.27852	0.180748
ESQ44937-ESQ44938	0.362943	NA	NA
ESQ44942-ESQ44944	0.15206	0.679608	0.223746
ESQ44944-ESQ44945	0.20056	1.41407	0.141832
ESQ44945-ESQ44946	0.251957	1.89387	0.133038
ESQ44958-ESQ44960	0.118459	0.427918	0.276827
ESQ44992-ESQ44994	0.183886	0.282862	0.65009
ESQ45014-ESQ45015	0.211584	0.440928	0.479861
ESQ45062-ESQ45063	0.447489	0.905841	0.494004
ESQ45076-ESQ45077	0.0402944	0.0631151	0.638427
ESQ45093-ESQ45095	1.18471	NA	NA
ESQ45159-ESQ45160	0.157195	0.562594	0.279412
ESQ45160-ESQ45161	0.209002	0.677295	0.308583
ESQ45161-ESQ45162	0.203399	0.587231	0.346369
ESQ45172-ESQ45173	0.489218	3.12226	0.156687
ESQ45180-ESQ45181	0.127016	0.378014	0.33601
ESQ45183-ESQ45184	0.378558	0.937382	0.403845
ESQ45185-ESQ45186	0.241327	0.31402	0.768509
ESQ45198-ESQ45199	0.00492469	0.0193953	0.253912
ESQ45226-ESQ45227	0.0779288	0.107567	0.724468
ESQ45248-ESQ45249	0.322248	0.481288	0.669555
ESQ45258-ESQ45259	0.0927409	0.171689	0.540167
ESQ45353-ESQ45354	0.570518	1.92375	0.296566
ESQ45379-ESQ45380	0.544727	1.81849	0.299549
ESQ45380-ESQ45381	0.19284	0.364054	0.5297
ESQ45424-ESQ45425	0.178645	1.6413	0.108844
ESQ45426-ESQ45427	0.113845	0.548203	0.207669
ESQ45427-ESQ45428	0.255676	0.908037	0.28157
ESQ45428-ESQ45429	0.0238716	0.120807	0.197602
ESQ45429-ESQ45430	0.268739	0.942943	0.285
ESQ45430-ESQ45431	0.260741	0.813019	0.320707
ESQ45460-ESQ45461	0.097705	0.385471	0.253469
ESQ45498-ESQ45499	0.202493	0.67992	0.297819
ESQ45504-ESQ45505	0.294713	0.89522	0.329208
ESQ45505-ESQ45506	0.333209	0.846909	0.393442
ESQ45506-ESQ45507	0.124918	0.609325	0.20501
ESQ45507-ESQ45508	0.211961	0.966337	0.219344
ESQ45510-ESQ45511	0.215315	0.433045	0.497212
ESQ45513-ESQ45514	0.107319	0.163483	0.656456
ESQ45514-ESQ45515	0.128155	0.139718	0.917245
ESQ45524-ESQ45526	0.0685394	0.265929	0.257736
ESQ45526-ESQ45528	0.202564	0.47865	0.423198
ESQ45528-ESQ45529	0.0859428	0.113738	0.755619
ESQ45529-ESQ45530	0.0613744	0.129211	0.474994
ESQ45530-ESQ45531	0.181215	0.496361	0.365087
ESQ45590-ESQ45592	0.417822	0.650086	0.642718
ESQ45591-ESQ45592	0.180522	0.347325	0.519749
ESQ45592-ESQ45593	0.0950323	0.178117	0.53354
ESQ45595-ESQ45597	0.191695	0.337901	0.567312
ESQ45618-ESQ45619	0.133621	0.525952	0.254055
ESQ45636-ESQ45638	0.132444	0.181469	0.729844
ESQ45637-ESQ45639	0.198737	0.282637	0.703152
ESQ45639-ESQ45641	0.258153	0.462227	0.558499
ESQ45652-ESQ45654	0.0336153	0.209984	0.160085
ESQ45690-ESQ45691	0.014332	0.0304277	0.471018
ESQ45701-ESQ45702	0.111353	0.166749	0.667789
ESQ45713-ESQ45714	0.0695856	0.231345	0.300788
ESQ45725-ESQ45727	0.178723	1.28214	0.139395
ESQ45730-ESQ45731	0.129029	0.47454	0.271903
ESQ45770-ESQ45771	0.0524685	0.155681	0.337026
ESQ45774-ESQ45775	0.153278	0.245247	0.624994
ESQ45780-ESQ45781	0.130871	0.348094	0.375964
ESQ45781-ESQ45782	0.237524	0.481016	0.493797
ESQ45793-ESQ45794	0.249163	1.62461	0.153368
ESQ45794-ESQ45795	0.144027	0.686395	0.209831
ESQ45795-ESQ45796	0.128706	0.42894	0.300057
ESQ45796-ESQ45797	0.151509	0.536531	0.282387
ESQ45814-ESQ45817	0.167707	0.463906	0.361511
ESQ45815-ESQ45816	0.226047	0.799987	0.282564
ESQ45846-ESQ45847	0.0750209	0.243087	0.308618
ESQ45855-ESQ45856	0.204284	0.279642	0.730522
ESQ45858-ESQ45860	0.15524	0.367001	0.422995
ESQ45865-ESQ45866	0.12887	0.255871	0.503654
ESQ45872-ESQ45873	0.233628	2.14855	0.108738
ESQ45873-ESQ45874	0.106704	0.58859	0.181288
ESQ45874-ESQ45876	0.117205	0.5634	0.208032
ESQ45885-ESQ45886	NA	NA	NA
ESQ45890-ESQ45891	0.227484	0.351371	0.647419
ESQ45891-ESQ45892	0.185973	0.24176	0.769246
ESQ45892-ESQ45893	0.187421	0.398476	0.470344
ESQ45893-ESQ45894	0.153257	0.345456	0.443636
ESQ45900-ESQ45901	0.201644	0.306937	0.656956
ESQ45925-ESQ45926	0.0283448	0.182366	0.155428
ESQ45976-ESQ45977	NA	0.183234	-0
ESQ45992-ESQ45994	0.768125	3.33509	0.230316
ESQ46001-ESQ46002	0.648771	NA	NA
ESQ46015-ESQ46016	0.54042	1.26743	0.42639
ESQ46056-ESQ46059	0.331736	NA	NA
ESQ46074-ESQ46075	0.494706	1.04082	0.475303
ESQ46076-ESQ46077	0.0828109	0.0728692	1.13643
ESQ46077-ESQ46078	0.37053	0.504783	0.734039
ESQ46085-ESQ46086	0.105854	0.577843	0.183188
ESQ46107-ESQ46109	0.556996	1.16362	0.478674
ESQ46113-ESQ46114	0.692929	2.29726	0.301634
ESQ46119-ESQ46121	0.241562	0.317589	0.76061
ESQ46121-ESQ46122	0.228477	0.436436	0.523507
ESQ46122-ESQ46123	0.175785	0.363113	0.484106
ESQ46123-ESQ46125	0.210526	0.39928	0.527263
ESQ46131-ESQ46132	0.299363	0.514909	0.58139
ESQ46167-ESQ46168	0.276291	0.517375	0.534024
ESQ46186-ESQ46188	0.136926	0.210616	0.650118
ESQ46191-ESQ46192	0.575468	NA	NA
ESQ46192-ESQ46193	0.513615	1.98017	0.259379
ESQ46219-ESQ46220	0.126556	0.374933	0.337544
ESQ46226-ESQ46230	0.111575	NA	NA
ESQ46233-ESQ46234	0.338238	0.58627	0.576932
ESQ46250-ESQ46252	0.0754115	0.173362	0.434995
ESQ46251-ESQ46253	0.0435493	0.117063	0.372016
ESQ46259-ESQ46260	0.0957218	0.290528	0.329475
ESQ46293-ESQ46294	0.0475888	0.234508	0.20293
ESQ46296-ESQ46297	0.126762	0.229953	0.551249
ESQ46301-ESQ46302	0.363757	1.9005	0.191401
ESQ46302-ESQ46303	0.131093	0.532377	0.246241
ESQ46328-ESQ46330	0.0294484	0.0672032	0.438199
ESQ46329-ESQ46331	0.0159335	0.0362165	0.439952
ESQ46344-ESQ46346	0.272986	1.81388	0.150499
ESQ46411-ESQ46412	0.307428	0.273377	1.12456
ESQ46416-ESQ46417	0.159394	2.13246	0.0747469
ESQ46424-ESQ46425	0.422488	1.23086	0.343246
ESQ46455-ESQ46456	0.323163	0.50021	0.646054
ESQ46457-ESQ46459	0.164967	0.310996	0.530449
ESQ46459-ESQ46460	0.552087	1.34098	0.411705
ESQ46460-ESQ46461	0.2003	0.305048	0.656619
ESQ46461-ESQ46462	0.39482	0.596294	0.662123
ESQ46462-ESQ46463	0.255032	0.526846	0.484072
ESQ46465-ESQ46467	0.137458	0.175725	0.782237
ESQ46466-ESQ46467	0.0921016	0.130367	0.706482
ESQ46472-ESQ46473	0.27288	0.69225	0.394194
ESQ46477-ESQ46478	0.10061	0.240717	0.417959
ESQ46478-ESQ46479	0.0666168	0.191242	0.348338
ESQ46478-ESQ46480	0.41125	0.543323	0.756916
ESQ46484-ESQ46486	0.0416729	0.0363694	1.14582
ESQ46493-ESQ46494	0.150975	0.196052	0.770075
ESQ46504-ESQ46506	0.0968134	0.54018	0.179224
ESQ46506-ESQ46507	0.129273	0.510032	0.25346
ESQ46511-ESQ46512	0.0340207	0.0189044	1.79962
ESQ46512-ESQ46513	0.0938519	0.141503	0.663248
ESQ46513-ESQ46514	0.0149715	NA	NA
ESQ46514-ESQ46515	0.0287652	0.0167448	1.71786
ESQ46515-ESQ46516	0.0167001	0.0165538	1.00884
ESQ46516-ESQ46517	0.0453505	0.0533225	0.850495
ESQ46590-ESQ46591	0.18216	0.310718	0.586256
ESQ46591-ESQ46593	0.234762	0.307114	0.764414
ESQ46612-ESQ46613	0.0605038	0.116334	0.520085
ESQ46620-ESQ46621	0.0213615	0.0379337	0.563129
ESQ46621-ESQ46622	0.00707041	0.0248587	0.284424
ESQ46622-ESQ46623	0.0394415	0.0519299	0.759514
ESQ46623-ESQ46624	0.0209905	0.0306703	0.684393
ESQ46624-ESQ46625	0.0037683	0.0127726	0.295031
ESQ46625-ESQ46626	0.00753587	NA	NA
ESQ46626-ESQ46627	0.0121674	NA	NA
ESQ46628-ESQ46629	0.0158881	0.0225698	0.703955
ESQ46629-ESQ46630	0.0112043	0.0186948	0.599326
ESQ46629-ESQ46631	0.0305771	0.0271534	1.12609
ESQ46656-ESQ46657	0.108246	0.233777	0.463031
ESQ46656-ESQ46658	0.135707	0.184015	0.737476
ESQ46667-ESQ46668	0.0431006	0.0710546	0.606584
ESQ46668-ESQ46669	0.00801023	0.00380079	2.10751
ESQ46722-ESQ46723	0.0149076	0.053171	0.28037
ESQ46736-ESQ46737	0.0275763	0.0414104	0.665928
ESQ46768-ESQ46769	0.136478	0.363214	0.375749
ESQ46786-ESQ46787	0.629726	0.690968	0.911368
ESQ46788-ESQ46790	0.211917	0.265077	0.799455
ESQ46792-ESQ46795	0.180457	0.23625	0.763839
ESQ46795-ESQ46796	0.230953	0.342431	0.674453
ESQ46795-ESQ46797	0.227596	0.56095	0.405734
ESQ46802-ESQ46803	0.11621	0.178679	0.650388
ESQ46824-ESQ46826	0.0304649	0.0325194	0.936821
ESQ46835-ESQ46836	0.207487	0.680509	0.3049
ESQ46851-ESQ46853	NA	0.0156725	-0
ESQ46877-ESQ46878	0.652869	1.51883	0.429849
ESQ46898-ESQ46899	0.172845	0.312604	0.55292
ESQ46909-ESQ46911	0.226892	0.478955	0.473722
ESQ46911-ESQ46913	0.25975	0.533211	0.487143
ESQ46913-ESQ46914	0.305292	0.480168	0.635802
ESQ46916-ESQ46917	0.302699	0.412516	0.733788
ESQ46938-ESQ46939	0.467889	2.70058	0.173255
ESQ46939-ESQ46940	0.489369	1.71257	0.285751
ESQ46979-ESQ46980	0.0460148	0.20328	0.226362
ESQ46981-ESQ46982	0.103153	0.364661	0.282875
ESQ46982-ESQ46983	0.201462	0.606592	0.332122
ESQ47008-ESQ47009	0.1239	0.217864	0.568702
ESQ47022-ESQ47023	0.395525	0.669832	0.590484
ESQ47028-ESQ47029	0.108437	0.098814	1.09738
ESQ47031-ESQ47032	0.377005	0.649919	0.580081
ESQ47044-ESQ47045	0.0266818	0.0870522	0.306504
ESQ47052-ESQ47053	0.149884	0.571743	0.262152
ESQ47063-ESQ47064	0.180845	0.295732	0.611516
ESQ47064-ESQ47066	0.175568	0.241723	0.72632
ESQ47074-ESQ47078	0.136958	0.60793	0.225286
ESQ47095-ESQ47097	0.149434	0.581709	0.256888
ESQ47097-ESQ47098	0.203213	0.496833	0.409017
ESQ47098-ESQ47099	0.154587	0.421131	0.367075
ESQ47102-ESQ47103	0.00838945	0.0115382	0.727101
ESQ47103-ESQ47104	0.087135	0.250116	0.348378
ESQ47111-ESQ47112	0.101849	0.642094	0.15862
ESQ47115-ESQ47116	0.0839721	0.219724	0.382172
ESQ47127-ESQ47129	0.151501	0.453861	0.333805
ESQ47128-ESQ47129	0.0657971	0.547721	0.120129
ESQ47129-ESQ47130	NA	0.00608837	-0
ESQ47130-ESQ47131	NA	0.00608837	-0
ESQ47131-ESQ47132	0.00404785	NA	NA
ESQ47132-ESQ47133	0.00404507	0.0122775	0.32947
ESQ47133-ESQ47134	0.0142592	0.0122647	1.16262
ESQ47161-ESQ47162	0.0704154	0.158845	0.443296
ESQ47169-ESQ47170	0.141024	0.210611	0.669593
ESQ47170-ESQ47172	0.219948	0.319533	0.688343
ESQ47184-ESQ47183	0.144785	0.18843	0.768376
ESQ47188-ESQ47189	0.20042	0.391376	0.512091
ESQ47192-ESQ47193	0.000832097	NA	NA
ESQ47200-ESQ47201	0.181115	0.22413	0.808079
ESQ47201-ESQ47203	0.202153	0.24565	0.822933
ESQ47208-ESQ47209	0.207889	0.195852	1.06146
ESQ47210-ESQ47211	0.175034	0.183326	0.954769
ESQ47234-ESQ47236	0.191272	0.548134	0.348952
ESQ47243-ESQ47244	0.0340365	0.0461455	0.737591
ESQ47247-ESQ47248	0.186211	0.458095	0.406489
ESQ47248-ESQ47249	0.0997557	0.140006	0.712511
ESQ47249-ESQ47250	0.269618	0.492781	0.547136
ESQ47259-ESQ47261	0.0832103	0.101337	0.821123
ESQ47260-ESQ47262	0.125215	0.354172	0.353544
ESQ47264-ESQ47265	0.283682	0.415393	0.682924
ESQ47265-ESQ47267	0.281177	0.505262	0.556496
ESQ47271-ESQ47273	0.364178	0.63701	0.571699
ESQ47278-ESQ47279	0.141248	0.343868	0.410762
ESQ47279-ESQ47280	0.136166	0.246482	0.552439
ESQ47280-ESQ47281	0.0929536	0.216553	0.429242
ESQ47282-ESQ47283	0.0539205	0.362732	0.148651
ESQ47283-ESQ47284	0.0556897	0.316401	0.17601
ESQ47299-ESQ47300	0.234568	0.22437	1.04545
ESQ47325-ESQ47326	0.236271	0.322777	0.731994
ESQ47342-ESQ47343	0.0511016	0.13037	0.391973
ESQ47347-ESQ47348	0.497929	1.03428	0.481427
ESQ47351-ESQ47352	0.0225902	0.0283711	0.796241
ESQ47374-ESQ47376	0.0810836	0.162233	0.499798
ESQ47386-ESQ47387	1.72798	2.67311	0.646432
ESQ47387-ESQ47389	0.292297	0.215224	1.35811
ESQ47392-ESQ47393	0.0547336	0.0772239	0.708764
ESQ47392-ESQ47394	0.108548	0.163265	0.664861
ESQ47398-ESQ47399	0.0332898	0.0556304	0.598411
ESQ47399-ESQ47400	0.290208	0.336602	0.862169
ESQ47414-ESQ47415	0.178726	0.189846	0.941423
ESQ47443-ESQ47444	0.574257	0.6105	0.940635
ESQ47444-ESQ47445	0.467574	0.693003	0.674708
ESQ47448-ESQ47449	0.224035	0.590091	0.379661
ESQ47451-ESQ47452	0.549934	0.816794	0.673284
ESQ47466-ESQ47467	0.158956	0.196031	0.810873
ESQ47474-ESQ47476	0.115093	0.420538	0.27368
ESQ47476-ESQ47478	0.165538	0.480852	0.344259
ESQ47478-ESQ47479	0.0698122	0.194791	0.358395
ESQ47485-ESQ47486	0.106721	0.383598	0.278211
ESQ47494-ESQ47496	0.221703	0.340487	0.651135
ESQ47496-ESQ47497	0.191951	0.25767	0.744949
ESQ47497-ESQ47498	0.242067	0.338965	0.714134
ESQ47498-ESQ47499	0.25303	0.34368	0.736239
ESQ47505-ESQ47507	0.283203	0.532952	0.531385
ESQ47507-ESQ47508	0.24824	0.313563	0.791675
ESQ47511-ESQ47512	0.330825	0.495268	0.667972
ESQ47515-ESQ47516	0.573376	NA	NA
ESQ47516-ESQ47517	0.358212	3.90168	0.0918097
ESQ47520-ESQ47521	0.549349	NA	NA
ESQ47522-ESQ47524	0.0624077	0.165934	0.376099
ESQ47529-ESQ47531	0.111566	0.143924	0.775176
ESQ47534-ESQ47535	0.134972	0.359765	0.375166
ESQ47535-ESQ47537	0.21113	0.413822	0.510195
ESQ47536-ESQ47538	0.163013	0.257072	0.634115
ESQ47582-ESQ47583	0.287805	0.830184	0.346677
ESQ47587-ESQ47588	0.207376	0.338317	0.612966
ESQ47594-ESQ47595	0.0337373	0.153181	0.220244
ESQ47613-ESQ47614	0.524882	0.688376	0.762493
ESQ47632-ESQ47633	0.0439509	0.751182	0.058509
ESQ47632-ESQ47634	0.419427	1.63752	0.256135
ESQ47635-ESQ47637	0.111921	0.448042	0.2498
ESQ47651-ESQ47653	0.0771118	0.272207	0.283284
ESQ47667-ESQ47669	0.338024	0.959478	0.3523
ESQ47670-ESQ47671	0.451136	1.16145	0.388426
ESQ47671-ESQ47672	0.246283	0.630838	0.390406
ESQ47672-ESQ47673	0.222754	0.562108	0.396284
ESQ47673-ESQ47674	0.202334	0.789486	0.256285
ESQ47673-ESQ47675	0.312585	0.541565	0.577189
ESQ47676-ESQ47677	0.269648	0.429185	0.62828
ESQ47678-ESQ47679	0.285925	0.733521	0.389798
ESQ47680-ESQ47681	0.368117	0.537765	0.684532
ESQ47688-ESQ47690	0.282817	1.15913	0.243989
ESQ47690-ESQ47691	0.252846	1.0735	0.235535
ESQ47695-ESQ47697	0.0237122	0.245548	0.0965682
ESQ47720-ESQ47721	0.0129123	0.394907	0.032697
ESQ47733-ESQ47734	0.00823982	0.0222921	0.369629
ESQ47749-ESQ47750	0.0491768	0.247494	0.198699
ESQ47750-ESQ47751	0.0273388	0.157863	0.173181
ESQ47764-ESQ47767	0.427775	0.737184	0.580283
ESQ47767-ESQ47768	0.19941	0.258839	0.770401
ESQ47768-ESQ47769	0.336975	0.424738	0.793372
ESQ47768-ESQ47770	0.197989	0.307735	0.643375
ESQ47810-ESQ47811	0.212219	0.159187	1.33314
ESQ47818-ESQ47819	0.343941	0.548154	0.627454
ESQ47832-ESQ47833	0.0999654	0.32791	0.304856
ESQ47841-ESQ47842	0.18974	0.517579	0.366591
ESQ47843-ESQ47844	0.208325	0.547404	0.380569
ESQ47844-ESQ47845	0.0780969	0.126713	0.616328
ESQ47845-ESQ47846	0.331555	0.913091	0.363113
ESQ47846-ESQ47847	0.341031	0.437508	0.779486
ESQ47868-ESQ47869	0.385969	1.35993	0.283816
ESQ47869-ESQ47870	0.400224	1.94176	0.206114
ESQ47873-ESQ47874	0.191295	0.595224	0.321384
ESQ47890-ESQ47891	0.282725	1.76527	0.16016
ESQ47934-ESQ47935	0.234456	0.438515	0.53466
ESQ47942-ESQ47943	0.427661	0.560275	0.763307
ESQ47962-ESQ47964	0.189981	0.32879	0.577819
ESQ47963-ESQ47965	0.0695336	0.222988	0.311826
ESQ47995-ESQ47996	0.172161	0.698991	0.2463
ESQ47996-ESQ47997	0.326173	1.95895	0.166504
ESQ47998-ESQ47999	0.689906	NA	NA
ESQ48019-ESQ48020	0.512202	NA	NA
ESQ48024-ESQ48025	NA	0.27407	-0
ESQ48053-ESQ48054	0.385544	0.775573	0.497109
ESQ48054-ESQ48055	0.349631	0.621676	0.562401
ESQ48055-ESQ48056	0.0843816	0.0236157	3.57311
ESQ48078-ESQ48080	0.019845	0.0716682	0.276902
ESQ48079-ESQ48081	0.111476	0.0591771	1.88377
ESQ48096-ESQ48097	0.102054	0.113537	0.898858
ESQ48096-ESQ48098	0.3468	0.564699	0.614132
ESQ48153-ESQ48154	0.172286	0.438753	0.392672
ESQ48170-ESQ48171	0.528711	0.988844	0.534676
ESQ48197-ESQ48198	0.215971	0.662116	0.326183
ESQ48198-ESQ48199	0.396322	0.69821	0.567626
ESQ48204-ESQ48206	1.07267	3.03571	0.353351
ESQ48212-ESQ48214	0.305826	0.690893	0.442653
ESQ48237-ESQ48239	0.183265	0.844223	0.217081
ESQ48242-ESQ48243	0.291623	0.479911	0.607662
ESQ48276-ESQ48277	0.147594	0.253204	0.582907
ESQ48286-ESQ48288	0.0994151	0.282598	0.351789
ESQ48287-ESQ48286	0.438573	1.45795	0.300815
ESQ48288-ESQ48290	0.351909	1.1507	0.305822
ESQ48290-ESQ48289	0.319593	1.06809	0.299219
ESQ48297-ESQ48298	0.416657	0.783929	0.531499
ESQ48311-ESQ48312	0.319056	0.892952	0.357305
ESQ48314-ESQ48316	0.0834298	0.17372	0.480254
ESQ48349-ESQ48351	0.50792	1.2556	0.404524
ESQ48360-ESQ48362	0.397038	2.07219	0.191604
ESQ48377-ESQ48378	0.585299	2.78986	0.209795
ESQ48393-ESQ48395	0.0281679	0.260807	0.108003
ESQ48406-ESQ48407	0.103622	0.442523	0.234161
ESQ48508-ESQ48509	0.129978	0.58387	0.222614
ESQ48509-ESQ48510	0.114172	0.592674	0.192639
ESQ48510-ESQ48511	0.054941	0.320447	0.171451
ESQ48511-ESQ48512	0.170154	0.622365	0.273399
ESQ48512-ESQ48513	0.699991	1.45717	0.480378
ESQ48513-ESQ48514	0.661794	1.99463	0.331788
ESQ48530-ESQ48532	0.0195557	0.215658	0.0906795
ESQ48552-ESQ48554	0.324005	0.634326	0.510786
ESQ48553-ESQ48554	0.164925	0.92008	0.17925
ESQ48554-ESQ48555	0.21961	0.40122	0.547355
ESQ48559-ESQ48560	0.305661	1.19523	0.255733
ESQ48561-ESQ48562	0.50992	2.04149	0.249779
ESQ48562-ESQ48563	0.0919841	0.4003	0.229788
ESQ48563-ESQ48564	0.0513038	0.181548	0.28259
ESQ48620-ESQ48621	0.188268	0.8796	0.214039
ESQ48630-ESQ48631	0.224196	0.473385	0.473602
ESQ48641-ESQ48642	0.0165306	0.122361	0.135097
ESQ48642-ESQ48643	0.134914	0.597747	0.225704
ESQ48643-ESQ48644	0.211452	0.900336	0.234859
ESQ48669-ESQ48670	0.0756434	0.348176	0.217256
ESQ48680-ESQ48681	0.171604	1.24009	0.138381
ESQ48691-ESQ48693	0.0774144	0.228466	0.338845
ESQ48709-ESQ48710	0.642318	2.56209	0.250701
ESQ48715-ESQ48716	0.216519	1.23343	0.175542
ESQ48785-ESQ48786	0.276477	0.526289	0.525333
ESQ48786-ESQ48787	0.187913	0.425389	0.441745
ESQ48846-ESQ48848	0.0719175	0.381841	0.188344
ESQ48846-ESQ48849	0.166099	0.25432	0.653111
ESQ48861-ESQ48862	0.177886	0.460634	0.386177
ESQ48944-ESQ48945	0.0814004	0.143157	0.568608
ESQ48985-ESQ48986	0.835923	1.27461	0.655828
ESQ48992-ESQ48993	0.158787	0.965716	0.164425
ESQ48999-ESQ49002	NA	NA	NA
ESQ49013-ESQ49014	0.711837	NA	NA
ESQ49014-ESQ49015	0.0312801	0.0819871	0.381525
ESQ49121-ESQ49122	0.274417	1.17201	0.234141
ESQ49148-ESQ49150	0.0353513	0.304951	0.115925
ESQ49150-ESQ49151	0.0327262	0.248363	0.131768
ESQ49181-ESQ49184	NA	0.00492212	-0
ESQ49200-ESQ49201	0.0427751	0.260035	0.164498
ESQ49209-ESQ49210	0.0610919	0.246855	0.247481
ESQ49242-ESQ49244	0.470049	1.79129	0.262409
ESQ49244-ESQ49245	0.117675	0.465721	0.252672
ESQ49310-ESQ49311	0.327437	1.07255	0.305288
ESQ49377-ESQ49378	0.148044	0.26743	0.553581
ESQ49395-ESQ49396	0.10251	0.295017	0.347472
ESQ49468-ESQ49469	0.115928	0.551553	0.210185
ESQ49470-ESQ49471	0.64026	1.91809	0.3338
ESQ49500-ESQ49501	0.787468	0.896706	0.878178
ESQ49502-ESQ49503	0.648437	4.2418	0.152868
ESQ49523-ESQ49526	0.502536	0.86005	0.58431
ESQ49560-ESQ49561	0.438011	2.31341	0.189336
ESQ49579-ESQ49581	0.78845	1.94859	0.404625
ESQ49613-ESQ49614	0.300208	NA	NA
ESQ49620-ESQ49621	0.372366	0.852509	0.436788
ESQ49654-ESQ49655	0.144051	0.367966	0.391479
ESQ49659-ESQ49661	0.102921	0.158248	0.65038
ESQ49703-ESQ49704	0.374402	0.732717	0.510978
ESQ49705-ESQ49706	0.131893	0.735005	0.179445
ESQ49708-ESQ49709	0.135627	0.307544	0.441
ESQ49746-ESQ49747	0.273396	2.64462	0.103378
ESQ49760-ESQ49762	0.282236	0.388831	0.725858
ESQ49779-ESQ49780	0.109289	0.596102	0.183339
ESQ49797-ESQ49798	0.148915	3.20336	0.0464873
ESQ49855-ESQ49856	0.126952	0.609533	0.208277
ESQ49930-ESQ49931	0.268557	0.762957	0.351995
ESQ49989-ESQ49990	0.67554	3.73372	0.18093
ESQ50034-ESQ50035	0.0154986	0.0455508	0.340248
ESQ50066-ESQ50067	NA	NA	NA
ESQ50069-ESQ50070	0.217627	0.349254	0.62312
ESQ50125-ESQ50126	0.349967	2.32119	0.150771
ESQ50148-ESQ50150	0.0670395	0.152228	0.440389
ESQ50154-ESQ50155	0.164521	0.330178	0.498278
ESQ50155-ESQ50156	0.173686	0.427297	0.406477
ESQ50185-ESQ50186	0.0267196	0.0219321	1.21829
ESQ50195-ESQ50197	0.0782025	0.0817879	0.956162
ESQ50197-ESQ50198	0.0566431	0.0771653	0.73405
ESQ50207-ESQ50208	0.00706376	0.014909	0.473791
ESQ50213-ESQ50214	0.00762884	0.0377431	0.202126
ESQ50218-ESQ50219	0.00762529	0.0123899	0.615443
ESQ50219-ESQ50220	0.0167965	0.0559607	0.300148
ESQ50220-ESQ50221	0.0167722	0.0709747	0.236312
ESQ50221-ESQ50222	0.0152808	0.051374	0.297442
ESQ50222-ESQ50223	0.0165748	0.0136379	1.21535
ESQ50224-ESQ50225	0.00461474	0.0457209	0.100933
ESQ50225-ESQ50226	0.00460742	0.0150099	0.306959
ESQ50226-ESQ50227	0.00761028	NA	NA
ESQ50227-ESQ50228	0.00379797	0.0250961	0.151337
ESQ50229-ESQ50230	0.00854572	0.0418934	0.203987
ESQ50230-ESQ50231	0.0114539	0.0250833	0.456633
ESQ50232-ESQ50234	NA	0.0476302	-0
ESQ50233-ESQ50234	0.0114521	0.0250961	0.456331
ESQ50261-ESQ50264	0.421609	0.370107	1.13915
ESQ50263-ESQ50265	0.140214	0.0989414	1.41714
ESQ50336-ESQ50337	0.0773131	0.153783	0.502743
ESQ50360-ESQ50361	0.172293	0.459433	0.375012
ESQ50364-ESQ50365	0.232092	0.666335	0.348311
ESQ50365-ESQ50366	0.284445	0.70177	0.405325
ESQ50388-ESQ50389	0.269388	0.497435	0.541555
ESQ50444-ESQ50447	0.446675	NA	NA
ESQ50461-ESQ50462	0.584594	1.26043	0.463804
ESQ50486-ESQ50487	0.333328	1.98752	0.167711
ESQ50490-ESQ50492	1.11637	2.74754	0.406317
ESQ50494-ESQ50495	0.0537127	0.084705	0.634115
ESQ50531-ESQ50532	0.267384	0.989045	0.270346
ESQ50542-ESQ50544	0.258083	1.37342	0.187913
ESQ50580-ESQ50582	0.28139	0.980908	0.286867
ESQ50594-ESQ50595	0.13205	0.325442	0.405755
ESQ50620-ESQ50622	0.0193374	0.170452	0.113448
ESQ50633-ESQ50634	0.25429	0.729639	0.348514
ESQ50679-ESQ50680	0.113897	0.61653	0.184738
ESQ50715-ESQ50716	0.343316	0.674793	0.508772
ESQ50716-ESQ50718	0.0216257	0.055376	0.390524
ESQ50738-ESQ50740	0.0380764	0.0722251	0.527191
ESQ50739-ESQ50741	0.00920961	0.081714	0.112705
ESQ50754-ESQ50756	0.276723	0.412401	0.671004
ESQ50805-ESQ50806	0.0893472	0.575583	0.155229
ESQ50807-ESQ50808	0.146556	0.580489	0.25247
ESQ50813-ESQ50814	0.178882	0.886433	0.2018
ESQ50817-ESQ50819	0.1988	0.700036	0.283985
ESQ50857-ESQ50858	0.102577	0.300823	0.340988
ESQ50888-ESQ50889	0.0705799	0.499083	0.141419
ESQ50955-ESQ50957	0.410699	1.02936	0.398987
ESQ50978-ESQ50979	0.224868	0.529362	0.424791
ESQ51027-ESQ51028	0.238442	0.390258	0.610984
ESQ51028-ESQ51029	0.134816	0.231831	0.581527
ESQ51029-ESQ51030	0.122995	0.15861	0.775452
ESQ51030-ESQ51031	0.0267699	0.0366799	0.729826
ESQ51041-ESQ51042	NA	NA	NA
ESQ51051-ESQ51053	0.111193	0.600415	0.185194
ESQ51060-ESQ51062	0.0862531	0.265826	0.324472
ESQ51077-ESQ51078	0.0649237	0.34678	0.187219
ESQ51104-ESQ51105	0.160466	0.462664	0.34683
ESQ51191-ESQ51192	0.0137683	0.110219	0.124917
ESQ51196-ESQ51198	0.0325659	0.110115	0.295744
ESQ51198-ESQ51199	0.0373358	0.127254	0.293396
ESQ51199-ESQ51200	0.036462	0.185474	0.196589
ESQ51214-ESQ51215	0.262471	1.34502	0.195142
ESQ51224-ESQ51225	0.36628	0.356824	1.0265
ESQ51229-ESQ51231	0.0540658	0.122682	0.440697
ESQ51231-ESQ51232	0.0433546	0.109929	0.394385
ESQ51265-ESQ51266	0.0305627	0.6176	0.0494863
ESQ51291-ESQ51292	0.53259	2.06864	0.257459
ESQ51296-ESQ51298	0.14856	0.228404	0.650424
ESQ51298-ESQ51300	0.192052	0.348823	0.550574
ESQ51300-ESQ51302	0.133875	0.248295	0.539175
ESQ51327-ESQ51328	0.180583	0.351253	0.514111
ESQ51350-ESQ51351	0.317063	1.20669	0.262753
ESQ51384-ESQ51385	0.157988	0.457296	0.345483
ESQ51385-ESQ51387	0.0671104	0.196756	0.341084
ESQ51386-ESQ51388	0.057473	0.185877	0.3092
ESQ51392-ESQ51394	0.314549	1.20004	0.262115
ESQ51394-ESQ51395	0.278572	1.19266	0.233572
ESQ51400-ESQ51401	0.492114	2.95385	0.166601
ESQ51409-ESQ51410	0.156501	0.51708	0.302663
ESQ51415-ESQ51416	0.0435096	0.195058	0.22306
ESQ51416-ESQ51418	0.0385942	0.166093	0.232364
ESQ51423-ESQ51424	0.348159	2.61904	0.132934
ESQ51431-ESQ51432	0.169603	0.425408	0.398683
ESQ51432-ESQ51433	0.158088	0.649109	0.243545
ESQ51444-ESQ51447	0.171282	0.528215	0.324265
ESQ51447-ESQ51449	0.0567751	0.174328	0.325681
ESQ51449-ESQ51450	0.0371762	0.0860415	0.432073
ESQ51452-ESQ51453	0.342533	1.39534	0.245484
ESQ51455-ESQ51456	0.231464	0.87138	0.265629
ESQ51456-ESQ51457	0.104495	0.326598	0.319951
ESQ51457-ESQ51458	0.122384	0.500702	0.244425
ESQ51458-ESQ51459	0.135038	0.512612	0.26343
ESQ51471-ESQ51474	0.170983	0.375568	0.455265
ESQ51481-ESQ51482	0.0638267	0.0758251	0.841762
ESQ51493-ESQ51494	0.233386	0.398414	0.585787
ESQ51494-ESQ51495	0.230716	0.328149	0.703083
ESQ51495-ESQ51496	0.173957	0.173853	1.0006
ESQ51520-ESQ51522	0.234986	0.286842	0.819218
ESQ51522-ESQ51523	0.0467145	0.133812	0.349104
ESQ51522-ESQ51524	0.271987	0.414003	0.65697
ESQ51527-ESQ51529	0.169588	0.30025	0.564822
ESQ51536-ESQ51537	0.184594	0.449871	0.410326
ESQ51544-ESQ51545	NA	NA	NA
ESQ51554-ESQ51555	0.113774	0.217797	0.522384
ESQ51578-ESQ51579	0.16697	0.143412	1.16426
ESQ51579-ESQ51580	0.204806	0.223382	0.916844
ESQ51582-ESQ51583	0.193316	0.191042	1.01191
ESQ51604-ESQ51605	0.044743	0.358246	0.124895
ESQ51636-ESQ51638	0.113791	0.724768	0.157004
ESQ51652-ESQ51654	0.103269	0.17129	0.60289
ESQ51654-ESQ51655	0.0754889	0.120267	0.627678
ESQ51657-ESQ51659	0.0208994	NA	NA
ESQ51661-ESQ51662	0.129851	0.181398	0.715834
ESQ51677-ESQ51678	0.139867	0.333469	0.419432
ESQ51678-ESQ51679	0.0438375	0.111488	0.393202
ESQ51679-ESQ51680	0.0367576	0.169565	0.216775
ESQ51680-ESQ51681	0.501071	1.43921	0.348156
ESQ51693-ESQ51694	0.110589	0.429398	0.257544
ESQ51705-ESQ51706	0.130267	0.243573	0.534818
ESQ51706-ESQ51707	0.456841	0.982726	0.464871
ESQ51727-ESQ51728	0.070571	0.295082	0.239158
ESQ51731-ESQ51732	0.572942	0.320925	1.78528
ESQ51747-ESQ51748	0.00354055	0.159672	0.0221739
ESQ51758-ESQ51761	0.435147	2.43059	0.179029
ESQ51767-ESQ51769	0.311025	2.24813	0.138348
ESQ51769-ESQ51770	0.369028	2.44599	0.150871
ESQ51792-ESQ51793	0.18395	0.636638	0.28894
ESQ51839-ESQ51840	0.0611646	0.213816	0.286061
ESQ51839-ESQ51841	0.203437	0.642553	0.316607
ESQ51855-ESQ51857	0.236544	0.861321	0.274629
ESQ51863-ESQ51864	0.185129	0.281674	0.657245
ESQ51874-ESQ51877	0.0641083	0.0690375	0.928602
ESQ51891-ESQ51893	0.418593	0.507846	0.824253
ESQ51894-ESQ51896	0.218244	0.61375	0.355591
ESQ51896-ESQ51897	0.068333	0.329313	0.207501
ESQ51897-ESQ51898	0.158916	0.505607	0.314307
ESQ51898-ESQ51900	0.0921263	0.322411	0.285742
ESQ51908-ESQ51909	0.696279	1.88562	0.369257
ESQ51909-ESQ51911	0.444703	1.07559	0.41345
ESQ51913-ESQ51914	0.016266	0.134295	0.121121
ESQ52017-ESQ52018	0.293907	0.644653	0.455915
ESQ52031-ESQ52032	0.201386	0.910539	0.221173
ESQ52040-ESQ52041	0.025719	0.295402	0.0870644
ESQ52048-ESQ52049	0.0702678	0.332248	0.211492
ESQ52098-ESQ52100	0.106416	0.202376	0.525833
ESQ52108-ESQ52109	0.311547	0.702182	0.443685
ESQ52199-ESQ52200	0.398566	NA	NA
ESQ52221-ESQ52222	0.152803	0.264149	0.578474
ESQ52235-ESQ52236	0.013081	0.130788	0.100016
ESQ52303-ESQ52304	0.15053	0.822101	0.183104
ESQ52304-ESQ52305	0.0983228	0.412871	0.238144
ESQ52326-ESQ52327	0.0525027	0.210258	0.249706
ESQ52349-ESQ52350	0.00789246	0.2014	0.0391879
ESQ52363-ESQ52364	0.0382528	0.175002	0.218585
ESQ52384-ESQ52385	0.140666	0.57716	0.243721
ESQ52420-ESQ52421	0.242314	4.8554	0.0499061
ESQ52421-ESQ52422	0.0527579	0.306283	0.172252
ESQ52422-ESQ52424	0.13699	0.93489	0.146531
ESQ52423-ESQ52425	0.655889	1.85095	0.354353
ESQ52425-ESQ52426	0.0680559	0.131467	0.517664
ESQ52426-ESQ52427	0.372574	1.18211	0.315176
ESQ52427-ESQ52428	0.461788	1.96502	0.235004
ESQ52470-ESQ52471	0.47671	NA	NA
ESQ52476-ESQ52477	0.148318	0.326731	0.453945
ESQ52494-ESQ52495	0.0663068	0.0947553	0.699769
ESQ52521-ESQ52522	0.175223	0.343613	0.509941
ESQ52551-ESQ52552	0.628424	2.41338	0.260392
ESQ52619-ESQ52620	0.193501	2.85216	0.0678438
ESQ52633-ESQ52634	0.173829	0.718241	0.242021
ESQ52721-ESQ52722	0.355154	NA	NA
ESQ52730-ESQ52731	0.131952	0.109646	1.20344
ESQ52755-ESQ52756	0.137857	0.165954	0.830694
ESQ52757-ESQ52759	0.328387	0.791669	0.414804
ESQ52758-ESQ52759	0.245042	0.726872	0.337119
ESQ52759-ESQ52760	0.118663	0.324861	0.365275
ESQ52760-ESQ52761	0.153823	0.536881	0.286513
ESQ52767-ESQ52769	0.0733596	0.128105	0.57265
ESQ52769-ESQ52770	0.169119	0.25581	0.661112
ESQ52823-ESQ52825	0.321746	0.905572	0.355296
ESQ52844-ESQ52845	0.493748	1.55992	0.316521
ESQ52845-ESQ52846	0.267991	0.436505	0.613948
ESQ52847-ESQ52848	0.634491	NA	NA
ESQ52901-ESQ52902	0.176276	0.858986	0.205214
ESQ52902-ESQ52903	0.0706097	0.14864	0.475038
ESQ52919-ESQ52920	0.0213372	0.0544195	0.392088
ESQ52947-ESQ52948	0.262231	0.654008	0.400959
ESQ52953-ESQ52954	0.531942	NA	NA
ESQ52956-ESQ52957	0.383101	0.758926	0.504793
ESQ52965-ESQ52967	0.103525	0.261954	0.395201
ESQ52967-ESQ52968	0.0952654	0.195357	0.487647
ESQ52968-ESQ52970	0.784619	3.16655	0.247783
ESQ52979-ESQ52980	0.0265203	0.0246692	1.07503
ESQ52990-ESQ52992	0.247349	2.23667	0.110588
ESQ53037-ESQ53038	0.247499	1.57495	0.157148
ESQ53053-ESQ53052	0.412612	NA	NA
ESQ53137-ESQ53138	0.265029	0.174112	1.52218
ESQ53147-ESQ53148	0.154804	0.833289	0.185775
ESQ53148-ESQ53149	0.287877	1.41347	0.203666
ESQ53172-ESQ53173	0.37545	NA	NA
ESQ53180-ESQ53182	0.341425	1.06612	0.320251
ESQ53201-ESQ53202	0.314512	1.14515	0.274646
ESQ53202-ESQ53203	0.257382	1.45466	0.176936
ESQ53209-ESQ53210	0.0678765	0.321553	0.21109
ESQ53245-ESQ53247	0.324311	0.253442	1.27963
ESQ53281-ESQ53283	0.0816013	0.441478	0.184837
ESQ53283-ESQ53284	0.299747	NA	NA
ESQ53327-ESQ53328	0.0522195	0.28285	0.184619
ESQ53330-ESQ53331	0.125626	0.636227	0.197454
ESQ53345-ESQ53347	0.221102	0.961463	0.229964
ESQ53347-ESQ53348	0.0131689	0.0963476	0.136681
ESQ53348-ESQ53349	0.13453	0.49377	0.272455
ESQ53351-ESQ53352	0.144286	0.601379	0.239925
ESQ53352-ESQ53353	0.219855	1.2874	0.170775
ESQ53353-ESQ53354	0.0398286	0.10422	0.382159
ESQ53354-ESQ53355	0.164126	0.703278	0.233373
ESQ53354-ESQ53356	0.417869	1.8339	0.227858
ESQ53387-ESQ53388	0.328032	1.66842	0.196612
ESQ53523-ESQ53524	0.807316	NA	NA
ESQ53526-ESQ53527	0.797465	NA	NA
ESQ53527-ESQ53529	0.686832	NA	NA
ESQ53587-ESQ53588	0.101088	0.406227	0.248847
ESQ53588-ESQ53589	0.061375	0.292316	0.209961
ESQ53599-ESQ53600	0.271313	0.428053	0.633831
ESQ53625-ESQ53626	0.146537	0.551157	0.265871
ESQ53635-ESQ53636	0.336058	1.19523	0.281166
ESQ53636-ESQ53637	0.254683	2.27966	0.11172
ESQ53638-ESQ53639	0.405825	2.41974	0.167714
ESQ53653-ESQ53655	0.124289	0.518297	0.239803
ESQ53671-ESQ53672	0.254423	1.31382	0.193651
ESQ53723-ESQ53724	0.218929	1.10557	0.198024
ESQ53759-ESQ53760	0.161517	0.565813	0.28546
ESQ53771-ESQ53772	0.435308	NA	NA
ESQ53772-ESQ53773	0.269875	1.52613	0.176835
ESQ53777-ESQ53779	0.0685889	0.203016	0.33785
ESQ53778-ESQ53779	0.0337971	0.0983823	0.343528
ESQ53790-ESQ53791	0.112629	0.533716	0.211029
ESQ53934-ESQ53935	0.257957	1.19029	0.216718
ESQ53966-ESQ53967	0.261791	0.428884	0.610399
ESQ54023-ESQ54025	0.468827	1.61956	0.289477
ESQ54027-ESQ54028	0.372339	0.8982	0.414539
ESQ54131-ESQ54132	0.168557	0.624636	0.269848
ESQ54142-ESQ54145	0.189818	1.1174	0.169875
ESQ54145-ESQ54146	0.236034	1.09332	0.215888
ESQ54165-ESQ54166	0.304384	1.52004	0.200247
ESQ54176-ESQ54177	0.0543181	0.358879	0.151355
ESQ54177-ESQ54178	0.0781304	0.342205	0.228315
ESQ54178-ESQ54180	0.228171	2.88423	0.0791097
ESQ54201-ESQ54202	0.196695	1.44196	0.136408
ESQ54208-ESQ54209	0.145212	0.123914	1.17188
ESQ54216-ESQ54217	0.262634	0.414746	0.63324
ESQ54218-ESQ54219	0.200854	0.555636	0.361485
ESQ54221-ESQ54222	0.335834	0.37902	0.886059
ESQ54226-ESQ54227	0.0856227	0.0930064	0.92061
ESQ54261-ESQ54262	0.265779	0.735985	0.36112
ESQ54262-ESQ54263	0.242273	0.740067	0.327367
ESQ54270-ESQ54271	0.116654	0.508534	0.229393
ESQ54271-ESQ54272	0.300571	1.63604	0.183718
ESQ54307-ESQ54308	0.0880291	0.31605	0.278529
ESQ54308-ESQ54310	0.303826	0.478713	0.634672
ESQ54311-ESQ54312	0.210064	0.614232	0.341995
ESQ54315-ESQ54320	0.361406	1.47059	0.245756
ESQ54339-ESQ54340	0.380891	0.451148	0.844272
ESQ54353-ESQ54355	0.0390611	0.228136	0.171219
ESQ54409-ESQ54410	0.25343	1.51423	0.167366
ESQ54412-ESQ54413	0.749442	1.61496	0.464062
ESQ54471-ESQ54474	0.785748	1.63295	0.481183
ESQ54474-ESQ54475	0.722844	1.08944	0.663502
ESQ54486-ESQ54487	0.619027	NA	NA
ESQ54497-ESQ54498	0.155877	1.34461	0.115928
ESQ54509-ESQ54510	0.135416	0.413124	0.327786
ESQ54533-ESQ54534	0.21199	0.907064	0.233711
ESQ54546-ESQ54547	0.44906	2.87559	0.156163
ESQ54566-ESQ54567	0.0969431	0.293087	0.330766
ESQ54567-ESQ54568	0.0919798	0.285039	0.322692
ESQ54677-ESQ54681	0.247382	0.631609	0.39167
ESQ54694-ESQ54695	0.0708538	0.245679	0.2884
ESQ54704-ESQ54705	0.387509	0.768259	0.504399
ESQ54707-ESQ54708	0.100648	0.27861	0.361251
ESQ54714-ESQ54715	0.0951709	0.416591	0.228452
ESQ54720-ESQ54721	0.286739	1.28695	0.222805
ESQ54724-ESQ54725	0.481866	NA	NA
ESQ54734-ESQ54736	0.101989	0.193955	0.525841
ESQ54735-ESQ54737	0.0529679	0.167425	0.316367
ESQ54762-ESQ54763	0.567247	2.56372	0.22126
ESQ54777-ESQ54778	0.69175	NA	NA
ESQ54796-ESQ54797	0.0236237	0.110433	0.213919
ESQ54852-ESQ54853	0.032782	0.0669559	0.489606
ESQ54891-ESQ54893	0.00348392	0.0066299	0.525486
ESQ54895-ESQ54896	0.042755	0.234897	0.182016
ESQ54901-ESQ54902	0.0126312	0.250934	0.0503369
ESQ54929-ESQ54930	0.314333	2.72158	0.115496
ESQ54965-ESQ54966	0.138435	0.198637	0.696927
ESQ54966-ESQ54967	0.126069	0.209589	0.601507
ESQ54982-ESQ54983	0.116698	0.408155	0.285915
ESQ54990-ESQ54991	0.137058	0.709273	0.193237
ESQ54991-ESQ54992	0.12829	0.499775	0.256695
ESQ55013-ESQ55014	0.378381	0.726974	0.520488
ESQ55019-ESQ55020	0.113721	0.290663	0.391247
ESQ55022-ESQ55023	0.247554	0.968586	0.255583
ESQ55023-ESQ55025	0.258508	0.713886	0.362114
ESQ55024-ESQ55027	0.163748	0.429141	0.381572
ESQ55027-ESQ55028	0.315529	1.1719	0.269246
ESQ55028-ESQ55029	0.212121	0.675663	0.313945
ESQ55066-ESQ55068	0.128829	0.301016	0.427982
ESQ55078-ESQ55079	0.11975	0.65054	0.184078
ESQ55081-ESQ55082	0.111526	0.405679	0.274911
ESQ55085-ESQ55086	0.0262763	0.0518072	0.507194
ESQ55090-ESQ55091	0.40146	0.938962	0.427558
ESQ55136-ESQ55137	0.182713	0.315905	0.578378
ESQ55137-ESQ55138	0.198748	0.444227	0.447402
ESQ55157-ESQ55159	0.200245	0.352001	0.568875
ESQ55159-ESQ55160	0.209473	0.338668	0.61852
ESQ55166-ESQ55168	0.0562317	0.339659	0.165553
ESQ55168-ESQ55169	0.0705817	0.332135	0.212509
ESQ55179-ESQ55180	0.177435	1.17724	0.150722
ESQ55204-ESQ55205	0.124298	0.279465	0.444771
ESQ55208-ESQ55209	0.128489	0.386848	0.332143
ESQ55209-ESQ55210	0.13735	0.428209	0.320754
ESQ55219-ESQ55222	0.123553	0.373679	0.33064
ESQ55234-ESQ55235	0.087555	0.252903	0.3462
ESQ55239-ESQ55240	0.206959	0.692274	0.298956
ESQ55246-ESQ55247	0.0501437	0.0944661	0.530812
ESQ55282-ESQ55284	0.186681	0.374309	0.498735
ESQ55284-ESQ55285	0.198207	0.530019	0.373962
ESQ55292-ESQ55293	0.185776	0.393796	0.471757
ESQ55304-ESQ55305	0.0742886	0.342699	0.216775
ESQ55307-ESQ55309	0.0743562	0.375055	0.198254
ESQ55309-ESQ55310	0.0824266	0.38664	0.213187
ESQ55330-ESQ55332	0.118875	0.271097	0.438497
ESQ55354-ESQ55356	0.088501	0.130087	0.68032
ESQ55359-ESQ55361	0.498554	3.87126	0.128783
ESQ55370-ESQ55371	0.404145	1.67721	0.240963
ESQ55392-ESQ55393	0.178724	1.35208	0.132185
ESQ55409-ESQ55410	0.501346	0.933006	0.537345
ESQ55410-ESQ55411	0.24501	0.489891	0.500131
ESQ55411-ESQ55412	0.254749	0.568106	0.448419
ESQ55412-ESQ55413	0.319686	0.657667	0.486091
ESQ55420-ESQ55422	0.397434	0.636103	0.624795
ESQ55422-ESQ55423	0.9698	2.89928	0.334497
ESQ55422-ESQ55424	1.17097	NA	NA
ESQ55433-ESQ55434	0.372393	2.02208	0.184164
ESQ55438-ESQ55439	0.357409	0.473769	0.754396
ESQ55490-ESQ55491	0.322778	1.49036	0.216578
ESQ55491-ESQ55492	0.0559115	0.308169	0.181431
ESQ55522-ESQ55523	0.0834857	0.26531	0.314672
ESQ55523-ESQ55525	0.4054	1.81126	0.223823
ESQ55570-ESQ55571	0.165002	0.273645	0.602977
ESQ55571-ESQ55572	0.148122	0.287938	0.514425
ESQ55582-ESQ55583	0.0855566	0.152677	0.560377
ESQ55583-ESQ55584	0.263464	0.946692	0.278299
ESQ55587-ESQ55588	0.343369	1.71357	0.200382
ESQ55588-ESQ55589	0.133523	0.448228	0.29789
ESQ55589-ESQ55590	0.489491	NA	NA
ESQ55590-ESQ55591	0.130477	0.370376	0.352282
ESQ55674-ESQ55675	0.907668	2.53747	0.357706
ESQ55678-ESQ55679	0.186652	0.657709	0.283791
ESQ55679-ESQ55680	0.0728004	0.179736	0.405041
ESQ55702-ESQ55703	0.016657	0.203375	0.0819027
ESQ55751-ESQ55753	0.120953	0.223258	0.541763
ESQ55752-ESQ55754	0.0429788	0.0943016	0.455759
ESQ55785-ESQ55786	0.473578	1.58818	0.298189
ESQ55786-ESQ55787	0.15431	0.2572	0.599961
ESQ55787-ESQ55788	0.258368	0.420571	0.614326
ESQ55856-ESQ55857	0.100843	0.19174	0.525935
ESQ55865-ESQ55868	0.311189	1.53219	0.203101
ESQ55903-ESQ55904	0.302575	1.35251	0.223714
ESQ55905-ESQ55906	0.265118	0.676152	0.392098
ESQ55907-ESQ55909	0.203032	0.211532	0.959817
ESQ55908-ESQ55910	0.26639	0.631656	0.421733
ESQ55910-ESQ55911	0.304539	0.654011	0.465649
ESQ55911-ESQ55912	0.308715	0.878676	0.351341
ESQ55912-ESQ55913	0.257868	0.822919	0.313357
ESQ55914-ESQ55915	0.335627	1.46816	0.228605
ESQ55917-ESQ55918	0.0135996	0.0473346	0.287308
ESQ55918-ESQ55919	0.358121	1.13541	0.31541
ESQ55921-ESQ55922	0.335456	0.588873	0.569658
ESQ55924-ESQ55925	0.0325164	0.39282	0.0827768
ESQ55925-ESQ55926	0.0215839	0.413464	0.0522027
ESQ55928-ESQ55929	0.0448963	0.445496	0.100778
ESQ55932-ESQ55933	0.856312	NA	NA
ESQ55950-ESQ55952	0.260011	0.44516	0.584084
ESQ55951-ESQ55953	0.0387928	0.123573	0.313927
ESQ55952-ESQ55954	0.049931	0.11286	0.442416
ESQ55953-ESQ55955	0.137274	0.485865	0.282536
ESQ55955-ESQ55956	0.224349	1.37797	0.16281
ESQ55956-ESQ55959	0.14219	0.399235	0.356157
ESQ55975-ESQ55977	0.10171	0.349548	0.290976
ESQ55982-ESQ55983	0.0887867	0.276966	0.320569
ESQ55983-ESQ55984	0.0731295	0.258165	0.283266
ESQ55984-ESQ55986	0.16406	0.486027	0.337554
ESQ55990-ESQ55992	0.0297874	0.146293	0.203615
ESQ55991-ESQ55993	NA	NA	NA
ESQ55992-ESQ55994	0.17951	0.517103	0.347146
ESQ55994-ESQ55995	0.239784	0.784594	0.305615
ESQ55995-ESQ55997	0.0924001	0.500252	0.184707
ESQ55996-ESQ55998	0.0614339	0.242167	0.253684
ESQ56006-ESQ56007	0.140424	0.890163	0.157751
ESQ56021-ESQ56022	0.147571	0.182006	0.810801
ESQ56021-ESQ56023	0.159558	0.191626	0.832654
ESQ56031-ESQ56032	NA	NA	NA
ESQ56041-ESQ56043	0.246277	1.24408	0.197959
ESQ56044-ESQ56046	0.00330375	0.00277071	1.19239
ESQ56045-ESQ56047	0.0154063	0.0136682	1.12716
ESQ56052-ESQ56054	0.161774	0.34985	0.46241
ESQ56055-ESQ56057	0.118505	0.276117	0.429183
ESQ56056-ESQ56057	0.313791	0.586334	0.535175
ESQ56061-ESQ56063	NA	NA	NA
ESQ56110-ESQ56111	0.202649	0.213092	0.950992
ESQ56111-ESQ56112	0.174669	0.217313	0.803767
ESQ56114-ESQ56116	0.137761	0.209077	0.658902
ESQ56115-ESQ56117	0.0169469	0.126689	0.133767
ESQ56128-ESQ56129	0.140377	0.265797	0.528138
ESQ56129-ESQ56131	0.248439	0.380334	0.653213
ESQ56135-ESQ56136	0.252003	0.347435	0.725324
ESQ56136-ESQ56137	0.0506102	0.0813028	0.62249
ESQ56139-ESQ56140	0.241475	0.335199	0.720393
ESQ56154-ESQ56155	0.0443278	0.0231992	1.91075
ESQ56155-ESQ56156	0.211664	0.325658	0.64996
ESQ56161-ESQ56162	0.109914	0.617501	0.177999
ESQ56174-ESQ56176	0.292761	0.53849	0.54367
ESQ56175-ESQ56177	0.0405098	NA	NA
ESQ56176-ESQ56178	0.00883162	0.0354226	0.249322
ESQ56177-ESQ56179	0.0391822	0.0621978	0.629961
ESQ56201-ESQ56202	0.240744	0.326107	0.738239
ESQ56209-ESQ56210	0.114173	0.123946	0.921153
ESQ56214-ESQ56216	0.113611	0.595605	0.190748
ESQ56227-ESQ56229	0.217175	0.361288	0.601113
ESQ56232-ESQ56233	0.0550688	0.170162	0.323627
ESQ56256-ESQ56257	0.146275	0.259485	0.563712
ESQ56257-ESQ56258	0.093777	0.135491	0.692129
ESQ56264-ESQ56265	0.214883	0.386639	0.555772
ESQ56273-ESQ56274	0.0598673	0.406586	0.147244
ESQ56283-ESQ56286	0.0548703	0.0768145	0.714321
ESQ56284-ESQ56285	0.0317008	0.0422199	0.75085
ESQ56285-ESQ56287	0.192113	0.235933	0.81427
ESQ56300-ESQ56301	0.223941	0.426801	0.524696
ESQ56305-ESQ56306	0.160226	0.416947	0.384283
ESQ56327-ESQ56329	0.176178	0.201419	0.874686
ESQ56369-ESQ56371	0.0146431	0.0165227	0.886242
ESQ56398-ESQ56399	0.0631013	0.199601	0.316138
ESQ56421-ESQ56422	0.257153	0.423482	0.607233
ESQ56458-ESQ56459	0.192687	0.292899	0.657863
ESQ56459-ESQ56460	0.223998	0.441997	0.506785
