R^2	beta
0.261966846935803	-0.00364689630939629
0.00607268879348092	-0.000681058206200149
0.00341245547769348	-0.000399207374791166
0.137657144916351	0.0030571771734463
3.89578114894689	-0.0128115442998808
0.625332161556535	0.005399322607535
0.475727129235404	-0.00617581955510697
0.354724920410645	-0.00501117939706366
0.727504439667881	-0.005422144328432
0.474922689600907	0.0052071341868303
0.0536802246586759	0.0016345721321903
0.562601500097718	0.00551030326787428
0.412947727609537	-0.00551649182824715
0.0557846191727294	0.00182682317064052
0.76121305306697	-0.0076060812514723
1.97905345033365	-0.00861043056638416
5.22649169157274	0.0162005731500178
1.39907809695453	0.00818745414746152
0.0676011990581878	-0.0021356981281749
0.00487595980663498	0.000625731706111334
3.54656000196895	-0.015081264394659
0.575667481685742	0.00558183465413359
3.18598049231768	0.0126453441443413
2.64219887489741	-0.0119159373365015
0.16621103191837	-0.00265024423972406
1.33806839068827	-0.00869675174248554
0.204119884901299	0.00332368339059491
0.0186766502217266	0.00103891526275514
0.858172056625847	0.00539748721554544
0.0117136436624424	0.0008372765753641
0.401126643998376	0.0046122313519445
0.643381188868239	-0.0050205608139318
0.947780677537742	0.00729742590775052
3.31793755548025	-0.013680720964737
0.190037354958846	-0.0032726499816769
2.3354717032669	-0.0117272678359428
0.572750910414642	-0.00595705643322981
0.0438184995780192	0.00139575950237877
0.0104355528001263	0.000659838488265425
1.75413127391197	0.00838531839225921
0.28843472595738	0.00433489987928201
2.40811269862813	0.0111621396275154
0.0598465957561755	-0.00180128371806781
0.0382544026037123	0.00142326022608945
0.138429361801414	0.00224670646206271
1.39794897661208	-0.00834623010856235
2.17070260335233	-0.0109823446258332
1.10068074387645	-0.0064708022677439
0.316368278296996	0.00403729467730672
0.270388190943315	0.00386865147015588
0.0848330632973964	-0.00216309712100157
2.91774727837418	-0.0126717455455278
4.4578278918871	0.0147704763732549
0.268245640463506	-0.00378324662328707
0.777730224085673	0.00572319134798064
3.28599354666739	0.0162262160610986
1.59891941237442	0.00880484382231894
0.00257495772517889	0.00043572381378056
1.59393171803014	0.0116010422143423
0.0869609928900868	0.00248071722380012
0.00260782033410748	0.000319974053567737
0.631941456103326	-0.00564326209279042
1.44934011794809	0.00818173430221492
0.712694287231832	0.00676538588380885
0.0871268724963098	0.00187493994481758
0.0294315204738249	0.00138020060071243
0.391985167774518	-0.00448351584627288
0.0851523111180347	-0.00206012633318617
0.16184944715853	0.00315139919410085
5.76137365437364	0.0186365427559177
0.235860667983955	0.00338732642439589
0.111852634130018	0.0031268800469684
0.0921934834020002	-0.00203031734677038
0.68812291051768	-0.00686672628000833
2.01333756987736	0.0113809956089477
0.832820340925347	0.00766397867857622
0.632055240123375	0.00730748692662662
0.373512318879239	-0.00417932812585036
5.31044483698344	0.0210813094027254
0.0472611850320693	-0.0013986679093748
9.9917782799766	0.0226867106248791
1.26152660611748	-0.009813923019982
0.013955043853322	0.000914737954544265
1.13686052308159	0.00668701171471853
1.18912250732985	0.00630697161925675
1.54082920184225	0.0118143144044802
0.994016941644604	-0.00718784313318464
0.251700142987711	0.00319520637607012
2.48127193399447	-0.0134813607003132
7.38030203859286	0.0204059053128182
0.320868010100467	0.00339710550126558
2.15871597990999	0.00903046384460216
1.23617581439756	0.00874355171780361
1.78124181616335	0.0120050433989654
0.093263482038671	0.00244564153237568
2.02937326909251	0.0106018631592378
1.45711930946673	0.00971273554918438
0.00710294978027195	0.00051851160980213
0.249647268294545	0.00315830663955917
0.0709645766681249	0.00183558369113908
4.24004432640889	0.019103233788588
0.096617762465409	-0.00265138348883835
2.13680207967136	-0.0106184110884581
0.161142194286619	0.00270701457552087
0.246054758068837	-0.00309815254537929
0.0218670155715721	-0.00108185045453729
0.453009985077582	-0.00435648608702075
1.2129576951657	-0.00717772533721142
1.11601229198784	-0.00748984923396899
7.11263736210842	0.0209228612359932
0.473072740059353	-0.00497429087209273
0.118241414619645	0.00248484910541128
0.00593437801192158	-0.000671102328492079
0.940885601623991	-0.00705335415946175
0.146761260536127	-0.00280253187267727
3.25347668786674	0.0116786583020659
0.0117830758693025	0.000712799324941484
0.0027678705183044	0.000382636529767635
2.43834353043865	-0.0115299558754257
0.338791041351585	-0.00511306556962562
1.80690116318363	0.0108241476331889
0.0385719065276945	-0.00154429176156586
0.449151067815655	-0.00556415153947056
1.13142533783531	0.00794036465696534
0.0142156433027749	0.000769085299187097
1.62123054805485	-0.00759401024142533
0.553963060546125	-0.00681124644150232
0.229925206354661	0.00356478294990043
0.362070037017863	0.00494215407457033
0.209694011063863	-0.00396128275273616
0.0710059897964568	-0.00208901105510548
1.04001000049849	-0.00678964449237186
0.19686018860159	0.00320985086419451
0.286504109483892	0.00421831023204312
2.31297494557798	-0.0140022038310366
4.45184764694114	0.015894220295064
0.485950559165356	-0.00497070209595121
0.490353598025935	0.00437320786521789
0.713042667137865	0.00692108451651723
0.2704170643052	0.00367501312752065
1.30057659498385	0.00672101456773807
0.225346612893827	0.00352810734861088
0.0151440889324527	0.000938982507223882
3.51833238404012	0.013060304278569
0.0417633833903182	-0.00143438678656148
0.225248025314223	0.00340850300542659
2.41226157408665	-0.0115711336223111
0.461382776371198	0.00585252417483639
3.97423775359862	0.015425175376268
1.57985203485162	0.00910392327648814
1.52708837413441	0.00974669486517354
0.0583364362696964	-0.00187465710772127
0.838018312068032	0.00597232960777978
0.79443194229299	-0.0058451605164585
0.423398403185517	0.00623146352056416
0.00786609637942586	-0.000535414751860239
3.04657075117192	0.013842635377731
0.0841037572114899	0.00227566867219851
0.000521516246453061	0.000155214021543732
0.716070350318835	0.00613846483421672
7.1405594697386	0.0230119303808011
1.10260709266835	-0.00963559291753631
0.26288083798904	-0.0038731752736831
0.146777906226503	-0.0031773194202488
0.307288559749277	-0.00330947219908579
0.5955923875431	0.00599237668519976
0.0158865471461579	-0.00077701827072526
0.521831551751568	-0.00685704573550776
0.0041737134243172	-0.000435727364841077
0.0152662466692442	-0.000932403677755566
0.571635970368762	0.00564857819648346
0.00417399121683897	0.00041192943124413
0.940140503433706	0.00768414340824424
0.000692974623703528	-0.000160589831341221
0.317521469505514	-0.00434815393123859
0.0131028380678498	-0.00082655359669626
0.639000400704339	0.00503126006800509
0.150714759438317	-0.00294175088004946
0.11602328676848	0.00246526067838663
0.2419632199827	-0.00326849822067772
0.560178028204373	-0.00510501111232076
0.760905887183303	0.00706643547610002
0.127244315958674	-0.00253887972166475
0.263513638990247	0.0036838966180712
0.00628098010461393	0.00062133684998583
2.28019400150873	0.0110779991833892
0.00369401107933842	0.000386519388937536
0.0395500709524775	0.00138589245540123
0.050215445314433	-0.0016841609525224
0.411881037740129	-0.00503122050619419
0.733815378568716	0.00865317186328488
1.00024586796504	-0.00614269233177293
2.14572152720907	0.0113299474563566
0.219908842385392	-0.00304465848772113
0.40545892769857	-0.00387357703087882
0.217495802366656	-0.0027874004385037
0.136619872501312	-0.00300627908516707
5.46230250111477	0.0210824271817179
4.08291088157013	0.0149568650903049
0.198154899730834	0.00401362751339786
0.555529173245918	-0.0060130211935211
0.42475964692155	-0.0046436738003397
0.172858798450762	0.00355819794487407
0.000192369866316157	-0.000104856670180333
2.29389087084245	0.0132469247365283
0.210287205185291	-0.00360639117576096
0.0160492193648653	0.000856883688467348
0.128207481171694	0.0023041138977207
0.00565491743552627	-0.000607798054295071
0.146754982126389	0.00270054999460899
2.56583341904068	0.0102624452470979
0.000739889994485878	-0.000197134311977102
0.518859107719543	0.00521487213225348
0.197970278090257	-0.00345498829430686
0.290416244242616	-0.00430156764174401
0.781202524977903	-0.00660686908243645
1.1455646751268	0.0060122358601373
1.10326914596072	0.00705876993773869
0.872812131707431	0.00638676219805407
5.15337849417894	0.0199867040826305
0.175809058559826	0.00329119305349556
0.189702139047658	-0.00442227001923931
0.103870257918889	-0.00226769871817062
0.0319404145456959	-0.00104663648973648
0.560633371055328	0.00481974921106598
3.498196815814	0.0132799833751775
0.0493276340573677	0.00142141788500889
6.06077695627395	0.0197695392549371
1.23768238725694	-0.00852432529360041
1.70372510214384	0.0105497137816386
0.130372355944871	-0.00208584437839574
1.75634951137318	0.0102855790743251
1.08388537968993	-0.0089726593394707
0.263823551495467	0.0034627821608103
1.35076429659704	0.00845969238282872
1.24473230013919	0.0083428974646494
0.51877971845185	0.00572521032984821
0.278853721754131	0.00431506896047326
0.000879542624125648	0.000294199172997547
0.00199854562990712	0.000387195573027213
2.66064029659128	0.014295102733437
2.65878354320531	-0.0108711716895896
2.0181612164221	-0.0108396068837218
3.23886148781512	0.011760200487814
2.77851737139677	0.0112450632085371
2.77120122690106	0.0117421250894354
0.0645160846427561	-0.00221001957545171
0.0188231388439474	0.000910288283470686
0.140581063955188	-0.0023160632532162
0.0620300688725552	0.00173249473866839
2.99553247778456	-0.0136559400512982
0.273040830382286	0.00445071944285731
0.220094316861611	0.0033427214941364
0.526066198107891	-0.0056645164783518
1.37281739027659	-0.0073800456679474
1.42921466811054	-0.00829088563742789
0.163436564425838	-0.00416682162990088
0.54668550476839	-0.00426714038122531
0.605481944806561	-0.00731534077643981
0.0701990430458106	-0.00186474397479081
3.03585799586203	0.0138174404325215
6.38255662673968e-05	5.57130435401865e-05
2.06450947713651	0.0108490329319832
1.98151639357576	0.00911288418265592
0.0238343436186237	0.0010318752418732
1.28384502345199	0.0082402381944056
0.0445458564956122	-0.0016788000739344
0.158828731235124	-0.00308397210643354
0.191358577126576	0.00283131056662512
0.703058443763856	0.0055049531449415
0.329479918242591	0.00457728020738498
1.03310788681136	0.0074443429178349
3.1293018043691	0.0120557560027351
0.00628888537461769	0.000579965230965532
0.0361972077471919	-0.000981208473263427
0.00165962156787007	-0.00029680412400521
0.944349458394899	-0.00655603438977833
0.000994022601957697	0.000210148955693349
1.20592968897977	0.00747195385643304
0.16464990394964	-0.00422974646762111
0.905248591408095	0.00710182859500587
0.600214758930436	0.00637192351403658
3.12168171997316	0.0129590254135565
3.46869473340939	0.0141908019384574
0.940983930679414	0.00589998193782857
3.68103516848936	0.0160456187039705
0.848194229517401	0.00730612799733345
4.44164044139662	0.0149027687601469
0.0632817801674916	0.0022731027292565
3.22183142087091	-0.0127080374904242
0.864721231072763	-0.00672086172877068
0.378152285574388	0.00470864912016029
5.83499308381207	-0.0170483152503611
0.0893212002948033	-0.00237481940138516
0.0441214016500172	-0.00151877817837783
0.0342150413045033	0.00112086372221928
2.3102976024853	-0.00947213230857081
0.00738882973775624	0.000700173621581807
0.0328459902776629	0.00141064312838267
1.57743008595132	0.00979055566876148
0.031298363761989	0.00135009594475688
0.107555165186098	0.00274001917914964
5.807839232099	0.0146704430630882
0.620928819404434	0.00549416125851972
2.81310915898668	0.0137937287910509
0.845389088506751	0.00714565023043999
0.417868901164308	-0.00480816992551415
0.16763306096128	0.00295188614097707
1.03779687168875	0.00604695862944017
0.0256883656535142	0.00134404110758303
1.24176216601913e-05	2.56752276995431e-05
0.0194826043014823	-0.00108006861125757
0.00602671604378097	0.000534806238359792
0.128350136910443	0.00252555282669041
0.313700152473457	-0.00410592454214798
5.31909390127481	0.022092018102347
0.293483612931267	-0.00422985339302219
0.285604707315424	0.00340612052360515
0.0283378827115609	-0.00116961435722276
1.51275562606398	0.00958633644587809
0.719707337032737	0.0068549589874616
0.00327123400723367	0.000421110482632122
0.902616786022269	-0.00712053303041077
0.218847953289597	0.00354182851053785
0.941426655698787	-0.00851389036734785
0.428437593962289	0.00495208641839317
0.356704841226632	-0.004811260783448
0.0773432535734839	-0.00156955106912119
0.0178218928828026	0.00094964729533571
7.69066486671561	0.0197217787752455
0.814263104419054	0.00704071504590843
0.865987044884424	-0.00640259478122488
1.47177144733299	0.00966612276547676
0.292858829157144	0.00428532722622865
1.46323869521262	-0.00823346636829499
2.08448616415491	0.0118537874277719
0.681784663415126	0.00598084334869233
0.393056065762534	0.00527390368406754
0.867853739507233	0.00619638184961293
8.25133272416351	-0.0234318685322897
0.381064827209841	0.00383838130217054
0.698701613160288	-0.00625767258651795
2.01332540931004	-0.0112679836131449
0.191848659840593	0.00304270207697237
1.30418377396076	-0.0087898022956755
0.572920616729727	0.00508485599428684
0.902478018062912	0.00739228523973967
0.180215061409036	0.00284840536450694
2.15602785482208	0.0139596555132644
0.0419057428751424	-0.00172573576483604
0.855336583001907	0.00737525766250476
0.341526072534442	-0.00416436184498569
3.11882598733714	0.0159992738406469
6.30769080531187	-0.0185610993332096
0.00947472330532434	0.000717324798144645
0.228532716046164	-0.00329735877665294
0.0162191028003972	-0.00104184590081742
0.0202424501276766	-0.00118766621639969
0.793315156190235	0.00561553823346161
3.5402929160738	-0.0142694841037761
0.0186862767543847	0.00103632759628865
0.0452074623356036	0.00186183267859021
0.548070010837438	0.00582747001518529
2.32105280193198	-0.0108053682998257
0.667679064981664	0.00600194188359319
0.66546941732187	0.00635629586581274
1.63001408727127	0.00993914096704855
0.956791135867916	0.00625456863726407
0.0606517040026544	0.00170192304864352
0.956251406161373	0.00763916003091292
0.0880870288546971	-0.00266945864881233
0.161483516242462	0.00318630527779635
0.72676793513079	-0.00820253763360239
0.45055996655441	0.00552234862164353
0.394821776992094	-0.00398611408974854
0.34536663792735	0.00414224924247701
1.61602799595392	-0.00900070989349234
0.411991351568302	-0.00478323901732549
2.16627932705489	-0.0108309700427401
0.545436032230707	-0.00506872345098186
0.0137837158480914	0.000836983945955056
4.29584687833669	0.0153557180473156
0.220223181890863	-0.00335914530281008
0.356523945601361	0.00412070117125999
0.00780280622791508	0.000649029262004228
0.624536855409714	-0.00612155225774837
0.101350691581625	0.0023237267318573
0.0552248536219103	0.00186017123928397
0.442832861356218	0.00511376252481726
0.00500477876596205	0.000736152523791006
0.0850899898290184	0.00217715922611602
2.55820097456612	-0.015021168792981
0.41147424769241	-0.00535126480655746
0.084798329110872	0.00221108641557443
0.580829487284303	0.00579992075423991
0.0887530957641465	-0.00187727047014017
2.28689465956851	0.0132607673390123
0.420614276968789	-0.00520717225686597
0.221919447620521	-0.00352462417088098
1.36428347751947	0.0107839567836825
0.708059873914492	-0.00567670129827445
4.23684993911829	0.0172540302863082
0.445791317369464	0.00499462129587759
0.159830083481215	0.00309454560628741
0.505816947903515	0.00556206460612029
0.895600719368489	0.00577699138904169
0.0144281045916708	0.000810558101444136
0.315297462060031	-0.00485487910704087
2.48623562674843	0.010672823123199
1.2523888576843	0.00846871564168565
0.00154728564736337	0.000279567465476874
0.271423283080577	0.00406029857125889
1.66000879632977	0.00805892355203407
0.057395922402527	-0.00155647806096511
5.92512032097281	0.0164248221121489
0.203828047248198	0.00390999546050218
0.47399570728237	0.00473915196319664
1.57594069178815	0.00926257412527011
1.58479006578397	-0.00982081772599136
0.876052144573184	0.00693421010660892
1.8390650199831	-0.00910308701856038
0.528294968644897	-0.00582357539316748
2.3505086738309	0.0122424188378348
3.05601563600745	0.0162081518288266
0.199169105152095	0.00298852870070952
0.749166510062912	0.00598107546227306
0.0433416060315922	0.0018429355863871
0.00787120225632125	0.000735898199836593
2.35300850715035	-0.0106220348758802
0.693961912874722	-0.00787679437851203
0.256419882976279	-0.00369524772600989
0.856296790219164	-0.00559531734101456
0.0622279972198863	-0.00184319170117975
0.146983313034734	0.00289208377831998
2.04361367028509	0.0124331158953101
5.57359322591184	0.0171684194461663
3.02815929438036	0.0137070719096987
0.0201477733509905	0.00120673153696204
0.361374519031468	-0.00452777846359957
4.08279238090918	0.0131583495863793
0.834634124103133	0.00685219903088038
2.17367542241246	0.0112839041203863
2.9010339151149	-0.0112699047115628
1.24324889706784	0.00689351425986117
0.0232902632450681	-0.001033969923942
0.907844979686617	0.00667482360963715
0.00537482106298584	-0.000525020484788329
0.709590355787154	0.00523672751795624
0.140463472078607	0.00242445691600721
0.183204362430931	-0.00330200119181656
0.000460498507941539	-0.000141014756206137
2.52921835585848	-0.0121651020262937
0.0760346294398212	0.00213025360554247
0.372487120219078	0.00420853703957672
0.0189879623560526	0.000922095810717516
0.0896553864820013	-0.00190053803413754
0.0117195166869609	0.000830275875510148
0.840133747811926	0.00537632467333404
1.30335040964354	0.00739768894585899
2.5279573492396	0.0116969266427525
13.7956883598771	0.0279089537474704
0.604085552225469	0.0055262300685437
0.151725445855133	-0.00255619564030484
0.91840124806319	-0.00631962788477569
2.73299056479255	0.0117193210021799
1.22567631999549	-0.00995541710343552
1.4397191593894	-0.00900700714027612
0.379487330554631	-0.00457931457020015
0.0268361742129989	-0.00109162221287338
1.69817826639382	-0.00844986892345138
1.69651993872501	0.00833567855060299
0.859544651831899	0.00832799955916266
0.465045274255734	0.00449486841388949
1.2549974227749e-06	7.85080375747154e-06
0.141227130208081	0.00244983162365931
0.00640711146373914	-0.000610404836282923
0.419360323136335	0.00348374307843336
3.05141569731774	0.0142539812416084
1.6404355056646	0.00988754196426799
0.534538844273639	0.00521173497178514
3.62127281633315	0.0119062058573698
0.380087791316462	0.00433193647168028
1.19658396987465	0.00764301321125296
0.170142921004407	0.00240895922775625
0.23257845921495	-0.00319379127400099
0.0738986872773804	0.00209744607005602
0.016386560949381	0.001047757318028
1.03170899864897	0.00747058761827362
0.207659574827368	0.00364715011009879
0.0142027216475944	0.00116756325531258
1.8118180602817	-0.0103138371018777
0.0404072481360515	0.00122477170060398
5.35453613530205	0.0200643692878078
3.58065679075348	0.0139900669902333
7.08838716506491	0.023797776870129
2.09273165490539	-0.00905153007955979
0.00490170002357837	-0.000493513644013684
0.0424201659181899	0.00140732527823761
1.4135949369584	-0.00820659347768206
0.0290662939502876	0.00138802281001134
5.28437914907289	-0.0173432380188172
0.0667040854115624	-0.00192344420759335
0.164487633009894	-0.00222094426626919
0.00455638627143506	-0.000531335404384736
0.0523567781975481	0.00157564888343177
0.00985950660002172	0.000695367056637491
0.162641841806743	0.00292946004193576
0.948353596207887	0.00827039304881653
0.563990808324908	-0.00582091292756924
0.889771462417213	0.00595957549576081
2.31640114911418	0.0108708110203566
0.138503523217173	0.00278904013788572
0.00204649555381545	0.000346835024631341
2.87691935178281	-0.0110548929852789
0.930239284508229	-0.00724658238849814
1.88615942647082	0.0116443721109362
0.308762425439561	0.0042416596726293
0.0418694488032254	0.00120606114428662
0.325135237389982	0.0047177749639543
1.17686670264736	-0.00780150479520227
0.216554180096446	-0.00343392022978798
1.50933261172699	0.00819950291778861
0.0147383084067039	-0.000765083321171305
1.52929253171525	0.0101919899978576
0.163874233414957	-0.00325511572308182
0.0374313086431608	0.00157231707697406
1.79521463206337	0.0090879756395807
0.365264796119123	-0.00414252364491957
0.0994569797293193	-0.00209346732202438
0.00588233660756511	-0.000599977863399068
0.00505442521207582	-0.000525754590656867
0.316431604566814	-0.00501680081308504
0.195473965634641	0.00348097135420558
4.73674967163446	-0.0178386173161456
0.211106304095158	-0.00297417230189269
0.158454135903878	0.00368509016521405
0.0224982626441005	0.000962649851949118
1.32786003092248	0.0110783051405721
0.912670870460546	0.00820552097339508
0.00632227101807336	-0.000519026076455291
0.0141201011300529	-0.000738796470429549
0.839542001227716	0.0066958511620956
1.84872145094632	0.00876262035093903
2.04574481370978e-05	-2.8543594304819e-05
0.0113840902302875	-0.000670160234783678
0.648662524151668	0.00523253439420767
0.0794594707135419	-0.00207676540215848
0.447394488346218	-0.00449798156224306
1.47909464635062	-0.0101621204687795
0.0168079582753285	-0.000932035161384407
0.748482066036614	0.0066114366144397
0.0301046828287596	0.00120167782068606
3.20133216713848	-0.0103483618027609
0.248455869747331	0.00350995663066932
0.173297948316705	-0.00303042815153596
0.058860535103594	0.0023866204876181
0.393102579216821	0.00443126470822228
0.653051826252554	0.00693290068503535
1.12374494805847	0.00778729104867719
2.35655658355663	-0.0102597654224572
2.34057610527733	-0.0139849592966599
1.00703474286169	0.00813610875762525
0.645615996742598	0.00668871520777404
0.0337915030942667	0.00179636876123056
0.76952809603232	0.00666072771750482
9.40007782148661	0.0281073759475272
0.721782796708186	0.00563360467321273
0.233237755083899	-0.00314087703059664
0.847456653904843	0.00873556451677287
0.63008792013374	0.0074237004537258
0.670934972862544	-0.00695969128097432
0.513763932988447	-0.00443095740290499
0.430518855212147	0.00538156759290307
2.05997668124749	0.0100446461838548
0.164873946841317	-0.00267339186421345
1.33198984682479	-0.00835781495067494
1.54054205144073	0.00753587681062786
0.0793381531852658	0.00214644237202703
0.0130277483471212	-0.000799659914717839
0.812365220658383	0.00600425200998563
0.0992087149872125	-0.0024645932013155
0.0593677854459353	-0.00179130445811734
3.26725418826116	-0.0133276011291384
0.456026314036356	-0.00466067813921943
0.020743324560773	0.00102536069477536
2.86688753972939	0.0147574722707769
7.65020733613693	0.0197842297309593
1.06701959920481	0.0089739745076592
0.00969630512097292	0.000744983889065445
4.12906330316964	0.015128225256954
0.0150699026662946	0.000925880961737582
0.0525463028277047	-0.00168425399092331
0.751118527533356	-0.00726494082446101
0.732894028288435	-0.00628374338970445
0.0153020209837605	-0.000887460967258551
0.217842359319227	-0.00381557177763583
1.72398707495043	-0.0098999093163125
0.547419143803216	0.00512996561972942
1.98980329487501	-0.0088004675609262
0.136398495159464	-0.00278384818948187
0.481953682578295	-0.00431738488742467
0.443336780649295	0.00714864211633215
0.0202301296431486	0.00121681979918108
0.334421384776694	0.00386049364002542
0.00651500062130266	-0.00057784681814384
0.121346053003126	-0.00231232585799418
0.430158701051126	-0.00458270653320089
0.696964226187127	0.00601197968982427
0.529956490913545	0.00629883450289159
0.0405304104309331	0.00179668030993503
0.316897548912504	0.00386937393012894
2.14715829375852	0.00913586954759898
2.25261057307585	0.0128277873912282
1.6519769583946	0.00794779443212334
1.43994549302046	-0.00902246833303447
0.0131243432219582	0.000683622345362708
3.51327419461054	0.014647231713721
0.046378936192388	-0.0020968537857829
2.86341387720283	0.0123778874587489
0.354646834080988	-0.00442182311814731
0.0148238844312684	-0.000835081148730541
0.133075850546751	0.00238727782845027
10.4289701812699	0.0244743046067089
1.71426688651574	0.0111416609202902
10.9301932199069	-0.0274176645142516
0.00340883073036472	-0.000373385393081279
0.0166698196244072	-0.000939884426032362
0.048320298269851	-0.00193307087861672
0.619919525438829	-0.005890972969519
2.83381606940435	-0.0102245893990397
1.11985032687577	0.00694781072473781
0.8481933926004	0.00601812765958098
0.058581913389169	-0.00217536960161434
0.282096077693322	0.00400700347834533
0.159153904301081	0.0031104443743602
0.000368341176745704	-0.000126373794051161
0.0609879459959221	0.00171415031547576
0.605907313394164	-0.00554945206970068
0.992823371027897	0.00656539819167898
5.79908430022625	0.0210791681903462
1.81869550959659	-0.0104782129997154
0.262062563448794	0.00476933106433148
0.0225807758872595	-0.0014166358368404
0.0364484861605979	0.00131084145327388
0.00565658114761592	-0.000442961824137586
0.565910808355272	0.00404036709689228
1.77717813103173	-0.00987625046520275
5.11943008445507	0.0132885213055544
0.473614877896877	-0.00492710955375278
1.10193007370987	-0.00716292384228921
0.100748402570069	-0.00217135940150278
8.92867879492041	-0.0198200618898189
2.2445378160117	0.0119340801464336
1.28405225862978	-0.0116180809818218
2.54182923975126	0.00915413077754098
0.118325829635931	-0.00249841378427373
0.155986029465537	-0.00232922918205499
0.399421431518004	0.00602423296666222
5.3910148431598	0.0163757052994972
0.000507129513068005	-0.000141039243862324
1.36701746697437	-0.0112989079598101
2.549324105832	-0.0117030570084444
0.00779662801453129	-0.000531411829430434
1.76260262716476	0.00962629617820531
1.48644173540658	0.00749937084801741
0.333971686733419	0.00520978587927335
0.0266449203107188	-0.00119853868291133
1.99338761632524	-0.0109412549722736
1.77868035156209	0.00975414818820435
0.0918812824244498	-0.00259738860806875
3.252509481957	0.014138881887107
2.07078800744759	-0.010915281905509
0.646389805499697	0.00654337689552782
1.21256340463634	0.00838646351844616
0.295732790482926	-0.00439059381273413
0.373643139165788	-0.00451545081391448
0.109833144778948	0.00235054415268138
0.64523407711102	0.00578050111339598
1.32400358226465	0.00641681654133265
0.0518197471342133	-0.00208688245565587
0.209279598713372	-0.00337378144782452
0.428968522335243	0.00411420964000667
0.118150928634413	0.00239015002248844
1.45773291272277	0.00982850301847934
1.66870234294028	-0.00976896688010153
0.254602063925558	-0.00455073975829774
0.0070150729229711	-0.000581620301554002
1.72847179587723	-0.0100372893158844
0.0192866049903648	0.000874801485510586
0.369072588474939	0.00454996165241591
0.996560210132819	-0.00679516746072659
2.77892094352368	0.0104052208449851
0.873749018690668	-0.00808728459545419
0.487301102067511	0.00536158145760002
0.568588586928784	0.00564068728710899
0.317303108376427	0.00368163833590703
0.987712523901028	-0.00730309518173045
2.71635834500994	0.0123473228584454
1.49260984618223	0.00807615662941274
1.1517225989298	-0.00919068479632637
1.28978723544284	0.00789119108779495
0.160814905922086	-0.00335854922411549
0.306399171223398	-0.00478784069351073
0.913508283642877	0.00691720769441231
0.154803479889909	-0.00277655795779109
0.946496380782494	0.00665541017198017
0.00144153593443913	0.000240123952255901
0.0989303388956824	-0.002032150855172
0.23057603642385	-0.00350732508724151
0.192647617655712	-0.00360874347876777
0.619613125592281	-0.00543503448493276
2.67945941401253	-0.00930175317105015
0.0590083233718897	0.00176860239027059
0.107463291284951	0.00208992488964244
1.68509436898916	0.0104280258745071
0.97121747573567	0.00679818450813453
0.117237418226439	-0.00256009645037015
0.139877158210372	0.00276296535547631
7.84733484686998	0.0235028940107124
2.94475697415391	-0.0145120644767783
6.70163308685185	0.019013391758464
0.881149885998401	-0.00626801411230437
0.134109314290062	0.00307573083752712
0.00159636125405565	-0.000300694390288384
3.72155700859329	-0.0134105451025623
0.409237664864518	0.00456698466411593
0.382671756453604	-0.00454208081928577
0.00576377823133519	0.000494927145404795
0.258618433491247	-0.00322430175957586
0.058550787476933	-0.00176520678856955
0.004194853648497	0.000530891664904746
0.103933911662047	0.00258557163004403
0.159290368972624	0.00294361610491914
5.58741785456714	0.0156345091200444
0.839176579337649	0.00678818710183096
2.88195269060189	0.0106470120063273
0.0825593938209867	0.00213451793396866
0.0501788746688263	0.00197545202074584
0.0586307002135532	0.00165699913089613
0.871941354841263	0.00518240068563264
2.29731746129333	-0.00997777962734154
0.554558300502986	-0.00576149667148557
0.0599518534980875	0.00170185194990454
0.447160010576904	-0.00448602819627598
1.15480660301304	-0.00787946532885821
6.0485944436064	0.020051479365414
0.0886909293221613	-0.00182358684351149
0.0399547171283095	-0.00151830882359021
0.369087198085677	0.00411558164298262
0.560305244336285	0.0047539466392102
0.683806906566938	0.00775052835395687
0.300610318443271	0.00468731642823395
3.41967489877017	0.0188208806589496
0.0981411962276384	0.0023620953279702
2.30786508359953	0.01306565250206
0.267657134657656	-0.00374755826660778
0.109277629066583	0.00249605163563232
0.00765023187889384	0.00083114720598744
0.362961406096124	-0.00410510361628947
0.294536698400709	0.00275873008346598
0.129587059140464	0.00265695261768359
0.00518200707115157	0.000468450109485281
0.998483603381162	0.00756192326115207
1.50473686671924	-0.00896016148498587
6.00177932378183	-0.0190568621670425
3.96673235360116	0.0175593029606931
1.2634678400236	-0.0097087356594457
0.0297622369770223	-0.0013589762768907
0.0186876476327959	-0.000940467142413746
0.0234132292797843	0.00104703372500866
0.821905480829747	0.00671343841274507
0.114979215035618	0.00262134529560883
0.951198043777757	-0.00615639356861036
0.0234307932600501	-0.00125148695895235
0.491155313897646	-0.00505277975835695
0.0483746173534714	0.00158289493173112
0.0155330794334409	-0.000908353800929922
4.90102065991796	0.0165614390407345
2.67943721604544	0.0111758766767274
0.279952955913126	-0.0040703207272933
0.534061468081708	-0.00501215720663446
0.443884791628957	-0.0058858646820705
0.160338299801215	-0.00264964473364086
0.874058273892631	0.00596708240858587
0.922388109853846	-0.00701159457818985
1.61486919627494	0.00875926230799723
1.41583200158159	0.00685158498131798
0.0010060929066699	0.000254871447673528
0.616181371308886	0.00483600791780336
0.518877414418348	-0.00534275376215534
1.22232588247019	0.00629220649972854
0.340396817310872	0.00497137196640954
0.0166581086183778	-0.00111519846140768
1.52535529136729	0.0103299279651911
0.978021377392575	0.00782381695970047
0.561750624320739	0.0049776944928155
3.56304584452228	-0.0144213562977816
1.98564102371265	0.0111438594146975
0.122807061994445	0.00234352801923126
0.09711325429969	-0.00213227817899998
1.1024099002813	0.00794042803391284
0.0848461488839553	0.00232482691279183
2.29607058463232	0.0118989651639306
2.72386633328899	0.0124843067315936
0.003899296968599	-0.000404760878880978
0.500595820411564	-0.00481985616665702
1.2142541262864	0.00776114394748708
2.11116039366539	-0.0088996212313434
0.134923243992964	-0.00266112256076844
4.37440174929087	0.015857438064994
0.337608147299087	-0.00407084901589814
0.0601009611060766	0.00162546268035294
1.43118359628922	0.00828120983922826
1.47616095254401	0.00950837474029601
0.0015269636885385	-0.000303527800436693
0.35290248392357	0.0045286740294325
0.393087737537815	0.00469906415693295
1.99233523762557	0.00916150254590829
0.137306537609756	-0.00355444171894588
0.46393328862607	0.00530869677090342
0.423645552170028	-0.00512533789598286
0.426794629735942	-0.00619150948954834
1.49036161102247	0.00778724159236689
0.00598203941187953	0.000547705726603302
0.94232135118933	0.0068388837414839
3.29898157187055	-0.0158555326258167
1.58965073570945	-0.0103364366134914
1.23303418264245	-0.00690988436713614
0.299382639658429	-0.00376965914534561
0.212325219534644	-0.00308076539832371
2.6781018586546	0.0119644816405307
0.832368279060285	-0.0089868082521402
1.21214350909237	0.00791980839942188
2.0853264881042	-0.0090802471067918
0.211853566565989	-0.0036400943633935
0.482919233826538	0.0053370131836767
1.538235720557	0.0103817683318772
0.510558351344193	-0.00506506084250881
1.30113639789595	-0.00824113627734455
0.48337028154482	-0.00497900733921593
3.05224702312065	-0.0110635715288234
2.92646358676755	0.0120962372845564
0.978489941917579	0.00601797328916181
3.13368327489876	0.0123944764513394
0.0167996372600207	-0.00102149015819679
0.713613054408268	-0.00694453735941986
0.751171167947015	-0.00598106943252302
1.86017100957968	0.0115100023294726
0.0706027476446432	-0.00172513631526621
1.04095367554254	-0.00876740738183518
0.260340667257881	-0.00357312930367342
0.00347718397904839	-0.000430602954069987
1.92598400137993	-0.0102045438513317
0.576505274213351	-0.00517514708962609
0.0664872763364328	-0.00186725325517865
3.65153221799133	0.0138864655443226
2.09431159663219	0.0084827071066063
0.56867475068652	-0.00582390571887369
1.88461247012254	0.0106701342886444
5.14034792986366	0.0183118872471373
0.342164393630052	-0.00376756905606366
4.66634497436996	0.0178776086144704
0.0206911997245702	0.00105841177165373
0.534353695157179	-0.00470311786005498
0.719023045323115	0.00560711627130495
0.00979315410839177	-0.000836438287582896
0.441928970948031	0.0056831061748907
1.97782000106869	-0.0106604870846319
1.16489231524295	-0.00690474054697244
1.36479654631437	0.00837916184615024
0.190817397894357	0.00388046289214883
0.988299347837369	-0.00720840418632539
0.316343840850373	0.004101489090717
0.124850583428712	0.0026507732245192
0.274118680301922	0.00362308135817211
0.579659564835782	0.00584223518041984
14.9806971215999	0.0352410512500555
0.0101441354621323	0.000709094728716361
0.253959161699754	-0.00292263500956779
0.295784108354562	0.00410428996806501
0.450892116240369	0.00388012597628266
0.00596681505715692	0.000658310878810698
0.604613170663607	0.00480150699949937
2.62661212233397	-0.0100093113272472
0.320931683303913	0.00349904223601496
0.87780529211003	0.00646398156234283
1.21956291849228	-0.00661800377642216
0.0243968673416426	-0.00138428757732025
0.0479779027738746	0.00151220558204287
2.2242818014924	0.0103439311702398
1.08232037456048	-0.00632637937383819
0.799955566892488	0.00845171843268802
1.84871305627355	0.0121116405711337
2.99719168224371	0.0163504385184566
6.58182217242847	0.0178904085191271
1.51893333330415	-0.00788522161108098
0.746014475631405	0.00599938370941968
0.317086831378679	0.00339943093868355
0.0134135236872562	0.000977682617679253
0.781673431880377	0.0070236683044738
0.10105645047853	-0.00220000336100864
1.44013634689165	0.00741108779130782
0.0454208735755363	0.00150551716986469
3.15525096535428	0.0136250534730458
0.665391607112416	0.00705895397514006
3.42793376863609	0.010958007276476
0.271585723632356	-0.00360356540011522
0.191741251641928	-0.00325402515850338
1.43162136754097	0.0110176478037985
0.376583580660542	0.00396979167263984
1.02610267463625	-0.00694455523957764
0.033435159618558	-0.00158130874208803
0.219715392551317	0.00440449386655674
1.53642089113879	-0.00888932793239868
0.258671688273523	-0.00391895848547172
1.32737181713229	-0.00963765062265969
0.224059673195335	0.00325632579347877
3.73634036835331	0.0118728152749932
1.5185466946508	0.00814013587411577
0.245891817861574	-0.00332754773622789
0.649084102416802	0.00594053084930834
0.955739949289466	-0.00711474122882006
0.123661245627654	-0.00253402947479215
0.336393175037086	0.00475692166026906
1.58495741699647	0.0102937497894445
1.4015282661419	0.00928099572356839
0.0331027378439034	-0.00144015545245998
0.28711043210178	0.00330493398289824
2.47393976524339	-0.0102173769400074
1.25663992278221	-0.00947078075183365
1.57253549368996	0.00852982793426928
0.074998188832518	0.0022429243536697
4.09840567394262	0.0133919014458003
0.657405358245719	0.00639344395541718
0.462204829647516	0.00459033806861143
1.06837488691657	0.0097127320616441
3.77501394422543	-0.0148645826405722
2.25398783801747	0.013286100130279
1.12647123137254	0.00755584198324601
0.394152439345081	0.0041307900651008
2.88004310912772	-0.0128122144944076
0.471335651934306	0.00677637733629303
2.06199314073868	0.0107755330784927
0.948107682016748	0.00831295065375019
0.301360476294233	-0.0042095634400148
0.388956399461986	0.00451787324291677
0.371646521936825	0.00414531955098029
0.0761924532756661	-0.00196296408529106
1.48008627579827	0.00741269238998593
0.359212179184599	-0.00507673647232262
0.102137067272251	-0.00211135319520781
0.703747331849634	0.00553664737232847
3.15262899324996	-0.0116013718633716
0.0818756037909691	0.00168276994561565
1.51512039895604	0.00896181937853717
0.0112903881743596	0.000745992015438437
0.399630342614804	-0.00459907886515345
0.778091628320346	0.00628505274239391
0.465040440907745	0.00513842515005472
0.524084179133553	-0.00501811108579638
3.22575161028878	0.0157573018373513
1.57731326147076	0.00814353841273375
0.0342687074254701	-0.00139970775362301
0.696893434826264	0.00669258447326122
0.129530877867312	-0.00216154430870013
3.8964461100549	0.0132561327063473
1.57582938398008	-0.0115364496248672
1.83963663678816	-0.00862600847254179
1.76315130079494	0.0110365508519404
0.760390994256648	-0.00633869016974947
0.560450332621669	0.00569769107235454
0.0061977388542153	-0.000565906857197672
0.0112791533625016	-0.000614105049256934
2.03476512100522	-0.0103059166375641
0.849113014098917	-0.00787858200018622
6.59891263039753	0.0163464265876416
0.340814761152137	0.00449980558783689
0.185295175498189	-0.00304744799780882
2.20824047099915	-0.010832543790228
0.995435601967746	0.00710253054688147
0.896925618825708	0.0075026954153525
0.342572332885238	0.003555709730708
0.0898716755431497	0.00241116751953358
0.235798780066699	0.0036495476473537
0.651026943121407	-0.00731659072355683
0.00121462387619062	-0.000278820136447641
6.70107181120004	0.0159230450897336
0.699059580387295	-0.00607392336306348
1.11372383217662	0.00665930740207867
2.1699412260727	-0.0116172592697293
0.0399630048339518	0.00146649305337521
2.83383692921643	0.0109624136047338
0.00611418366987365	-0.000557685295855083
0.00084987905288515	0.000201596972589805
1.29731579438836	0.0074787553625431
1.08763054656539	0.0077061367356063
2.49443881469733	0.011430514585115
0.0104822801429443	-0.000730720786476273
0.00854297684198055	-0.00064197644205
3.31430994546209	0.0156114182981095
