R^2	beta
0.127214595304292	-0.00116390295374982
0.928051454285518	-0.00349421319965777
0.111875403471721	-0.00111638884988592
1.6249876375233	-0.00442813021740189
0.744939969572717	-0.00294150012958617
0.611138559969791	-0.00258604353314643
0.0132938601925154	-0.000431357003239396
5.25844267694312	-0.00839736849727808
0.819760283641155	-0.0032344640859678
2.19249157703433	-0.00574809321264972
1.37594677570813	-0.00436993561577304
1.26170749769407	-0.00389444052602137
0.0349164542920328	-0.000736497708627631
3.31439588421117	-0.00715105680322205
1.36824324518637	0.00468504729196661
1.55495644931065	-0.00495974038241158
1.48168740015476	-0.00472934351052408
0.629956461742575	-0.00318602059605206
0.000180401178455538	4.98625914221918e-05
1.2457284514164	-0.00400993616256961
5.62929406729882	-0.00896051597710017
5.50845864869222	-0.0097561032677279
3.40325874479262	-0.00800634046175652
0.0200156482819864	-0.00053249937598138
2.82245808366041	-0.00583447186818579
0.331822727970163	-0.00208161478466289
0.037597499292034	-0.000711027879726413
2.62125392548232	0.00563587141564419
0.252586907711672	-0.00179055961353559
3.73508220572761	0.00780087476394295
0.207355276150555	0.00157794787857768
5.8304011247185	-0.00874386780601562
2.21839062051135	-0.00585855107420963
1.87546779485983	-0.0048668494339991
0.423739858627977	-0.00216362781802095
0.0559045865069989	-0.00102071534203714
0.418749936808056	-0.00218624293991664
0.254074932171905	0.00149324307756314
0.250512288082139	-0.00178062876277213
0.0341567426159044	-0.000593074416912986
0.812965225230146	-0.00308909292405633
1.46740798107592	-0.00435762308963883
3.91821308373681	-0.0077556453296892
3.25624548794453	-0.0064630952336431
1.06856646382304	-0.00417853764522324
0.929691527664925	0.00412420304161196
0.753266629783698	-0.00286533153891916
1.49880733976841	-0.00455120790639075
7.32381192352295	-0.0106307024835924
3.75995506829337	-0.00622855893173699
4.60686959972177	-0.00777223402262853
1.59243838902688	-0.00473694578551435
4.19554465186053	-0.00676702362935447
2.14890786610522	-0.00600262728827073
5.06131015999008e-05	2.42056734266937e-05
0.619401859975976	-0.00324161413199281
0.540193732988755	-0.00253025113541786
0.874104796324754	-0.00368506390110084
0.00234330904812759	-0.000160750053313628
7.18381113669937	-0.0101158628196367
4.51049986787194	-0.00727430940237987
0.222402689223232	-0.00197374352566145
2.0474569429901	-0.00578740225993878
0.388772836265887	-0.00230938360204373
3.45944632876042	-0.00622170544630978
1.43228669935232	-0.00370562458952281
0.0563839455907092	-0.00074773744643258
0.965916098574864	0.00356390398130718
0.387804473131281	-0.00227098706996757
5.36687016753542	-0.00860440969249783
2.01535709204118	-0.00511023261924633
0.0964256881217875	-0.00105020488132003
0.244166058605688	-0.00164025124610648
3.26954088995933	-0.00581879108646374
5.4586466186039	-0.00681207098959923
0.431486512876346	0.0029002981590694
1.85295944468136	-0.00436043959570426
11.558352840531	-0.0105848454345134
0.599140459791966	-0.00263138987605864
0.133555494632578	0.00123447113553747
1.8015395017197	-0.00523672124933624
7.63188655471787	-0.0111370207411385
0.344262319316341	-0.00259208256398646
5.1645996035566	-0.00733797412337036
0.127453158683061	-0.00131366718828748
1.48008338309777	-0.0043776537544401
1.22297434482727	-0.00379356072156695
2.98118426400625	-0.00657028986585521
0.017643027408242	0.000466250807148977
3.20912476305246	-0.00687214487366937
4.37773020338094	-0.00719623042577644
4.11060432166642	-0.0077724859174541
3.01051599410714	-0.00657993016903129
8.32447919711273	-0.00995596194564358
2.4228188052609	-0.00608775343099497
2.55733974808737	-0.00523159525279647
0.286641735142287	-0.00209193125172402
2.79498232635689	-0.00696768360865784
1.43628204591326	-0.00460248422984333
0.0380059683926404	0.000652078543202609
0.82352895837333	-0.00384798907382701
1.23368576727196	-0.00406113798916143
0.0504197506223829	-0.000864537022547186
6.40647969580271	-0.00802768466469148
0.00421140218836975	0.000245117168255127
0.0179838712388093	-0.000501909902640121
0.139101354066308	0.00128023404313267
0.148575487299862	-0.0014914877765139
2.22188091086427	-0.00575157370775891
0.0298868097215714	0.000474863242239499
5.49609368039127	-0.00842046332137495
0.560443165411994	0.00215964771509637
0.379866706344746	-0.00240492995664842
1.22960225198152	-0.00394411423788805
3.48497254166096	-0.00652760554307647
0.121832172129294	-0.00150858659698017
2.19253148580964	-0.0057083202458181
1.31038482360443	-0.00423939623718709
1.66651388212152	-0.00509178493148719
4.61216974099239	-0.00888439501452393
1.14388260619417	-0.0036044747889297
6.02030030724932	-0.00894188753954629
3.09709780146426	-0.0062778649354533
0.302178915633304	-0.00233991257818339
0.000497350172363892	-7.59494651860612e-05
0.52061042741402	-0.00229943298522754
10.2036389146276	-0.0131911365666543
1.90275522029257	0.00488639286324755
0.441438908085785	-0.00196159857793062
0.00431900767283942	-0.000253392263112364
2.5273073002442	-0.00540547991856965
1.81025646506686	-0.00536551522405865
11.0459274539034	-0.0120993555088362
0.186190525621324	0.00151843549549688
3.31298486680667	-0.00690324778522295
3.31210104624351	-0.00617024941843452
0.294599505367484	-0.0023710939141849
4.9792964471673	-0.00875307353617487
2.49294247924392	-0.00544808264643084
0.833602881964328	-0.0038104244750096
2.62633341943596	-0.00560325723871283
0.144602652002381	-0.00136012575216815
0.164027028215465	-0.00156606544317409
2.41295480263233	-0.00555573290708769
0.134282310293189	-0.00156343636078684
0.0128657680571229	-0.000435176049228993
0.347302893584442	-0.00236949732111034
0.377558801362174	-0.00235110464907077
0.286738968604005	-0.00213991778674695
1.13065327992846	-0.00351456824892794
0.0243349365980551	-0.000490419223735869
5.19095382759582	-0.00880452039775328
3.40179197659465	-0.00635214922061921
5.92434853299574	-0.00924304685121616
1.9377861337044	-0.00548915266188125
3.1662866053548	-0.00602795350358471
0.0606198993331344	0.000776078941287405
1.85762902152397	-0.00555043151236558
2.9700997217727	-0.00648012600585582
0.272951214869415	-0.00178084990825119
2.77725397146871	-0.00580800218354191
2.46817373827801	-0.00477128653463601
1.16202075946312	-0.00419222258130305
13.1350330891818	-0.0142862210911879
0.083442708770709	-0.000895956545754429
0.723501362529624	-0.0030756681848192
2.41714546810327	-0.00628530935110925
0.105543138965489	-0.00118874736855321
0.493885840405722	-0.00217084836201572
1.46283235794257	-0.00455489650836137
0.710375883695095	-0.00319494206366061
0.461434950181759	-0.00219567235100844
1.10263840657967	-0.00381178152170684
1.40492408678837	-0.00424685680386765
6.86092563595518	-0.00976770899039713
1.0997810627779	-0.00407210188262389
0.304689489641066	-0.00219454047212163
2.17962718818074	-0.00528796338892997
1.31327291570388	0.0040194639474253
0.134064944645315	-0.00127592032136598
0.796392559797422	0.00367542533905171
1.28191147786764	-0.00344538814321919
6.57941320479507	-0.00948532779093933
4.61944067680292	-0.0078682776516142
6.83929634665503	-0.00931914424782787
2.97476255126471	-0.00639080630029156
0.0565799250934166	-0.000780691298498633
1.81252234483254	-0.00532696941538757
0.769210116520211	-0.00338912756063829
2.79548324619686	-0.00719450293649698
0.464433493819631	-0.00292304761878831
0.539049771227722	0.00296080287613343
0.289802737031552	-0.00175639313275014
1.25041815109327	-0.00395067324130413
0.05619745337325	0.000996231582663939
0.0283974540313255	-0.000619264440542539
2.50932366660332	-0.00660557776079099
4.71259207985725	-0.00870866803100333
1.23453241093123	-0.00462649373623353
1.56306148618924	-0.00446012434731376
6.36442078241753	-0.00883837960678888
0.640879157044262	-0.00360783435723703
0.174976078294518	-0.00178567323980172
1.04920293672842	-0.00380143122390355
1.49547469311469	0.00473347685016497
4.81645770627784	-0.00734451693946615
0.354260017058505	-0.00175222692148705
1.86599886671939	-0.00534197599410216
3.93434742830255	-0.00684377324925687
0.972621888312741	-0.00371317561213194
4.77587949543557	-0.00816835568323078
0.909224466943308	-0.00377338002782362
8.7075206053555	-0.00999074935757613
4.08830814430291	-0.00759591511316312
0.00261731804566078	0.000181511743616055
1.15154465775635	-0.00397689946206549
0.346131118937614	-0.00252756215544092
10.0354864683175	-0.0117367039231836
4.64096296485329	-0.00716662053533113
0.491902489878204	0.00309428563764988
1.219276897821	-0.00326271692190156
2.36066347232558	-0.00488900360117229
6.53854343138977	-0.00903921915995747
4.09249307425334	-0.00840610464160429
0.0819753498626827	0.000988448435042053
0.20304614035636	-0.00128957325554273
0.214904077531961	-0.00174356789116282
1.02523725944435	-0.0041029403609421
5.65241730578414	-0.00801149670026371
0.148738181743256	-0.00148903463617043
1.16942928917717	-0.0040403561591572
1.44064488858577	-0.00400306750236469
6.01395511098712	-0.00968683123765515
0.00371198885069681	-0.000234277896903374
0.0400382645696451	0.000835244242378716
1.3252783582681	-0.00360418836525456
3.14065525160463	-0.00747878099848127
1.58007001339382	-0.00463164250009959
0.141545600677663	-0.00155137287216712
10.0910638525517	-0.0108759450311603
9.49709049572885	-0.0105995316319059
0.605117315421474	-0.00256458255350037
1.83571876605539	-0.00557088458565047
10.7820845868287	-0.0131837910420945
0.0559652817846118	-0.000953058715386187
0.49332546009697	-0.00289466831565778
4.06317349311745	-0.00785009069127263
1.24304012185778	-0.00367641201989962
4.92687925625759	-0.00777971039391828
7.06499991606587	-0.0091764321920845
0.000971332345894678	0.000113664565815438
0.459063358548461	-0.002332701572249
1.74116586090079	-0.00464761717126193
0.830193999671758	0.00314743805612799
0.248309444608205	-0.00200951225732663
0.254190239507806	-0.00197233810191129
0.0778505266763045	-0.00108266091230263
0.568711445738768	-0.00286322620327758
0.711241857422155	-0.00271461447789438
0.223197848589744	0.00195151069792341
4.63231931413565	-0.00751634457594669
1.12650779153732	-0.00345810565513402
1.60028869701746	-0.00487731770411357
5.74909813760103	-0.00923682913776197
3.11474624346049	-0.00679038902013378
6.08972355395617	-0.0090948496206797
1.50198477087627	-0.00412548730579459
1.20431505847997	-0.00423310684728135
3.45973509646337	-0.00697921380799995
3.25433456928369	-0.00758718361413338
0.379645956173683	-0.00204414977571314
0.160655709534651	-0.00148909344749051
4.0190959969126	-0.00639142023929852
0.0126181259901486	-0.000441965110682604
0.490672245719731	-0.00224204136009285
2.84657311073647	-0.00628492841148226
3.76790250929989	-0.00703404696259914
2.70172703890317	-0.00569201444537989
3.96919579122347	-0.00776716982306313
1.46587716960596	-0.00474302755221158
0.0112497193158718	0.000391282636832103
0.000237678604911762	6.12761572844728e-05
0.702102397063794	-0.00290503173013587
0.0499017441296887	-0.000792999053876406
2.67695651920704	-0.00600543402771258
0.744095875603778	0.00294437949539721
5.1798978861809	-0.00930528679959078
0.0803818124253841	-0.000924359774411272
1.75677117959253	-0.00409099426550369
0.0482790879050806	0.000889334638924835
3.29365732782669	-0.00631439255013886
3.40532694448063	-0.00697416910430154
0.02286852625596	-0.000524907949489007
1.8694832687778	-0.00441928452906134
2.0206242871582	-0.00437254297990223
1.84287548048224	-0.0050869850583842
10.2968254878933	-0.0126850218179015
9.66561762213268	-0.0118264169929578
8.35870986320043	-0.00969678346930013
2.52282743259664	-0.00629580034557732
0.456996890935132	-0.00232447473009457
0.016307396930369	0.000456860631423346
5.71790584861117	-0.0101780014700093
0.123385619267445	-0.00150455753818054
1.94202253664521	0.00490863370375715
0.579984561381844	-0.00268135959724707
0.219833763200642	-0.0017158463927715
2.10178194796549	-0.00536920145737404
3.11897587563133	-0.00667498576749455
10.65829993875	-0.011319861124799
0.000687873147121062	9.00010908582262e-05
2.62545759157627	-0.00644753112229864
0.257621852198621	-0.00164654726460141
0.583166110340619	-0.0027644451907863
1.2434608387357	-0.00372542673795992
2.80941192324491	-0.00614191826848251
0.00849142799120556	0.000368051065928327
0.0488670111320649	-0.000879840898916265
2.50409469411892	-0.00567757944520736
0.394133672705202	-0.00259093290564292
3.30459925507027	-0.00621368840373248
4.80224709542766	-0.00867222506076648
4.23769493549952	-0.00737449728520785
1.87917483705258	-0.00514481173069785
4.60006228466485	-0.00984712465683902
7.77896619187862	-0.0101497911782264
0.21192439687731	-0.00198483576993455
0.209932735793964	-0.00199989537773525
2.82404433687967	-0.00603040807904047
1.25988305543889	-0.00392541105115547
0.504224316585517	0.0024754152329142
2.43864434406195	-0.00554180426714287
4.95589308818827	-0.00965550360671882
0.268635411990179	-0.00199624891786698
0.778740030179944	0.00282335820963247
3.73224435013696	-0.00810129101054458
0.311327902459041	-0.00179686238772105
0.0119338647634348	-0.000391005249183406
0.111473957433133	-0.00111998529167951
3.6005139617966	-0.00722812505340019
1.5189793633847	-0.00478906728081973
0.075835842633204	-0.000906426027521233
0.662779857725546	-0.00270038311640326
4.75049009029113	-0.00641345236303389
9.01345342120413	-0.009051424422911
1.46166527066649	-0.00446834064079092
2.36796673759759	-0.00580118703042486
2.53694611732713	-0.00490398685599886
0.591045070268245	0.00318286554761603
0.280500868198755	-0.00213500622902473
0.273311942731974	0.00201771791233819
5.5828119520863	-0.00827884083050955
0.00326538879295825	-0.000206644959783751
3.84393694562402	-0.00772190651716078
2.70506889291822	-0.00473290724340475
0.148847072668793	-0.00136695169522108
0.000116549011875341	-3.57927380674631e-05
0.00170427008744106	-0.000151870238066795
0.419355211928548	0.0024808895579606
4.06250446877701	-0.00893950235492474
0.278529662529349	-0.00225215200612641
3.12849354517322	-0.00772610259630278
0.286573621697271	-0.00196007525183063
3.53834141322859	-0.00672172630167292
3.18809915057771	-0.00839036378352053
11.612530028078	-0.0137881956196584
5.57583348203533	-0.00817508433881878
0.457553081105654	-0.00240611998261076
2.44340636396397	-0.00559713999095962
7.25140274998825	-0.0116453877837113
0.373119274902896	-0.00197116239997088
10.8665605226315	-0.0105359278604289
2.82827800722375	-0.00643303854920584
1.63302891253386	-0.00510568531669431
0.421331081491112	-0.00208226127385484
0.04076698401584	-0.000827532723263351
2.08740456241127	-0.00541648547762711
0.596006141006902	0.00257096412919073
0.394583057642948	-0.00215291920657484
3.13449959442131	-0.0068189169755429
8.17444307805188	-0.0129063071826121
5.84116170696637	-0.00845229238498992
0.357559505063509	-0.00234951481464872
0.125914631097119	-0.00127306362592617
0.232425366319597	0.00214831439044333
2.44457271181307	-0.00564131792555133
4.86269529399599	-0.0079703677464893
1.70651860062438	0.00471323902353139
0.57013999706111	-0.00314726827851643
0.698849357600173	-0.00270788992451491
2.45622776359141	-0.00523517809645974
0.0718243811444239	0.000927293129431448
3.93734401700008	-0.00794937432677984
3.09876565453337	-0.00614648136448398
10.1976112089776	-0.0100624261990552
13.3597670691015	-0.0129822894506223
0.380969730312978	-0.00215744949507064
2.83380564675629	-0.00609944150246216
6.34469457957482	-0.0105312598024013
2.15171062999763	-0.00585547991498329
0.129194192417457	-0.0014624496864328
1.15907892929985	-0.00330799926095068
2.48915892199626	-0.00567405500338171
2.71213421918293	-0.00571699015456955
0.143065457953419	-0.00126671577709431
0.953417844515917	-0.00352543743843287
0.772431268988505	-0.00298281301847093
3.23576962831134	-0.00757112953771133
1.51508771745191	-0.00457170741360478
8.83546470979448	-0.0112568747689211
2.23832768510951	-0.00469685230758492
5.10970468951908	-0.0089099945817525
0.0454997723899055	-0.000685464367843322
0.905725400221373	-0.00328814516464498
0.646680454701189	-0.00255444091128759
1.59543060637577	-0.00460055815568622
8.44169063747015	-0.0126247362992571
0.493669840047149	-0.00279231712749991
3.34163243133722	-0.00641299571027634
0.774699261163861	-0.00345919192925124
3.4181778629426	-0.00687993208550906
1.65027189663349	-0.0048459947875955
6.18440553277153	-0.0110300376761493
4.20677592817571	-0.00777878374719623
0.165571248745835	-0.00146384637484651
3.23062923836783	-0.00671155535105135
0.339688525377141	-0.00199237487443685
5.05651011982697	-0.00845940323691613
0.0426963522966393	0.000949904769834456
0.947155026713029	0.00369668220007691
2.27232935672003	-0.00584471637644722
6.54459339259528	-0.0109517840221345
0.465903359630844	-0.0022338700901922
0.912088572876285	-0.00348372997527882
0.720335680895714	-0.00376375242522576
0.148085997824715	-0.00137456688077792
4.37796607917226	-0.00790343056303243
0.548723723974882	0.00255870460743943
0.505693903457272	-0.00241317862449141
0.0889271155309779	0.000985429338026003
1.44773344334026	-0.00387680210761528
1.47280057232788	-0.00524371600948175
0.433589139412143	0.00222950471339254
2.42696119011863	-0.00597257322969379
4.15569804655201	-0.00665769936836232
0.919410516876798	0.00334472156945622
0.00244709113139584	-0.000175722398127336
0.478344249102983	-0.00210626175290677
0.058809762564311	-0.000940395062461941
0.94830648613856	-0.00376643186728561
5.30793686184322	-0.00910743884753117
0.299364035450007	-0.00158867513426993
5.3809272585343	-0.00859003801387022
1.48493484032211	-0.00386282537942981
0.467861903385772	-0.00245628853975273
2.17584060478137	-0.00643882241822743
0.049840320608644	0.000712152876234851
1.53734184223827	-0.00457925048155538
2.06241644183741	-0.00585883526815757
2.18070317419893	-0.00544640692376317
0.695672169165053	-0.00329535696771921
0.196619721245293	-0.00173351394900228
0.118333506228536	-0.00130837135056045
3.08184708133558	-0.00574164363472387
3.59560338519301	-0.00736150826349004
3.60542846972174	-0.00642337935809845
1.52968614045052	-0.00483008764189298
0.0162750550173292	-0.000464741364078674
4.34317044733553	-0.0078128666994274
0.799262688059514	-0.00373513772458029
7.68426374589982	-0.00990014725540815
2.81693329415664	-0.00603441613475743
1.27785001741694	-0.00433036180692043
1.03152322952522	-0.00388101919156822
0.944160780626322	-0.00300354082531018
0.913154523053013	-0.00343666373840187
2.49988652767445	-0.00523545413770708
0.22442399524582	-0.00224136718074419
0.727445562153402	-0.00324315154224879
2.02504925206153	-0.00510926980382086
1.48268676891964	-0.0045594087032503
1.05403338330564	-0.00379174872595436
5.58378450189877	-0.00939145515706153
4.7376426797065	-0.00690454028327624
0.191654060842888	-0.00172527370645657
3.09323255886678	-0.00666088366726241
0.00843975166681412	0.000318931966917044
1.11862638627572	-0.00387939952853346
0.00386536080579781	-0.000224724392073794
0.130049299476508	-0.00139359630350331
7.52425706070728	-0.0111355102071174
4.12085412628546	-0.00583563929010533
0.00192440139856377	-0.000176691982493831
0.160964736818595	0.00156219446365126
0.266648464566512	0.00189552342655721
1.17146328954932	-0.00411674995024506
0.057664965809744	-0.000936423590219943
4.22415980833545	-0.00876054853505725
0.838404655449261	-0.0038165336445246
6.32698847619016	-0.00984049318474265
2.78376490084918	-0.0059626528497114
1.80680625992556	-0.00504558131340415
1.2417684163631	-0.00400629338386833
10.1545066195686	-0.0135854876054321
0.68496534135262	-0.00250105005922755
0.949168140498106	-0.00360376506160996
1.69585821852791	-0.00583769694890526
4.57491205586625	-0.00793524177492324
0.0295182997531359	0.000637126620903514
2.80132010384064	-0.00676149196064593
0.0626354609187001	0.000920178685903306
2.53500528174403	-0.00556482354322301
5.51208646301547	-0.00767710287878772
6.07179533236963	-0.00953965178839452
0.946376216618095	-0.00326237145088728
0.291964002765958	0.00189787702151224
3.37702131860078	-0.00612698126538812
1.06351730270338	-0.0040159068160096
0.0249103900012704	0.000582289202383659
7.07894793595526	-0.00974066672624279
1.40250351622122	-0.00437877652177965
11.571345357355	-0.0139451200294104
6.350598886445	-0.00915317398563001
2.84434377858293	-0.00596096386076602
0.828222944255248	-0.00319318426892902
0.573634133597908	-0.00289063033333618
1.86494879202498	-0.00640462824119263
0.00163459400696823	0.000136876669467713
1.82896630168071	-0.00514324306366499
5.54182092067946	-0.0077548725133937
0.987585817380228	-0.00382882842119469
0.00571758646630653	-0.000288584189495389
0.246872938754346	-0.00169472255939424
3.36656079707536e-08	6.02243345500126e-07
3.58080696455074	-0.00761705621802606
2.25457323703916	-0.00539765735314296
0.908966887684282	-0.00307004167314159
7.48166965075778	-0.00908309923949851
5.69387928928573	-0.00932811343268933
0.114502249555975	0.00125677583619623
0.241293642548433	-0.00185781260105852
2.5117134006813	-0.0064183866437973
4.9046642209009	-0.00879039501586227
4.44291361227396	-0.0072635431346099
3.83701229523216	-0.00744661806175437
5.91394255218305	-0.00800793842103414
2.71400446471921	-0.00590051354609243
6.34487824850321	-0.0102334210104415
2.59860204447704	-0.00600098124738504
6.4708314071199	-0.00968419673580554
0.498123118290781	0.00241623219758462
0.000432532174400097	7.02847411340016e-05
0.437075426636212	-0.00250862224973876
0.077271141984702	-0.00106005751651498
1.28703670306551	-0.00420477988010148
3.99283111133024	-0.007383204041649
5.55209228182986	-0.0104938100592963
7.02212695848506	-0.00957170383214721
1.42175988909133	-0.00506392797309476
0.128399732883553	-0.00127437639797507
4.96951943079645	-0.00760040568924365
4.11545925968495	-0.00826202675800093
3.10523867040236	-0.00559359684626336
3.32309787291513	-0.00720958405860357
9.06700524297771	-0.00931902490067123
5.63445543627566	-0.00877048866349327
0.186861954781466	-0.00153030420308946
1.78286552319718	-0.00487657980764113
5.35380463088942	-0.00769547825599207
0.104092378329294	0.00131855271827
1.27374336520623	-0.0047548962367752
0.312878302427659	-0.00218254580326589
7.8734671665572	-0.0106107928782117
3.94685037402411	-0.00769012726662524
0.057009237388154	-0.000957285512629964
1.59722103840617	-0.0042794095453861
2.20708431020368	-0.00500011261203136
2.97878116139313	-0.00531389906689446
0.305920450373343	0.00200143885499266
0.00180843312619532	0.000151031945373082
5.66316901846106	-0.00855813751186869
7.76129984515843	-0.0111338123765065
2.98137139067173	-0.00547137196401817
0.275250159286155	0.00183846460857689
0.525841068636582	0.00277152419962703
3.06343980028062	-0.00714447200434997
2.79219218315819	-0.00649200273993679
2.41667129722795	-0.00532848380872678
0.21956826943188	0.00133906972428587
0.076363799288829	0.0010913441966982
0.637768369602077	-0.00336478057077178
0.165719797994107	-0.00162683004354505
0.948084811157872	-0.00391213925375138
7.06388571302962	-0.00876334973683728
2.90229564431438	-0.00561760402092092
6.24417084028982	-0.0100994136956171
0.677690973635755	-0.00326087235737867
4.40451461079768	-0.00740632773137082
0.0156208408119458	0.000407914555629271
16.4731727721645	-0.0142778165179598
0.148290298150936	-0.00139696713989485
0.112267562241404	-0.00141471236806058
7.16687428950359	-0.00924805519805757
1.7248967207848	-0.00423327182754812
0.96068809509183	-0.00374066092527429
0.434960907500697	-0.00270722727466411
3.04544823644436	-0.004801486691196
0.175574221063405	-0.0015151056459628
1.9397515777817	-0.00465522091919373
1.13415792974988	-0.00410237748004523
2.12493223591012	-0.00566267661246965
2.87294134139322	-0.00570441704478025
0.0503434530090745	-0.000807250100018095
0.91225143478021	-0.00393182655973392
0.939881102245403	-0.00302463028664367
0.703665960600971	-0.00285302256592651
1.77587493067209	-0.00403584601442751
3.45202422889486	-0.00814238998479667
1.76203389231305	-0.00421720673010553
0.449647550537781	-0.00238866307508867
0.38076682886821	-0.00176441166521152
1.86054494037056	-0.00418074545550974
1.72201845463045	-0.00470442932475001
0.327157377235768	0.00204909217264161
1.09290996632323	-0.00350722396092052
0.608470897664099	-0.00317921522534929
0.44942974163097	-0.00236287030890145
1.05025754972197	-0.00363824428526925
0.810964792230596	-0.00310552648821919
0.00164979140662658	0.000138016713751788
4.14288159468732	-0.00651961660460472
0.54341953005314	-0.00273112681469728
0.993857322537057	-0.00337000027257806
0.0951565892958925	-0.00124558514812694
1.00046845435831	-0.00298872863769622
2.51393836317113	-0.00521645903547731
3.52806910855227	-0.00740095816848859
0.0871923112784141	0.00111160632486878
0.446572474416116	-0.00239124859255311
0.368926505360523	-0.00201940473186428
4.50097082551273	-0.00734057255983304
0.482581129506053	-0.00221235608650069
0.227558566874844	-0.00152269425195058
0.64880708102205	-0.00308974700615741
0.208505826937228	-0.00165075199305763
3.83419660638236	-0.00656748032409528
0.000103067467285343	4.02898465692518e-05
2.74210314851061	-0.00532080440517357
1.39759423501176	0.00452995510057433
1.1313992891371	-0.00429572130661218
4.27710018346889	-0.00717636753846699
8.52333860480224	-0.0109286903684419
8.20736864597762	-0.00894800341527188
0.377457294684899	0.00199815784396361
0.882098694355596	-0.00405809385835514
0.202191076413027	-0.00182341790488391
0.761214840662164	-0.00295577400152282
0.623003161539636	-0.00265752431736866
10.304349400148	-0.0136568526135069
0.83759587749183	0.00299549881019924
0.692288596866683	-0.00282577087120013
0.958853671858073	-0.00370770315128866
6.36563312076478	-0.00951780236475336
1.85667788268361	-0.00460360789678854
0.309970879477925	0.00228830752148608
1.21183624134827	-0.00375258513951867
2.54064532638033	0.00520211626448488
5.7982973768102	-0.00926377899703338
0.37089973065114	-0.00217992081076898
0.00656140286450366	-0.000314911537601693
1.06801335190245	-0.00405454627488062
3.66392416538465	-0.00667438511158653
0.10494901778696	0.00143500957894053
3.60614385124731	-0.0068154868386468
1.70400288361619	-0.00558841944849601
1.42669715628601	-0.00498621121394966
0.898676199681737	-0.00363837742951046
0.290258648469721	0.00189264500496315
0.0815224240733959	-0.000807651791866055
4.44565095165566	-0.00821848514636436
0.570639744350995	-0.00249074816376491
1.5089016773629	-0.00378678163797904
2.81155854991341	-0.00637292239532601
0.989250252146508	-0.00346280655760443
2.82468715429797	-0.00559138202118838
5.62720237481132	-0.00763802172457483
0.369878631787724	-0.002330495909388
2.79151231486393	-0.0060597615058787
1.72041364919136	-0.00474347704405324
0.131913956778521	-0.00127618946379702
3.49019873782432	-0.00752891711368082
0.0719236870908536	0.00105765150676371
0.0870363052640325	0.000974723291318175
0.147620094277381	-0.00143310815677441
1.44830522800669	-0.00457677088956041
0.114896619006627	-0.00123270073178807
0.178162552004179	-0.00166535177223279
4.0814533989379	-0.00694263731010194
0.242612070630278	-0.00178347018837905
0.643172199032641	-0.00280051170192397
0.938812860047332	-0.00346422321467142
5.11320764332324	-0.00915735261850399
0.0690150918404752	0.00103475592780414
1.77184594759687	-0.00467091300338278
0.791495417775334	0.00371891295309575
1.26093085675527	-0.00414433362976582
2.14397262713686	-0.00615779336435952
2.9031100025078	-0.0068477909439713
0.906242008063041	-0.00373241005207406
5.46022584776971	-0.00900707330257739
0.54841407102167	-0.00291346217926822
2.34755700186394	-0.00492984840331174
3.17291225399151	-0.00615371384870651
0.0331033702580937	-0.000612975563851538
0.000784726255329203	-0.000110476782855485
3.89631885454721	-0.00669557045964862
0.985560067363973	-0.00383553681441972
0.3674431363993	-0.00226576038585847
0.208264212169056	-0.0017295202709513
0.413413365511643	-0.00202675191344697
0.945220983339823	-0.00403406441117224
0.655070352926894	-0.00329507768488923
2.36392101763037	0.005672525404527
2.55192183879986e-05	-1.65814696741737e-05
5.76319367434805	-0.00802294231430544
0.215438310045883	-0.00176333686725775
1.69189089208295	-0.00520247551952749
0.978572405027975	-0.00343954695630654
1.17569733262808	-0.00384551474315209
9.1123829548329	-0.00875994359743676
2.92514671056489	-0.0064390881747074
3.48397788827152	-0.00794666477327273
2.44838722802607	-0.00555669944723104
1.86325932174705	-0.00460109112032908
0.567609345992457	-0.00300990310290633
1.83464627315566	-0.00501770476184988
0.326068289335844	0.00223011194666862
2.47210215891353	-0.00531555392132567
0.871432209628	-0.00287393566477425
0.0698621291329909	0.000977400150846019
0.939880436072756	-0.0035183231182844
4.10219959296402	-0.00746734443498993
0.934690141158907	0.00394613650285834
1.46641831352112	-0.00426282376543131
0.00564281819497606	0.000293717899947677
1.65880642676744	-0.00476411150247351
0.701309335421532	-0.00304211474741544
0.797421921088662	-0.00322260112886322
3.09444701960254	-0.00637211480291975
0.0615214293733164	0.000839312804239485
0.299799743246563	-0.00205840516534121
3.45716689847891	-0.00657866379396025
0.34564985099727	-0.00215908910068166
0.225374194340821	-0.00189687551566737
0.247753022944707	-0.00171679972328353
2.09542442665875	-0.0053139890706395
3.31741277824543	-0.00671336898536779
0.371746890190635	-0.00232092091991833
1.19674363164436	-0.00344066620948253
3.89520029679966	-0.00683696299517487
0.332038060267684	-0.0019855797159284
2.41185424506545	-0.00541343825174097
1.15310048567455	0.00340851660478072
0.00714739848395824	-0.000286662599717371
0.82304183497495	-0.0036881443660873
17.8851902560621	-0.0158515128901291
5.0073376799462	-0.00836488259021466
1.21539785435397	-0.00439443281844944
0.0945119345273494	0.00114222728987388
0.0946888911032266	-0.00107193608158417
10.6041082803889	-0.0125227267926853
0.0402659635928235	0.000763563302124468
0.014200716666851	0.000466623636619669
3.1197878701881	-0.00636043663422592
0.122759880297117	0.00121923175909642
0.0252141481824291	0.000550977858407908
0.987550536051121	-0.00399676732877543
0.1834907353373	-0.00156993827582408
0.0497258027881725	-0.00082238114864745
1.02561304295809	-0.00368187115966743
1.78628782186481	-0.00394795644706822
4.71661050428101	-0.00867835181475639
0.516971412804563	-0.00228945449553342
0.00452992108170564	0.000256334371640009
3.83517212854119	-0.00639384120343486
0.909452405544111	-0.00341307971770876
0.125311356626465	0.00123595236743245
6.59688251031516	-0.00949517818675163
0.995608199883559	-0.00418121539507868
5.43579834160258	-0.00699249464507541
4.19479037369544	-0.00894056389790999
4.46237886193582	-0.00746982602476308
1.23427546914045	-0.00441664922917116
3.57837670908381	-0.00736031628851822
0.000231795090067328	5.1254846450813e-05
0.000520519065794821	-7.39212928052616e-05
0.472362916481868	0.00218724375842761
0.751942071286937	0.00372735296901532
0.943289119015425	-0.00354817086810635
0.885035912114688	-0.00349128827183463
0.0131026307759539	0.00040109590882232
0.218366035087602	-0.00172313069258556
3.44043774420382	-0.00658600366389427
1.26008670686077	-0.00423215192476346
0.42393106070468	-0.00238848734175761
2.83626161485249	-0.0065730135754806
0.0550976608828856	-0.000972215472387137
0.0677748893076899	0.00100264710102689
3.02220697234856	-0.00731056797221754
4.40922688364221	-0.00675320976124632
0.85803859384294	-0.00406456650989334
0.604696984328964	-0.00266524840493201
0.555638857728415	-0.00297686110289321
6.11831640857337	-0.010298621556828
6.17583297450687	-0.00788853157335801
1.67275839745302	-0.00521281992103749
9.46442898719738	-0.00940564408753435
6.29101796382247	-0.00848605820680025
3.34031159852527	0.00709006016010066
1.28580911885498	-0.00385801093332546
0.172702941319143	0.00166632063274179
10.9011817193042	-0.00981573224387484
0.0609568199494874	-0.000825856668320267
2.55787750324969	-0.00572830554552998
5.45370810054193	-0.0091598031958878
0.0371069693808036	0.000655027757970148
1.62960806698008	-0.00472187092174611
0.335495897824961	-0.00222200290173753
2.57328217241749	0.00572646276763907
0.121486034122471	-0.00129781211000995
2.49420759190153	-0.00478952673941575
0.43368792632467	-0.00241351888882328
0.308484903564595	-0.002131790591472
0.0285585714270711	-0.000578027207031239
0.46793321195798	-0.00289306415955071
0.764843794542846	-0.00335922697000536
0.761930770701955	-0.00333618752090113
1.09148718493134	0.00404734330221741
0.00393781421443787	-0.000219241439271375
2.96850942332023	-0.00641927826155376
13.5536913906827	-0.0123657411090338
5.40233748843392	-0.00872951189848229
1.51457084039426	-0.0040456682993156
0.00426473633014185	0.000243422263351479
0.100718112684041	-0.00124484377553072
0.0432099145929402	-0.00075838879313149
3.06619190578556	-0.00707231948846687
0.00830556251522047	0.000374005535944713
9.83394432505164	-0.00941330562835247
2.33533085890199	-0.00605306488107052
0.00118017090652575	0.000140213293441741
0.0141165316801483	0.000425635012547928
0.175306373097316	-0.00152686331627264
9.21924394452452	-0.0120679180647757
4.45467352925403	-0.00756526862532922
2.1470284967536	-0.00455083108703951
1.72004049262247	-0.00417178625246884
0.0392461038836953	-0.00080630242383656
5.25011386420257	-0.00855759930919743
0.487662217134616	-0.00312134646992133
0.0453504412230871	-0.000668574070160258
0.144914724036523	-0.00129972356497655
4.10337878545842	-0.00765444823488588
1.74888773563195	-0.00396528044824266
9.76605836247636	-0.00933169606311173
2.61381214628767	-0.00721839570411659
5.08887598810842	-0.00757995347321098
2.77400815599303	0.00547483728487703
1.53464723449083	-0.0046645762961341
3.95911863863264	-0.00679722522742076
5.864905343044	-0.00859030622338803
4.71244474084977	-0.00654700056606652
0.873535694626448	0.00288642622110497
0.0210789892597318	0.000512303595384197
7.54261276565866	-0.0110199570154638
0.130612169159381	0.00148831763013198
0.147766301636981	-0.0014356356076652
0.00838272507100459	-0.000375747982090804
0.0175189494176579	0.000496134593422739
2.29422649854727	-0.00562328003999153
0.467787650951056	-0.00261788428248223
0.163650493689381	-0.00150230599004341
2.26446330360916	-0.00498462314642773
0.25550108338583	-0.0020336601494706
2.2316101127907	-0.00597189198448083
2.3030659745615	-0.00526914433646735
1.43890126377766	-0.00443365642752565
5.5741828396164	-0.00785165838379909
0.342952329684318	-0.00242248594967215
2.59478360282867	-0.00612086165184219
0.000346762588105506	6.44681622288609e-05
0.0422722826183632	-0.00064001076799198
1.02107761038883	-0.0037262190246277
2.18837968964214	-0.0057260440272719
3.544156154122	-0.00733973156622439
0.019254553716307	-0.00051172923845361
1.83671962580994	-0.00460064912000135
0.547349473087284	-0.00308342185169169
0.341305343368804	-0.00245086890166461
6.98089989451474	-0.0105647925185025
0.833245426895269	0.00394248439488226
3.97352764327167	-0.00777996782834676
2.75089002746353	-0.00556126309313631
1.48658823633747	-0.0050339246782007
0.394094751775162	-0.00244997904123533
3.87555204138294	-0.00632606016251097
0.464658835379324	-0.00244772223135567
1.35476217685265	-0.00434620380905739
4.09963212768853	-0.00782565508399765
0.169714833225004	-0.00150582826414854
0.0296901224710057	-0.000583519491785144
1.1152048440779	-0.00391861843921512
8.05236681389987	-0.0116456243347197
5.26715856035468	-0.00984768597194268
1.99141874812407	-0.00557962638155626
0.894621163646954	-0.0033754636603611
0.0403310666889781	0.000685916076635079
11.9462090464819	-0.0124154734212113
5.40987970568777	-0.00822541850280265
2.06621179396488	-0.0052515266173161
0.570603521243656	-0.00257116662372213
5.83119469368165e-05	-2.73410729232408e-05
3.37794975566526	-0.00571815819721403
1.88875094634705	-0.00492310260624108
0.263695022754601	0.00238274766913671
0.897278902254988	-0.00277285122914582
3.71674844771647	-0.00763318470889802
6.6420958406344	-0.0107090590846015
3.65536348270218	-0.00636517628323136
0.517009785581345	-0.00272195168071761
2.26080887429205	-0.00569782537509503
0.102483923030128	0.00113539736659425
4.22645722261341	-0.00830524433357734
5.08257871154431	-0.00761520519102945
2.42319462352848	-0.00664642186184323
0.00164888241386783	-0.000138902303423529
0.00444255700368733	-0.000237840483936665
0.0318867570977401	-0.000628237559816888
1.1016359683264	-0.00414400738507977
7.90013387689339	-0.010887846497827
3.29192585639091	-0.00577548113163717
0.0827605004094589	-0.00105962731087189
0.147332470747542	-0.00151933941511487
4.41236851003624	-0.00833770198414387
0.0158580526918212	0.000560278076998428
0.136445369806475	0.0013091857941036
1.99620250138789	-0.00569736641745202
2.45581629063061	-0.00480876539370204
0.0229600784747516	-0.000484110793329176
0.298148634821415	-0.0019401423711244
4.72977467762679	-0.00725499826289616
3.80396813080786	0.00720854906633197
4.01236444220455	-0.00806586289844042
0.000592877969041622	7.85013848906685e-05
0.234152564665336	-0.00203760768227362
0.303980524983445	-0.00205396786324895
0.442033879705395	-0.00264606571300023
6.69490489536565	-0.00997174826370409
3.09528685311666	0.00601206384576947
1.83744664019288	-0.00546253765431429
7.86603324373209	-0.0104055792424102
1.2552312978771	-0.00396792742215691
1.74752617232011	-0.00478087697857904
3.64538613265288	-0.0077053367766107
5.04993388525071	-0.00617101161663346
0.000236849950969955	5.00203880683483e-05
2.09964148626632	-0.00621261323697726
1.01620659158942	-0.00363914026717327
1.2577192006336	-0.00361849171944737
3.26441691355579	-0.00637235403109462
3.12574188782642	-0.00611143780910091
2.73034567628436	-0.00668689314346004
3.8797194842186	-0.00724661228151394
0.0587348155251532	0.000711409622515653
0.0056157507976657	-0.000274393770934022
3.17934855166666	-0.00653405308845304
0.0158854590005613	-0.000577072073741948
0.667565779823269	-0.00280074745134292
1.31240829109077	-0.00403432355426526
2.22480771567703	-0.00507901958424218
6.75108532153932	-0.00919904736538524
0.229630003821452	-0.00162388974924475
0.841035308868208	-0.00412130560170925
0.00185485767297625	-0.000167759258128917
1.17873439638172	-0.00460705995468786
1.86444544108188	-0.00494386992484037
0.306476911920131	-0.00181692376161709
3.84790423717127	-0.00658511580025972
0.277007735677657	-0.00183003182836607
6.33007592165938	-0.009258866507761
2.56091874362378	-0.00517988024356952
0.00561878821232247	-0.000316021903112414
0.211958989053419	-0.0017091517009718
0.00251201848114664	0.000200197196542154
4.21300785804998	-0.0060881176484211
4.2804459272168	-0.00804395132920185
0.396632549379192	-0.00280159071754748
11.9306780273844	-0.0106567209545016
0.0668100695315297	-0.000866295399906968
1.21266215345168	-0.00334623025390277
