R^2	beta
0.215241727040605	0.000241969280653065
0.915849626880477	0.000410906254293455
3.87592919677353	0.00097602449225915
3.67355887078174	0.000717011146536145
0.0835533061960396	0.000115734150748108
3.43565497623513	0.000997150657113245
0.0107312173841186	4.9939798507088e-05
0.231392317159518	0.000265329671358684
0.710661860335874	0.000374741969415694
2.72155201165963	0.000767646081465184
0.574856468333188	0.000346909931648838
0.072545781296976	0.000160944557558988
1.22596039060373	0.000602567222172189
0.0364881516187079	8.78847967791524e-05
1.50467919874378	0.000464838370994479
3.02879887493141	0.00089945620527233
1.547984458763	0.000516216395363441
2.97643930572039	0.00104126214614467
4.41465972045312	0.00106057201006873
1.25479116917476	0.00049018834364271
0.189723056094876	-0.000200424426299126
1.54269402754251	0.000576999681643149
0.148552601734504	-0.000197743162627338
0.110822211928341	-0.000157130313703362
5.0215872099698	0.00114241577954831
1.5503604213444	0.000549209030184922
0.854511822470538	0.000468518766486414
0.243366709412773	-0.000221276799757101
2.38615106931865	-0.000877465081222165
3.48646431376811	0.00107947322905469
0.727369218661917	0.000487965039801523
2.44580267150653	0.00072752149565222
0.32129141168684	-0.000257052956973318
0.294222740958545	0.000243410026683988
0.0948166057079127	0.000140209680550459
1.25033682681071	0.000514208517115471
1.58190652454554	0.000627884238480163
0.0338472651105612	8.06861534108361e-05
0.979151017578226	0.000496363454556259
1.48822758326651	-0.000583741057501876
2.08743630735458	0.000653438197818509
3.82666852172017	0.000913819452808477
3.68823140073054	0.00109020467921132
4.21001104430496	0.000858855820043153
1.35742449698242	0.000674384796471058
0.000861873733616942	1.21176340136324e-05
2.38499765408186	0.000606495219875602
0.0771102912010845	0.000151496400182483
0.00739528588670194	-5.09789185811917e-05
1.48480209726978e-05	1.90463771538458e-06
4.73280314216234	0.00104785032266431
0.914776500611711	-0.000516005789206255
3.39230233321283	0.000884696738806589
1.69143282781492	0.000713623452984732
1.24209584300069	0.000608307204579504
0.687290219561652	-0.000467510635272294
2.58665070611595	0.00103429055747985
0.969794049611197	0.000433914126234657
0.888974876422302	-0.000426765168012304
0.00124700623419528	1.73077414648456e-05
3.71693202374959	0.000920170706366171
0.00591992921840451	4.04158397957191e-05
0.0319737857191543	8.83585948498495e-05
1.32995787019091	0.000590521899816565
0.458697788412523	-0.000332461757755364
0.211345450785421	0.00029716502782703
0.48691019234028	-0.000425306448422652
0.103159559308024	0.000143545248396204
5.0341414730756	0.00118538312478624
1.37714422936833	0.000527349412586521
0.0393474700726491	-9.50258374766423e-05
0.166531270904869	0.000197352876413846
3.56006984620101	0.000885765980468202
0.0959211133936297	0.000141708687068928
0.0580955918230691	-0.00010977489852023
2.23704465600637	0.000776884077557576
0.991834117862973	0.000463416511906574
0.0832623525431649	0.00012902677676513
2.4736007795555	0.000942651453473557
0.190194271466899	0.000209140569915694
0.542049423225881	0.000375374367342252
0.00538773542669691	3.23330213905614e-05
0.00741230162769228	-4.58619965622968e-05
0.774089645465031	0.000417522473594969
0.833332149216901	-0.000453067343858639
2.46760654899322	0.000751999137237831
1.765347911269	0.00063720322991133
0.0719573199332894	0.000110508542463446
0.0588038883907493	0.000107459816669643
2.32555471508173	-0.000641054277021287
3.52341128167251	0.00105297677094725
0.00281318168698065	-2.40308454862328e-05
2.8642482238298	0.000940491850670035
0.490058727809986	0.000348986931607633
5.29072615972848	0.000974907155434643
6.27111078562585e-05	2.48288713511922e-06
0.00208834095529617	2.41984922282259e-05
0.111459983724882	0.000151626723542228
0.00941786776777467	-4.52657339281514e-05
1.45030877177656	0.000631975873964034
1.90312228091355	0.000691427369236194
0.157358956193241	0.000217769583655329
1.62509055215563	0.000535048617357098
0.330935934969141	-0.000301456000712843
0.724120254707295	0.000550611667094663
0.911297448544265	0.000396521135480457
1.18481269782764	0.00052038842114937
0.77918051861169	0.0004342104465036
0.0584402725982246	-0.00011296294362386
0.568243380678562	0.000339955101374222
0.300700789292675	0.000259178036437404
0.0258723717683591	6.85730128307304e-05
1.42393061100968	0.000476254960848617
0.000104700069712076	-4.89081797437697e-06
1.00969870169376	0.000500992178200382
0.612714789150012	0.000428977434758117
0.150164374691438	0.000226770412321526
0.262555744215244	-0.000226165298664477
1.69892518067857	0.00058033895808486
1.36915200957889	0.000621946656925004
2.37100634041171	0.00076011378785646
1.78280654077058	0.000843475772373718
0.496914306102554	0.000332356152523185
4.72060677942908	0.00117513705509544
2.35479409266625	0.000683457616165058
0.213526527790344	0.000248956290794579
1.11677249100588	0.000571900404720396
1.77363900519473	0.000654392273914014
0.135006044854242	0.000158040001075494
0.965776550010556	0.000457106599174964
1.33293406876895	0.000616866713601249
0.301701394336254	-0.000316954082484017
1.3022936146126	0.000515268507320614
1.50385074109069	0.000595926633260062
3.99544355107922	0.00097185584379146
0.837682609317242	0.000475508545071173
0.321261694693658	0.000263446466732339
1.34264910089809	0.000622658186952413
1.43491850477814	0.00052372083046744
0.452839078821168	0.000368656911850602
1.14720646206576	0.000524133652731462
0.55469888744395	0.000426578515736704
0.0907894792763131	-0.000142008315554236
0.0192324295031752	-6.2472229419754e-05
0.254796202296192	0.000301717134635578
0.192607434679471	-0.000203303744353805
1.61675345882788	-0.000544258552504813
0.915901791272339	-0.000470594064699078
1.09507677604585	0.000495060778790655
0.00135678769257349	-1.72388606653447e-05
0.000287878576385609	-7.38329023718184e-06
0.743607497020618	0.000438663466962631
2.03343906706326	0.000748547114354463
8.00212021273086	0.00145631413233611
1.7187996805103	0.000683826808535269
2.46337124601354	0.000825697783339836
1.60497152978837	0.000834021907028139
3.63345268549316	0.00112291136071831
0.128176396132325	0.000196623158809408
0.544336371421493	0.000335840947395925
3.9155172135555	0.00103925171355957
2.42990100155698	0.000768365208456399
1.73925969912456	0.000556933386219491
0.400847253146335	0.000342750735781776
0.910382681811357	0.000438474977711171
0.341215956545813	-0.000269610468507941
1.08155444180507	0.000568499930557782
0.273219372130429	0.000246846770709172
1.18444846557647	0.000485467829636196
0.594704446155178	0.000449917539840369
0.518525595772846	0.000360056079257833
1.15028384077037	0.000552270599969874
2.17577782002937	0.000754543025790055
9.63132219702277	0.00143852397056474
0.021378505104256	-7.36345084330235e-05
1.71614974723381	0.000572941436546487
0.0726572715973871	0.000157865078989626
0.220297802113645	-0.000203135971567845
0.456834201188096	0.000334911830860242
0.0547184769107026	0.000120541241020694
2.58376905012535	0.000806194772101274
0.891013830976618	0.000550130836029243
0.634586309213672	0.0003604586263703
0.00530445912189982	3.58380077166367e-05
0.0850228583277711	0.000147177217209357
0.543160441347066	0.0003656911378013
1.17354902406069	-0.00058436410237342
0.5481666815963	0.000383985558414066
1.12766201934576	0.000511659623798614
1.29774593630569	0.000542358674717374
1.04419471460128	0.000442658970649462
0.903761475669088	0.000459377469276952
1.09700193375364	0.000513241988752736
3.04679804437639	0.000832569073410213
1.66948621916626	0.000749277644750124
2.54164504851869	0.000918804608212345
0.0725235382950906	0.000146827494976326
5.34461770356335	0.00105027264444896
1.00923065064642	0.000494245281981286
6.67470629536438	0.00127926037448294
0.000239228604803552	-8.34988081678439e-06
2.76839900306108	0.000712115510870183
2.80532624856529	0.000928978300115873
0.738314426909528	0.000380804302617181
0.60663434772554	0.000449366995549966
0.0419669500044524	8.52144408906412e-05
0.675439619814949	0.000437802891551174
0.687738879572067	-0.000445436574310206
0.662876995293819	0.000361530851819821
6.20066261541996	-0.00123286129634388
0.0538606673074676	0.000105422245691775
3.27055328366411	0.000913358000908805
0.206958463922275	0.000244798869002465
0.00755601380279936	-4.26561487662512e-05
0.603265415631663	0.000371451480756272
0.448800037908466	-0.000354583826544137
2.75597149646764	0.00076800321878545
0.732318583847473	-0.000447390842968572
3.95507491445739	0.00111109312614492
2.84411251126544	0.000822261888438566
3.80498919922368	0.000937002703608476
0.244874202586416	-0.00020944737868514
0.352981486582744	0.000248920765154721
0.461436386928268	0.000341699706501334
2.43651554348569	0.000717736357453786
0.239227187278559	-0.0002447831695615
0.0182776992967158	5.8703029007213e-05
0.961036559061923	0.000480306988649523
4.54846412349203	0.00116415912739459
2.39893996208347	0.000824584774399185
1.67641097732879	-0.000482997994673915
0.640816692355442	0.000369919232915409
1.56772583901155	0.000555962723225536
3.46222614526318	0.00087317633077206
0.127316608700298	-0.000145213028884192
1.49273954117493	0.000629530677956462
0.582809782299012	0.000349066833936584
6.46569311054726	0.00135049221604112
0.000788727997768904	9.98858252848012e-06
0.916109528078575	-0.000430453194908021
0.000327116301273108	-9.90263737454801e-06
5.37489961834547	0.00105610708703668
2.4294944569214	0.000734204001289428
0.0219986117191212	7.72841874763661e-05
2.17164438333806	0.000646353638620044
0.00464981283333532	-3.49655435061217e-05
0.38387592994136	-0.000270791241193195
3.22050390669283	0.000656135997375071
0.615711103423455	0.000426211602311031
1.78272904025264	0.000590917169110599
0.0938538001486936	-0.000126710225631271
0.948752012835605	0.000391499629883337
1.66218997374955	0.000575185139019814
0.459011242096402	0.000376082828630503
0.0399810166165959	0.000104622582043944
0.321912786198187	-0.000317586910103284
0.268390506054044	0.000286371721466393
0.763411801929615	0.000421243756695997
0.694341770431648	0.000405515340457374
0.324264071885009	0.000334716231151779
0.28716280255885	0.000241422204913095
1.4457317818044	0.000559665621520608
0.234212872497254	0.000222838638134295
0.184275180613448	0.000206896484513649
0.0652028817596647	9.73822406069331e-05
0.622306241561393	0.000379677747245655
0.971517312706205	0.00048883758808197
0.125715816892615	-0.000168575039660311
1.38989666728454	0.000482801715930891
0.0870126655723759	0.000166582568534338
0.443869888022382	0.000340713652124265
0.446281211337511	0.000300070027121238
0.00678952634719448	4.16477764149286e-05
0.0870503944543868	0.000170056044070084
0.365413992344272	0.000257432426882277
0.00262724702417583	-2.53127687740094e-05
3.7907029248547	0.000859136762236847
0.206573793576012	0.000210013548739423
1.30092680242737	0.000576925673971129
0.145655769387699	-0.000196176672248344
0.135172592613199	0.000148213264851193
1.80783970274164	0.000566264458387355
1.13617384704902	0.000477265861307105
5.10575933660628	0.00100627238415758
0.476748498980233	-0.000368966976279423
0.313584287322639	0.000248270591816257
1.24828817057422	0.000613645068091835
0.353234714327498	0.000241111479498464
3.11169254634441	0.000651711742294328
0.604441946051943	0.000344714676974809
1.24006446171056	0.000539211936999743
0.279354589237063	0.000257530663937125
3.46917462612852	0.00106478357869411
1.49092425401933	0.000545464142111377
0.191881210121957	0.00023906797945775
0.378530117602933	0.000258259805397172
0.843538493619037	0.000397601477586266
0.000773685954634261	1.3188100157963e-05
1.95099977773937	-0.000764542066672271
0.0939313297050302	0.000163214493376877
0.310774857055647	0.000292710974201485
1.27223686963224	0.000657366368439462
0.841603106005176	0.000490862690055512
1.53496900607023	0.000586352012799054
0.00499822170923744	-3.11542985741361e-05
0.65138643282552	0.00039706970903167
0.100225321804193	0.000157806264420406
1.45544212998283	0.000623712431804726
3.07191226675975	0.000784899737231799
0.0441536762629363	0.000126605628368465
0.950938242238942	-0.000565243017789455
0.109160615641021	-0.000170047775586831
2.66495030379421	0.000731184832867126
0.0178875965404557	8.42770802891071e-05
0.861255556693063	0.000415961066573584
0.078977967395409	0.000139350508755765
0.0349505193995619	9.02488515477263e-05
0.0801590462157905	0.000154098267377497
0.000563179946017835	-1.37419538955418e-05
1.20524842488717	0.000434426337519364
0.0279702913447373	-9.22484844014846e-05
0.118791156856477	0.000196822692540046
0.00559989035369482	3.73306578502497e-05
1.28441168197869	0.000565650695482517
0.0194487879821592	6.23533309535465e-05
2.58188704801661	0.000745185581520428
0.00704496263386931	-3.33628365288292e-05
1.48510657192588	0.000614200631062362
0.84772723695463	-0.000467573316909739
0.00265205877855518	-2.34699623478242e-05
2.79578965828705	0.000753346847407474
3.50600350996941	0.00105966193870958
2.10468361536995	0.000865006860859517
0.0973119460106282	-0.000146363433058943
0.786521949651933	-0.000512266630527874
0.102324801677191	0.000156578762014406
0.27609328558164	0.00025045514467931
4.3807989653121	0.000850029307823285
3.9803557975139	0.000900882410180708
3.99550179189781	0.000973553117515867
0.7514209719828	0.000480296082495519
0.922134327699568	0.000422819202320787
4.24790716125287	0.0010147128294468
1.47143386214228	0.000565821715238133
0.0896764089172595	-0.00015375444075934
0.0270821335777397	7.64845022669411e-05
0.781660310971627	0.000454373782498617
0.218158956528768	-0.000219713399820116
0.787282572323488	-0.000404815107151027
0.00824914969937867	4.93370496765645e-05
2.3386361263377	0.000789267445725461
0.0624077744730314	-0.000129533755370047
0.00409445567127168	3.20918758518929e-05
2.49922090055145	0.000922770157849555
1.98409011119039	-0.000673140854953832
5.30463773363788	0.0012543637237262
0.00285534640457827	2.43780098359172e-05
0.62378738883135	0.000393377892686137
2.33514861936892	0.000731634933950204
0.00633340697039851	-3.00337242966638e-05
0.418375082991243	0.000349060312949604
0.339320314156071	0.000301021519476929
2.40348000653879	0.000962571041817443
1.41101483655847	0.000619072002183958
0.243113305549696	0.000274059223386285
1.10842697183561	-0.000500549892658731
0.178675534665069	-0.000227549419637137
5.27366318036521	0.00121828448586009
2.02732768292299	0.000598686231675191
0.759346032416677	-0.000416213174886893
0.089409337240059	0.000164108192918014
0.393963093653472	0.000348878629433636
2.50655096356841	0.000812820705903607
0.0379180906011908	-8.91464749065666e-05
0.202683447228077	0.000237191100379708
0.148652038293497	0.000153701710263609
0.00114353960536686	-1.78167537486369e-05
0.349959356308655	0.000246198017763956
1.93335864763399e-06	-7.08868908860656e-07
5.54374328899925	0.00121233234078837
0.738408955035387	-0.000385650705477537
0.0850779735725557	-0.000157993152159795
0.098602921103071	-0.000168863645424497
1.84549504622621	-0.000650135195523304
4.38311279166965	0.00115193703483697
0.285491995340391	0.000261147458646197
3.27874448141605	0.000715940843310949
0.963596636933262	-0.000461388282191271
0.900766777849894	-0.000465530611193439
1.84335468507883	0.000892842417998993
0.320017630147992	0.000248383722473262
0.0228774138589618	6.97866305727864e-05
1.82244137913322	0.000666875697472122
2.63189074452892	0.00071880668867638
0.0285090349180602	7.97614495114234e-05
2.68018528145969	0.000909199441021877
1.70299463146019	0.000685115082628836
0.0174232931317739	-7.12038566082715e-05
0.0217583532279896	-6.3274645560091e-05
6.88552343792919	0.00137789927061292
0.45059573672487	0.000306014500694887
0.139262768369411	0.000193376816886873
0.5279794838251	0.000318679470762187
2.70859902318911	0.000810661908609213
2.20125711879087	0.000837477451318899
0.00802410678696225	-4.57824962604061e-05
0.000192213739844935	7.11333496070649e-06
0.211438921270098	-0.000233485258698937
0.262255169579653	-0.000237762378797859
0.0346710927585496	8.96789028251942e-05
1.87168828509276	-0.000650519516060696
1.17942176837148	0.000570890804763634
0.197478409016317	0.000242462029683715
1.4501041797604	0.000719690618918989
0.485617695168968	0.000394442868506144
0.527526642727662	0.000309218223253903
1.20669079838314	0.000514948659454691
0.524120757041711	0.000361664274705861
1.31305778007886	0.000503214006624621
4.00139766038002	0.000910202669305099
1.55969555739743	0.000603977988106022
0.0115067729825785	6.0038092875178e-05
0.356554573088171	0.000304713797387868
2.88990764022438	0.000863192348142222
0.161531911464428	0.000183276916481145
1.71476665565167	0.000709227542993952
0.385961120405399	0.000330370496574102
0.00385740620756565	-3.62793241510716e-05
3.01981464859709	0.00077168800262595
0.680732021051287	0.000443878709903511
1.89928522031919	0.000665295194273846
0.0962686145498805	-0.000158701172390934
0.63875768417915	0.000521156191005774
0.00648220904138166	4.11532426918227e-05
0.223160424218668	0.0001689428602192
0.00531702146267198	3.87112631933383e-05
3.39960667050957	-0.000831350804316067
6.80564505785582	0.00153162419833949
0.0636303044095988	-0.000124130775956776
2.12021158307122	0.000809763913405569
0.662830990877277	-0.000413528725377447
1.21106898448163	0.000497842404334869
0.0075035193037578	-5.40948092724632e-05
3.48571855928248	0.000851856060732339
0.255342574944835	-0.00023248941763777
0.00545025135279173	3.68596305542106e-05
0.0598050820679969	0.000143807323014444
0.821466283771824	0.000467509516218647
0.0416160047219245	9.34843054784017e-05
2.59498073754322	0.00055298296856227
0.549019216929011	0.000353938629947374
0.201272778825355	0.000191102001848482
3.94041787227853	0.00112201483003763
0.571984610363905	-0.000367041631126654
3.01825879470965	0.000895361396895634
0.20715106934514	0.000243494730719425
0.41017387317539	0.000259278464555781
0.0186095115656723	-6.04888755367697e-05
0.679944944824626	-0.000448014509229799
4.42104376024239	0.00103377153136213
2.37890699963493	0.00079916253033442
6.66653283670992	0.00125134578753691
0.0189446628980304	6.46496440012611e-05
6.4743786387087	0.00127935535056052
0.619055917768644	-0.000398893348102824
0.408005550952961	-0.0002772794290802
3.73324561280085	0.00095769924571187
0.216954905224214	-0.000189747376905652
1.55891393276561	0.0007599382856951
3.83985501991042	0.00088580992424492
1.80699971026828	0.000630715788086538
0.349055834317938	0.000275491303674276
1.42728744266901	0.000593631298310259
1.36280776447475	-0.000632179164407314
0.445751428352032	-0.000355597781282732
0.834233589823848	0.000452130371854756
0.98889922727189	0.000506154182774222
0.101064182512604	0.000126854229283341
3.29558756634473	0.000898878545676861
1.3528977025447	0.000528947199122717
4.44823884321441	0.000957964754160305
2.78347335862114	0.000725997095981107
2.76504581747044	0.000807671379264728
0.344293386118213	0.00035314519064972
0.484460903720345	0.000411999014616928
1.07969616708009	0.000490281025173082
0.0971619066237111	0.00014936322611444
0.986308523607498	-0.000569605063730234
0.506124287325113	0.00032148158524953
0.115478737611198	0.000169760218768738
1.36680620830142	0.000543085398464266
3.53189924359103	0.00100329539691037
0.0590400908384693	-0.000125363737212709
0.628561813019088	-0.000329125448619329
0.0330486620086942	0.0001064396605623
0.259517164206695	-0.000214567168576058
0.28501476161657	0.000231952079059972
2.48644839304156	0.000716068361601517
2.08575528181144	0.00064073509137508
0.0411657343444897	9.67488742552496e-05
3.6263173973044	0.000786533749072893
1.54764838457372	0.000586260902521827
0.263282538791418	-0.000252983035661601
4.87933885582193	0.00108561501092904
0.070249754419764	0.000133901231434877
0.778138444449334	0.000443896899503402
2.24815483477141	0.000683212368232828
1.87860759543364	0.000765016572753093
0.484788505207434	-0.000356801856614894
1.37955041218173	0.000535797923250509
3.24859398286267	0.000958368644736689
5.26313614648904	0.00121619148635997
0.0754178600021259	-0.000127773087024041
1.66096186720929	-0.000772930800811286
1.07375138953823	-0.000517737591903634
1.30193152962292	0.000667497686104258
2.82645582859058	0.000896334519888795
0.0895278015896191	0.000132525199666221
0.0828775031559556	-0.000147139845613754
2.27851960015888	0.000775773890244698
1.54771007446687	0.000617969465050108
3.01812437239243	0.000909652457815685
10.1815327996655	0.00153337039021524
2.92850772651603	0.000829327299095481
0.110909701071731	0.000207322424727928
0.0264154971394138	-7.07946750662487e-05
0.000800959366002074	-1.4575494217462e-05
0.242383258573553	-0.000257437521035777
0.129227846514859	-0.000165747394871102
0.80989294671725	0.000442514965892113
0.698192216665072	0.000432128367248362
0.243487833909214	0.000255279008861455
1.68369978505722	0.000600953029032442
2.044305385222	0.000671073833165675
4.23686742852061	0.000958214336026683
0.34499769854881	0.000332196308213058
0.000183896825754376	7.26119991592938e-06
0.371720734488264	-0.000327611271696881
1.73542774402374	0.000594586331964396
1.2676648764534	0.000589473634027439
0.363386432235793	0.000336297277371239
1.05525685749665	-0.000542603878549319
0.585494158520124	0.000411804269141892
0.0189013984453452	-7.12781133977176e-05
0.640587833119224	0.000330012354911812
0.0338377211340661	9.67815313434232e-05
0.188390734312388	-0.000196704701330238
3.98124027433686	0.000969681645369391
2.25103748151348	0.000872425087775341
0.0910250863770679	0.000145388923459997
0.480560465624205	0.000298480629764245
0.181194466247777	-0.000185117448567622
1.34164647676181	0.000638014215998018
0.984601049097596	0.000521390722373134
1.20106875103708	0.000542951535237686
0.247982169858966	0.000221947435749405
0.20278934376661	-0.000240338094893579
4.74368221590271	0.00113451824209061
0.706358159851099	0.000376798866064386
0.00674293279672856	4.08799733177592e-05
0.0213839762547728	7.3749477525365e-05
0.915324891125835	0.0005034993933634
0.14209193104079	0.000201281077825708
0.321479728721822	0.000287476309378276
0.0747488228873878	0.000152955983150032
0.492095353589108	0.000442525119238559
2.54160973926001	0.000838569011828279
0.0749061561134901	0.000124199910142191
0.796705966276247	0.00042693021365994
2.06934534666224	0.000644940690434512
1.21717639058588	0.000436079866668517
0.212585780501199	0.000233525821439154
3.44312391339813	0.000847526428511907
0.0212443549862301	7.45544692401408e-05
3.04629672687487	0.000870356699573158
2.34431126402963	0.00084651242014504
1.9492409760054	-0.000760248523685157
2.957296818237	0.000726538484325851
0.280763439431624	0.000305420993698538
6.05297860369021	0.00122713639607116
0.0220174306781013	6.05802580188532e-05
1.42056396743662e-05	-1.56495819722872e-06
0.00255374874100014	-2.51913570695652e-05
0.0154088847085529	6.86407485080745e-05
0.0516476358310467	-0.000105090378187917
0.0110544433004016	5.34049174297057e-05
0.0123559904552524	4.84655403374895e-05
0.478848904417379	0.000310747683814591
0.0314696900646348	-9.35225712148005e-05
6.34256163957908	0.0012296615504247
5.04795248407016	0.001121188548109
2.3182857587616	0.000732201762405967
2.06070532795263	-0.000598534696002352
0.025835851057622	9.58589486507618e-05
0.185628867187303	-0.000228582452590351
0.728355392415595	0.000410604898325704
0.000133719188393043	-6.0225026740428e-06
0.000659170664272494	1.34274713690652e-05
0.150381451055418	-0.000219326721414058
0.247724489857621	0.000225677061314871
0.350198702853481	0.000290568021682366
0.914884798745025	0.000398527117035283
1.49279370634668	0.000553790313884264
5.97515991694188	0.00128773211654213
0.118805393702699	0.000167707377870018
1.89357490387098	0.000676993253763466
3.75991650101088	0.000984680498288219
0.00321723792608285	3.1548897238943e-05
1.50074470807996	0.000628947475390584
0.829752115186917	-0.000486458388652013
0.00297509424058067	-2.78154102668647e-05
0.77065416596534	0.000411165315945589
0.00140131746724184	1.68493172494392e-05
0.0531149498657547	0.000109717044407272
3.23608934126571	0.000905685400342915
0.550253338861636	-0.000327786709784685
0.574925146026836	0.000345238743497706
4.96686075870982	0.00120850332894215
2.38840972820943	0.000818450680459927
1.0804707623432	-0.000609380586027911
3.90626765378146	-0.000924754576468581
0.68286424892672	0.000409329045646187
3.91225819018407	0.000784545543536313
0.117153072667726	0.000168122901389859
1.11432645467831	0.000477668791508603
1.73986213936343	0.000605172990124614
2.27267699065706	0.000698498289376347
0.0198880700620373	5.80090456133168e-05
0.411935426339837	0.000373363582796059
6.59089540108325	0.00123494969560495
0.737460634064905	0.00042015241008513
2.40783092170954	0.00074418540134477
0.556124095676115	0.000340325836381355
0.765091456993336	0.000509543497949457
2.392149796723	0.000792214658254286
2.20545635304004	0.000830345513946305
0.113656525635514	0.000167359274240147
2.82999046018291	0.000802777389556363
1.70601720316417	0.000626996454715696
7.10571427174485	0.00115212222337867
0.0376755882654515	-8.43472410073058e-05
1.06300700556671	0.000458568286972989
0.0584910539839427	0.000137541900640886
0.361392548947026	0.000253098696348491
0.0884742225539477	0.000146649800501307
2.55307222353	0.000688098462454703
0.702024783033581	0.000432595606438655
1.22853746680767	-0.000641257860093028
1.33460854945191	0.000554537446151554
0.101847576234336	0.000190712343441569
1.71594006401171	0.000633071354125169
0.522761922504364	0.000331339996944079
1.0133626790026	0.000608792979091747
0.132706599966063	0.000172242938990215
2.54130200672897	-0.000672833553008505
0.404183092938414	0.000300398555582582
0.758541230777899	0.000434975101207875
0.232622564267781	0.000197471863458225
0.0300182623891238	-7.98761677589643e-05
1.11941708613746	-0.000541994623726832
3.0991135955963	0.000803513686422623
0.132364304191845	0.000179337634391071
0.0121424566000236	5.42952034748416e-05
0.000261186284722636	8.0307617176606e-06
0.221410780289976	0.000205243625690815
0.0385125577573938	-8.107930089562e-05
1.03905174943259	0.000446408522594134
3.01278723649365	0.000740677507267113
5.81722728710411	0.0014428887042864
0.822377237090244	0.000378869099508794
1.21762284549788	0.000487848312781157
0.159365342796778	-0.000179504675515498
4.29854683697932	0.0012615107674585
0.0589940847584507	0.000131450398125321
0.307058379389239	-0.000253943222968245
0.967071942254771	0.000490822836389671
0.440430593583407	-0.000373126198796522
0.57046507490374	-0.00038969505313068
0.00107495251986464	1.6438071507854e-05
0.963803290311568	-0.000381686682307057
2.63123242904152	0.000893541173129981
0.846417710556571	-0.000498703269047154
0.453621806187986	0.000283074106328084
1.74680667248297	0.000635888789295845
0.0682345764301262	-0.000136897320484684
0.172709792263273	-0.000196298117154219
0.113146415295	0.000173371267993156
8.96293516837937	0.00139776851115649
0.597759235819559	0.000298196304894259
0.158271274424935	0.000148015872474569
0.0308163996685804	-8.55400217256079e-05
3.74482563314502	0.000930025260484208
0.0237011991839271	-7.80312018891426e-05
0.0214907953254243	-7.22709171151464e-05
0.0803027815791669	0.000177102845116754
0.237833885559994	0.000244323653761803
0.282793100713652	0.000260943296155839
0.155413460118546	0.000192855527116061
1.00780898493333	0.000412881190400461
0.973635499084293	0.000481888692530218
4.12697405251595	0.00106089606300287
0.00396288513696143	2.93035801656751e-05
5.96910890897566	0.000959487224226393
0.578700206829718	0.000373420918108455
3.08881100355358	0.000812178106470769
0.00510508271518553	-3.14121419339025e-05
0.564952025068855	0.000361402321948992
0.0236526928312936	-8.09293340993824e-05
0.854725852852169	0.000499360054324234
4.84962501048469	0.000951780937596896
0.294593830900683	0.000258911341703137
0.316002445761535	0.000210717874314281
1.03943061733879	0.000471732976833274
0.126765397773193	0.000172783592933927
0.974343090092737	0.000433830600931567
0.0831070171471228	0.000131298335399692
0.264884611731472	-0.000274476705848461
0.0851576507747472	0.000156593033211004
0.163687428331275	-0.000221884403288634
0.6300979992138	-0.000405660157083844
0.170820401298934	0.000211843453531347
3.46837548480053	0.000884049133401417
0.276009130875044	-0.000248119105438264
5.48086425080883	0.00103852990816539
12.6353752750527	0.00133684593528859
1.16596351170925	0.000607839198294413
0.322902558534454	0.000268487828089123
0.334943162289717	0.000291762663250339
0.0436594106238225	-8.52466338197191e-05
0.274832939724143	-0.000235933569723987
0.123476006619511	0.000172996829728763
0.393774091822601	-0.000296526178764723
0.05260967259237	-0.00013085098918968
0.825952717502764	0.000552168836878919
1.89089659995278	0.000582533583316315
0.113578359363363	0.00016917777725355
0.0768522137102246	0.000143075884315894
6.97707696767528	0.00104798661437411
0.624595055893746	0.000373092349107192
2.63471436134484	0.000685234641354468
0.0959624459926181	-0.000181757282571161
0.0111504931794345	5.12287514491191e-05
0.180189476414329	-0.000229730083563457
1.36164661530919	-0.000663245506083852
0.600772175518691	0.000437271278199779
0.0124399055247906	-6.37776563540026e-05
4.36944091880223	0.00101748509037176
0.000983143241382582	-1.69411734409733e-05
1.09487100736485	0.000500382641944172
4.43897737401165	0.00122768205159771
3.8157638711681	-0.00110138071321009
1.19412304129213	0.000608262796325332
1.7512720376196	0.000632916836623381
0.57185120112802	-0.000303612196492374
3.29173208221329	0.00089123681894253
0.0133517044723891	7.26943383109122e-05
0.119009951086758	0.000179969067476789
0.0367717808917231	8.53491460973164e-05
0.665051674402705	0.000409394427535741
0.361291604008308	0.000328610524383971
5.89516483132033e-06	1.47526755265768e-06
6.87845177897453	0.00117313218404599
4.44101523836463	0.000965477406354735
2.99842981935889	-0.00079102049554824
0.351326757623769	0.000313068371588359
1.3804619331855	0.000554475694938109
0.183336493203843	0.00019951018503935
0.0679012688643963	0.000125484265913935
0.0325038291067543	8.92494467279911e-05
1.4876110697364	0.000529176233519732
0.587016623628524	0.000355351151486165
1.44770241707624	0.000682256922366971
2.97867220218494	0.000778390108110541
0.0316034490922014	8.6050654483708e-05
1.02396710987247	0.000548090640037722
0.424444046657957	0.000355187805549418
0.48028627711461	0.000310622228769299
0.272573088758432	-0.00024249828281006
2.36400095280517	0.000687273179116788
0.0487269121513065	0.000132894261833169
0.724788747406419	0.000363921518567896
0.288079947033437	0.000268194930243681
0.00526248700864428	3.59360067548009e-05
2.76808229114052	0.00085145268327322
0.145060080838003	0.000171742391393609
0.466541892509489	0.000315422030478073
0.27959456381974	0.00025836351274665
0.112395310275715	0.000153927712824647
0.038560052156729	6.98486820428646e-05
1.38667870467097	0.00049835601044112
2.51485901993734	0.000696595251200184
1.83022302405945	0.000769628012065963
0.00555682648349346	-3.78633906259959e-05
2.1591330658151	0.000671407753296061
0.0965904289825721	0.000173624494874835
1.45367001239058	0.000516184093431718
0.0159036018045406	-6.08057082660857e-05
1.83768324480395	0.00074853143331777
0.0612550699754299	-0.000123318697805963
0.514326280694154	-0.000349957001463032
9.72601673341381	0.00143071834549582
3.99549134200731	0.000997445097275784
9.26054153473837	0.00141669241842099
3.31024186123424	-0.000926832016995631
0.000975168478035558	1.736018938602e-05
0.169169890442934	0.000216693661671985
2.25989090158918	0.000715401125853078
1.85947336386122	0.000619138280649331
1.5399086640789	0.000670616207846589
2.04953644572382	0.000570517165867191
0.0829190673473914	-0.000167819357262802
0.0182362797157679	-6.45066791070216e-05
3.79654244719489	0.00105632560700438
0.567667051941465	-0.000411232682593491
0.701138531575013	0.000432590473951887
0.135825291556341	0.000184382869542161
0.251409954885521	0.000250096146071805
1.39767081519265	0.000529244855680028
4.30207393841305	0.000985487170997785
2.7733042711749	-0.000783069294124597
1.42310938667354	0.000487397564336441
5.4000005248607	0.00110386411158441
1.17885327506862	0.000367652100725824
0.59630249280531	0.000339507448553076
3.36684337017218	0.00083289628203742
0.250905647251764	0.000246993111751389
4.58913985260261	0.00100909715939561
3.39951417020841	0.000897151157099716
0.274175769605078	-0.000261789640812789
0.778182945440476	0.000453105691174351
0.56952321945759	-0.000309058288351238
0.151525976947227	0.000190076409887265
0.581015069220995	0.000380226844609319
0.358271976267687	0.000297410506897283
0.555925703956832	0.000374162658018885
3.2334695012069	0.000901474369603065
0.624116726505194	-0.000466876774061228
0.747657875119067	0.000408299324426189
0.811635270910392	0.000441851543612353
6.66828018252756	0.00128953927437123
1.07130750340859	-0.000554769801526688
0.0714567771711585	-0.00013457080529215
0.0198973733087364	6.40426155876058e-05
0.0280956910803291	-7.20864566458096e-05
0.9058203982544	0.000382083762524608
3.21698458492843	0.000866351660713367
0.0250237391832429	-7.95934127006593e-05
0.342146606405485	0.000299285961504026
0.642456910760582	-0.000409868013281622
0.444049533044213	0.000271010345665852
2.27435979410616	0.000766574801255
0.47275586102381	0.000344728003033739
1.35430132132227	0.000680106238434381
0.0479480377269077	-0.000120628058607218
0.0910515799448765	0.00016963074392028
0.143524408404531	-0.000197682276359951
0.250365698950903	-0.000247259729155052
2.1149562911703	-0.00079048103557229
0.93164173322021	0.000609436172039169
0.526081727322461	0.000302582277624469
0.523572951268553	0.000364920959422601
2.32662871423667	0.000726354227654054
0.0121669080031824	-4.87758291255457e-05
0.498428283968897	0.000346218275249908
1.9689275003754	-0.000710769241003798
0.191730985308101	0.000213864302183256
1.09147942897138	0.000601001371918228
1.37706282771927	-0.000508689457859176
1.71100679550864	0.000551938482693152
0.019819048742647	6.90926082698875e-05
0.564962285545679	0.000428614624796905
4.09249502337663	0.00115413991523802
0.0494329051783189	0.000104092451096134
0.56004398022531	0.000343705890931683
0.464176684924759	0.000335713826252751
0.0352776408983704	-7.56928494587903e-05
5.4033530067623	0.0010579343903158
1.059266531492	0.000486457376489505
0.412939614803943	0.000255084034435081
0.028630463811764	8.31583944196791e-05
0.71433889324756	0.000400775126994702
0.0691980601037183	-0.00012926367977116
1.1880005698164	0.000533930639309672
0.917020951587889	0.000472207279786048
0.0513303616377351	0.00010790764299399
0.0387295131533504	9.09421913096557e-05
0.055054253153955	0.000104632138089752
3.06218507206274	0.00076741264784157
0.0175049464697777	-6.30223979108382e-05
0.260147266801964	0.000231861066484837
0.0729924622624495	0.000152507900002833
2.50611009863413	0.000697828317541282
1.51957367446061	0.000575257209135329
0.0124181805404317	5.02168204986453e-05
0.0347701565173072	0.000102574798729976
1.64970928654197	0.000608021440586697
2.55811223339671	0.000822418733021976
0.378890478914899	0.000313187976638055
0.00703792330896815	3.7126956525709e-05
0.171853303147581	-0.00018858740859907
0.0628362406839921	0.000120582293052613
0.636511549186453	0.000376669706533988
1.58820449009116	0.000520754553142006
0.153646308862291	0.00018420199051139
0.164428176063294	0.000168543407386817
6.23948569644471	0.00123298048433644
1.33694482712308	0.00060756955835134
0.0847322208309693	0.00015608435091712
0.0510317193689873	-0.000110564785807459
0.195468302752808	0.000190997660900507
0.617341030553011	0.000400248563591566
0.00468917182355356	3.23912899374013e-05
0.387108228705135	0.000255364843601527
0.0450261411989861	8.44363651237709e-05
0.241762922941869	0.000245447510747137
0.511174288162244	0.000417722992794135
0.166036490562837	0.000181218683248138
0.140773173265838	0.0002067048675954
0.0943194852912526	0.000130159754518472
0.107756644709463	0.000176993171846207
1.73226021287905	0.000611757080055092
4.27168295838335	0.00104994057376223
2.07020036554748	0.000695679675694256
5.21830020922925	0.00141878003152358
0.147602854252167	-0.0001605633848086
0.642070999100343	0.000460922437026439
0.0206429661544045	6.87858875314094e-05
0.834755461330939	0.000434551112304892
1.04255305919575	0.000558453485577808
5.64387435382596	0.00106902030219756
0.169113515855696	-0.000216656028178211
5.36763976456004	0.00113993735942721
0.00292598821066132	2.6936161113314e-05
1.37601353120327	0.000564271874161348
0.54997984529685	0.00037580652850154
0.45251101224237	0.000344279690362636
5.39620820222567	-0.00131123822634689
0.303064144396328	0.000238281258846601
1.83578925142866	0.000692983705858575
7.43922617808227	0.00105005017801553
0.57020292197266	0.000403712780050242
2.06255366223303	0.000859907998588177
0.467313949964985	0.000380303787412175
0.730725728384111	0.000486649521497846
1.32344076487137	0.000598752643614012
0.148249907335455	-0.000211368636745547
0.108727805983611	-0.000188237156324798
2.58291780269937	0.000853050497338442
0.0118162638389517	4.87088398803791e-05
0.284679834674943	0.000264548276693888
1.72526330767982	0.000612378707419522
3.44627358344388	0.000983021318162967
1.65302029874773	0.000655727418392178
0.196651679550874	0.000224047259062557
0.344488161694765	0.000295960570031089
0.852843369347491	0.000495451433622723
0.817245395144379	0.000446034119033949
0.040249117869123	-9.66673877594026e-05
0.225000292017168	0.000220040085860992
0.0733606240895734	-0.000132532288292664
0.319720278220596	-0.000274756241497776
0.689754317656398	0.000414428057076059
0.104040640827077	-0.000192861218050373
1.18457516726716	0.000577051540351058
0.914193743042398	0.000472357770104855
0.279273404768167	0.000269484612995634
0.0010004430029428	-1.63292435541233e-05
1.45155220491649	0.000535045508537233
0.0510537824245148	-0.000127156025601505
0.627718213938813	0.000369369173163151
0.00762645638408718	4.67923887965525e-05
0.499857758932283	-0.000288292719613793
0.590822172940259	0.000329477270409929
3.71940393687209	0.000739658802887684
1.64206047464013	0.000589467589512373
2.14272339420161	0.000725007100046384
0.0203098305114724	-6.45968789066061e-05
0.692274888467766	-0.00043484969394658
1.91261595021731	-0.000784897291032922
2.40612494087063	0.000728690151049779
2.17957253947057	0.000745893554448706
0.24959778643989	0.000323084848446231
0.617877495531349	-0.000338617812440804
0.0500204261882452	0.000124223599867882
2.68376721145136	0.000858532738265581
0.000420796120659029	-9.6849489339011e-06
3.74269112745732	0.00100170305569837
0.657644433560327	0.000373178194414572
1.36029659445522	0.000466284693195655
1.9622082294876	0.000708609690749499
0.00691360152896686	-4.70107773997725e-05
0.0402661395266199	-9.75819887019098e-05
0.466155139506046	0.000395088838268537
0.111594632549978	0.000175629382363963
0.382073743903282	-0.000320755183096204
1.00648715538609	0.000475396172470369
0.834395746136853	0.000480835281173721
1.25843797814242	-0.000587731080639215
0.825478490407669	0.00048616546039747
3.49625844619376	0.000908579983362948
