R^2	beta
0.647304154418723	0.000146181649507454
0.305190033259814	0.000108488191721418
0.183757834490399	8.16378565760987e-05
0.122624035125744	6.65721046395634e-05
0.169229934263126	0.000110451972219913
0.0242467043269041	3.48178837013967e-05
0.405500150108773	0.00012842572646711
0.538604034553698	-0.000120285810663532
0.0863356455447445	-5.59415918621674e-05
0.979769140870655	0.000198107258186694
0.019336495611226	-2.70624117905772e-05
0.436854559073978	0.00013048576005248
0.282640135137124	-8.1005300553403e-05
1.9681667518905	0.00027896951560508
0.0297901956352599	3.32771194883749e-05
1.14725619461729	0.000196771229812184
1.14240893053654	-0.000161980076351415
0.0148006759282624	-2.3807508583002e-05
11.246924628653	0.000636238110319296
1.06046736948885	0.000223983891189395
2.36405199209473	0.000335789382634147
0.0200201988758278	-3.13707823293943e-05
2.31201837677533	0.00023753748039707
0.665250179317159	0.000144663461026432
0.0105338031808388	2.01869263883617e-05
0.00180625211230614	-7.48872423401202e-06
1.99001015932695	0.000235630648257881
0.391970723732398	-0.000123571813729918
0.0687949104897271	4.66672537910051e-05
0.884057410274279	0.000181143439675554
0.259700615677929	-0.000104282999072069
0.0328602103806259	3.43101751736647e-05
1.38841193885007	0.000291139725945427
0.690674506391414	0.000146983817140642
1.46190512433504	0.00023568365554499
0.0612395461387727	6.03162535111115e-05
0.178573056405115	7.12649167575168e-05
0.912664719456008	-0.00016687251847736
0.727433390091629	0.000154748792678367
0.244297498063659	9.86174154900631e-05
0.884867649200469	0.000186778773048468
2.85415660658396	0.000318287357861733
1.19079912865609	0.000242090979570436
0.686592895910949	-0.000168590858761264
0.0538838274281007	-4.7073563128721e-05
0.924075441247128	0.000220896609208723
0.792285703913986	0.000189063990094274
0.798430897719365	0.000222542253909819
0.00237847881146708	9.13103890050263e-06
2.34119678489707	0.00032658084856617
0.406943612355344	0.000132753964341803
0.782724732621064	0.00019492382270849
0.0311113421152577	2.8829687988603e-05
0.928063158982193	0.000205188730033216
0.806679128145368	0.000162036963980162
0.682437608622722	-0.000135959808417687
0.000498456694537723	-4.30154873074482e-06
1.69984455234296	0.000305665333427389
1.3269558125329	0.000186197804782077
0.0646647953293361	4.04144668696735e-05
0.144984183492711	7.66991075876739e-05
4.02635202903625	0.000420548099785724
0.000112703431375555	1.970270251665e-06
4.72002903874569	0.000381175831989966
0.391326395861527	-0.000102811505311556
0.854099755837266	0.000174648489434134
0.289574382815374	0.000111450521435285
0.107542847169999	5.96532325068725e-05
0.394564034737519	-0.000103893442428096
0.142298099231489	-6.89595062173089e-05
0.034750651566265	3.45123293766753e-05
0.0192311296333454	-2.82138329142073e-05
0.592458202579134	-0.000120467443527492
0.0220323562259964	2.38626282126213e-05
1.57588967566764	-0.000285341726879929
0.394365781461876	0.000150528637579786
2.89269421311205	0.000273119006899992
0.497029769960818	0.00013628349385651
0.480488872114612	0.000128465476687048
0.447537492367533	0.000135942387310058
2.43281051167499	-0.000367708718568641
0.0909024164066395	-5.81976397864755e-05
0.0191085212844083	2.59644323952163e-05
3.85152810876496	0.000374492757343553
0.816756967286767	-0.000143506324131998
0.0163891240317827	-2.31256260277728e-05
0.321375610454915	0.000101710153942813
1.37422782253845	-0.000198803775966994
2.14576108564162	-0.000275769392473356
0.0016319991439544	8.08933458454692e-06
0.454027888588282	0.00012466458179504
0.0529632186029193	-4.43343652056469e-05
2.95336367690953	0.000353197541312518
1.48912317365357	0.000257506967347724
0.252568469018089	0.00010791680757714
1.05197422997825	0.000176462188845604
0.317749231233343	0.000101399701010148
0.124007001040595	-5.69367863642362e-05
4.17977853745209	0.000413657036687655
0.117544912116035	-6.77101053742074e-05
3.02124874620292	-0.000350485314006041
0.562115925036234	0.000153552174192163
0.149028332876102	7.56654758150499e-05
4.52349198988149	0.000447082824392606
0.0225894379485325	-3.05388772745032e-05
0.0219739419203471	-2.30099317230539e-05
4.82224538671877	-0.000414176061657905
2.76130875490642	0.000355792668949292
0.014041615259375	-2.40850681825486e-05
0.0675950650929079	-4.78044214531372e-05
0.674701103027994	0.000199497692166197
0.798634546836294	-0.000173876878787723
2.63187343698758	0.000295178112588858
0.172534587013873	-7.20931705125138e-05
2.47785437040941	0.000360468363941272
0.126098822334062	8.50765103188597e-05
0.153567674361763	-6.96797917808735e-05
0.0161050025844897	2.30213307069209e-05
0.755894420417409	0.000164927979401129
0.627585771876752	0.000141998699704033
0.902731915026382	0.000180407777104095
3.64912164440539	-0.000494210318444113
0.00398503346393217	9.50153603995377e-06
0.864243392681072	0.000198103614831096
0.871826205305989	-0.000216591549455515
0.231313795352513	-0.000107104018625495
0.792993880759041	0.000204814327084156
1.99882840564394	0.000264400385856742
0.0659006717366243	6.17471434650588e-05
1.71628660572496	0.000337665612484156
0.127554088137778	7.66542246558502e-05
0.340580149929087	0.000113714018766492
0.650696667317288	-0.000167175492658166
4.76556127994768	-0.000492148261672911
0.332711358484286	-0.000116435264108926
0.00352323388524725	9.58790730873275e-06
5.24087896496456	-0.000474389068883126
1.41497543803492	0.000189523154989222
1.02543530140008	-0.000185839817259829
2.89607852891288	0.000309585458062767
0.0563298336570243	-4.2270564400989e-05
1.09049635236717	-0.000171319899289807
0.0325663939659808	3.66500084346006e-05
0.666209200442798	0.000152486860880681
0.166878734669596	-5.9814437102248e-05
3.252921531512	0.000379818583473413
1.86927424717071	0.000253635580651371
0.105993557640723	-7.43012074523706e-05
0.233989410712138	-0.000101799516025455
0.0551986596111685	-3.99014258161776e-05
1.61217717817449	0.000288742864156378
1.76037536261299	0.000246451674308398
1.94235996046187	0.000290613679736563
0.455633189122601	-0.000151124778608056
0.000199881767135873	-2.50319574499191e-06
0.548363799562128	-0.00013228015499906
0.000470715812124358	-4.36504010570591e-06
1.04259260807016	0.000225535482185791
0.0498487654749459	4.62755690919814e-05
0.383375754897529	-0.000109971088294214
0.0946962742096342	4.74493906087711e-05
2.05651788014276	0.000302632863849944
0.00641730694217163	-1.36234421640112e-05
0.11106733201411	-6.87313015772553e-05
1.45104897715201	-0.000250880531524498
0.355136013310687	-0.000141312432914051
0.198730953354307	-8.28672384841775e-05
0.142771567919052	-7.35059375991428e-05
1.43643903729652	0.000230723957573296
1.321934504195	0.00026093760263219
1.92706465478767	0.000259264097125208
0.771242799230974	0.000157198941224706
5.17627769467977	-0.000465575575034062
1.45089307833874	0.000255815793830446
0.0430723559396576	-4.03526704003e-05
0.200444358163838	-8.29441378727034e-05
0.00623020056477881	1.66840006940072e-05
0.58955943588959	0.000158065043740286
0.558474976601933	0.000170733870178671
0.647103220683426	0.000128250203514545
0.25379200546164	9.62912209041523e-05
0.0023980199407875	-8.95542818003301e-06
1.13601513283085	0.000234489488838641
1.53066942718725	-0.000183752748949235
0.00986045555276767	1.7750032113736e-05
1.08178921507487	0.000212400321777843
5.78731024626452	0.000462352902776981
3.80950258555008	-0.00039434323747566
2.85361600599269	0.000345543209721241
0.858318872024878	-0.000196896814754612
0.747412762287725	0.000172980489018555
1.08934334180432	0.00019906403691172
0.247952053454357	0.000102676407752219
0.100251545176838	5.2102202513914e-05
0.0757822449075518	-4.78312036378317e-05
0.128566638309735	5.76491226457908e-05
0.845212504615027	0.000184701075343205
2.92381936521221	-0.000330592980809861
0.00350390555848607	1.26238237587475e-05
0.05816696926389	4.49637503138316e-05
0.402544807171692	0.000125904415138936
0.764185319195288	0.000189576933535613
0.618324346190278	-0.000131696752330248
1.73244013322815	0.000230865484251878
0.000107882572355663	-1.50899415731763e-06
1.05205662241916	0.000205538657035252
0.0457226396996561	-4.33894935206124e-05
0.202145837821317	7.77687951797618e-05
1.48297311833399	0.000243398994273829
2.45640703563822	0.000343150771462851
0.00784214664365848	1.27692171089312e-05
0.443491564962214	0.000131827114995263
1.94003012544938	0.000273836599821235
0.0477988613906675	3.79483449912078e-05
1.26447822626816	-0.000233750314581391
3.39904944079346	0.000354037924002169
11.3100574692148	0.000666428953688843
0.252860480433147	7.90628427175323e-05
0.0458409151404913	-4.28148304464459e-05
0.300976406515182	-0.000118225009200434
1.68683542527634	0.00027309635338912
2.8432513342822	0.000310584988305948
0.050848124128131	3.87571551767962e-05
1.90730899479611	0.000308176668062015
1.45060992576693	0.000256762872435263
0.0697554299960001	4.54622527401519e-05
0.111280933425149	6.22758037009764e-05
0.776698422079271	-0.000205521603340181
0.294627930692004	0.000108584571453908
0.329743998828122	-0.000113264260502678
1.91602969107853	0.000225479052332229
0.68761178349469	0.000182497880555561
0.000150433280876989	-2.84598306007966e-06
5.36717954572081	0.000391064715056986
1.35984140873979	0.000163684221174993
3.51942350453986	0.000331860517871374
0.0199305630192493	-2.76979694158631e-05
1.88014141208493	0.000273082819508614
0.0890812482754873	6.24770580257938e-05
3.51597807654513	0.000358619726347946
0.622633432505214	-0.000181487562310395
1.91217440425839	0.000270434043481797
0.277592507210902	9.22729743033065e-05
1.23984388514979	0.00019996233622642
0.0418848449094162	4.20473605521592e-05
0.00329145202649637	-1.19840964349282e-05
0.0382289544425658	3.42882353075507e-05
0.222535111584589	-0.000118473289520075
0.0285666957777783	-3.15866563126878e-05
1.90821081097058	0.000239728944917269
0.446946480896315	0.000122310167576637
1.5383453171761	0.000265527786644268
0.893181145977767	0.000182428188133485
0.184364505100861	-7.82054517244542e-05
0.27748654266846	-9.66539858819907e-05
0.299072340871431	-9.50646011892937e-05
0.0178207865788173	-2.47761145754299e-05
0.0918978139933219	-5.78320318976304e-05
1.73010582960607	-0.000246960062126714
0.0839864354593106	5.00715090706926e-05
0.361772064415171	0.000131035392749835
0.0171802226857097	-2.57182988464486e-05
1.48615355022659	0.000183356442173175
0.456891590039812	0.000150658513923305
0.0724512210183998	6.04917693211849e-05
0.0400816497442046	3.91185414192792e-05
0.436459797112729	-0.000126475385920978
0.810252703094106	-0.000219394262418172
0.0629274411467158	5.11943162902143e-05
0.160881738107976	-9.75172125548282e-05
0.13480213943912	8.20584182258932e-05
2.52483599548279	0.000283448729169807
0.0269043551465359	2.61603363848748e-05
0.0232171307361184	-2.52523405448638e-05
0.011445498043857	-1.86365968712107e-05
1.20722455682243	0.000180773340008133
0.064072065936839	5.15434574796833e-05
0.151860386351975	-8.90269214246265e-05
0.0421221011538729	-4.24339263462775e-05
2.68863838020731	0.000328361536284961
2.66001290992807	0.000330004818166623
0.0300347294239924	-3.56036436267674e-05
2.77911032138976	0.000263818569991506
0.139708495625357	-6.0591500321312e-05
0.256346805461468	-7.46926088727696e-05
1.52682486982786	0.000267245502508084
3.82818545092043	-0.000319632364426815
0.170578937766512	-7.09630390883186e-05
0.0116279445116978	-1.93064733438107e-05
0.0567526228138614	4.44470240055224e-05
0.0481142016539803	-4.81582312081453e-05
7.25941088047301	0.00059550784303665
0.799793266568174	0.000181092742244778
0.393541075285182	-0.000116377254699127
0.850406018538897	0.000145640166873522
0.872987688834003	0.000185438694532485
0.261213699800143	-9.53366839750323e-05
0.0412254381527419	5.12636520446812e-05
0.0147051118623971	2.37044063624631e-05
1.61408708895791	0.000259614429939293
3.60744614153542	-0.000431418539160761
2.44325374325443	0.000282396368411899
7.63168558892287	0.000465996191609297
2.28749791249364	0.000328852706336265
0.257474368854093	-8.51405826961499e-05
0.036756825985894	-4.51454679453875e-05
0.41301896971655	-0.000150967454435797
2.46835524134159	0.000364452455704439
0.411912264013997	0.0001217557345128
2.9816521851694	0.000394741430520626
0.374738686732776	-0.000119439037028214
2.60414707591979	0.000317724227602162
0.000116539245712863	-2.10318289251653e-06
3.44170665909452	0.000335610497201133
3.18688021797895	0.00038938948962862
0.0266752397341093	-3.45138938880563e-05
0.218979027869474	-6.80464171593924e-05
1.60625031875988	-0.000242147862962376
0.0515076127968062	4.96451301741553e-05
5.26132181462234	-0.000397117732751223
0.0830707563376425	5.18953337854373e-05
0.0831902223486536	-6.13017129018264e-05
0.520192794141137	0.000122276054486883
0.192943625619792	-8.67269737751748e-05
0.143041847484168	6.41154165841351e-05
1.50532277276002	0.000236701347813277
0.0593109103284149	-4.81447592244012e-05
0.031509867427933	-3.01140597086023e-05
0.0519264556113488	3.7634840699975e-05
0.036454623891668	-3.98656667459889e-05
2.93914636904056	0.000334097993859088
0.829632311449755	-0.000150599255818424
0.797394656244392	0.00016759452469015
0.00783111386074896	-2.05160008658464e-05
0.112485591456709	6.85921822625465e-05
0.982128267179475	0.000211871013553091
0.326330858324065	-0.000107445139515886
0.663008187978763	0.000160223122761343
0.961005383569387	0.000195160084268223
0.127058752994297	6.74185072076677e-05
0.993334060435306	0.000158350126336223
0.389072754944267	-0.000112181897539531
0.228292361823336	-9.7664957361767e-05
1.8066978206283	0.000316258457416828
3.69115447404828	0.000353718143020438
0.00150248253585374	-7.57396573751979e-06
1.85162235828049	0.000215411138104646
1.65963289739383	0.000276852107773396
0.0094168692442567	-2.02190263607938e-05
0.0782661337401709	5.16111848202717e-05
0.181551583983232	7.10392919252478e-05
0.239451269608375	-0.000125097552779003
0.246686962815294	-9.58732520362999e-05
0.0391874189895581	-3.18859511634266e-05
0.00528965514107109	-1.1708447380274e-05
0.403330924051705	0.000143401382527582
0.159555769770946	-6.68427232779557e-05
5.44594136771839	0.000538905509491404
0.108986070259046	-8.62118778911064e-05
0.0310037547168219	-3.25502953820893e-05
1.93885418626112	0.000280341350909281
2.29286924105182	0.000252945973438952
0.332111370958274	0.000114584537523397
10.2289083002091	0.000524608048151688
0.0981987153545403	-7.34587921109459e-05
0.789788796101748	0.000137606416175222
0.119537168483858	-8.24625875122333e-05
3.34298028883511e-07	1.19845136594571e-07
2.05805664147694	0.000301768430347003
0.264807863462031	-8.23110724768037e-05
1.18569560038184	0.00019860100612707
0.587400568687926	-0.000134612900113177
0.594045045019241	-0.00014000073280734
0.189452729859722	-8.96576933386248e-05
0.366482265179053	0.000120487684735231
0.474994875273817	0.000164094958224961
0.617834331581779	0.000135631719897016
0.471793858551081	-0.000144594356110587
0.0102957293302625	-1.87377561162514e-05
0.621238521083776	0.000157512425358067
1.14379643686699	-0.000260753659640801
0.0343333574181016	-3.78071193334635e-05
0.478536216212134	-0.000143091239960786
0.014971910372964	2.20375699351299e-05
0.0930542457197082	-6.62968614199749e-05
0.00773383569919042	1.80663459117004e-05
0.0743507747304395	5.85322618106662e-05
0.118956382685965	-6.54970331958166e-05
0.270933474934728	9.45356918327007e-05
0.068741058970591	-5.80830329335895e-05
0.0516843043477894	-4.31570812526306e-05
0.272841000810346	0.000103371076187294
0.381192682381677	0.000120435737327653
0.29778529280182	0.000111572049672224
4.20947605417331	0.000304962566781602
7.99798706921734	0.000576552482107838
1.09703201653109	0.000165850729228137
0.0548156076429814	3.67713690986423e-05
0.0824926751512351	-5.28320007100941e-05
0.0355514995024252	3.47532657231591e-05
1.43472368679684	0.000225164707207945
0.125357635200297	-6.20605077253148e-05
0.2773956516785	9.72980822725282e-05
0.000543134888413573	-4.92544408715378e-06
0.0583964493791674	-5.76412348406998e-05
0.0676519373594157	5.13601284693801e-05
0.418349958702613	0.000132412341082638
4.13140179171965	-0.0005194656345609
0.685600743517305	-0.000185984835756306
3.31002763347234	0.000381399260346362
2.67192334435253	0.000293091913169722
0.80727551483093	-0.000134086291194006
0.478549369791045	0.000121695988072771
2.61088298478809	0.00028283131478622
0.930503857357556	0.000196379618442806
0.00881098115532576	1.89726684587363e-05
0.516644214149921	0.000128164742741502
0.708410352547296	-0.000167361803485874
0.0259128118801299	-2.57557572387985e-05
1.17555245403622	-0.000231805113902356
0.261833513789929	9.64771438225824e-05
0.0247850943790773	2.80304251877281e-05
0.345409848285926	0.000138162634655692
0.676689879529006	0.00016667035669085
0.470865241416514	0.000124961726900976
0.442324211709544	-0.000132683958803212
0.842591133369008	0.00019672780657488
0.337096642670352	-0.000108316512826636
0.0235115844970065	3.1809047520873e-05
0.108348261526447	-7.93420243940497e-05
0.102950495566078	5.53838984697971e-05
0.000499027954366715	-4.38222386067702e-06
0.308801046719075	0.000115098802457855
6.41489675072506	0.000519696835554762
0.496772581517748	0.000171880014802511
3.07206978812788	0.000345530356137552
3.84682794894441	0.000416805565253352
3.25166651648661	0.000415643037443463
0.458048487877985	-0.000109979206628491
3.35676049491769	0.000416857958687091
0.26649086385255	-0.000102579808890041
0.221768568830272	7.92340285579098e-05
0.318639120345975	0.000107805023891869
0.773938528729589	0.000181862668782901
0.142431174160218	-6.51519541237784e-05
0.00239660310882108	8.87757969252197e-06
2.94871982428423	-0.000372604773355379
0.0237734524883733	2.33245248727416e-05
0.229399729650805	0.000111597655913014
0.766213593736892	0.00018109138580478
1.08531729130175	0.00022557879151233
0.972074151909368	-0.000188272715081184
2.94721130191569	0.000308956540355807
0.0171931934209059	-2.16500649204235e-05
0.794979935696368	-0.000176991616356057
0.103817191737342	-7.10414582928766e-05
0.0257310374066476	2.82209221613458e-05
0.695342265594302	0.000176533591076631
1.64835561719694	0.000192923409393109
1.04258463306126	0.000191004861669701
1.88532455440056	0.000239198734787491
0.401494826882906	0.000145797887684275
0.000494033483341616	4.57419372501741e-06
0.150610786536321	6.47733499246724e-05
0.333328259120669	0.000136625511709478
0.132641785446345	6.18369070289344e-05
6.18790063968859	0.000488686369671495
0.72775016394632	-0.0001523500491125
0.159929260929554	-6.42694652451219e-05
6.40673999026309	0.000459061840452558
0.0707674796630631	-5.52622867059974e-05
0.161493016152978	7.32041493036988e-05
0.0189956418682245	2.43561970328629e-05
0.408958495808822	0.000121350448360373
0.0531467683980792	-4.44458800086974e-05
0.346001023104874	0.000120592627086909
2.67569205611276	0.000405343774247776
0.0313969204396049	3.65897714940303e-05
1.34437392105696	0.000207423497551409
0.0153809854575593	1.98960776084999e-05
0.0341457393334891	-4.63236038435269e-05
0.645526409698643	0.00014195913918053
1.4299263190055	0.000233217190740015
0.126929599677895	-7.38995097430876e-05
0.283609301013085	-8.90799332177048e-05
1.05337894801454	0.000185476305067914
0.503750719608732	0.000149680689383768
0.273931494091302	-9.76471274493319e-05
0.385062000566602	-0.000122369617321735
0.164482735548201	8.34952876888017e-05
1.95956488144854	0.000279158616796841
0.0764413464790821	5.38318930084241e-05
0.65853833781415	0.000159642955097311
3.33775475858455	0.000288409529257133
0.0304452417516164	-3.46348152837139e-05
3.0024490102456	-0.000295362189286483
0.593512249517458	-0.000167017861134164
1.18041560454956	-0.000176241805646299
0.00703308864617624	1.57412843916541e-05
0.171809903789348	8.00322051489067e-05
4.53759553285824	0.000308516680056435
0.193874358330771	7.22415059084372e-05
0.0211496367468045	-2.84598498080507e-05
0.812858868263862	0.000149105434429596
0.00121022042693473	6.97584860086554e-06
0.0187311057734462	-2.68116375597508e-05
1.22038864922867	0.000203382270003729
0.554451586365251	0.000166947521281659
0.0724500345527523	6.97687464192646e-05
0.013836712765003	-2.01292002126695e-05
0.760235739177159	-0.000159367217841707
0.253335361255817	-0.000107348523856982
0.115771181448134	-6.31500586345316e-05
0.0337373086199764	3.41140538721303e-05
0.958580876172134	0.000193957304710347
0.752248036405348	0.000172410749239463
1.21109920650074	0.000194890702983087
0.758554872137825	0.000142603574531447
0.87322862164796	0.000144834009897457
0.872889221046105	0.000184384158513575
0.309717427272776	0.000105229373456894
0.933773376020649	0.000183896433031668
0.519209659945599	0.000110905487082065
0.546299078265955	0.000154820857592349
1.12554963291434	-0.000217739725995192
0.232143767018859	-9.38318326127906e-05
4.26602393536099	0.000365471583901104
0.0159383535260601	2.65020279568995e-05
0.627860372001417	0.000139985460511321
0.0139451989974894	2.15480708607014e-05
4.94316092613344	0.000464531130717325
0.0519299129732428	-4.60729893791361e-05
5.65763366938555	0.000464541235404727
0.406722497472496	-9.42986130916351e-05
0.498309970779146	0.000135409781670326
1.214771511345	0.000261448310850303
4.53251287410592	-0.000387228294588705
0.0521132561709207	-5.23627993242466e-05
0.0973155875890849	5.62229799822449e-05
1.37205540385991	-0.000287519994422552
0.0715630451638824	6.05414252679438e-05
1.03614682017903	-0.00015836926809202
0.893273265803422	0.0001708961332083
2.57935634771412e-05	-1.09305105920781e-06
0.061535212475831	-4.2938465278443e-05
0.265204898976316	0.000103238392310473
0.000155312162122806	2.88166795790026e-06
0.0221334205162065	-2.91684509681357e-05
0.99608774563035	0.000200298243978385
0.575437685128887	0.000130150000586524
0.486112209705701	-0.000147434106028899
2.78800668556817	0.0002879517913593
2.17869167421502	0.000263301384212544
1.85423247737031	0.000244397281929126
0.371012041904515	0.000130609018991634
0.430532614544898	-0.000124560002362797
0.870972206826615	0.000176220018565439
0.352945392541347	0.000121768684933732
4.41201083144607	0.000424279062451266
0.409034318384234	-0.000116820010157808
0.153990199734337	9.28189767616486e-05
0.319346891744496	0.000118697372829669
0.136656074630572	-6.04402657841342e-05
0.175178707499534	-8.62773764147026e-05
2.19683501033222	0.000356828822603162
7.29287614978416	0.000518571973180408
0.562852752022939	0.000125086980510669
3.10806543190207	0.000303137284831164
4.36611873593276	0.000468126935881138
2.58650987208949	0.000314349893517964
0.780855951406593	0.000136816596608335
2.54393606645978	0.000293886353881217
0.181176990839127	8.03955347625547e-05
1.9468618621596	0.00029865624009283
0.375548361366889	-0.000123561068357791
0.338421379194162	0.00013000240552405
3.42147542758755	-0.000330303829265729
2.11059988854306	-0.000305808612924561
4.32600842585017	0.000383897098772185
1.94612683061472	0.000242414677408582
0.965549162565196	0.000257559922879923
0.00842985140110427	-1.83331434746119e-05
0.0332088575310612	-3.44313557029981e-05
0.995340735922837	0.000238487919847695
0.00630994676967847	1.28387634659519e-05
0.0306718908931818	-3.73967442600321e-05
2.80961047053589	0.000344848958955268
4.20472975839624	0.000384859708371106
2.58810867894709	0.000350048844384113
1.79251959567429	0.000295973233494288
0.422191545039292	-0.000138229554479824
3.28016151986728	-0.000402934522738917
2.07885705306566	-0.000267894253390767
1.68967426482956	-0.000292738071091843
0.531302890554697	0.000137682322725451
2.46753937909862	0.000311514295784154
0.00592205438247021	1.5407621980352e-05
1.33229724376301	0.000290940688990697
1.77164854022518	0.000226793817371848
4.78501871933528e-05	1.15093961041386e-06
0.00799310588936135	-1.4727859707e-05
0.258705526283592	9.63577511668892e-05
0.00852724326687413	1.7759509437857e-05
4.54528893615215	0.000383789400635018
1.25050446144434	-0.000261913544021267
1.14220643152316	0.000166090581244804
2.5763842415772	-0.000338689408310182
1.36821635780087	0.000219512096606969
0.437944655109604	-0.000121315913425986
0.218559512588004	8.51607667128952e-05
1.16469590957637	0.000174322653610572
0.0365699181538399	-3.85109016044979e-05
1.44313325740354	-0.000252969574863524
4.45339434174823	0.000429328937121571
0.76542654664551	-0.000159292857837839
1.80442403166908	0.000238269728941634
0.56445301461334	-0.000172402964484855
0.89418037361173	-0.000164049604295237
6.58169937023153	0.000488184911424623
0.331998159364394	0.000113871660158797
1.13154010733009	0.000191169899837167
0.241513366581942	7.49715238462186e-05
2.16385267356196	-0.000259056388629758
0.00114607472104102	6.81793197550314e-06
0.0234304229538861	-2.73602514057185e-05
2.80535454499711	-0.00032054633003169
0.217225237650762	-7.63976310845202e-05
2.45019767040564	0.000305983338736344
0.101079690524912	-5.47075059670932e-05
0.279034569001068	-8.42903126605847e-05
0.572178245952783	-0.000175262450486344
16.3566181491864	0.000969265331538467
0.933273525911273	0.000210412122142702
0.293070882374031	-0.00011512715446391
4.07360159454352	0.000419762465975434
0.0159498726495587	-2.21589400534949e-05
0.381616944778282	0.000121692536294789
0.122144327751587	6.17395292818347e-05
0.434131538132687	-0.000120839813208034
0.0470427512027205	4.28732552404017e-05
0.190795737746594	-8.01157608854023e-05
0.0483570404422939	4.84515978500209e-05
0.0249120743243864	2.82001884765219e-05
0.124186500223606	6.54966118515173e-05
3.78569820356756	0.000397177890095542
1.64514886983056	0.000255077923013683
7.47987435094261	0.000432358110662945
0.444251826520751	-0.000141148238295412
1.42451699951763	0.000272432058396831
0.0175740840812143	2.52434471848685e-05
3.30679248783341	0.000376682393943894
1.44631492839716	0.000236906140080184
0.274023954648016	8.80564728241158e-05
0.0998481238812178	5.91325968602779e-05
0.0156307336168877	-2.16150925300464e-05
0.176534213085996	-9.07987989690952e-05
8.3960039630106	-0.000636775535126553
0.1550445273321	7.28062779590045e-05
0.00122283744464744	5.26353565226206e-06
0.170785789446829	-7.11959453792278e-05
0.348155187544195	-0.000127788382308597
2.05732578715876	0.000263927944759015
1.97657687025876	0.000340391728079504
0.460549781578842	0.00013411223745578
2.54567343479593	0.000419343286607618
1.4317281815518	-0.000226662110620845
2.11676357840234	0.00033150368174376
1.93552489696224	0.000277617723041315
0.649184039602051	0.000169757678964674
0.120011495191078	5.43326270654653e-05
0.0887460481788027	-5.4231357156062e-05
1.00656792718177	0.000178332247591677
0.739149020667987	-0.000173955372853589
0.889019893524369	-0.000176367331622652
0.317831904141491	0.000120737209985842
1.73502874515734	-0.000242952268944747
3.67478885638679	0.000317889406275325
0.621961027199601	-0.000135748896917381
3.00813973180146	-0.000347136188051952
0.920606855030093	-0.000184316790119684
0.270868697282289	0.000100297640930501
1.17538143759694	0.000232571274836104
0.536337597368272	0.000151627086744959
1.01884818330347	-0.000196441507267345
0.0375567870612469	3.5285729346359e-05
0.279383772991113	9.34865713562548e-05
0.00562406946215909	1.56004383972826e-05
1.41467829573932	0.000205540198062344
0.769472484049259	-0.000155012414983645
4.27420145857764	0.00041540806758626
0.014050301891641	1.83766565091076e-05
0.351212994581475	0.00010382004918956
0.193652387639617	9.65197551044122e-05
1.64256623307295	0.000269928544770246
0.995513757558125	-0.000157885351377481
0.328413506224993	0.000102853806077694
2.45747116870694	-0.000359923787647645
3.2294383660767	-0.000362171546104295
2.32514490555759	0.000285165554179587
0.144846633658622	7.6604860242897e-05
2.64116320115667	0.000275416512223132
0.0711495194251272	4.79159107788431e-05
0.0138769948855543	2.45016140099787e-05
1.14926185735816	-0.000199311943740887
0.00428336482713934	1.17656750626168e-05
0.0547878788698482	-4.47609770308454e-05
0.0581627016394622	4.63710456549113e-05
0.929732247686422	-0.000194121646310409
0.00947354038165186	2.2490991416563e-05
1.92823840095629	0.000294226562662889
3.16395651629052	-0.000329236483203921
1.71460579172413	0.000245917744014965
0.118748230936081	7.3791866993862e-05
0.762912209799865	0.000158477212977973
0.00504485334443803	1.56700659655971e-05
1.77715582583317	0.000274869372268896
0.313874920411476	-0.000128435710443673
0.0121024255290525	2.18751794200841e-05
0.872718804964762	-0.000153804579570806
0.481685274428244	0.000139460247715213
0.0168215757756091	2.56817068070936e-05
0.15238613721408	-6.77307713086726e-05
0.0477963581628497	4.25881438329739e-05
0.219198159995626	-9.30725304344876e-05
0.406390634646919	-0.000120439466640848
0.59350477832868	0.000133466036877833
0.117595425432285	-6.92609061387692e-05
0.0940904427396877	5.80203427815342e-05
0.0171397894139907	2.26138578038225e-05
0.166709442530843	8.15458683722674e-05
0.698306917418324	0.000180059789718074
0.337903304984527	-0.000118559891386441
2.30832270360835	0.000271763551434142
3.96468381159298	0.000398731655722871
0.00988160074442073	-1.79419594061699e-05
0.084035715897108	5.59804820394581e-05
1.95071539314575	0.000309735169065844
0.460320587640877	0.000120407342317179
0.0532951154652524	-4.57604363468584e-05
0.0226250921421746	-3.25208144882276e-05
4.13704924648878	0.000477395626798751
0.359804950130915	0.000134864325868223
5.16466425484317	0.000612945003743604
0.0284642314849019	-3.45905214661006e-05
4.51779227793211	0.000431607593606702
2.49593407460316	-0.000261548853385744
0.310813470536581	9.01317167621685e-05
0.033574367489255	3.68820689001499e-05
2.91598986345104	0.000349195704982273
1.33844136901182	-0.000257320086789166
1.9270596705943	-0.000263418894377682
0.00406254658915722	-1.21755920788097e-05
0.00303802648010007	1.00337291306169e-05
0.717499758170808	-0.000174461933151474
2.17039601560455	0.000389940095635437
1.49397219926537	-0.000246457948524702
0.751625758541818	-0.000161748915683846
0.795452234387622	0.000150106952814337
1.83022748229863	0.000307273799634215
0.651397133242521	0.000158678818955766
0.0243591618273111	-2.65444760107023e-05
0.592775357948661	-0.000124001664876619
1.51047625801201	0.000250751977377515
1.67793511760097	-0.000273891517169301
0.0091352759555382	1.82192005193303e-05
0.203359736818103	9.14141472801601e-05
1.29248177499587	-0.000241168037930251
7.43168201427583	0.000542442937012811
0.636644379740747	0.00013620689706228
1.43472439817103	-0.000248749716667027
1.97327490914449	0.000273416094640416
0.901735482211087	0.0001805875902955
0.0441783014786614	-4.60170065917146e-05
0.0956547159895533	6.00820796157518e-05
0.07606173493637	5.47805940620045e-05
0.0173523604701877	2.25727655731664e-05
0.847892810415011	0.00018984668148379
0.0869429572486563	-4.74028611168298e-05
2.26481574415632	0.000318684354287087
0.117721847887239	6.55773775730497e-05
2.29318167170345	0.000275931674792238
2.73733125171162	0.000278278065776961
0.0132131533628971	-2.40179898875545e-05
0.09941489170316	6.36939272181594e-05
2.16415882781264	-0.000275970385643939
0.197605540328694	9.68892125759404e-05
3.4835741354175	0.000421516437912796
0.0303857357023233	3.11349301135837e-05
2.51300935327742	0.000278150877806465
0.0364623794451513	-3.82185253387538e-05
0.331478108807763	0.000115925508018478
0.00808491373365799	-2.0500320876638e-05
5.02066868634114	0.000433420856163674
0.232475483759623	-9.12839077075937e-05
0.0853105415334101	4.50209829314337e-05
0.278561505819421	9.37241163267258e-05
0.552193181684946	0.000151067332393819
0.740092169339174	0.000189912631962697
12.316527610135	0.000753463696823626
0.0586133904885359	-4.27755552566055e-05
3.21583781750264	-0.000288443640875356
0.0420088706271865	3.39763035875952e-05
0.880869538188464	0.000157814710199867
1.40952104872338	-0.000258848371233875
0.00998638922780664	-1.87060288078754e-05
0.003692980419605	-1.29816738545193e-05
0.307415846436975	0.000110248056313316
0.00698186891456113	1.76393573959104e-05
8.2877663203254	-0.000602021690836887
0.124851733810457	7.47594509012348e-05
0.928621734725087	0.000187382784792929
0.486706393805247	0.000149332719802233
0.650355308637368	0.00016623556587607
0.233955126009089	-7.87563036750425e-05
0.475038822840468	0.000127038996289356
0.00775991646652611	1.80030370419826e-05
7.50979501935348	0.00052710213303353
0.609919371258271	-0.000135143737198975
3.06528783243188	-0.000406250238539679
0.00111253404907235	6.18984267667507e-06
0.00601343245015424	-1.2700456668838e-05
0.0126046643267808	-2.0500009007457e-05
0.00348760329117789	-8.93067707651715e-06
0.449360567856298	0.000126858935851805
0.0157914297768041	-2.90145107223893e-05
0.277684043538991	-9.81168337574569e-05
0.510436070579404	-0.000162004473985983
0.114976420376365	7.11506706857909e-05
0.288290956094839	0.000106066050452713
0.0145920149700744	-1.98409593342901e-05
0.648379052921235	-0.000166825654490736
2.48345765271113	0.000272148620358141
0.743693577874963	0.000206303325673235
2.26078360776212	0.000273507395668631
2.09478796872848	0.000246407302846917
0.199732331888782	7.80901933616485e-05
1.31740604723654	-0.000208471993690338
0.702800815692481	-0.000150801004111393
4.39422029766004	-0.000474886969969298
2.26035395156222	-0.000406089110947774
0.261972251362024	0.000110852800898791
0.0384567179104886	3.58257594243375e-05
1.01642876516553	-0.000231376366587603
0.0377262209196785	-3.55453053042795e-05
0.210636270084224	9.71477154053202e-05
0.470540671935861	-0.000133537906101414
1.58757830813893	0.000232866123864861
0.0096744782401796	1.9471882955881e-05
1.06865551294064	0.000176624834913543
0.0840294576142341	6.03149363149182e-05
0.529502907594538	-0.000179341061349799
0.113230887763534	6.23607789828809e-05
0.62690462642229	0.000157531275058991
1.28102790796415	-0.000200081708319789
0.546950227865353	0.000160100274483097
2.87504854584452	0.00034467261651624
9.25828086952795	0.000591598756334206
0.151156185068973	8.00068012228518e-05
0.114406659953638	6.32985463611558e-05
0.6123083110801	0.00014744258246356
0.5844659789143	0.000151868258812205
0.00454568929147035	1.31757817421609e-05
0.0215085482297487	3.28456928999898e-05
1.84594166651309	0.000279424744694619
1.67662481157688	0.00024051740963478
6.07855319374684	0.000478231150982612
0.460417394568615	0.000122959635688442
2.87965955466014	0.00033809264429509
3.02866249592877	0.000343134104587321
1.83775474859452	-0.000201138345389311
2.06744762589631	0.000340319830338257
0.333921579913743	-0.000101814280329501
1.23065368111486	0.000201281533812098
1.35068732387624	0.000295692694731857
0.0187700119504396	2.00097753141355e-05
0.0936033465228113	6.0309461665236e-05
5.16758828099094	-0.000410183814598759
1.52221142040673	0.00020300644704997
0.00356948846941377	1.41875956238876e-05
1.25737123685966	0.000292389351654281
0.0802337551095175	5.42756140976565e-05
0.180115521557166	8.59286548357576e-05
0.61329155071595	0.000151711303553031
0.101557370722216	5.91791831821931e-05
0.143609603642712	6.29860298887347e-05
0.519623250809993	-0.00013691854675883
0.445980642044655	0.000127792079582669
0.98303157247282	0.000203820794055254
0.801310546496322	-0.000159667674314163
0.147566370479018	8.06043578769459e-05
0.350717525377482	0.00011819020713396
0.0845058586671081	4.28354040800757e-05
0.729398526728139	-0.00015054890543438
0.303370108228266	7.92669107910103e-05
2.61399974505564	0.000367721869253128
0.00471954413455554	1.47217142975696e-05
1.22903706988129	0.000226869345019883
0.229283408893171	-9.8417769242534e-05
1.62335940325356	0.000277416771547343
0.000235886802649088	3.02214109172518e-06
0.25323347485885	7.6093279140347e-05
3.14539537498148	-0.000340740181876637
2.39216609598479	0.000313543943628951
0.191679258212333	-6.68354591554463e-05
1.24511376605845	-0.00023230257495131
1.93602662190565	0.000300132019296807
0.244355148071444	-0.000105959742136696
0.872428962469494	-0.000184370985352043
1.60594832383903	0.000244263358570363
0.619117419951592	0.00016185535197149
0.638386375948415	0.000163603711266826
1.89691858436168	0.000260200971326237
0.266013727905776	-8.98690849396979e-05
0.111824712821814	-5.90709436296095e-05
0.958802609969326	0.00015495195935917
1.88215027678159	0.000263182153279028
4.55731685162053	0.0005335237147697
4.66082507796581	0.000482353957195952
0.883473041441368	0.000172798142826413
0.925218181088338	-0.000190499867013669
0.000300821824390146	2.90405972912863e-06
0.00116949419625853	8.6781008115883e-06
1.15186463657121	-0.000225428892271953
1.91387736260672	0.000243894557806569
1.64780233806762	0.000206333312649532
2.45881935258435	0.000348807639954448
1.38044344873738	-0.000203317287063557
3.52250365477778	-0.000370505517478094
1.1113567969249	-0.000198429182078421
2.06409893200431	0.000293646825647325
3.35901423678779	0.000373053315351197
4.14829889084106	0.000388680542112278
0.518574862313206	-0.000140908902076408
0.278382768293004	8.73113392048417e-05
0.867518927108038	0.000182752000241916
0.0394617838248814	-3.86003062965905e-05
5.2160989282186	0.000469001156023693
0.864928657968546	0.000153863814548607
0.14672779599024	6.39833885238505e-05
0.343440690702482	0.000100756392067168
0.0163841236020743	-2.80606823314689e-05
0.0105557064467914	1.60730992516596e-05
0.986501637965766	0.000189351169364274
0.268687968943254	9.82243318739433e-05
0.641065752978742	0.000148938260051136
6.8070367592668	-0.000620391455396143
0.001055865112467	6.97401424900758e-06
1.3213095732656	0.000194003881822579
0.415044896214579	-0.000119923785185873
0.00337701588251538	-1.43970068152388e-05
0.228978868007939	8.14979766468405e-05
0.965469647422944	-0.000217690868708913
2.03841160578502	0.00029024935948725
1.12693088957433	0.000246200005983783
0.0291800134994023	-2.91888595020859e-05
0.139323213146359	7.13367857453198e-05
3.41713954368089	0.000353844632069598
1.21604924898275	0.000223962976599829
0.0639417568472302	-4.00923493993785e-05
0.164017164682732	6.3194459798807e-05
0.0824329237396264	4.82583092145023e-05
0.190845941657148	-7.20224766830247e-05
0.40238424909855	0.000125564088274057
2.67780843701539	0.000314941817379646
2.50484264077906	0.000381297491288915
4.22500424429231	0.00044564119785643
3.10461993414809	0.000363243451048234
0.102330599678242	6.98119940196311e-05
0.211647266087582	7.88005523098692e-05
1.6073292708831	0.00022477365665453
0.0474618599199729	4.03359071289324e-05
2.93232030594625	-0.000372488004194689
0.355698297560893	0.000123597094151157
0.510739657637764	-0.0001252073042407
2.36649770687365	0.000306352003109908
0.961468643922931	-0.000175003377400073
3.90289958369151	-0.000399865828965659
0.193910325663214	9.67258230755846e-05
0.00209981548262597	-8.99076809389318e-06
0.275226444796648	9.10324453660314e-05
0.00016839252270478	-3.10406486579022e-06
0.0599603214624452	4.72713811365727e-05
0.0293866022957459	3.2454635103727e-05
0.383792568653505	0.000105003691798937
0.0254258192412874	3.48491762533573e-05
2.42704322812624	0.000292613620816284
0.000420878267823332	-4.56521593290965e-06
0.326616752887246	-0.0001120350443169
0.0187210054926332	-3.03603352435574e-05
0.95563120729079	0.000170319474361315
2.80808306760631	0.000382108976181474
0.642217921288548	0.000187005657427734
6.13700908936523	0.000506202237956235
0.390212746324839	-0.00012027427189395
0.947369558070399	0.000214408937138228
0.758489635852437	-0.000165719474951155
0.108123992837766	-6.59702665899593e-05
0.234848293042446	-0.000137590847531821
0.0437072743646115	-4.23813421733582e-05
1.04563709487262	0.000224142518912834
