R^2	beta
1.77623098690576	-0.00252428883906384
1.8744609600713	-0.00379099637603163
3.98010004149024	-0.00373379180440309
2.7612061536689	-0.00387827185007993
0.288088840026435	-0.00133115259598398
9.45936121196521	-0.00578567004001254
2.97527755334292	-0.00346184683784624
1.94074219580844	-0.00215394688857715
0.91352326177924	-0.00233829106989527
0.0622841207687664	-0.000474950416527769
0.0601597193306713	-0.000440333728345959
3.00567066750866	-0.00416987649792311
0.0103087874978572	0.000236422958177587
0.662018419249366	-0.0016277755531629
7.78637341888452	-0.00599306490682033
3.48852093590168	-0.00424546026595524
2.10185080353165	-0.00331423658219774
2.18249327451695	-0.00326949172054553
0.88068612515344	-0.00247739068472424
0.621217339848147	-0.00152184038896544
0.00762307779246513	0.000167489222108207
1.41698629953873	-0.00246942361328764
0.298592876512077	-0.00134424193275449
0.0483091527474171	-0.000445961068295794
2.91077336432884	-0.00303960466160713
0.0879662235568707	-0.000431971680800102
1.35544574667523	-0.00288766066652471
0.586887052698464	-0.00155727301454819
1.6538204897575	-0.00274618837508892
0.185489344729549	-0.000759712303841934
0.111329813642515	0.000542466030249464
2.61754710196344	-0.00282696153091951
3.59633759851757	-0.00400224712517808
2.48519448305364	-0.00337003766372092
4.46284883325821	-0.00369790158447371
1.07347191111003	-0.00227083291112145
0.296985983366047	-0.000845973899620516
0.166916207611575	-0.000762168160561076
1.70597959929726	-0.00345770499134368
0.143264650863802	-0.00064648016116259
1.67870142334601	-0.00262525737938958
0.217786875940177	-0.00109265663347516
0.859507806430695	-0.00182789824574103
0.0198868222418861	-0.000259627825537817
0.299297278830567	-0.00108051888900548
1.80353139291407	-0.00242841677645989
0.53916633368829	-0.00158265311818978
2.19862761548079	-0.0024659774330768
1.88237263103495	-0.00244584952911551
0.161366826099045	-0.000875558862447797
0.167149912720592	0.000710167874973379
2.78379104023094	-0.0035535263679902
0.0311874951640692	-0.000301138706521292
0.911285991516096	-0.0020840990911305
0.519467782172267	-0.00181231547714116
0.808793076133683	-0.00176819671721237
0.0108987631045865	-0.000163395657284443
2.03775257435838	-0.00243814767491407
3.56362406860267	-0.0034817244423863
3.31233421357684	-0.00373075180720162
7.30089051066331	-0.00594786578056822
2.79918174620669	-0.00414468837081935
1.57521075724009	-0.00253199036979861
2.03200209203792	-0.00290410500153284
0.901157036227237	-0.00193025544504263
2.49163181698036	-0.00271096808001923
0.57425186516142	-0.00152279072647652
0.57478938387567	-0.00160594116771925
2.2188735100966	-0.00419820580552263
0.828807894924272	-0.00227826025202496
4.05414676578726	-0.00519679621828572
4.70810870775807	-0.00648315937662246
8.40186004656712	-0.00885254619133677
0.00905486566265574	-0.000176780257178536
1.11305805317975	-0.00149517888615382
0.188694706126187	-0.000889374109820017
1.52062164565121	-0.00248327431610736
4.526928729715	-0.0039467627595838
0.149029463264308	-0.00093755892433205
3.17233678950169	-0.00354296012780354
2.36923454602175	-0.00356558866426326
0.681199427204123	-0.00184930711063551
0.0818959609921959	-0.000577548123633417
8.55239563045807	-0.006423000703488
3.37919469489694	-0.00297162460661274
1.20821449207152	-0.00201011846456824
0.807926406031784	-0.00246485765598866
0.078353497837488	-0.00054775401414513
2.02964259170151	-0.00365979169928534
1.12071337886821	-0.0024385891292758
0.293661909748067	-0.00106237810494264
0.327314554386355	-0.00117620083076414
0.0130997711149505	0.000186479199269226
0.536256131303283	-0.00137692061534757
0.607745700179504	0.00133236543271298
1.14419430345959	-0.00261718753006515
0.0854846520307316	-0.000692988072275735
0.847818259412787	-0.00132839484013781
0.315589558390017	0.000835607800945139
0.182425127163274	-0.000785497277106942
1.13089959508448	-0.00226152692404172
0.274688538420172	-0.00110896555198488
0.719102799383171	-0.00146802489916707
2.66605335910246	-0.00293543080351189
1.2746400548582	-0.00290653523823971
0.00662525329786905	0.000212624471652377
0.210298784485553	-0.000583413361404714
0.0867624209131513	-0.000577280320935101
2.05580718452859	-0.00282569148972185
0.00342697538351403	-0.000119057717400043
1.02935154064167	-0.00183878591083601
3.90552184327478	-0.00430650672891839
1.57652339116822	-0.00243140429267011
3.18356001666911	-0.00396282450423007
0.528185755970126	-0.00143884493446187
0.117533771075563	-0.000674899649265852
1.09868072611423	-0.00227369527640006
0.451171065513194	-0.00119848297923055
6.62903532996323	-0.00724260353812877
0.972617226198476	-0.00145599857910977
0.921950944940001	-0.00195455630779647
0.574954459106829	-0.00179351192004075
0.0335458510188654	-0.000263082808047316
1.72990048025427	-0.00281598035901034
4.06413940138164	-0.00456904558845607
3.32223563199691	-0.00467781318798348
0.139378417455168	-0.000696383170363166
1.09920031268424	-0.00188714545396352
0.172014914402301	-0.000753761664295655
12.3758807122599	-0.00903925947321872
0.764837936586936	-0.00151196864590013
0.00370896665761144	-0.000119636204713838
10.6381864444429	-0.00756722597582441
0.00818150121228293	-0.000173468586945313
1.46099671989132	-0.00268360621853143
0.000297128400038106	4.09997666797929e-05
4.45623930579729	-0.00419076710088839
2.86378607947602	-0.00368815942542802
1.06555503016984	-0.00201113677606657
2.25251531615655	-0.00296681946310862
0.270719187509532	-0.000904426942655569
2.52756012797156	-0.00373196508428233
1.95571796040918	-0.00331998714528191
3.48416061130495	-0.00491146409610829
1.94429663761421	-0.00282946899646321
2.17344250945459	-0.00317461900698521
5.66008252454146	-0.00589790217204059
2.52287118010892	-0.0035266833399198
1.32095711800259	-0.00227322219720874
9.18926020458683	-0.00639348952666727
0.116226926423928	0.000622709147259302
1.30471166946554	-0.00220971688164695
0.41687925472014	-0.00112355004549083
0.0103430235577428	0.00019892235717043
2.2474156795425	-0.00306663643996353
0.475383592257741	-0.0019040915515836
0.0832740717520557	-0.000596579288756704
1.66887258780644	-0.00349459731861342
0.00999458681868071	-0.000163811580035945
1.85853283432299	-0.00304447426184648
0.00286986036565762	9.61053266514174e-05
1.53953316869778	-0.00250355091562631
0.709004852597091	-0.00209073969469975
0.00224079866674873	-7.93867343784849e-05
0.414139013072156	-0.00114604461340309
0.340538016667672	-0.00127629421864878
0.272230809275178	-0.00110639575673284
4.70704230338143	-0.0042736729241731
2.27589041526421	-0.00311553784734193
1.74670563716785	-0.00254947410234129
0.3436746205998	-0.00170808418155616
0.235902529646894	0.000666164111010597
0.813149995662714	-0.00277267865286736
0.0249418536900497	-0.000268895581744569
0.00283931924421636	-6.87067568022223e-05
4.59459108057865	-0.0046383267960317
0.731856842672989	-0.00153087578941943
1.4306038469119	-0.00254617757525878
0.1245584754977	-0.000839039468467887
1.23875655177517	-0.00257141597448289
2.51626216648747	-0.00292296933823386
0.450616073513311	-0.00151156554507645
1.37936197560042	-0.00185699831405395
6.25446650218298	-0.00539818780706276
5.29451424345196	-0.00611977995388474
0.41456386622504	-0.00156071043913627
5.3586863949847	-0.00734654074201406
2.45305993247872	-0.00338454826582628
3.49996596439311	-0.00430236779692464
1.18910940514486	-0.00256358710456303
0.0581566299821816	-0.000381802043297783
0.0509063574089168	0.000518214596472355
0.911739798947604	-0.00176860497174267
0.00381646551298421	-0.00010051331821706
2.7771217490968	-0.00350131798503618
3.25613806648239	-0.00349788058327697
0.509007009690839	0.00222220137239944
0.233760273741194	-0.00107449074106857
0.920807667055947	-0.00176011053508515
0.216077069589542	-0.00158891596901511
0.00180766412588958	-7.25561261113316e-05
1.02830292423341	-0.00224228539891841
0.954238227635176	-0.00208264372875801
1.14723144138827	-0.00196717820384552
0.108576228888779	0.000579873255620991
0.91329880358467	-0.00228558581218388
3.36732631893186	-0.00300002314181737
4.2503240805348	-0.00409316105210367
0.428869357497388	-0.00153059054008257
7.42243190556425	-0.00675901363141014
0.178723296694417	0.000839273323886448
0.00998886912002417	0.000171231435560825
0.0586434116289831	-0.000493125165082978
0.588019144307574	-0.00129013623947272
0.000655058553381813	5.90786588113214e-05
4.3350296576837	-0.00435128831256364
0.348151723234385	-0.00144004742276909
0.634896317179543	-0.00151470789840116
0.111653987079812	0.000579040269180393
2.01916293846509	-0.00237288150147906
0.190925145254295	-0.000823351694196932
0.412199684502455	0.00136768769610214
0.193342990306894	-0.000716586272197816
2.50907248233204	-0.00376374927123948
1.03787503721392	-0.00216123322290946
1.20853106378695	-0.00272687653640698
5.86007121817051	-0.00543254756843443
4.65573972723427	-0.00520056928670801
0.14512346046133	-0.000850809676259441
1.05956415627886	-0.00284700782168862
0.688870284518198	-0.0018107222411249
9.58630569630967	-0.00608029979926121
3.41525415090831	-0.00469464940673513
1.08911752167163	-0.00173334079039899
3.93969293931146	-0.00469663577840848
0.298127925437424	-0.00108489338668948
0.0116283804412483	-0.000278491131614173
2.08157497611138	-0.00302803675741367
0.00070486654329842	5.31971094742208e-05
0.317288911561353	-0.00085384688959757
0.0516705600123912	-0.000416706420117911
2.73004258886165	-0.00378271655391288
2.32190458585184	-0.00332928976193694
0.311021940391536	-0.000906575232040502
0.00601207121878914	0.000131030523070392
1.14024999091843	-0.00247085432124423
2.009698391245	-0.00284910620262037
4.14646473862044	-0.0054911053671412
1.102429453474	-0.0018630151439327
0.169893543157511	-0.000712496551765942
0.852198906258149	0.00213820565934857
2.24409562627648	-0.00310008437115206
0.135494982656901	-0.000561716953960478
0.818983753806952	-0.00240914028462913
0.786510807535788	-0.00227690043972506
0.94623299811333	-0.00227188527067773
2.30716119968067	-0.00349705760714073
1.43116936521387	-0.00255431784203966
1.05463495529945	0.00196671967241408
0.32680436308193	-0.00140312937662073
0.374949198435757	-0.00136969656265286
1.72869003363589	-0.00268359691368425
0.198757652301706	-0.000677514631350825
2.21676363767803	-0.00268013021199681
1.01921926279582	-0.00182094554869559
0.938006935094367	-0.00268122639886659
4.17916832812735	-0.00338213534467203
2.31979719608026	-0.00330833886188015
6.20761846334689	-0.00536691729813854
1.39126229524131	-0.0020334042043814
0.054468040879831	0.000474513008484487
0.0682600117531439	-0.000540073334127345
0.728255677457958	-0.00148459734120357
1.30080273906186	-0.00218804998461708
4.16743407026507	-0.00418249421335657
1.77473945952058	-0.00271274684174393
0.0584461595951093	-0.000612394283016504
1.88779293378817	-0.00261057575663815
0.923226775953362	-0.00136553340923226
2.01395974727699	0.00362244184376937
0.264261513614189	-0.00114351733712952
2.86841376609906	-0.00353969386419982
0.0958441509424096	0.000563526362078752
0.00475339501734672	9.85011153969182e-05
0.00467936582758895	0.000204888771508848
0.0734574660160883	0.000640388045142328
0.442949659663077	0.00120610064975065
1.292863998286	-0.0024338052131885
1.99360338803452	-0.00270017090955432
0.104963842394268	0.000668885683065632
0.382957831003677	-0.00173244614929277
3.21315757224633	-0.00377719945948811
2.4998890564014	-0.00295379769115631
0.721805678409815	-0.00195909430229832
3.61973219234626	-0.00458188950019232
6.89081309967122	-0.00555499673933239
0.289216058500091	0.000870652721143338
0.0904851298802513	-0.000618315813463836
2.45453860142479	-0.00238095041706684
0.718878527403035	-0.00203042400192814
1.61570211728258	-0.00244662914463472
1.05997493409678	-0.00195811483673883
2.81011042296053	-0.00365849211367616
2.31812305740482	-0.00438954032415646
1.98352418219638	-0.00263078558180069
3.16172280293757	-0.00366979694229292
2.44958677438711	-0.00237988075520153
0.565497574744002	-0.00173927447406629
1.86956058349552	-0.00239847785684064
0.000122401718552247	2.07696461328162e-05
0.619407330217862	-0.00242359557702366
0.0629311682260109	-0.00041655204133957
0.393531811222964	-0.00125579589706219
1.70099589259856	-0.00247062557224926
0.0681075195952254	0.000553200803099835
1.25843314530938	-0.00244625403364195
2.39820413418489	-0.00359422238352776
0.0211495321428549	0.000268581786169101
4.98450153505442	-0.00516433634788197
0.849482937567137	-0.00125877511922571
3.77210051360196	-0.00387418656945746
5.50965079740945	-0.00426299386065104
3.87259807440766	-0.00431579965572959
0.0214161543364388	0.000281953953794959
0.807117283577825	-0.00153515149556673
2.00327775705479	-0.00306317765689298
0.0333607471512565	0.000421683540339262
0.339644637054995	-0.00128441461602179
0.68201515206459	-0.00170665368913597
3.8926285930879	-0.00468890565913297
4.87059795386683	-0.0050181076536627
0.249082493701826	-0.000817848051221741
0.221792230986792	-0.000980278056381351
1.28592696223994	-0.00210732031494862
1.01861741833054	-0.00210718811437387
0.600139893000063	-0.00155585286597298
0.452450262402621	-0.00120646082744541
1.58154191324334	-0.00273848401264101
3.65742522012109	-0.00360235752240916
4.57215400747638	-0.00462295757018727
0.0798374366890044	-0.000641866372952616
6.79998040143146	-0.00570977872080049
0.280239138284938	-0.00105995268931183
1.91679922739234	-0.00272239684524505
0.687515000694475	-0.00216189193214336
9.38645318041164	-0.00699046938803455
0.0891424348007696	0.000554049194659604
1.40003563456911	-0.0023972080235308
1.52139478968065	-0.00224837116845053
0.10595615723709	-0.00072053685256718
4.62839425241861	-0.0031434788097403
0.0617473644480735	-0.000532032939483874
1.5014245043437	-0.00236924349059392
2.9287047318988	-0.00343635712639015
2.76628943884511	-0.00336864595097275
1.25838813435034	-0.00223847274650064
7.77234639698264	-0.0051683102307293
0.4360695835999	-0.00163313133867685
0.135260371360464	-0.000590927387180178
2.79823602395912	-0.00462664374709842
0.0228274268076429	0.000277735784537515
0.031860337467377	-0.000298535872677525
0.0057225546485365	0.000144682306050927
2.9579761236425	-0.00304111377131491
0.0396265065792968	0.000501251944338247
0.00290878713024017	0.000125072842495686
4.96991115469357	-0.00652535682526924
4.51760492577931	-0.00547601908303701
1.38799907147694	-0.00216828966168744
3.08228545405008	-0.00414452490115044
1.44742783147714	-0.00364327463799686
3.16147455711402	-0.00389173684692184
0.372428988085434	-0.00112210904035717
0.455734233526772	-0.00194935449815541
0.175634672734082	-0.000884542565055966
0.0529417089474322	-0.000425557599726803
0.586588544815804	0.00111245306549252
0.0187338963701951	-0.000217685789612927
0.00775413642179131	-0.000228354591762975
2.52780105679577	-0.00390379980007141
1.85059934418673	-0.00317905263539458
2.03892292494189	-0.00336098250391877
7.19037518676315	-0.00658242275820316
0.85690447365404	-0.00224837303204885
0.0399765828491054	-0.000354787613801652
0.959590600856658	-0.00167816794155814
7.00468925484086e-05	1.78927169540702e-05
0.360668232164087	-0.00147485641732235
0.00999026272246021	0.000212107777251979
0.470022896968932	-0.00129111544576777
1.13510068655917	-0.00227325273742864
4.71639536847049	-0.00417432434847223
5.18375984676777	-0.00407779430625912
0.444436400277476	-0.0017191078307233
0.295642487009255	-0.00131661804764146
2.70790080864638	-0.00315854831416353
0.489346547221487	0.00128468735881271
3.65323414160723	-0.00453333340166111
4.88017606298341	-0.00459837521913121
0.252299394709116	0.000886104793201018
0.792941911071187	-0.00153813885783553
0.0291880460000636	-0.000267337295794061
3.90044756085907	-0.00514193288749505
2.29513921118027	-0.00380093717595424
0.0876261596073078	-0.000601874404200654
0.51086190220897	-0.00129190852283778
2.41170357333259	-0.00354184325761899
1.0628214380822	-0.00207423541128265
0.823299098278187	-0.002302123784593
3.6263361047671	-0.00333547887350072
0.801966401119052	-0.0017131440274406
0.4459993337905	0.00180164099358181
7.25484547645074	-0.00671661527061604
0.323024614243031	-0.00117503454251773
0.426686416020522	-0.0014450953857546
2.27055160211367	-0.0034992448707898
0.125672383390672	0.000643516516518503
0.718763505548352	-0.00177613893089946
0.52661143136425	-0.0016425039497413
0.565754088719429	-0.00188101253238638
0.627755399282895	-0.00143292755175557
0.831393935596817	-0.00221883287806898
0.9360928577062	-0.00202302862617165
3.43637503656012	-0.00382481301607619
1.01702920837713	-0.00209660686162538
0.460625415944913	-0.00154766483374974
0.679041705727511	-0.00189734357667826
2.73399647322032	-0.00365596953453112
0.423451490990685	-0.00125397422469949
0.431952324112081	-0.00124075180303299
0.47781664221999	-0.00120343481618979
0.131780735219393	-0.000887828603110424
0.227350880801763	-0.00112283035625069
0.383102083016247	-0.00165196795270077
2.14486069641186	-0.0030216860221806
1.75521811872774	-0.00356722652982386
0.00744172196480608	-0.000158688322470604
0.160532292242759	-0.000987094485578379
2.6636454546361	-0.002926936096868
2.51004286757947	-0.00359142713942794
4.81343949535863	-0.00446130950093427
1.43319471801566	-0.00314061753512569
1.13749211305894	-0.00152910111391279
0.352202384770165	-0.00129212156429684
5.06734906306615	-0.00490920456446898
0.62557518773812	-0.00172474548720281
0.0115999693366986	-0.000207899450381107
0.395937314973401	-0.00163643441105394
0.420179219822659	-0.00111883586484549
0.936161825130993	-0.00178813100852104
0.645724427968681	-0.0020376627551512
4.56285577651864	-0.00505844090763726
0.0588078434608501	-0.000501626633718686
3.67494403608606	-0.00344242416682239
0.195601691893073	-0.00123343188893596
0.0406775331994866	-0.000552542701768363
0.298406943910719	-0.00117849295880384
0.723786749424366	-0.00138623465257956
0.507852108636004	-0.00161136475372917
0.0317063193676168	0.000349639680096151
0.178355044955118	-0.000961382401649608
0.0116477444695886	-0.000229343109730937
0.660351836155015	-0.00147679181416366
0.702858087822865	-0.00179714027778088
4.76767672877688	-0.00552744461382947
8.9207440871217	-0.00923957101251657
0.00508018653525311	0.000161937340638514
0.282367089698296	-0.000954714296454106
0.0406705859508101	-0.000457924516602359
0.222277462703396	-0.00092044873273188
4.76134982200373e-06	4.43777043896293e-06
1.55130897126037	-0.00264423789422994
0.277842006717353	0.00123388217505397
0.990692084000311	-0.00196036004798678
7.62952841235554	-0.00569517724979385
0.00198802445997694	0.00011533337784496
0.000104493108115336	2.07607326562468e-05
5.82922090316359	-0.00415635646181622
0.841118651209243	-0.00192905660805628
0.293339695786237	-0.00101411775912413
1.11232681358057	-0.00187915162661571
0.000866522802931777	6.20878386056908e-05
12.2029258553092	-0.00942795068606139
0.184308988095616	-0.000740947264891711
1.42746795438866	-0.00213377224511032
0.668769141337847	-0.00262618039524867
0.00205952654017514	-8.82266148750302e-05
0.797852225589865	0.00270190929405439
7.01026714727916	-0.00566661531531524
0.783983914070474	-0.00220724750427956
0.0655998858298847	-0.000615684203097266
0.141330280100509	0.000933122522140598
0.305772007876553	-0.00115743449618018
0.00420180627071966	-0.000113397521625511
0.88549356600911	-0.00145956659331281
0.803455662525431	-0.00213016841646564
0.506408788883506	-0.0013827810549991
1.14090522092124	-0.00228010076843984
0.483358851566354	-0.00122873001277127
0.084968831603111	0.000808759412409295
1.39350503425845	-0.00222958662772348
0.750239525255688	-0.00154396458007791
1.27879740768364	-0.00248872173223111
0.324643696265814	-0.0015155804271329
0.58610776736098	0.00202953573188632
0.333892941970292	-0.00132610731917096
0.387763918315308	-0.00140515892036668
3.71360875277798	-0.00651239734609841
0.39335956640316	-0.00127947762398429
2.78585362716455	-0.00224536826616383
0.882334476115707	0.002407695010252
4.27013576074582	-0.00679170475973231
1.64671649775999	-0.00269300457746101
1.78281247831162	-0.00234294704427939
0.245413971491641	-0.000948493414265818
1.52926086012016	-0.00285571960777311
1.91411869371338	-0.00300603501841336
0.236882166304388	-0.00149868289939223
3.27043183649848	-0.00427367257663718
0.167651836686462	0.0012091975628953
0.569044886791076	-0.00169548900262104
3.07567672283727	-0.00415400499431956
0.0267526007156856	-0.00027445675823785
0.814025919529148	-0.00214105307703819
3.45270639267392	-0.00421532207124189
9.16253498595598e-05	1.9948691072964e-05
0.744752236990655	-0.0016650636298751
0.758977134133304	-0.00230928093210247
0.00113959791452501	5.63347563894986e-05
0.0823833646260742	-0.00070441165793039
0.00274643800720389	0.000117944642881196
1.48002978880925e-06	3.08317712395079e-06
0.000149915065879254	2.09682187124688e-05
0.151182750920117	-0.000790512343985768
0.451181168524862	-0.00117425024272273
0.000512566192012695	5.86115928922371e-05
0.0365598874925177	-0.000494360611671888
0.530511107681762	-0.00119760429534854
0.534975278219323	-0.0016837000839907
0.176424237469703	-0.000567087562027361
5.68807462092682	-0.00516851411736162
2.51228784955017	-0.00293335776254199
0.874786858683175	-0.0018608839133501
2.30234853285273	-0.00381806550919581
0.329805058873034	-0.000998118193276153
1.5821309876919	-0.00237735269355089
7.1618884602423	-0.00645529712348035
0.621475917920919	-0.00153847969413945
1.14916719439452	-0.00248430169273011
0.0738923262272241	0.000585659254313017
6.11405182301712	-0.00536077288467354
1.02610314648483	-0.00165417956432973
3.48433190726122	-0.00500879641988038
1.90641399161066	-0.00341804515075899
0.0897943675069406	-0.000415677764748002
1.08875723684067	-0.0017670775819824
0.703140218839925	-0.00156033039571389
4.28443015521541	-0.00352025914094531
4.65374496786621	-0.00414347791732003
0.976003039540172	-0.00207346302616005
0.29650557870521	-0.00110804640972511
0.751539852272931	-0.00181060773365093
6.54283606002869	-0.00631422728050996
0.332400627782181	-0.00109925068642149
0.000618849327323633	4.0516036667088e-05
0.322395936033562	0.00116407992328979
1.90131536149377	-0.00217114017960149
0.020992007546898	0.000377275634193286
1.60697211085219	-0.00229295895077534
5.25822022206215	-0.00489018218041438
0.0146851672060051	-0.000331718746372119
1.52787514149142	-0.00301878324439664
0.510664500924452	-0.00152406537853937
0.808617021739193	-0.00207177131682119
0.547535564585244	-0.00194237609475263
1.55033475186052	-0.00318227669380918
1.30472419093333	-0.00253600625270577
0.956974912700421	-0.00230119152715792
0.350590529143349	-0.00109979562715703
0.385215703691704	0.00133939570622635
0.45297263419822	-0.00160556237489609
4.11446525669598	-0.0056701724577096
0.140765675607081	-0.000683176972039491
0.715533734192489	-0.00139792783377992
4.24628173095656	-0.00453042978125639
0.799930493403005	0.00140238195993478
4.6209427867117	-0.00505001289032028
0.462058870855228	-0.00129467151961073
2.02183729116449	-0.00253457917089792
3.74760065024485	-0.00420207302453783
0.178557368167383	-0.000678457355907162
0.228074730177895	-0.000839344541304985
3.45650733035514	-0.00394565445800544
1.41505360064683	-0.00312814092885353
2.65507605343644	-0.0051158218949498
0.00046287247031444	4.10405315971328e-05
4.85449659091716	-0.00433059510832355
0.0330540431428599	0.000294305008981395
0.261122132393159	-0.00108592406567061
4.50175181268961	-0.00514435437714257
5.61132886453822	-0.00520774824891785
0.869301934014984	-0.00186853710525598
0.898000354061803	-0.00157441246277794
0.271364149153629	-0.00104569720039124
2.88246531850369	-0.00402433030799199
1.4001878025742	-0.00238699885007949
3.89289755033708	-0.00383755377499192
0.392961226354469	-0.00110914085805422
1.88781544669066	-0.00377031450059219
0.865759508882566	-0.00184900630935738
0.715286869716693	-0.00152478323757725
0.50495324450946	-0.0015572187765113
1.54749273629365	-0.00289483140300772
0.402330710145881	-0.00124570258825308
0.00599503641468886	-0.000125343800480472
1.26834516501552	-0.00242436938479766
2.86264196932429	-0.00352256066582005
0.650684148401128	-0.00157430103313132
1.25662629248833	-0.00185813359976849
3.35582664325553	-0.00490111588468681
0.653126065320301	-0.00123516089289606
0.121683231777913	-0.000723603073098868
3.62202780105844	-0.00411908184008786
2.13560988090954	-0.00375737307616961
1.59801858363923	-0.00321305370358412
2.81973352416799	-0.00354556460839284
4.39143230401304	-0.00381138550004623
2.38484636261577	-0.00279921922463621
0.219353803784749	-0.000926909786452613
0.0190998392965736	-0.000281801601649804
0.189298754280823	0.00111386023065653
0.654372859206156	-0.00141797400763774
6.1599476450455	-0.00633434365225461
2.95256951374687	-0.00406902574713606
0.186494324493205	-0.00076558245293284
0.414451066872687	-0.00131025019587859
1.81759519448019	-0.00266000365185582
2.18877866753437	-0.00285855572584684
4.06739503875403	-0.00403968097122069
0.18315671548482	-0.000987719765234435
0.958861921073313	-0.00224167915830867
0.00633395321383048	-0.000135752269639713
0.235271194723855	-0.000698964554956035
0.00187060717134293	9.41334430349386e-05
2.45348046839219	-0.00323419045843768
0.493196268152637	-0.00162779448122173
1.57633301938655	-0.00304963885476323
5.87004536850507	-0.00469394616079469
0.19983397178978	-0.000922825145463567
1.02705936184309	-0.00239798296575745
0.737004110850892	-0.00159623936893967
0.837095550487922	-0.00207668953828262
3.40243791921328	-0.00571436156507
8.71601327513736	-0.00576182340651978
1.19286675347395	-0.0021925278773541
1.04590830328076	-0.00172349520108156
0.865786651060478	-0.00248182506110479
1.27677850358054	-0.00215462410494334
1.86234916873358	-0.00274895696460864
1.89236056028006	-0.0025224094086026
1.96134162793673	-0.00345643149756175
0.426159523905258	0.00131097647267009
3.19460939469511	-0.00350937647979791
1.14333549220653	-0.00277678697369478
1.25538763200843	0.0018782400650034
0.319109617739276	-0.00112082279361695
0.00329562548729539	0.000124088812666809
0.911530374662163	-0.00233510403785708
1.55421951769376	-0.00209939108455033
6.66183935547413	-0.00750207279297827
0.72462167479972	-0.00198782969847342
1.22086033561196	-0.00186901310616583
7.60916233427278	-0.00905882113856435
0.781987131429793	-0.00155584752738234
0.227255063929082	-0.000849670844515937
3.05320652262478	-0.00348740814025009
0.0948021353120446	-0.00074834075739844
2.6774835163681	-0.0033018979904096
0.564741427113295	-0.00157393241115418
4.08114152488579	-0.00442781263843044
0.12168616078748	0.000846017736539185
1.54652987480806	-0.00223175173971629
3.18951781303776	-0.003640362129128
0.302850929101863	-0.00100607526405393
1.34684712731855	-0.00244021644450256
0.116487480238839	0.000554741237209736
0.413118917536093	-0.00118829152788069
0.99082269935421	-0.00192844143331786
1.68574843621248	-0.00238396601398129
0.0460316575466607	0.000357596744418902
0.0776359810447505	-0.000570347518283371
1.81841763419088	-0.00298713603461107
1.29752962058653	-0.00282897218738414
0.607825247269014	-0.00149694314990755
0.520894791713951	-0.0020526313892933
0.874578071902484	-0.00254883693285537
6.98245836773021	-0.00575348947612022
5.34497891686776	-0.00534301916757466
3.29227601203088	-0.0042405363822818
0.849852480309555	-0.00146645740736109
2.48685802804827	-0.00511790739634181
0.494029850441182	-0.00170726244730506
0.444848327132626	-0.00119608148307934
0.38323374360179	-0.00118907228599484
0.269492796602076	-0.000934909948526849
11.3373740475863	-0.0108533293858474
2.25777898978918	-0.00287875596647248
1.58844689341336	-0.00282512507500182
1.31378879338442	-0.00244940065864806
0.447624158683782	-0.00143330139558212
1.81170155599475	-0.00299400029842019
2.12133188024195	-0.00241503988278431
0.333807004625895	-0.0014557237596819
2.07714828279964	-0.00458532949672796
0.365133657807488	-0.00123735292604034
3.21646523100122	-0.00415684282526112
0.148197297609354	-0.00102733658658073
4.84891128844007	-0.00419754497191572
2.91726406593994	-0.00405709122647011
0.178407677696692	0.000893019622803675
2.1591675144324	-0.00373121618749398
2.71464063155086	-0.00324849748966873
0.495131668953799	-0.00140062404414971
0.160001160955818	-0.000701858981704554
2.30649253884837	-0.00342385769649181
0.11666951620254	0.000844045589004938
1.93985485041749	-0.0025155860589089
0.0839670575647988	-0.000555666256732794
0.320186270565222	-0.00107060962768544
6.81519974410055	-0.00628771249196744
0.915562093917455	0.00188076261021149
3.33217968780858	-0.00505590500524085
3.66897453177831	-0.00364344325788256
1.31300923601609	-0.00198420578175358
1.89408367452305	-0.002603824398185
0.45265683484856	-0.00103933515810296
3.27043890003677	-0.00397575963957201
0.164360738236738	-0.000981293755864111
0.296707831443401	-0.00089715380452097
2.26364036824117	-0.00416405741568398
0.106761217597678	0.000790202756829943
1.53749236282029	-0.00305705752803391
2.85025723537422	-0.00323623390941215
2.41019659136941	-0.00366627963866427
2.09156615146846	-0.00389324766971374
0.825564929794156	-0.00197414693622179
1.34936224905551	-0.00197063527433705
1.50133322537395	-0.00239691067064665
0.268679076410887	-0.000900007061937723
2.01933788627522	-0.00261345367850462
0.539192470996355	0.00147031381091331
1.22912143299176	-0.00249377399665417
0.318436270817939	-0.00117073783650303
1.28696526595518	-0.00176816716516868
1.31382046416316	-0.00215387000708825
1.88637974790309	-0.00321190573930907
1.03173135695609	-0.0015612931639118
2.37248363357912	-0.00297272803972911
4.51402373989742	-0.00433684798559359
0.0641957476379522	0.000545134135799539
2.63648604337001	-0.00427506836083486
0.108955040621393	-0.000673461109651382
1.77170993851712	-0.00231803092809861
5.10445361009077	-0.00410673928890634
0.560894157566601	0.00127246916461412
2.05530970061448	-0.00221806231035542
5.46942240191635	-0.00518600397797244
4.51432688916614	-0.00421885326135147
1.25947707136593	-0.00250828288583619
2.28433599159659	-0.00289354696354063
3.66696003207179	-0.00542455061325691
0.310419624042885	0.000944580970880689
0.761064084496717	-0.00183055592188544
2.8190973505806	-0.00420459369331658
1.42219712907218	-0.00251987827351154
0.000116616684747107	2.33165534374655e-05
4.40751994880987	-0.00460536546015433
5.27022851723706	-0.00618074493513475
0.367237937678906	-0.0012938334580335
0.656763948890703	-0.00170250997938192
0.461310912637443	-0.00108679988847907
0.973099005078939	-0.00188016242510555
0.188922536110698	-0.000694811791785899
1.99341964499641	-0.00409878156277853
0.761002687897832	-0.00164418178768691
0.15306899919584	-0.000811906705608444
0.0946210688019381	0.000745903911144874
0.0900846375018485	-0.00083234208410038
1.97899861495308	-0.00362378849874356
0.411156516554805	-0.00137135067821075
0.527184232248518	-0.00129959463149024
0.456916065339314	-0.00151058180875658
6.03183277226893	-0.00483051048572073
0.316253372965717	-0.000855899390897003
0.0184871342671684	0.000285885615587938
3.09599526817163	-0.00384400993669034
5.10869142747712	-0.00570075833212209
1.87175584552501	-0.0028665439086467
1.02680419639166	-0.00174998706337831
2.52147952173422	-0.00312785952752341
0.25616958053628	-0.000864466151343952
0.497089128283734	-0.00143118889359941
4.88273353941192	-0.00507336603487382
2.05541558699806	-0.00373797241936206
0.038935241602401	-0.000290971658303953
0.0133079006428265	0.000237180728499989
1.35066230171899	-0.00188538023481772
0.363101938407669	-0.00117140129352368
0.937566051179305	-0.00203677225342961
0.0119685139078597	-0.000184589750311754
0.104251049346778	0.000614414879495536
4.52617912312091	-0.00496098880381724
0.0590019573323162	-0.000493440307002968
1.30329064828292	-0.0030319684938248
0.14765131989555	-0.00102250333710809
7.56901666827985	-0.00471856585121548
0.423329237154527	-0.000905705098699288
2.6787850783757	-0.00351114330869875
0.134697248707924	-0.000796172815091372
0.66647424032419	-0.00213976280748494
1.53126458445463	-0.0027486445356546
0.544251797720838	-0.00112627456893255
0.641155938144705	-0.00152370302089568
0.000262021955302126	3.9989415235964e-05
1.40244300108377	-0.00256422440847818
1.0026402217704	-0.00238282454087593
0.0514455093808688	0.000426755458349445
0.0386068060974887	-0.000342444757989401
0.584838772792444	-0.001293960471937
6.83158971458644	-0.007456415631205
2.62616450395569	-0.00314326686790446
0.0418822254895988	-0.000345074150057503
0.240600149001674	-0.000764532353111082
0.250063060725921	-0.000965690562562703
5.91638336598851	-0.0065520971395446
0.207219327958115	-0.000927141650570569
0.862713498105165	-0.00194260099229487
0.473948344387337	-0.00156801255018654
0.0173040617098465	0.000291533376798697
1.84094747283762	-0.00310551161367951
0.197879459698224	-0.000766852250587683
0.463542317607724	-0.00140870236826932
2.23506754505257	-0.00325621947400169
5.94710471712965	-0.00499301802026555
3.38440062826923	-0.00382967398406565
3.25430433781342	-0.0035577529204641
6.13988871091781	-0.00444279879525664
4.39110723497283	-0.0058504862123074
0.30955497730189	-0.00101335855081258
0.0137745485023466	0.000207929607371832
3.84385011475731	-0.00471107453024899
0.344007079408173	-0.00101825532885044
2.60312661443101	-0.00345501258308739
0.556600823733676	-0.00150712872470054
0.623880234052146	-0.0020269021728238
2.36649071637756	-0.00193829760114386
0.49179992981748	-0.00145459790032193
0.0793937290406779	-0.000545564705760811
1.04542079614989	-0.00214841821389259
6.94493231947404	-0.00654085771111005
0.372715654539619	-0.00143784840350363
1.53194223835186	-0.00235165946899676
9.40835576539884	-0.00694652122201708
2.08951025861574	-0.00313041519840932
0.187042554520752	-0.000790644642692596
1.47307504358473	-0.00189263712192858
0.452816533868168	-0.00150006140630984
0.621748527504584	-0.00259323742183054
12.2720841115843	-0.00821978582302868
0.002751825403581	0.000140782525567155
0.108373906102483	0.000541256274029005
0.263393622025473	-0.000862762493499606
0.862413376457804	-0.00243446401508097
0.68439238241264	-0.0016232403267689
0.556871624264273	-0.00123144344270462
1.11057831126341	-0.00226898705602415
0.00476095271151249	0.00013609990550938
2.08724599635196	-0.00242139459882653
0.731976942175101	-0.001818023803863
2.48941555761919	-0.00330103212698766
2.4625879849346e-05	-9.4583945683931e-06
2.89762808865802	-0.00306515413379382
0.937212620943327	-0.00201109273957658
0.248919250190555	-0.000896465985226664
0.0260589464511549	0.000286284993836601
1.08950251043596	-0.00212070502199389
1.69042967504395	-0.00179019308340026
0.735064501564415	0.00158290765051035
0.217580566931551	0.000858172985407292
0.370721756041064	-0.00123221792835465
0.00805713643282953	-0.000258689127049016
0.629481506122697	-0.00201467750793878
0.977599672810836	-0.00320491454736465
0.0764492953291156	-0.000511364836551432
4.43926105521808	-0.00456208495278519
0.743737443124534	-0.00157510053814847
1.33497617388817	-0.00214978737466886
0.0858399212045399	-0.000522486109111945
0.000224570366661271	-2.81744929858541e-05
4.98157580324023	-0.00649877396329348
0.640692680136241	-0.00155365633913777
0.224054580208004	0.000968148967869886
1.45420986368434	-0.00231182173321498
1.78571665199354	-0.00333239544269636
1.02910585374022	-0.00211659997905421
4.3607550390287	-0.00544725620083079
1.14558536207987	0.00318027898354079
1.23634204143711	-0.00257776381585839
0.470273305964474	-0.0012965742843289
0.385563114010772	-0.00192071307899387
0.0576087383444729	-0.000514386096931572
2.77164682426939	-0.00268431995148008
1.45308212159647	-0.00362851767159906
0.000105558341832091	-2.79345613411611e-05
6.87722637424795	-0.00656778130441274
1.15910814947554	-0.00262611992026444
0.402316474137956	-0.000983587174780807
1.74446586785155	-0.00217695013001728
0.0111788619531222	-0.000327407876872635
0.246147443340536	-0.000938583493558045
1.66871081791174	-0.0028843325203358
0.546597025223604	0.00149960136268303
0.695291746456009	-0.0015134438001819
5.02088193660721	-0.00440815027161165
3.02858109122102	-0.00418111966728387
1.71674818367043	-0.00336792530787536
0.00534160755090636	0.000203531974987835
0.0768727768522032	-0.00060567821034019
0.0630539902548142	-0.000558132002336393
0.454248043883892	-0.00157423168386755
0.0177082038195095	0.000323870209580357
1.44351226915187	-0.00237516625165686
3.21628978384964	-0.00383477640113123
0.0848514202282384	-0.000419355070460364
6.19559494778116	-0.00508842008055309
0.228487680762908	-0.00154343798796723
2.34247007447682	-0.00287320629964519
0.210327798605633	-0.000825600637133886
3.17809126923896	-0.00446931303481621
0.525099742979651	-0.00124884450167654
0.147114749922205	-0.000770450633583163
1.61534653824798	-0.00257687620380181
0.293490277934074	-0.00105303588101456
1.80992159176086	-0.00320731143953382
0.47810464009136	0.00179069419595381
0.0407119010359654	-0.000430048673061977
0.149982281224983	0.000873035160577041
0.696951055530284	-0.00145551424955619
2.64798418705157	-0.00265331662187992
0.619585993568105	-0.00151555524356936
0.720834174646434	-0.00161916175818602
4.85372898227437	-0.00545891378303642
6.15827083363561	-0.00558427531709913
2.26715862357854	-0.00246820777876727
3.04427429184337	-0.00436418377608125
0.28467972058773	-0.000969788604612434
2.7793424526859	-0.00340999079040617
1.32748643766097	-0.00267875984076573
0.0607242157659814	0.000423555367388128
0.229686227764056	-0.000991413813487978
0.445666220633074	-0.00145529415833177
3.4790781616977	-0.00415809273717517
1.78401572854846	-0.00340733897726628
0.122814149053326	0.000917498040503534
1.2100260881433	-0.00243985429333919
1.64984051849374	-0.00282159221828844
1.47808002661856	-0.00259236599112299
2.39836562080147	-0.00375774902831017
0.573850564609176	-0.00138867353854938
0.24317932325924	-0.00100009985640046
0.872057084432373	-0.00158450584440176
0.384010313858898	-0.00126565806313582
2.1142024297992	-0.00320371790957163
0.273327703323865	-0.00110061511795375
0.0029866978587203	-9.91026551471285e-05
1.31933945483083	-0.00206290070725405
0.754196061039199	-0.0013644906801979
3.58998270848669	-0.0046867837302142
1.46754383207191e-05	8.96120121336911e-06
1.28647514122944	-0.00347223260128402
0.326356867455638	0.00156281873870539
0.0288648438978341	0.000317336564458771
2.54598820714431	-0.00300131253887639
1.49055212713512	-0.00216987878670347
1.93324970721552	-0.00272198475624272
7.51951926029655	-0.00517445099558508
0.12184169629173	-0.000576866175341298
1.2193530398563	-0.00208375942953964
0.189881857655053	-0.00104297383823325
1.77731196553844	-0.0032126939491293
0.404527445491871	0.00136445322580225
4.68061743172098	-0.00470081226706152
0.737752096465608	-0.00199578623706559
7.80465620717726	-0.00617393861189667
0.346185416172385	-0.00124685305327538
2.71058121080454	-0.00415248664268546
0.021088753069004	-0.000268718037832784
4.94819142244792	-0.00544062406204555
1.8440904797098	-0.00243604944029751
2.75548146656683	-0.00441588150069759
