R^2	beta
0.110985062088396	2.24251965112319e-05
0.0428203730512878	1.62481651812745e-05
0.19965111498824	-4.14161901019314e-05
0.537022863442785	5.3875963114046e-05
0.00039607269228674	-2.06430413256882e-06
0.491103387993755	-4.81228161844861e-05
0.46728178822631	-7.17543936920436e-05
0.0665852094299472	-1.96517020713509e-05
0.21735045717845	3.86424204498845e-05
0.423168019223044	-4.70189171996969e-05
1.5790463680049	9.59980948318031e-05
1.13101638581495	0.000103873006642948
0.943027074104583	9.08767890797519e-05
0.508778439620194	-6.31595950523767e-05
0.280270691374353	-3.78347119774791e-05
0.135512908347646	2.67059643558048e-05
0.220717688326041	-4.39818015579372e-05
0.139654948164659	-3.03035000234935e-05
1.02673366227255	8.34003473350684e-05
0.0309905275362298	-1.50656803133134e-05
0.382859580186752	-6.60491189982379e-05
0.197192396242134	3.81382928966705e-05
1.49200956554365	9.65266115478408e-05
0.00242842075390924	4.19053721611093e-06
2.95726599903393	0.000181462912994995
0.000103150642097031	8.06802125841196e-07
0.891535311260133	7.46101123635309e-05
1.83903892788621	0.000115707246901818
0.0836698399754	2.22925064034036e-05
0.0349271095157385	1.74089277382853e-05
1.01013937151318	9.89517180635538e-05
0.259711735627144	-4.67091920885601e-05
7.85981324508527	0.000251508484911693
1.49343091688545	0.000104840708710592
0.300013218837726	-4.08217515126668e-05
0.168292309559642	-2.75440269660534e-05
1.78102482528702	9.80836902355178e-05
0.59828760098962	6.24087520372438e-05
0.446109439371396	-5.60223633373037e-05
0.357557661723305	6.26988268025592e-05
0.00859873293195393	-8.10183543896509e-06
1.83817951230314	-0.000165614270561878
0.0188060945757031	-1.08539576710863e-05
0.0665418794769539	-2.47243803808131e-05
1.24206852861559	-9.96746232687042e-05
5.33642532398836	0.000230886900881984
0.0619117744791379	1.75457740467925e-05
2.6372010398545	0.000186765682360196
0.148469264085362	-3.74431372675075e-05
2.03324226158868	0.000155996204977173
1.82651280176676	9.61975659707009e-05
1.23661325086102	7.42194055087986e-05
1.04036929202895	9.1488108528768e-05
0.0323642961169123	-1.58525617316056e-05
0.791767843496006	-6.90608862697845e-05
0.401294206000219	5.03214623397976e-05
0.390741471712041	-5.43047052043707e-05
0.386293809432567	-5.34094822090477e-05
0.0364060678386924	-1.53529906724856e-05
0.453485630212365	-6.29833966746356e-05
0.48557904983574	-7.16183436553418e-05
1.11427102176291	-9.1029286489352e-05
0.055861657231524	-2.180990397293e-05
0.529516349036913	5.96696713502817e-05
1.31263454602143	8.22291695712176e-05
0.0701437337882414	2.20469079627818e-05
0.1380805456504	3.69799284797779e-05
0.0120096903342687	-1.07900898835696e-05
0.431311454083873	-5.02390725433247e-05
0.0799454927721449	-1.81073472691443e-05
0.18840827855436	3.31410257678725e-05
0.0320868663829592	-1.23080310359661e-05
0.056588603746767	-1.61283714128751e-05
1.43532005759026	0.000113330893843184
0.0249431902894174	1.45693083027357e-05
0.328326820754578	-3.68296180323618e-05
0.00720119325971592	6.3204306295632e-06
3.32474199589943	0.000188936596541144
0.0082079809712447	-8.08890817758836e-06
0.711545122757231	-6.84741672014614e-05
0.0459804769586736	2.03096337093098e-05
1.20430531986379e-05	2.77051245004791e-07
0.254799657748008	3.895069223061e-05
0.994892100482532	-7.95804485027232e-05
1.54641766641977	-0.00011383188619619
0.274075813648066	-4.54968616666354e-05
0.196755996435585	3.89720950896876e-05
0.108298443224641	-2.77391363717258e-05
0.635571670246724	-7.10816824619755e-05
0.141968532673926	3.53612793988983e-05
0.180214158302933	-4.77057564158566e-05
0.041017496745649	1.81817790082802e-05
0.0107113920823461	7.98836300219186e-06
0.041463563570883	1.93215319432461e-05
0.726448810357567	7.33843414377592e-05
0.000144945326324132	9.81191955285483e-07
0.425383224876243	4.45198268776085e-05
0.0456473471191733	-2.20190423409979e-05
0.869956392670439	9.0921135835165e-05
3.14727059667825	0.000200508067456627
0.00542593739708553	-6.78059342301618e-06
1.80163120728086	0.000112766243520499
3.03083121201744	-0.00014483593135073
0.17121699561157	3.44785200707851e-05
0.104038934006358	-2.40918310400373e-05
0.187518418835058	3.2886538854745e-05
4.60141429323097	0.000190740351040437
0.0726356439137526	-2.14176816316446e-05
1.49459862683172	9.41620728716405e-05
0.20203181900456	2.92175304411521e-05
2.27455175150096e-05	-4.48385086345658e-07
2.69528739657667	0.000132779494953274
12.6354311867206	0.000318785914674382
0.75806238934603	-5.99646928731065e-05
0.20033174156529	-3.93836344409794e-05
1.21179646352534	9.46556322158592e-05
1.00529277002162	9.74268652399591e-05
0.0267458657269362	1.25137158252678e-05
3.41247157161405	0.000115377058864152
2.23384795583698	-0.000149646947317504
0.362578470041334	4.82730172536337e-05
0.0707771217290933	2.00774659386837e-05
1.82098879528764	0.000110221468857455
0.237545053515759	4.50901343680741e-05
0.0520685365553534	-1.47972095701839e-05
0.608410419337559	5.55947369178786e-05
0.111441843274968	2.84138448210752e-05
0.353543348269542	7.30862271065221e-05
1.79134306796308	9.90397965093288e-05
0.132037455435935	-3.5279889265684e-05
0.0413453385717398	1.70114819649093e-05
0.156498026422896	3.86039768816433e-05
0.26833799235019	5.70265172857921e-05
1.30051030165096	0.000103440013093918
1.08236686142127	8.25394429472761e-05
1.15770748608271	8.40285936354947e-05
3.11334961319256	0.000137476277880806
0.00463294525828184	7.12463225605603e-06
0.116528253593413	2.94126265319967e-05
3.12723877171095	-0.000164393974615677
1.17726767408592	-6.45431456177055e-05
0.958371412399514	6.92778875772354e-05
0.739153256270093	8.10334795547668e-05
0.000334244932161737	1.73171987534064e-06
0.033560183338221	1.44146420227626e-05
0.673434290787829	7.5537254296097e-05
0.369845580265323	5.70528308760653e-05
0.0132399532838553	1.13976152119036e-05
1.50077133574791	9.03071487579996e-05
0.298964237221241	5.23644865306081e-05
0.100909051709894	2.54238581424137e-05
0.0252514896302186	1.24908099883284e-05
3.81845283599585	0.000194364891407915
0.0461542299664023	1.60231084514376e-05
4.05127285351533e-05	-6.00467179379816e-07
0.0209708313354158	9.83072029629991e-06
0.106428233272792	2.73899092069944e-05
0.230435952295932	3.48351167377304e-05
0.0767073532611226	-2.12243340555588e-05
0.0585307264931044	-2.28268088750629e-05
0.0378870683688769	-1.48713383315878e-05
1.61894392232035	0.00010603410940668
0.0976598454071483	2.36934427117223e-05
1.05991878424386	0.000118042263112488
1.35202336224584	8.74961775875044e-05
1.17420704593511	-7.73581193530673e-05
0.956886013698105	8.8370169353674e-05
1.34962286845741	9.92634114001831e-05
0.0412472482360623	-1.5039901308401e-05
0.695960071479516	-6.60062458633355e-05
2.5677791478189	0.000143877173509656
0.535232214048633	6.36419955431407e-05
5.0929892522692	0.000211015705900695
1.02888569177561	7.2079082817132e-05
1.58840921672177	0.000109882357027072
0.0159591663392863	-9.31141535673009e-06
0.502561167602076	-7.80785453527929e-05
0.29370617765285	-4.69832353167825e-05
0.0567972184949526	-2.18784563264783e-05
3.24328247361445	0.000190693428748748
1.60926090876729	9.84872998651233e-05
0.138096861935292	3.45912873039469e-05
0.105028752570503	-2.95292762724516e-05
0.128233933568294	2.81114619018708e-05
0.211035999203589	-3.1426395173162e-05
3.36918596441627	0.00013682807970131
0.214170169793989	3.82293706512134e-05
0.0191035053741767	-1.37991307085819e-05
0.135718467338464	4.09837907165412e-05
0.0483676916165005	-1.75554418001236e-05
0.563617053266622	5.75460594799532e-05
0.530332913863703	5.83090207677142e-05
1.00842268693879	-7.01167736987657e-05
0.142642036075917	3.06037580439778e-05
0.242286095723545	-4.76836139646195e-05
0.270624516491456	-3.72477950323267e-05
0.414801146798911	6.53008985345057e-05
2.59524129265523	0.00010666865773048
0.132786737700875	-2.60576791029827e-05
0.432634995636089	5.26622191095569e-05
0.670286460366764	6.39529595697174e-05
1.93740161243584	0.000121594435238647
0.780595418764322	8.31268613064695e-05
0.891509691918618	8.28235581627444e-05
4.75018502970918	0.000199505821355096
0.055804663232796	-1.90357233310502e-05
0.00260761588460185	3.83868882157736e-06
0.180225323794371	3.91545156343852e-05
0.461669822963365	6.09424889381639e-05
0.325924033433536	-4.36138529991835e-05
0.497723787378568	-4.98236063970136e-05
0.568940747029324	-5.79311395952012e-05
2.17909421399127	0.000130295394406724
0.766626373517269	6.59780624743503e-05
0.291436195138423	4.81374984467351e-05
8.85759604095413	0.000212190370320427
0.507894243017259	-6.01656001443288e-05
0.143972338676144	-3.70649297713086e-05
0.295857162222407	-4.94590139780714e-05
0.606689209137243	6.07761011497514e-05
0.00640592465592825	-7.56715710704207e-06
0.770534468467776	-7.64655201954762e-05
0.100905585061417	2.62631950847539e-05
0.0535699425711982	-1.84189414136164e-05
1.82446705124784	9.535090630496e-05
0.0715818885589387	2.54112687090172e-05
1.15318013915483	-0.000100269003767663
0.958282456633352	7.15780471357872e-05
1.41908944617035	0.000105661278077889
0.552858569955152	6.95163213979899e-05
1.01105037873306	9.29596707851606e-05
0.660523916899457	7.95926634371423e-05
0.212125333558939	4.36547210016073e-05
0.397921659107108	5.34940809189408e-05
0.195385818694804	-3.7684188049482e-05
0.0945118205825383	2.25701400368083e-05
0.0769908546260028	-2.18351773985229e-05
0.20020789273439	-4.94264657868678e-05
1.04811402018724	9.92453793685425e-05
0.0306490645401834	1.58569481810113e-05
1.17130262876737	-0.000106111890115319
3.03742140126494	-0.000160905694131495
0.00271193155598828	5.36752736637199e-06
1.2082204144817	8.45866650855512e-05
0.00358508959744514	-4.86285714595336e-06
0.39173914318623	5.55659972551426e-05
0.0624778414362122	-1.8299317096556e-05
0.170828373453252	3.61519870002573e-05
0.215931459804732	3.56209173146645e-05
0.025932411092905	1.41135865775147e-05
0.0161573435974692	8.85493718359365e-06
0.0019183343082306	3.73036542478065e-06
1.22300552005589	-7.18050603245348e-05
1.20960358242046	0.000112995418501779
0.0207715710748212	-1.02439235839459e-05
0.17564596311906	3.63791307019207e-05
0.447748937017769	5.46839844363042e-05
0.628763031489973	6.54039265421875e-05
0.0340481302608123	-1.41994982343585e-05
0.176661377609318	3.58286723459928e-05
0.663059325617885	5.6206845759694e-05
0.319148812441081	4.6109254332731e-05
0.993131305737276	-9.1325064056256e-05
0.057993410310905	-1.63519952967069e-05
1.02887479824112	-9.20386492019476e-05
0.518547744710082	-6.01966994116456e-05
0.650797691039643	5.24579302720886e-05
0.022728485956349	-1.0074662245414e-05
0.0904457609997295	-2.57080675304191e-05
0.0793712180138759	2.40359563023865e-05
0.360409889743088	4.35959359080552e-05
0.822857704837047	-6.81075602451371e-05
0.15090888485743	3.20631708807056e-05
1.42964045171945	9.69546925552469e-05
1.36725286689531	0.000103161549996869
0.62958804933171	-6.9787610455081e-05
1.58370285181242	0.000101301843261321
0.152755779110398	-2.77363210416567e-05
0.000834819357218905	-2.27234791321985e-06
1.02872074302299	9.66664005528569e-05
1.78159841254052	0.000113394367857849
0.61470303561924	5.73937409189465e-05
0.571710537059822	5.43178752199472e-05
0.85005399450366	-6.83087280341102e-05
1.25998111438512	9.09645698689103e-05
0.124079968951261	-3.05122560479265e-05
0.57599804163013	6.95215696759372e-05
0.267893697754449	-3.90452231665715e-05
0.267534708204841	4.44038680847182e-05
1.93095312932423	-0.000127420285356533
0.929959676990559	9.49807396561363e-05
0.546060890170862	5.76060001999846e-05
1.04617225274411	7.61651932130736e-05
0.0162157820539826	1.07309525397928e-05
0.38300677963582	4.84805711858106e-05
3.34272248992061	-0.000179834564990474
0.751849014946932	9.07865899809968e-05
0.16737063299672	-3.4241641870807e-05
1.38962871878032	7.34667089985226e-05
0.739247468829668	7.45887356726679e-05
0.00014920450862112	8.10748962009337e-07
0.059405044344986	-1.97992063901097e-05
0.730090816319865	-7.84852090066016e-05
0.27554636511542	-4.16846787316389e-05
0.532640802167489	6.77156197792252e-05
0.129157361896859	-3.19214149857815e-05
1.09335431259403	8.3166798022366e-05
0.0148514605288384	9.15685514795604e-06
0.0121815219645169	-1.04129617086552e-05
0.19841264441505	-3.73884102206855e-05
0.0924116475994064	2.58796059897999e-05
0.811572544007027	7.81530700135455e-05
3.16156860214836	0.000152123022667877
2.60827998861667	0.000114250920234837
0.200416297948536	-4.01474110248152e-05
0.53590101946319	-7.00100534473316e-05
0.319316037542527	-5.10517705541217e-05
0.0584365665457065	1.82137896799063e-05
0.0232881153299324	1.21801499910943e-05
0.266591771444332	-4.16998901370669e-05
0.0772593438954194	2.21091075720871e-05
2.54364937030276	-0.000170529556504263
0.318496016938198	5.8882792450492e-05
1.23316995163771	-9.63348688035972e-05
2.11590608553957	0.00011191053342223
0.597595044640031	6.50667480325998e-05
1.13313559357022	8.72335849054384e-05
0.54346160068513	6.43943345503583e-05
0.0550181322451127	2.39826498704158e-05
0.573339429561869	-6.81662752649744e-05
0.0808069698956267	3.1873677884374e-05
0.0985698908915315	-3.04102803383859e-05
0.0428521691910497	-1.6395505877793e-05
0.0376766506767112	1.60064566927835e-05
0.00240028363489389	-4.07707229846613e-06
2.06637276374225	-0.000131938984607537
0.268407021565977	4.85013201995354e-05
0.1661976490782	3.51127779723881e-05
0.259683112390281	4.60398825853084e-05
0.00773550595929898	6.89991784451968e-06
0.724988816744897	7.82609542854998e-05
0.00673686855814232	-7.58461169546239e-06
0.0342300109789547	1.37390782329375e-05
3.75116648193209	0.000166508343068151
0.553386133380987	-6.13634010326281e-05
5.30845649393137e-05	-6.276116983025e-07
0.708335118050908	6.5180214252583e-05
0.000121216063269686	-8.82631797424224e-07
3.57776271776588	0.000152636328697169
0.228887950476132	3.77002837454054e-05
0.057194811439123	-1.71664273776169e-05
1.78830994958261	0.000113468329120395
0.831735337932869	7.50787496005966e-05
1.17306698849557	-7.87381652036952e-05
0.683682118318718	-7.17513869248328e-05
1.00706019377768	-8.81899045318426e-05
0.548953627215008	7.68388662517167e-05
1.67432157395175	0.000132308306537916
0.487966956190728	5.23660015707031e-05
0.203100221775025	-4.11844962109131e-05
0.0161830288146886	-1.18876513806948e-05
0.631114941546805	6.95254896359706e-05
2.36259846940454	0.000113855318718097
0.554545947130158	6.54452858670015e-05
0.147397242310687	2.99820723421437e-05
0.00821738543968029	-7.04444794720169e-06
0.0259080755782335	1.36917384195053e-05
0.0313009156813167	1.91791197435824e-05
0.0802000288015881	2.27649606549643e-05
0.208638568304754	-3.67454420025324e-05
1.04545864832265	-9.4868669952671e-05
0.75519417734541	7.22134916625838e-05
4.99525011097937	0.00023340848971823
0.392235290208481	5.87107395292497e-05
0.32440271836005	-4.8262565062807e-05
0.0405829512058403	-1.41642116227887e-05
1.86327767248477	0.000100649907009195
0.241496834272324	-4.0141863973427e-05
0.0621513682580519	-2.05409097306027e-05
0.709861802656457	9.10245997100902e-05
0.555200292405599	5.33842397210502e-05
0.0557428596316492	-1.91585867590436e-05
0.00314581381336062	4.80918814864876e-06
0.0981600434533243	-2.66055579327481e-05
1.18860919913463	9.75920788441031e-05
1.66047430168389	9.45648016662388e-05
0.142233030522983	2.93328720703524e-05
0.224754162092927	3.34782661919511e-05
0.712985455215686	7.03627199851997e-05
0.51408774291563	5.27379439913504e-05
0.118642264255649	-2.06121486602846e-05
5.63389560087219	0.000197478337753702
0.289136681664652	4.25017010948168e-05
0.130885320049456	-3.30212340659801e-05
0.000446735595017475	-1.73833751270021e-06
0.104507932588782	2.73851110522726e-05
0.737736932352527	-6.56892562997691e-05
0.281992652181601	5.05469964808866e-05
1.03844810595587	0.000101653373806264
0.232544925202506	4.94406582181711e-05
0.077740720427067	2.48463812761745e-05
0.00449065714886417	5.53799630816963e-06
0.287121281385971	4.07573001503539e-05
1.16540371542021	8.34723105116885e-05
0.810833694396524	-7.52703339949551e-05
3.01372172089978	0.000180339664447912
0.349757645929309	-4.19547424282483e-05
0.896402402004365	7.64539182851982e-05
2.37013949437641	0.000160645372937734
2.05134775942801	-0.000122500912357559
0.517483885894602	-6.14328343021417e-05
0.513686750434372	5.79025570198921e-05
0.432790510741008	5.53430738839384e-05
0.463372072113737	-6.61770036407922e-05
1.63583649740077	-0.000118330433969722
0.369493090508164	3.66657453696011e-05
0.583644380176842	7.81770059853393e-05
5.63168136112391	0.000211851167549243
0.553852737441191	6.00525493635711e-05
0.690365284286177	-6.71456887111803e-05
0.0164332100538523	1.13624721306617e-05
1.15449410084029	-9.13499086369079e-05
0.0613175985776645	1.85971664917996e-05
0.34031678245704	-4.95935616453998e-05
0.574922844125728	-6.1765042266938e-05
0.240128638619511	-2.75235975777801e-05
1.5784913042047	0.000102792627807499
0.0276739243933963	1.67090207587271e-05
1.7973470216026	-0.000127624392080414
0.0250578487434207	1.47734941184965e-05
0.0545875495983759	2.11964093270007e-05
0.725150002286375	8.96121222018497e-05
0.463127616664129	-6.02892318514848e-05
1.75996117616625	0.000116642440503282
0.714917942371326	-6.94342581042118e-05
0.440163734069998	-4.4699194339799e-05
1.23876376213754	8.62319565072592e-05
1.30545998458461	0.000106264359078834
0.0572349665094573	-2.13353261494262e-05
2.3624872129041	0.000133524460978276
0.932932265712468	8.40250555884589e-05
0.269419592841677	3.19869561874349e-05
0.52330369631581	5.62067799370343e-05
0.279757552668254	4.89176020985713e-05
3.10049355583118	0.00022402146149202
0.217376407543512	3.93783613487073e-05
2.31298790786849	0.000104026918724345
1.45473109927244	9.97579567322447e-05
0.206364272030023	4.01008442163867e-05
0.265417478398783	4.57691336077749e-05
0.00010052347494868	8.19120844430377e-07
0.396262463668575	-6.1080290891318e-05
0.187828814729439	4.37766141614839e-05
0.00849767215850222	-8.22100561449554e-06
2.96771693582902	0.00015650702379926
0.394493086658868	-4.14642954704433e-05
0.561192045411061	-6.15455059987715e-05
0.0130669400562184	-1.0264465035698e-05
0.0896535973143554	-3.07464411823918e-05
0.128883243502027	-2.79380276006255e-05
0.451348566391324	-6.02266366285622e-05
0.428018993784572	-4.97130533536784e-05
0.00167532169558723	-3.80833301316308e-06
1.11989527812351	9.29222836383843e-05
0.130781043769775	3.03404412271478e-05
0.638687040995817	-6.27950582087144e-05
0.168668621430908	-2.95962898099705e-05
0.286707871472914	4.73606152646835e-05
0.108099146042076	2.94187555120064e-05
3.62837391488041	0.000166621740773684
4.13114626515042	0.000137239273837948
0.466728717687355	-5.12287335090298e-05
0.437742884901561	5.83129089369505e-05
0.744367506400383	-6.86863935938956e-05
0.223701740501057	3.4302831050986e-05
2.86756674062292	0.00014699942588137
2.61245797639396	0.000175201733431505
4.68920335746805	0.000187618218807972
1.14216676731992	8.90673749859198e-05
0.0698391542310201	1.92841714171571e-05
0.447182018460307	-6.4617289893605e-05
0.822094678279582	-7.50728148717516e-05
0.4952183000999	-7.56276142433554e-05
0.42773438453657	-5.45269517107602e-05
0.585669770486212	7.68495953125384e-05
1.58057184367228	-0.000122400316869428
2.73535743190126	0.000187506618784254
0.110965047383294	2.51285923368096e-05
0.0721596861318107	2.39349402454213e-05
0.275556698437919	-5.71685443876024e-05
2.2709390819198	0.000113738175690863
0.970523265107223	8.96380169010595e-05
5.60748817799246e-05	-6.15124866779197e-07
0.0139645610344277	-1.0211683476253e-05
0.188225736875661	5.07407305530251e-05
0.101145198140562	-2.68787920003317e-05
0.073696264795204	-2.4689928245307e-05
1.17795348533605	-8.61178589034545e-05
0.664676731564717	5.28544509289865e-05
0.482042633812542	-7.22776004809228e-05
0.0322336841117009	1.51523691572612e-05
0.0075748433061003	6.79510983203224e-06
0.0249570840741079	-1.1950374878664e-05
0.647104074610547	6.38799470470223e-05
0.491282769308274	4.94314451203591e-05
3.86906694857873	0.000208708964168049
0.590847697086292	6.9616876772522e-05
0.0840556303906097	-2.10076137090023e-05
0.670126077348059	6.63196081309748e-05
0.0587042774874822	1.63908194705728e-05
0.687714113792751	-7.1223337064827e-05
0.127892165914727	-3.11477086345702e-05
0.146808856095948	3.51908633374367e-05
0.465418857697258	-6.79739146511807e-05
0.426250467615263	6.57684921326927e-05
0.272343507296531	3.26204866711637e-05
0.0629645218413347	-1.75182302646305e-05
0.00818297162567058	-9.74869130444128e-06
0.0138553115946248	1.03635584435449e-05
0.318892687802205	5.27293685264008e-05
1.36476102452583e-05	-3.40652253830996e-07
0.188281390250149	3.63876358873642e-05
1.05820761936878	9.09951946388115e-05
0.0601914794996134	1.8440016478284e-05
1.12724298283819	9.44529375025482e-05
0.00716437340965629	7.69359417612958e-06
0.235945357568058	3.52964829313222e-05
0.167143403277052	-3.34146585665394e-05
0.817867779793582	6.32825585313496e-05
0.179352529519735	4.1096704934263e-05
1.26590085295214	7.9285498913624e-05
2.37707723236148	0.000172471762062606
0.584341010088895	5.75116173809378e-05
0.93527504062491	8.72841626647409e-05
0.111806998264322	-2.54861177088279e-05
0.18522577667154	-3.56403648753041e-05
0.637521753748858	-5.48819925390554e-05
0.841195805346304	8.30273150097793e-05
1.15930974768538	-0.000115434005608357
1.60343898227806	0.000126696908890528
0.00523539781639196	-6.02058170169826e-06
0.373121352585306	-5.70837135753473e-05
0.0112889645063944	8.76456514027587e-06
0.00136298110590361	2.77938824949667e-06
0.363220482849343	4.67117581725821e-05
0.101498624284682	-2.7978349315204e-05
0.0613552127603702	-1.67791075835665e-05
2.79597926576158	0.000141988134270312
0.611585770380935	6.06124714157491e-05
0.679736025278397	-5.48037288660666e-05
5.55956145938244	0.000263106563767285
1.06119086490559	-7.11318857687143e-05
0.455713490380544	5.24193345706182e-05
0.113811523998913	-3.49147858902952e-05
0.683124801646431	7.82236555766979e-05
1.32935018046473	9.60296457776581e-05
0.433355252276442	4.66977234825279e-05
0.00424943453186509	5.2077857157273e-06
4.40601696480867	-0.000144239833259398
0.0085634156728906	7.46923621823661e-06
0.0343631744833622	1.37408663713059e-05
0.696373450787086	5.95012116963137e-05
2.10166506505998	0.000134271569452899
0.165318395462424	3.26913480540232e-05
0.0123141399949707	-8.09259657590728e-06
0.791307246011599	-8.74073215926876e-05
4.16925912844372	0.000137283285068654
0.33066303965242	5.33574882740139e-05
0.116866329552402	3.43823141000602e-05
0.429910300012747	6.71424636948586e-05
1.52747200508207	9.1777405120981e-05
0.245870097920855	-4.54679383386397e-05
0.886309826761374	9.47529386933621e-05
2.18950072487072	0.000176026871956347
0.0153688890471263	1.12841589450406e-05
0.000205398812271204	-1.24805885975831e-06
1.50634363837172	-0.00010571603503951
0.482150318327578	-6.15390486326467e-05
2.72353311699396	-0.000169877435562282
0.851312187366279	-9.48322791201452e-05
0.712525074648007	-6.87569814703224e-05
1.15899344739549	-8.94403880422155e-05
2.65705281564458	-0.000143175211285516
0.665459380738991	7.57293297885781e-05
0.797947069335677	6.82653807133672e-05
3.27465089655796	0.000149609072167791
2.27820006869285	0.000131467398256725
0.133944643112494	-2.87965871110064e-05
0.200910451244803	-3.55548649750998e-05
0.492931812514731	5.72872155438567e-05
1.46681281130313	-0.000109436381838114
0.106124056526161	-2.58021360241781e-05
2.67165945566912	-0.000137053795406497
1.30306217031995	9.97569367125288e-05
0.660936342282159	6.48034222792762e-05
0.0575836284959959	1.83271269628061e-05
0.0201111287491043	9.94294911255392e-06
1.68984778192624	0.000115295440074325
1.47160540404351	-0.000110526828374037
0.0926586880218617	-2.35566330006162e-05
0.265023938875656	4.61862382066661e-05
1.00821615101548	8.01369383037897e-05
0.251614323996898	5.05287126135415e-05
0.0798380967887019	2.64231934410285e-05
0.0522417055810303	1.38852130456698e-05
0.00147066566118603	3.49187342615228e-06
0.125558817950133	-3.14316624611312e-05
1.4841640108206	-9.60949655241196e-05
2.26591924519827	0.000129789093294625
0.0530178186766115	1.78853948103016e-05
0.00221621827496456	-4.16169457915478e-06
0.785468217248294	-8.02456156039565e-05
0.0302617651412307	1.55638711740359e-05
1.90333312411733	0.00012612789691357
0.0370850343014612	-1.67109116197788e-05
0.544481110008776	6.51295647094129e-05
0.165112579570455	-2.66459523706328e-05
0.0201758252254719	9.18738275329982e-06
0.0404362808959334	-1.89436493293394e-05
0.374016082567409	-4.93688050464134e-05
0.174636710668776	3.78800694093354e-05
0.155357953019292	3.42533392615688e-05
0.0491492011925613	-2.16309540578894e-05
0.32674030814477	4.7022424274413e-05
0.334496930744173	5.2564566636678e-05
0.153448063429498	3.63745185144194e-05
0.179220344481974	-3.29365937493815e-05
0.098005132825243	-2.45024981091886e-05
0.672193265720959	7.70073345619489e-05
0.073778140680878	2.19760122154473e-05
0.00428819064488004	5.77857722647835e-06
2.33699878273072	0.000131421510859367
0.781887717429376	-7.87990624954116e-05
0.246305314260384	-3.78476386254665e-05
0.0365375964397969	1.52740998503161e-05
0.00913658099732747	-7.7111973754687e-06
0.763391181095034	5.80656910615078e-05
0.225777374480602	-3.82415404377422e-05
0.423268783904994	5.39345023838188e-05
0.328309394711467	-4.98084393763762e-05
0.202503201598981	4.81430761423466e-05
1.7255109102188	0.000113545739890703
6.60310547959635	0.000280068183916339
0.477403182008677	5.98549208148099e-05
1.13310604364542	9.124829344812e-05
0.352683545696851	-5.56428564385095e-05
0.35482595820926	4.16761537955809e-05
1.2180006575244	0.000120714136168516
0.270636581738762	-4.23560699135143e-05
1.27981324965016	9.16300814916049e-05
1.1207451901856	-7.32655313428467e-05
0.0309877208305528	1.41115131750561e-05
0.227720679785936	-3.79324718764361e-05
2.14668331852734	0.000134792600128313
0.031430841029816	1.70800123275813e-05
0.0575127002707899	-2.00092273312506e-05
0.00472875186446452	-5.97291780372237e-06
1.01433334546023	8.37299595276586e-05
0.494041822188544	-6.44779101020359e-05
0.0751370039591454	2.29748464250506e-05
0.222105821520199	4.26647546542455e-05
0.590710832020254	5.77984237880576e-05
0.0238294746961169	-1.17464613315865e-05
0.0154030202986051	-1.0873449164883e-05
0.847846492730093	-9.11040439664018e-05
0.0039407670516952	4.99923754686138e-06
1.40856793854766	0.000109330763564229
0.0612630930792126	2.13734776986225e-05
0.0829718259155976	2.30972199291227e-05
3.1470083836357	0.000130165606327098
0.351475474490054	5.47241401579633e-05
1.15300804730201	8.42884459665562e-05
0.963650932671362	-8.70750241633987e-05
0.013740934086332	-1.14822225896463e-05
0.516703218090001	8.39997097804199e-05
0.679932635168359	6.33994718910049e-05
0.304418678465772	-4.48747603368134e-05
0.0154281435019127	-1.015085590438e-05
0.157494262419808	2.74194504494711e-05
3.06731992237663	0.000192967192527227
0.405084615944761	-5.63054032699163e-05
0.249169311090494	-4.51221201593654e-05
0.236588611052843	4.44098642078653e-05
0.0188405293005261	-1.31073555897326e-05
1.28717300527515	8.05230999146534e-05
0.426007582189959	-5.81684774544119e-05
1.81713393295134	0.000123888092210801
0.238829629701498	4.94101722460419e-05
0.139998264976379	3.62532039427794e-05
0.00118422921027683	2.79155508951051e-06
0.0548839841854926	-2.14650693824833e-05
0.229220667818422	4.0611426575988e-05
2.548334473891	-0.000134747114492005
1.02522968409034	0.000103793550802147
1.13854756342282	-0.00010609888041028
1.11439098306792	-8.69594248693386e-05
0.484761506611504	5.87070827384369e-05
0.052770276445807	-1.7784692605051e-05
0.0696036896748547	-2.09464340094117e-05
0.0066406998051247	7.21872292316958e-06
0.612981145147674	6.61574500302064e-05
3.51907490668076	0.00019305441665722
1.15264087748019	9.12887302710306e-05
0.881826688244325	-8.56854365830746e-05
0.582117429749955	6.66568980482117e-05
0.467609468288205	-6.14062474048044e-05
0.810434168819079	8.37742720806741e-05
0.160568549604322	-3.03090052408464e-05
0.0298225323908505	-1.2907785281437e-05
0.17031497062362	-3.72446328660914e-05
0.146247060005806	-2.66465460786759e-05
0.053636569900651	-2.19592006004662e-05
0.0122370132620613	8.5755118686529e-06
0.120912662198712	-3.27271289580993e-05
0.000578064813697571	1.83602759461878e-06
0.444098474462734	5.26428100227152e-05
0.268408844395752	5.920805468996e-05
3.64019416773135	0.000160214852639048
1.11574425927345	-9.83656668022743e-05
0.0623132661592122	-2.17025188764732e-05
0.111722041691011	2.56772390501423e-05
1.37485069870172	8.06960196118955e-05
1.03481020412654	7.42540934593051e-05
0.37699621948257	4.80411612906869e-05
3.23740638898463	-0.000185606977649669
0.417074475745719	-5.07319307971484e-05
0.525052112303841	5.91261620064205e-05
0.106296176832057	-2.7075985354322e-05
0.364570310964324	5.81643757510729e-05
0.346679663316027	5.8409778031307e-05
0.0867180623984846	2.62843505096096e-05
0.228801737843928	4.0010665504776e-05
6.05167587616954	0.000248568733349536
0.931424290069053	-9.77283344161706e-05
0.764264168956927	7.09857438366176e-05
0.0416983249273811	-1.62039751841118e-05
0.147850798957524	-3.7603071112468e-05
0.285151936634603	4.45902556924939e-05
0.00125313095053628	3.21873763768204e-06
0.0133365100585365	1.0383291634317e-05
0.04540015904239	1.64081026484851e-05
1.94286075320709	8.9519625127623e-05
0.102634144970699	-2.80312762319569e-05
0.126355913059312	2.78650310447989e-05
0.368297392345902	-4.22769001610454e-05
0.18692250241009	3.96189990902453e-05
0.0382502142488596	-1.41387775088866e-05
1.06092506287439	0.000110877326950912
0.668814317304553	7.76826161913068e-05
0.801816080758413	7.18067680020342e-05
0.223888085527479	4.04726616584274e-05
0.000468263490381997	1.68398981790803e-06
0.00112423051296697	2.25177103667452e-06
0.752298497013614	5.3042274502772e-05
0.285595330799039	4.70974558752102e-05
1.69623976554991	9.79778142244939e-05
0.0552087618232208	-2.48189970093342e-05
1.18083385097281	-8.71179302557439e-05
0.0613073939847379	-2.16192229995755e-05
0.0285557930593416	-1.6061001431279e-05
0.0333355134581622	1.38587160411604e-05
0.190014932636007	3.18750674270319e-05
0.774262635220671	-9.16337898758008e-05
0.423576361932688	6.76997372382125e-05
0.0025756195920221	-5.60437154422542e-06
0.614042450685409	8.09282825065465e-05
0.0259375979762056	1.35372733206478e-05
0.659788856572347	6.46218502189888e-05
0.597443669582421	6.25453633196701e-05
0.66140054542654	-7.17622527301302e-05
0.309777705296892	4.23993967856561e-05
0.0203122932130021	1.21501495014024e-05
1.1346150526075	7.89433313374141e-05
0.13721914930697	-3.16726798222181e-05
0.721442318559994	7.39042827902061e-05
0.0541265874828742	2.02738689747875e-05
0.706005568837658	-7.7231679667597e-05
0.707105006353269	6.51551330180934e-05
0.518762814426917	6.49813375701255e-05
3.87626566627606	0.00018012116768607
0.164575028149333	3.33639544201168e-05
0.321183210050007	4.00636235917145e-05
0.553983194300014	5.93809848555221e-05
1.52134424422435	0.000127101059833377
0.403917788826228	5.82117391702347e-05
0.0124066906398818	-8.60383956826261e-06
3.34747359586501	-0.000158422506298847
0.673784395375004	6.53620504088488e-05
0.633569176261842	6.39787562036026e-05
0.174246736640506	-3.77403472250474e-05
3.51597653354171	0.000147798363272159
1.47696727916463	-9.97095273120661e-05
1.00451459313626	9.02619311260466e-05
6.16058812229673e-05	-5.44329314877261e-07
1.84780350919772	0.000124754366476023
0.00115733075850116	2.95454675913181e-06
1.76268882779869	0.000134256795351035
0.752048621031732	-8.46696731580125e-05
0.323366754777878	4.62622369388369e-05
4.38252780551356	0.000144152964971842
0.847417190684931	7.79882748124769e-05
0.467048033629474	-7.56675590181599e-05
0.257432740475662	5.32532692834425e-05
0.334556392421143	4.15848656156332e-05
0.668214755856059	-6.48692369416693e-05
0.434278782568836	6.4237435533817e-05
0.0472438797030781	1.76788213516501e-05
0.00632710119225605	7.98500627909639e-06
0.0196024001459777	1.17907295142416e-05
0.0216775802599277	-1.61083936715647e-05
1.31587779123725	9.64970980547375e-05
0.857940871202705	-7.49551643926357e-05
0.811366115374105	-9.43079411525773e-05
1.42259185048281	9.86354817924642e-05
0.669622806506363	-6.22948043940953e-05
0.351290492961446	4.02106610357542e-05
2.87609211084294	0.000161096597415172
0.087640386325019	2.90228118390487e-05
0.0598541748235267	-1.99620514636249e-05
0.852505589705476	-6.85199360818486e-05
0.0126053325162305	-8.70844629239273e-06
0.325609489868944	5.06692938943698e-05
0.0960149881759076	2.53237600816136e-05
7.74437810408762	0.000226894031601328
0.155414665169466	-3.52525375231157e-05
0.786259595039438	7.77337800335256e-05
0.0721433255872855	-2.56042575294572e-05
0.0999403445829285	2.69828140096002e-05
0.0192318234272553	-1.20978886026841e-05
0.0754226306809539	2.37175781959506e-05
0.217782570101348	3.8189324428654e-05
0.239939539247552	4.07464179588355e-05
0.0532415128359125	-1.60243183172252e-05
0.210350074672251	3.44328268065801e-05
0.103942104030958	-3.46896488122996e-05
0.161095798372283	3.06309976871781e-05
0.242458897694918	4.1175875104536e-05
4.68950949425343	0.000173141536626708
0.0130672312709448	1.02177240082457e-05
1.78327635870262	-0.000115078482477208
0.224539357301754	3.93984156235302e-05
0.555546241841272	6.1396468111901e-05
1.82807387972885	0.000107902251389081
0.383813489204121	-6.94842478651693e-05
0.00277317460132026	-4.73129126352751e-06
0.0498455915504039	-1.84685275413543e-05
0.0743058641010715	2.000641155478e-05
0.4279681690404	6.18637576779079e-05
0.00139414337521099	-3.26786710778726e-06
0.0100851963056973	8.57409763818882e-06
0.0256197929863027	-1.60906203844298e-05
1.97305846198193	-0.000108296385521896
0.668579363694979	7.25782290741067e-05
0.0393822656992628	1.43410058514675e-05
0.14822195879652	2.9565461227214e-05
3.03064288045138	0.000158783069241708
0.102121500271054	-2.9423309268985e-05
1.89514465260323	0.000131309503332347
4.44927724184168	0.000180684048825431
0.72950290689116	8.84610150658123e-05
0.504020477661715	5.92442973918165e-05
0.0604677141349328	-2.25265237224071e-05
0.277050292878633	4.33631003422355e-05
0.0759979104026397	1.69304713741844e-05
0.0186531861848613	9.58930542536335e-06
0.00428473711243229	5.73201809345905e-06
0.568325458279439	5.95285825617707e-05
1.15292635887157	-8.56525989089859e-05
1.97680172777571	0.000133017738933248
0.351345064727282	-4.80871548624072e-05
0.226001653458835	-3.88334810159436e-05
1.03197634789809	6.68999241902111e-05
0.0545947792406437	-1.86234871540511e-05
0.917709345156745	-8.09993958662575e-05
4.30216675452891	0.000159221173626977
0.0390134721643261	-1.31022211321804e-05
0.0256818065907783	1.11665236951723e-05
0.200072587649407	4.52958672626014e-05
0.152066157845786	3.5858967170243e-05
0.367729578258185	5.94292308956333e-05
0.396022209810427	-5.26550259684237e-05
0.228777858114396	-4.48099629094831e-05
0.000322168951261958	1.67105216235895e-06
0.094679146304385	-2.48136915879345e-05
0.0462583647075216	1.93281711025088e-05
3.28341588078999	0.000184969510900027
2.11828097101405	-0.000127194006789115
1.15186042357193	0.000119344585505294
0.151499907315623	2.87981916716411e-05
0.0301335612275643	-1.67949011341454e-05
0.164093590178947	-3.72336197414595e-05
0.343236530243473	-4.39937842311203e-05
2.72182550728266	-0.000129507862513273
0.347120735705367	5.35268955130166e-05
0.0586344971847136	-2.24294243679844e-05
0.164295912572716	3.7009125033852e-05
0.0273110414634154	1.5428648718556e-05
0.0280817720106179	1.38076576496809e-05
0.0714673539671628	2.56950815952017e-05
0.161996354068691	3.2820803115507e-05
0.0824916277892982	3.28247362042363e-05
4.74999052185221	-0.000207279634129388
0.767943533044307	7.67826566122151e-05
1.76124725967636	0.000114843746139477
3.54827182637103	0.000156310598430515
0.374108578557409	5.30973262289474e-05
0.184398894950363	-3.24867219848565e-05
0.0129816719062593	-9.32926561954256e-06
1.17519958283143	9.57486150723788e-05
0.0914775783172542	3.35030812979362e-05
0.0379074311186346	1.63517005007888e-05
0.636142747506212	5.46464372268933e-05
0.0554473694773576	-1.74960847373273e-05
0.260589136212817	-4.95619522994672e-05
0.26392477533009	-4.15699979467181e-05
0.297251761459809	4.2678238421428e-05
5.15901696802689	0.000194108743171199
0.0179622394371157	9.98894313775284e-06
0.00117385149690301	-2.70203757294707e-06
0.689867662836433	8.57429408436489e-05
0.0267138863802703	1.32553419424383e-05
2.63824764859566	-0.00016399349041256
0.282804202542477	5.75132091154495e-05
0.247885800503606	3.65939716445646e-05
0.0274903110244961	1.38944289183177e-05
0.0208731421491708	-1.36602837850277e-05
0.390993018376527	6.47542184855603e-05
1.22386881512738	9.68603427217713e-05
1.01255289979463	9.45683302648241e-05
0.376786146391139	5.0849154086652e-05
0.997578971860301	0.000118250477459143
0.00136290187099619	-3.5602735896276e-06
0.10516113330506	3.03993104682979e-05
0.572743256760866	-5.89830655658161e-05
0.151794121997232	-5.22327191748918e-05
1.50205633318781	-9.55294124330635e-05
2.78698304168213	0.000118612102444677
0.416597296610752	5.25689152251678e-05
1.06969047895167	-7.98880622438433e-05
1.41049593668728	0.000103161908267999
0.409971702232571	5.43287406409231e-05
4.76737071393709	0.000171811887883467
0.0512389121477052	1.77459735703079e-05
0.211929285668675	4.10304053416729e-05
0.0205836942418869	1.34290601058045e-05
0.0574041121430695	-2.06885322041259e-05
0.271320251967	-5.671153814764e-05
1.1551628902479	-8.95413137563025e-05
0.072195332281864	-2.06407895159093e-05
0.881662142795917	6.2151388863262e-05
0.324285561796859	3.90105106726695e-05
1.16803709127041	7.96823830968187e-05
0.198794114547181	4.65909561085955e-05
0.0125413907344336	-1.03389982483683e-05
0.176695621014836	-3.11804611525065e-05
0.0924131437810965	-2.44640847229437e-05
0.00240792725234195	3.89089042476537e-06
0.0484362560388729	-2.04022518438585e-05
1.32800341659972	-8.67218434729926e-05
0.0691020472978112	2.27531341828711e-05
0.00129085652915616	2.62278443741844e-06
0.731633956178267	-6.58504210273388e-05
0.531386112140242	8.18097693598951e-05
0.0544671293504784	-2.10955794016211e-05
0.0283749759223725	-1.75023701945941e-05
0.117977714949931	3.44259319237548e-05
0.116139631625181	-2.69283456269715e-05
0.0402199977507585	-1.73850419062077e-05
0.000124581222387654	1.19499216470702e-06
0.563456873047777	6.56280538947228e-05
3.45249136710755	-0.000195331086510462
0.0408555062086753	-1.66182433703542e-05
5.61352098466847	0.000201813721769349
0.869274741385718	7.98042201306511e-05
0.00120854214971429	-3.04781359716825e-06
2.18009409426724	0.00012931319647408
0.0180038713980734	-1.17177951937881e-05
0.125142125540772	-2.74106049420461e-05
0.0382249277396353	2.12625015594209e-05
0.00459448707967341	5.63106933461196e-06
0.733205889622481	7.4974627665115e-05
0.0261925313371246	1.04168120498309e-05
0.135687214659528	-2.81138348377773e-05
2.57268300894289	0.000137511466453782
0.0552247502155849	2.37733430235409e-05
0.00474241791043043	6.25430897404949e-06
0.755566812236327	9.01353499348213e-05
1.83089336500155	0.000107435704612068
0.320110027330551	4.74745225883411e-05
0.0671019200184682	2.88479304011034e-05
0.0643142406816896	1.76513362703681e-05
0.316855061014762	5.70101469736866e-05
0.746435720760902	-7.12872740903272e-05
1.8466246680923	-0.000129859648517532
0.298131790452508	-4.54604362472631e-05
0.137134746042453	2.82829475768683e-05
0.370808617690096	4.6209190899069e-05
0.0580145839197469	-1.48957230535988e-05
0.000592380857671814	-1.63385502075858e-06
0.234432452646351	4.38707429840158e-05
