R^2	beta
1.47962720322759	-0.0107498524465025
3.65414116933853	-0.0147033039133539
0.0512675551274994	-0.00152110242078218
0.721510789570708	-0.00639101406600064
1.78446008440058	-0.00832680720883922
2.29115389455269	-0.0138901719259
0.620833733127351	0.00565913533087026
2.78835792784905	-0.014642852270612
0.244798717346732	-0.00403991427335334
0.068389818681137	-0.0021946102789597
0.195344631126126	0.00330968509861583
0.0318578982899069	-0.0015496838863092
0.544140321191104	-0.00664303205763403
1.84117103173715	-0.0119752702485144
0.0565289833083631	0.00172594417158259
3.39390570899588	-0.0162961364334855
2.8450437641825	-0.013799645254589
0.200117883761291	-0.00329126133676662
0.0926447960330928	-0.00218250171232373
0.00928072123694098	-0.0007993456185156
1.30656392860435	-0.00775489944073818
0.0136993201334991	-0.000870703039495212
1.21396360924712	-0.00808455921475093
2.90691523389113	-0.0128140486164054
0.895341617114865	-0.00668140059755597
0.294849890460927	0.00374577597909465
0.0812549487393135	0.00223909933770007
0.00692025432089951	0.000641747950297268
1.53306360427604	-0.0110219157659097
0.155858444984384	0.0038831434183875
1.1931739333186	-0.00865161500165746
1.73101167521907	-0.0089896242198908
0.471537630191267	-0.00519073364321784
1.09184365678277	0.00750486044954033
1.25701948950429	-0.00821734580211026
0.591437515261986	-0.00574895912827243
2.27568482447577	-0.0129568136878873
0.0772048737471324	0.00175560519715895
0.0337547382686272	-0.00151516127874482
0.00312000953028853	0.000427202623485961
0.222630785389055	-0.00369386518635628
3.68768617782191	-0.0154611642817118
0.211739009414198	-0.00343251536708675
0.800288134337882	-0.00718324990742199
0.453546139189854	-0.00424651554820348
0.569469909811917	-0.00569026335513357
0.745212134032864	0.00654713189119934
2.0610009262153	-0.00992526643603652
2.13992676473044	-0.0110865644524726
0.240878070848648	-0.00342240857227736
0.41635658081542	-0.00588049783774481
1.27085205745525	-0.00988262294406055
0.0748531829825596	-0.0021098294813294
1.05829865044158	0.00745593310477208
0.236245407827815	-0.00456771130993382
0.108399746127475	-0.00318154451137972
0.0411377062062511	0.00150177419481095
0.676052287877562	-0.00608561579362591
0.134389109297206	-0.00231739377918387
0.161177869734387	-0.00388122771114667
0.00757078997876164	-0.000629887918347702
0.991930655487432	-0.00797515217668105
0.528053720486504	-0.00477255405364395
0.0160993721167082	-0.00087465698640283
0.0845428466270565	-0.00256633271400906
0.310475047526005	0.00395259345286498
0.768610456885448	-0.00647940324665056
0.410617874427198	-0.00575449570857748
1.27401324482004	-0.00841605287189374
0.0222551777602429	-0.00109827276152253
0.00570290446956953	-0.000633254402643664
0.809327965452999	-0.00640901149239518
0.0324979774832275	-0.00138642178016547
0.259649897011064	-0.0045571315918064
2.30887468151069	-0.0106104904187154
1.54177716210046	-0.0100648939651518
0.640705330950303	-0.00689835883037956
5.26877889003932	-0.0144797646513535
0.479986230991386	-0.00488646396109409
0.567780596585567	-0.00546375242691869
0.252739919026127	-0.00457615292274072
0.302726915570559	0.00446525191718948
0.238510660640846	-0.00390879747978084
0.0446445499836473	0.00140806035361383
0.186273394695512	-0.00304503109649326
3.63312515525412	-0.0120258443111423
0.525114010569076	-0.00527641171580115
1.29160254586412	-0.00906180432274488
0.528768100536236	-0.00545203252659932
0.135434138869328	-0.00318948356062324
2.45734788678138	-0.0116717302884147
0.100071927796848	-0.002663981480827
1.17146498038158	-0.00787654173814136
4.82314673297341	-0.0166157642422247
0.287336367848951	-0.00412425044890957
0.427948597699438	-0.0043582109906355
0.712230684112134	-0.00583716301879789
0.224674248148628	-0.00317340350429083
1.26010597649214	-0.00886674029857102
0.0970482995480227	0.00231113073653703
0.476089362495223	-0.00556248227999224
1.20753537675049	-0.00857141567286333
0.0039426782317011	0.000468529715794575
0.912292270002585	-0.00725171691827525
1.7267399284629	-0.00981835223918368
5.34437515671656	-0.0165539325155081
1.74793553352832	-0.0100954537758439
0.000297988703840756	0.00012665301430501
8.12907174798664	-0.0241811635367933
3.65144137274751	-0.015579312346811
6.28866546074055	-0.0191073189669101
0.110226979340483	0.00223544157580796
0.109537271629887	-0.00298710202163929
0.00178106774440208	0.000289598457263866
0.0419379836686164	-0.00140728906626603
0.000443803962536357	0.000178903249818386
2.02994389851736	-0.00968861122270592
0.00968569931796304	0.000703625922491663
0.856954426798094	-0.00693983075820915
0.0027015123990353	0.000437860179310263
1.76326868866652	-0.0117543187932829
0.8288986711591	-0.00643067981486364
0.153104746732212	-0.00294773993044368
1.92138709160266	-0.0100203273834528
2.60384480143003	-0.012919440246015
0.00423235940971192	-0.000568970418119712
1.12448213995139	-0.00901492298640396
1.05031405685902	-0.00866063820177553
0.121386368211434	-0.00340081879711166
0.967138286877022	-0.00845859556197206
0.361743001236757	-0.00459621162054511
0.214425310162541	0.003298733958739
0.0666233054622138	-0.00209660702813525
2.2402635042112	-0.0127666949229581
0.00279009998879534	0.000426970120418706
0.441113007159171	-0.0049430918253348
0.228873773473088	-0.00426388581483669
0.0905177778085441	-0.00260925745646422
0.106544639579076	0.00223264138207021
1.06922670940349	-0.00809533222424534
4.32509172977626	-0.0172987447542605
0.00338309829195485	0.000454601199616691
3.55261682899484	-0.0148004876137738
2.76695604406442	-0.0168745810980694
2.05252328020241	-0.0116273745818846
3.5236791609978	-0.0174169083554751
0.154878108259135	0.00233684807080844
1.37882274521447	-0.0107079562560811
0.0925213253488474	0.00185998601139928
1.09784153484198	-0.00786577435370986
0.0198605284546656	-0.00147184999486359
0.0884184048602432	-0.00210276038852971
0.604168250855225	-0.00550128868474733
3.10986919445985	-0.015023537571622
1.58752738894082	-0.00941573019571214
0.00141424312747305	-0.00029688490033223
3.40698441958427	-0.0172104639726468
0.0140450457076271	-0.000843740533657999
0.680561035661379	-0.00569529182992544
0.0448345088889874	0.00166710812467127
0.0513247333421312	0.00180488723552937
0.00545485290293133	0.000633763983705568
0.145337325360991	-0.0029975577347747
2.64286685184975	-0.0147209015771933
1.3567487756416	0.00906003797035643
0.113038337628493	0.00282606816770215
0.160504695772084	-0.00258391988653057
2.90570646132341	-0.0129078680850904
1.24146484544638	-0.0085539116496394
0.338969096611324	-0.00489590896821236
0.579184869248601	-0.00507527710874571
0.52060409721211	-0.00573926891522589
1.25368840781694	-0.0102040804215253
0.179126598879443	0.00348080684328938
0.00199829925198014	-0.000423571737250653
0.913348265491421	-0.00767093848259653
0.482290626108986	-0.0052014049318874
0.419806364893931	-0.00445528242153441
0.351683122476615	-0.00540282806203827
5.78178118185217	-0.0178888332395338
0.045073466193359	-0.00152564928919102
0.681219587173674	-0.00664846202407753
0.575543382519228	0.00675951865428604
0.220020969233566	-0.00327945870273023
0.706309902027133	-0.00683692086739691
1.31346322243824	-0.00913449177166901
0.00180066740617746	0.000302231653873559
0.425489457378116	-0.00481979549818097
0.113504772320742	-0.00276312365839607
1.0873521768192	-0.00778042834719134
0.00456998216296555	0.000532783949194807
0.796874538508439	-0.00722019165915969
0.375875754490323	-0.00447933433421167
0.562605356779717	-0.00548529770059079
0.226107065380214	-0.00361180046254942
0.00143086522860946	0.00031545493378773
0.8138175160998	-0.00707379096972069
4.45235508471508	-0.0154958758781058
0.116683114923286	-0.00203538861820155
1.43522264359748	-0.00912616803367305
0.060926925310676	-0.00188592787341701
0.423449637090258	-0.00605401119261091
0.263665679378698	-0.00403281482079772
0.554366591521317	-0.00566517138225597
0.609217511686592	-0.00591194179674143
0.0959226094851404	-0.00243986435524104
3.1002781765681	-0.0125462329483413
0.0393719412148967	0.00143624475565632
1.49285906635595	-0.00962051545353436
0.00624382509367231	0.000598669454953274
0.269154977927904	-0.00357709946972378
2.16524592615117	-0.0134355499900495
0.838585150786509	-0.00663482345775368
0.535630335665567	0.00563704742032538
3.26279286477322	-0.0127872481755733
0.0161769046603728	-0.00115835610451839
0.574088335349059	-0.00619987383300446
0.447622201259426	-0.00466741830957118
0.0175190005864626	-0.00103856777881517
0.241506704538836	-0.00391502943706768
0.190454211841595	-0.00334375554643395
0.00843468935550206	-0.000626380385932483
0.23256219734098	-0.00359094656926432
0.0252276309478088	0.00113731175848548
0.0384871747176028	0.00130861762252115
0.0940279058988136	-0.00225839452524857
0.0191807268790437	-0.00102100852504394
0.0495377431269536	-0.00165279951583406
0.360455185841863	-0.00511779111460458
0.0652265455474789	-0.00193278646855203
0.377391208980897	-0.00485124901901789
1.3156827945079	-0.00728959204397868
0.172610869558624	-0.00350866080269246
0.0054986428509159	0.000541497095895746
0.0610999464399241	0.00192381597971091
1.09574298075002	-0.00771944787513656
0.895936917789296	-0.00856680304109327
1.69579456527928	-0.00903629356686101
0.00309724443338617	-0.000477777158909984
0.0247232500357723	-0.00113280834166381
0.0619836078725313	0.00176893075460396
0.307280386468712	-0.0040714110076054
0.0480873387087235	0.0016794986838531
0.85688633357921	-0.00790277075793658
0.107598174471518	-0.00318962005267731
0.021012293381114	-0.00110555149765927
0.763720384878569	-0.00611142853943686
0.839026626679134	-0.00769041500848017
1.74925824130557	-0.0117617096297467
0.262029695891134	-0.00352547336328045
0.684053086915556	0.0065055840345447
3.40712897546839	-0.012656665878476
0.820614181979677	0.00751301199206274
1.85515641456784	-0.0124901039945777
0.069341070934155	-0.00220394333664202
2.42858243624928	-0.0129671257527963
0.36380216743282	-0.00548045810538489
0.869728383878345	-0.00746432494158258
0.873548663298272	-0.00633451394475322
0.799383140688283	0.00765856920367049
0.00049150624493915	-0.000148339122393642
0.958059971340526	-0.0077828683724932
0.167393227106407	-0.0028974484714224
0.586172082946413	-0.00628200647025317
1.29845387004855	-0.00849190197976388
0.06482837020619	-0.00186121938313229
1.54618782925788	-0.00963664020835147
0.291691122163366	0.00399707417886277
0.123195402023876	-0.0030277258240445
0.257097049211607	-0.0032679136747378
2.19180766035191	-0.010085663760798
2.01323731868793	-0.0123515505593135
2.30297739036511	-0.0115387417938777
0.0219597568688687	-0.00112992090982287
1.62300397834589	-0.0097281223351879
0.930430876931122	-0.00703350207918801
0.0300494873922544	0.00134492603551687
0.0109370616509864	0.000840164185327383
1.74205536218784	-0.0119063871016082
4.60652426228238	-0.0163627012978525
2.92902120475492	-0.0172752698575246
3.78498341622696	-0.0157873278968952
0.560026184356177	-0.00607334583543335
0.150471029648251	0.00361585067190687
2.11724774572114	-0.0113474948997982
0.0173748787335775	-0.00116158394174668
0.188104655816577	-0.0029184804610205
0.539727975575679	-0.00545055538490525
0.626812129890423	0.0053531917939852
0.0845193345098111	-0.00190569761793691
0.233923139268256	-0.00428060980155481
2.70663842540418	-0.0149338355737393
1.77417226312114	-0.0107257760820485
1.62625809091626	-0.00983219726940938
0.484593245892204	-0.00557429612593837
0.643307213985096	-0.00655881147480834
1.84173821075926	-0.00885768786889671
1.34369762168307	-0.00970263358131905
0.323036672809598	-0.00446685951565738
2.71775713538002	-0.012433851820175
0.146797465804979	-0.00308438980397606
0.168497810315848	-0.00297341376683015
1.14382569741262	-0.00844323321640204
0.339432970797269	-0.00437159108658093
0.00274036695229642	0.0003684853089873
3.2194196337143	-0.0160656658017676
3.00795565739402	-0.0141027576471612
0.0378973121605479	-0.0016120864325727
1.53606154010901	-0.00951788338923369
0.81276083690035	0.00773027754153937
0.169424425277109	-0.00315117937459523
0.821181334482428	0.00644135401019825
5.20434456778693e-06	-1.75602442787282e-05
0.75610585229477	-0.00875192661816031
0.610064750008301	-0.00549714370614468
0.434728833128018	-0.00462760236680299
1.72601901553548	-0.00986550316870976
0.00439814683345847	-0.000512832329692691
1.2927845553491	-0.00687594565179871
0.308107489459757	0.00385360686577146
2.52111207517535	-0.0116156147579629
0.469485377482517	-0.00635361303884939
0.923034280751484	-0.00776052023718635
0.0113131386832935	-0.000927668073930978
0.0706268717476141	-0.00167322882260252
0.874462580869355	-0.006848490172077
1.1274691111467	-0.00757386523175407
0.204914507553416	-0.00300905651531515
0.0596067155805944	-0.00155434100671516
0.438136639840432	-0.00461951677420565
4.7872947856841	-0.0150745125097446
1.26714158319423	-0.00804190378514848
2.90262601364162	-0.0124694203609597
0.323570938942758	-0.00472500446116064
5.01831760282474	-0.0150089898043839
0.432810361950354	-0.00483532882176325
0.669616647335148	-0.00624561938559957
0.00409047869305865	0.000507102543885051
2.49681915770069	-0.0105767434252499
6.38752372034816	-0.016506949989521
0.0357630200206411	-0.00135117276825239
0.405170661529366	0.00620510656063692
0.934959250609626	-0.00705976307182271
0.00451480708028395	0.000475191218042363
0.0954030967538113	-0.00283946137260999
7.54218353126683	-0.0220760947307347
0.0957309704731553	-0.00239161143203687
0.040562561269475	-0.00168733592487416
0.625942366968568	-0.00596121111459167
0.621380520887611	0.00725252680731949
0.797109966499094	-0.0074612268470765
0.174796492887823	0.00381903272684498
0.122795265006769	-0.00234517513140098
0.0825201444281265	-0.00225592591204851
0.0630272108666464	-0.00181370054895311
0.198230355801683	0.00324093823820897
0.303968021411022	-0.00402461200892844
1.41596217629077	-0.00950141167996356
0.10574796459523	-0.00249317887623632
0.152132954254438	-0.0030357595950408
0.452207745392803	-0.00496330368762149
2.81455874378369	-0.0138316445367033
0.445121123556154	-0.00521134483841391
0.3318345000356	0.00451545443392088
0.00191767985455318	-0.000285085196027208
0.00169545440808348	-0.000277155775886356
0.0799654171570963	0.00214630561668641
0.0367690660044843	-0.0015228368497604
0.00158986967218117	-0.000318073192300141
0.0029678930141664	-0.000420650274378633
0.533010490960079	-0.00594797123765917
0.172217939236607	-0.00329370608701626
1.66560502187924	-0.0110728000643841
0.8832872968579	-0.0073518520502397
0.433067030022269	-0.00450649687591655
0.0718202487786371	0.00227925344063811
0.302963844151826	-0.00424781620003774
0.0251305527523771	-0.00116178653606396
3.30869118335694	-0.0157052400483007
1.34857896876135	-0.00695714612336243
0.561368700941404	-0.00719687725802036
0.781184888208807	-0.00679847516203823
1.52542634672136	-0.00856542908262829
1.76523519074022	-0.0112899801967308
0.591551309539902	0.00515374937326561
0.0232860890431908	0.00102797853950934
0.709060657867958	-0.00778275686989011
0.0361268156103143	-0.00172625080970705
1.0608109350194	-0.00760075953111156
0.020039721436875	-0.00134468496921107
0.329807050014029	-0.00374861330677223
2.44544661346845	-0.0136292520792723
0.151751482628585	-0.00309924839619614
3.32788017895648	-0.0158749830762887
0.0305658040590587	0.00146062048753319
0.0481761422886625	0.00147456983538874
1.22457849045608	-0.0071267229966151
0.0897042657687956	0.00251130721362641
0.851620743312728	-0.00747923612447547
0.0481202864226893	-0.00182606434907272
0.182081533263719	-0.00332654741708511
0.486420909151974	0.00473927901710376
0.850183772433337	-0.00764258654310398
1.50149158915701	-0.00900437391731767
0.065376230286572	-0.00191162423258933
0.134271091415037	-0.00296747052778799
2.30294435438203	-0.0112099933123494
0.187644441196015	0.00342249286934953
0.649576349829569	-0.0059919126909832
0.351625960310073	-0.00392275825017903
0.219389106326682	-0.00358728246179792
0.0397707244156013	-0.0016291951937559
0.875759977006764	-0.00818565910724122
0.0334563141440283	0.00150627223254613
1.53632110115346	-0.00852425579670963
0.0718713531326773	-0.00216514721994783
0.411166243271202	-0.0058315413814166
0.105381090723144	-0.00234517567165204
0.229526161256128	-0.00371870613668445
0.658091039556168	0.00597482007970985
0.0210892365639985	0.00119366357699187
0.0384372827934174	-0.00160921627077634
4.41637821578423	-0.0174047214280966
0.188956447008158	-0.00337673353187363
0.378837588409294	0.00494259753963464
1.86874530360396	-0.0110554243003429
0.0383048855355927	-0.0015904508006398
0.090279288036757	0.0023921810687949
2.21715157014729	-0.0103309729180196
0.404662935531777	-0.0052241266276197
1.03592806508838	-0.00744886883150651
0.684107557112897	0.00720756443251166
1.52890858213253	0.0107360552514399
0.849565448828272	-0.00621093852566383
0.221893747486473	-0.00329635373080091
0.35889016197439	0.00440583426592827
0.143178020477833	-0.00284387297259978
0.371984661533453	-0.00502827201813681
0.651456718123221	-0.00577869714025848
0.173196297433712	-0.00318403054942423
4.91379512840657	-0.0151350759913911
0.103498721481142	0.00276364952022244
0.687288975306796	-0.00714550979608346
0.103304963518823	0.00314142373447034
1.45123203614936	-0.00910013676638227
0.023096215895156	-0.00100342807121676
0.0197063991402819	-0.00122634293856709
1.37853242265671	-0.00998737832778788
2.3732503219589	-0.0133546605955131
0.473860001005046	0.00496482303090281
0.0572399162287273	0.00195590455572092
0.416835743022108	-0.0061127695209664
0.269000501906701	-0.00457326205157473
0.00204046947830779	-0.000389028738138883
0.517473900100415	-0.00541751184754464
0.568415629750405	-0.0062104354631062
0.992346561207032	-0.00861079937483695
0.390416401445868	-0.00513805524642064
0.418866337037522	-0.00458108052100126
1.73415029325281	-0.00863355729965447
0.0416936963034122	0.0016062932769472
0.216173139490843	-0.00353965827660542
0.535588401097989	-0.00472905442310448
3.86227222874703	-0.0161104745269099
0.196704804118721	0.00396866811396789
0.132691125621207	-0.00228196255319941
1.32572764909738	-0.00936085792361835
1.35257238205088	-0.0093447265364103
0.0023793874607173	-0.000351713408772191
0.133293239222148	0.00289716020401232
5.39110069398902	-0.0181620491162774
5.49001664043066	-0.0181670247114279
0.00189052416108359	-0.000285154524616208
0.04059451024132	-0.00169159926768531
1.14396539758255	-0.00858513900947141
0.0470515287737706	-0.00179535251498268
1.99154445403849	-0.0116540540650278
3.03390198767039	-0.0108647334477245
0.239651113271973	-0.00363496511697588
0.715406597457999	-0.00648104485013569
1.62690743405947	-0.0100933129356398
0.554067202867542	-0.00656172005678803
0.11748992888115	0.00223363586186539
1.64322595570581	-0.00976696675270679
1.0603313944952	-0.00850607410076942
3.88431592460703	-0.0179373159271491
0.90823110783239	-0.00751223200721353
0.0120000621706822	0.000851607847303691
3.5190538691905	-0.0125468489118529
1.03520608816412	0.00702866750032831
2.43879588750157	-0.0151287038446524
2.26755214729961	-0.0134591895178367
0.0793842691232141	-0.00201034391589703
0.0121605689103004	0.000790845132772205
0.196046935017707	0.00380829716387503
0.607066460279265	-0.00614265372044611
2.11536683673108	-0.0115694231418326
0.544195965802408	0.00476418316759852
0.323932197823199	-0.00462268722510805
0.874931461017889	-0.00680988266465934
1.33269908685143	-0.00862874991910878
0.478508711947706	-0.0068965051155848
4.50846008023081	-0.015410172256422
0.017914867904582	-0.00108215611983195
0.00383830281218586	-0.000507455774188404
0.771665590119879	-0.00776397568572061
1.524357771	-0.0108108566685028
0.776849988918384	-0.00786561240589077
0.0948438618045093	0.00188012114575789
2.96512445428904	-0.01257449530256
0.963440173684349	-0.00822554030749124
0.308093079874765	-0.00427273402853082
0.586274710560064	-0.00597762973833379
0.0341272881940038	-0.00135960812445023
0.445121246313904	-0.00447194996530456
0.870929617999989	-0.0077562153867626
0.0218917398081569	0.00133543770056531
0.456676543534711	0.00493466416319466
0.86923624444177	-0.00644251211793903
0.0435423468722584	0.00169348673307548
0.117247641517374	-0.00219783365939664
0.710489584428466	-0.00590531516860868
0.711824226261553	0.00547211097788914
2.45536401890669	-0.0145684277588136
2.07446243685548	-0.010247212069575
2.84601757057554	-0.0125940126008928
0.284529977878723	-0.00380717173283016
0.171090750053098	-0.00299678121719465
0.530480178088781	-0.00587951043408571
3.04995751496928	-0.0146801265946346
0.044954441189125	0.0016491927059746
0.551193249517651	-0.00483697381786447
1.53653015151245	-0.00834537186222942
0.632165978856655	-0.00563786012680881
0.831902378609622	-0.00774478945837659
2.33454770412108	-0.0135739610342647
1.29644548546184	-0.00766760866159436
0.00155684397114766	0.000317616538566578
0.456040713401564	-0.00521469939990568
0.159911154750426	0.00273697906897075
0.0373717327470715	0.00183156532953292
1.20948380282242	-0.00990506152531798
0.0101245971712443	0.000594357618437241
0.0230610961934007	-0.0011098802313572
2.00959065825289	-0.0103350282397012
0.797525107661225	0.00786795388995457
0.00755137752141308	-0.000604613223544192
0.0678941179809239	-0.00226016981140077
7.6984663186368	-0.0190715385762583
0.554654975483046	-0.00642146184709709
0.699127322256046	-0.00674675284481116
1.40212999516946	-0.00788111894601226
4.91383912806542	-0.0156296789466434
1.21272924910975	-0.0076966272969624
2.61507168470753	-0.0123361726198236
1.10995964270471	-0.00908455207151839
3.27980321777112	-0.013628037962639
0.0146393598589449	0.000945449142373489
0.423811657695425	0.00550984522082156
1.03306013687223	-0.00691047177958147
0.432327178076143	-0.00605543580580701
0.706331904782573	-0.00597145315501228
1.13273777041123	-0.00788582124730497
0.00331150766470389	-0.00039309229110781
0.568785639623167	-0.00614687074536794
2.53116215368026	-0.0135326888614689
0.640134049348966	0.00516841844730124
3.5121176889805	-0.0159658101196093
1.82884436395038	-0.00897192553899885
0.121866265564417	-0.00294896731569867
1.31660969192793	-0.010124701320022
0.369320066745738	-0.00472197111303032
0.013678032738268	0.000927507905912434
0.28914165064873	-0.0043211086540765
0.109585599946605	-0.00219225629544939
1.68067291979859	-0.0100055804534127
3.43375244103462	-0.0123294905391916
0.614139961250551	-0.00668855649203642
2.34589577322033	-0.0129573839177355
0.000883253160089705	-0.000238072131450645
0.298114283919687	-0.00400209103899679
0.0837559194158296	0.00253084299214294
0.530457095180075	-0.00629803522789871
3.61835261492785	-0.0157404278821266
0.907487700440331	-0.00669179619477343
1.94987479066536	-0.0138597350291218
1.70560872185988	-0.00962496706473304
0.0202786854664597	0.00110467255098973
2.40360916524205	-0.0135898142917995
4.42840941060851	-0.0159184283817773
1.09389573359007	-0.010800127433796
0.70402264050357	-0.00699402318859002
0.126825431987832	-0.0027423717851381
0.07879006865679	-0.00234710324319347
2.35313229981226	0.0137086766858998
4.20925708497993	-0.0157518697502537
0.174010847997812	-0.00279746708606272
1.16884859340907	-0.00880425804782043
0.0157285233710102	-0.000830742362710333
0.117889350080146	-0.00270070982217876
0.472181691790089	-0.00588877926446248
0.52094606283191	-0.00571904446131648
0.882917953466084	-0.00885009460283457
0.737496659013531	0.00708767723987664
1.98909963320357	-0.00934015871640523
0.0506052910336738	0.001760171077539
7.23822789347161	-0.0235794843632374
0.102901954831571	0.00260969145925193
0.18637832931047	0.00309761941653903
0.346629028263592	-0.00459360374641621
1.53640027969523	-0.0109933077458566
2.48494262353437	-0.0122438990798327
0.214927304872931	-0.00373266155401578
0.452228833023306	-0.00538017972737178
1.39075687249957	-0.0101291947444774
3.17205929549337	-0.0134836407630545
0.0890487179139703	-0.00256326025364537
0.000381293720554089	0.000160128866049351
1.16227981587736	-0.0089478006524184
0.21917860113493	-0.00472149557500087
0.000178010699353991	0.000116150640113814
0.0356141290351456	-0.00138478342164566
0.0004735498419396	0.000182727666159138
0.756641284473462	-0.00809929756682359
0.265517427273116	0.00475294054919547
2.43281228139594	-0.0149616663945448
1.61633358051853	-0.0100881365084378
1.02797204133621	-0.00770932048857915
0.603810626371216	-0.00643619791570834
0.0450758225235483	0.00152193932054355
0.142147338647432	-0.00252635140818177
0.514692664721212	0.00490788764759863
0.409240271158744	-0.00540813369838037
0.0020791408356617	-0.000383906566427518
0.898748544465693	-0.00716369226707018
0.396166427812941	-0.00391348363356162
0.0582196632008146	0.00183708092192434
1.60402077132731	-0.00884260699493105
2.05455765640598	-0.0127344995791711
0.0902137660711223	-0.00273575387740011
0.000518859966035182	-0.000149447286399425
0.123950317800018	-0.00339305647350594
0.276222258491552	-0.00334573961233839
0.0186522263101136	0.00112763884856242
0.303805810286249	-0.00531047444102598
1.15491470907738	-0.00893982512577747
0.106354784929409	-0.0021546374434395
0.592379375104443	-0.00642763884421505
0.393487957179613	-0.0048563706901575
0.158041343572673	0.00253819733421384
0.159426284709859	-0.00276188653495347
0.290967172417891	-0.00468785917727358
0.466637953587937	-0.00614528409140199
0.243131568138697	-0.00366128439950686
7.58804757165477e-08	2.04483962371879e-06
0.955724048560391	-0.00670353742982795
0.440185438258107	-0.00430913018440321
2.74745285944949	0.0140297257434358
0.144266339682999	0.00270012205283813
0.34840876151242	-0.00528910974353029
2.31575160620062	-0.01219812214349
0.0119266605150417	0.000788266203216288
4.50727230054807	-0.0196688277260327
0.0772532309766668	0.00199853321724531
0.748734411352676	0.00676391676947775
0.409828225887447	-0.00420151112866348
0.0180802237894199	-0.00110480343795648
5.57767462219465	-0.0184401802528297
0.587286842723832	-0.00530535981739915
1.22466636867653	0.00754300967391497
0.482733415801148	-0.00599410154211041
1.44957003434342	-0.0067758406011939
0.124385263424043	-0.00270075763911662
0.0190212284527384	-0.00100577850773292
4.2559056496077	-0.0153773233365931
0.441714580261242	-0.00592357986664436
0.884199355811725	-0.00566537416299803
0.885994337214365	-0.00701648935660271
0.0860393786456059	0.00289745656739067
1.01670469324341	-0.00798308491064053
0.440876980948992	0.0048550115062061
0.451939744402594	-0.00641665147475098
0.392013492749793	-0.00486641825048662
0.486989159714418	-0.00616006768969361
0.133954321426732	-0.00202434896060721
0.0273863451885217	-0.00131430013503235
1.2818798267165	-0.00759205439436793
1.46186857894458	-0.00922875786335257
0.0742045167673663	0.00188692674790519
0.411953106956222	0.00489001887150194
2.17309275631981	0.0114123650983718
2.88509901991056	-0.0138471779497466
1.15008432781128	-0.00722265529225909
5.25198138632864	-0.0152284094000091
1.89142992759308	-0.0119397889084733
0.000462912309250267	-0.000176515354347004
0.00940968323635942	-0.000777267226893142
1.59645940334109	-0.00729576677377779
0.954918235985067	-0.00713169295567254
0.315444921347664	-0.00398235041692935
0.0239320037336939	0.00133163597471084
0.19950113827801	-0.00441751462575539
0.022945158479375	-0.00122152738074011
0.000754275942321726	-0.000191677254516484
0.697213025492953	0.00733521369367727
0.640834323486182	-0.00811773356834731
1.74468732561303	-0.0118145966613924
0.75139694196215	-0.00620391855435891
0.157277649240835	-0.00324852383699578
0.0844473514019517	-0.0027290477378505
5.15801358236555	-0.0175310342800095
0.0732896308755346	-0.00187777095687629
0.744283567305404	-0.00605441429171711
0.364335234786276	-0.00460423366130456
1.28004254527582	-0.00806610999634996
3.16164638796146	-0.0132353579044547
0.331551541406886	-0.00415446265875736
3.07152854359668	-0.0126482134242444
0.276281756921381	-0.00332069630944576
0.0714124030094127	-0.00226056339886671
0.0420894453749836	0.00166070326287266
1.36120638468039	-0.00940126016027985
0.286875371264321	-0.00429438830308757
0.607443685307765	-0.0059669970957823
0.0922970025908103	-0.00256132198961419
0.000397545450822041	-0.000145211464383833
0.114318934270959	0.00274033079630519
0.355944833040604	0.00484358061054589
0.704282006555946	-0.00631678004432303
0.337159540723554	-0.0042203440306162
3.45346076339236	-0.0154370368976254
0.32956899059953	-0.00472686643347546
1.04336342290113	-0.00921039488602773
0.0761027500936579	-0.0018887127758403
2.36766919985115	-0.0111875197616376
0.218288764949069	-0.0031376297194317
0.392728857318769	-0.00368017150145365
0.0752514277147679	-0.00213008518780009
0.392253965157183	-0.00444054045181165
1.01946616828046	-0.00746891279170133
0.128972478585941	-0.00269977173573533
0.0556722777724326	0.0021388146795423
0.0221864710233405	0.00115185663042635
0.0475476397625184	0.00179367348166123
0.40685777343859	-0.0039777064238128
1.45744955016479	-0.00849191902676575
2.78335536252177	-0.0126152662019752
0.0451158523080816	-0.00170483658715575
0.109302125020909	0.00244917940864581
0.000780350272367173	-0.000212936853927808
0.00225428977525268	0.000430897578351114
1.9495671077327	-0.0103095769101427
0.849839887378972	-0.00732336135775512
0.000707410347704245	-0.000210291203097938
0.0501753831847127	0.00162127865814425
0.604953113810253	-0.00685459206179378
0.28854694942811	-0.00281001654201223
0.820716058846528	-0.00698208949725383
1.46035984748058	-0.0106174151238412
0.703862755066076	-0.00620918941858369
3.67626834190488	-0.0137458366739047
0.113351314807841	-0.00281994900001344
0.188776556332523	-0.00424299480222279
0.174354556044039	0.00387844091537091
2.03322030914568	-0.0109257074034193
0.312794365082091	-0.00469009697559667
1.76018292908718	-0.00899521712730039
0.466734320404198	0.0046698434628918
0.000987729645132805	0.000250565138051508
1.47528209466131	-0.0112505541616596
0.107633757921499	0.00256545981449162
2.03757476064774	-0.0110420203678214
0.00238163492516075	0.000447409024680281
1.38183864644763	-0.00829120425864909
0.00247623706505727	0.000465442530220704
0.653970764884509	-0.0068630240458756
0.048806990187408	0.00172266767044956
0.239119950649209	-0.00391184631284749
2.44169735861311	-0.0107897559736875
2.41797374699228	-0.0139113709322343
0.193031381093034	-0.0028232618920029
1.43201144717271	-0.010203842945217
0.392112642339496	-0.00556373923107247
0.145448142378864	-0.00351847961023232
0.448588602485019	-0.00577473812183874
0.00330103789964531	-0.000427985750974185
1.31371834521192	-0.00824407757480298
1.37240836897606	-0.00935719144768189
0.942861237135544	-0.00899490335278224
0.35616555206265	-0.00482219738836093
0.813713423553647	0.00770825281958443
0.203948122095004	0.00341446265067038
0.0585281411551539	-0.00184544700411938
0.868213132038449	-0.00707197651978535
0.0371281287850559	-0.0017513556423635
0.208759229792733	-0.00421420166524058
0.0700989228760891	-0.00165427094198362
1.71961588493183	-0.00993041244588256
0.0510330977413538	-0.00185180191041855
0.0768860816306454	0.00196709652872999
0.000804447015454394	-0.000173403631843907
1.38582330863429	-0.00893899452089725
0.133788378138766	0.0027197199654315
0.0268753556752846	-0.00122931051456691
9.17716145889645	-0.0270104930279859
1.48480721541736	-0.0100211062745872
0.355400888809006	-0.00441829157914217
1.0824985386299	-0.00657641315130622
0.0209669207440122	0.00116231383740714
0.512579483138526	-0.00681375171190447
0.0148234086212658	-0.000696813693458733
1.26938097004944	-0.00842819254840938
1.14021545912959	-0.00802960259482927
4.35247349112653	-0.0173283892316968
0.241111808305152	-0.00383448022789477
0.0918966333048061	0.00260001651488698
0.0083189566814215	-0.000719312797790069
0.797867377554952	-0.00791341193356545
1.23229084639822	0.00870946684701645
0.387184109693184	0.00458675528906156
0.0136285221407162	-0.00103106174851369
0.0028592193200817	-0.000452838503690962
3.80747089421367	-0.0152708022530713
0.0133207814781839	-0.00113343720153847
0.076534954141994	-0.00222561447541504
1.6604215905143	-0.00961202912725589
2.71293712862914	0.0130309848266004
0.382479365068312	-0.0047407492627915
0.0184457957812634	0.001069944128064
1.04794416631128	-0.0091470674072351
0.548294889241104	-0.00587577380191377
0.483764878625888	-0.00490064018152489
0.0796895166344949	-0.0020422580662133
0.79078834925169	-0.00647880859042602
0.932092083230279	0.00824194117018122
4.19613824743408	-0.0169564546082272
0.0471336499891417	0.00162862475219085
0.167356848973703	0.00370468041414418
0.12538254034588	0.00267994621350509
0.0327011129496269	-0.0013251232966334
0.499848711261289	0.00584667341859359
0.0942812996340114	-0.00221359945509217
0.333976449254635	-0.0040514710787468
0.266357189247467	-0.00467491400913992
0.122088719951564	-0.00214621188198907
0.126632378260646	-0.00286697446333218
1.41508587421572	0.0113380313107575
0.0088185967686577	0.000802908416886786
0.654753057220365	0.00557646293040542
2.88884876570151	0.0115113849003186
1.24425427848592	-0.00815539939125554
0.212627630798295	-0.0036996423685406
0.218142721580536	-0.00414732399410618
0.181827527355125	0.00327045856395917
1.11121858461946	-0.00730918186396753
0.414797100634592	-0.00483022503089989
0.603565847439533	0.00654783461848333
0.695566777920848	-0.00727676170720316
0.0335132677995043	0.00135575965804629
0.187358182645526	-0.00290755898194227
1.2228584749484	-0.00910907671704659
0.737696042219824	-0.00569508598266898
1.02673254971111	-0.00742461767744223
0.166153560683791	-0.00322775365954601
1.40649846987439	-0.00981283890540387
0.0820820116825662	-0.00230058564578398
0.466655809532122	-0.00506502494729151
2.51220427438066	-0.0124805605592279
5.76677176148231	-0.017812778138839
2.73825443584138	-0.0156668890024337
0.134082174190694	0.00267453548761354
0.39890368194674	0.0055600667262883
0.402867062386988	-0.00540807810443884
0.00727692979038273	-0.000553802752338766
2.56329724886544	-0.0111133161860191
0.0702071882006964	-0.00224687100768165
2.89250328775586	-0.0144587176167317
0.268092408454357	-0.00367012538628867
0.00718248958574017	0.000645149957227866
1.43994319715772	0.00819777343250289
0.96254726922321	-0.00812673155146046
0.458524681252125	0.00496659147755428
0.012329893094627	0.00087183551149132
3.53503916369929	-0.0134492025312596
0.0445894094257632	-0.00148271375068428
0.82873952412342	0.00676601785274375
1.66551918569508	-0.0091239737749748
0.347073292890842	-0.00411626530080014
0.390859578010914	-0.00531233293403351
0.00525784596855223	0.000520154801685148
0.102749853427187	-0.00229154199763168
4.60980080825702	-0.0154545141061622
0.604670116759159	-0.00681894931144523
0.0620427770443246	0.00201552669061869
0.183646327309785	0.00332799692650764
3.13000182364917	-0.012510208939665
0.498970843431215	-0.00644817051820815
0.290547173684577	-0.00472026286423612
1.10339642247173	-0.0112862878239866
0.0715683071310737	0.00258293151683822
1.38756440506848	-0.0108710937855652
0.203014212524272	0.00385531448394973
0.0472300466503347	0.00157496005558386
0.0529150624694061	-0.00148006390553864
4.39886109285264	-0.0151252101157085
0.490588194219073	0.00489966521436719
0.0574626042935208	0.0015957524867011
2.9007898591263	-0.0143637481587501
2.33088571968678	-0.0112838456417011
1.67733523819842	-0.0106149982849818
0.960077757673775	-0.00854983844102737
1.99184135580951	-0.0125858767610464
0.00146027130393932	-0.000299414896361823
0.30374015215317	-0.0044710206930361
0.0121971912548291	0.000822916696238405
1.59736894023514	-0.00936179835783967
0.566145865994985	-0.00601308306431681
0.00243765057618634	-0.000373079114028925
2.73361347085906	-0.0151273670807619
1.07693834387714	0.00829046044983851
0.065568004901033	-0.00215328985470636
1.03852396522095	-0.00755743326638498
0.000526074350565485	-0.000212451327251594
0.0508718145569436	-0.00192436364928987
1.35508127719118	-0.00851173038813081
3.11348559918984	-0.0124401628156462
0.651074239921228	0.00521187701902089
0.082550953360485	0.00270190265050958
0.204331834047631	-0.00407012945207616
0.206870144701455	-0.00355297056468625
2.76112076297805	-0.0138430091304211
2.33272496750763	-0.0133264256154029
2.36145249480556	-0.0113237024501391
0.0405552761521068	0.00128043589941411
0.534723767182694	0.00517870708895005
1.63929189553131	-0.0101523793933861
0.222059453219763	-0.00362632716495026
0.0991783981890239	-0.00261331476070087
0.0306380160560832	-0.00124503438438166
1.18623520681747	-0.0108394295346393
0.115059959403907	0.00290943048897082
1.58801117010815	-0.0101963620919755
0.204900168038942	-0.00359857532163685
0.594211444023441	-0.0058452278616547
0.0529577935262939	-0.00207357319325878
0.00742565685066426	-0.00061422244479568
1.96650415756463	-0.0115910746301535
0.278666529492751	-0.00324869164162427
0.883453913579522	-0.00719071552555502
0.199245103634341	-0.00376389383441707
1.25350192097528	-0.00764602805519587
3.78331677800344	-0.013382039380374
0.00177651555683115	0.000337718616085753
0.525951556125139	0.00572686418365878
0.139260602569412	-0.00325095902649204
1.3884643970315	-0.00878501728210961
0.0923315579031147	-0.00240442678826807
0.023127661834572	0.00128560530484278
0.107288017269813	-0.00248698237138353
0.397054409808576	0.0048533926490784
0.000270879170725144	-0.000139745503807977
0.38771425065178	-0.0052075076991211
0.622391723365325	-0.00597182479839713
0.530783468093885	-0.00558176982053664
2.63874612730011	0.015085268040317
0.0415687919741246	-0.00175150739466384
4.50434164122812	-0.0152830671452153
1.92798508158585	-0.00962547390282295
1.08471431242715	-0.00824587818989739
0.968913660105731	-0.00622791061961402
1.09697159463174	-0.00777173595890223
4.72593127537174	-0.0169960475429716
5.3591275264775	-0.0199300303147501
2.71010738996613	-0.0123942247146863
0.246218048599876	0.00362368058603203
0.0266340232825644	0.00112988480679758
0.837082662043758	-0.00665620732782472
0.0420028367340107	0.00136276820143131
0.46559721037972	-0.00442447471628696
0.140830950656923	-0.00304139076879652
2.53415811790225	-0.0131328940901023
0.0021349574157788	-0.000417656264453863
1.4175627832978	-0.00953654697304942
2.82143975753305	-0.0129940771372421
0.0792809914103471	-0.00220231806352069
0.00010114239150726	7.32690285851605e-05
0.815922491775296	-0.00682715237090142
9.18697386063594	-0.0249908037654161
1.11575684446608	-0.00721640612702718
0.0714761312579798	-0.00222688146414726
2.1963011449527	-0.0115870676965593
2.52448277670348	-0.011442926134055
1.23211545345543	-0.00765001255393125
0.706443204341664	-0.00641218001440233
0.17333918967665	0.00374213835122664
0.501938959134568	-0.0051063965292861
1.76918936048498	-0.00869976924252634
0.112636125320162	0.00338982009508257
0.972385109153032	-0.00842948014432298
0.945218692863831	-0.00874641676935663
