R^2	beta
0.0478534704886217	9.75951519973468e-05
0.0399357451282928	-8.1050253812066e-05
0.0609042478923015	0.000102225261182734
0.0257423786340123	7.21878753471969e-05
0.0586513015650317	-8.18488961305049e-05
2.2327137991558	0.000635386598909355
0.00279013967179069	-2.55785974536275e-05
0.550535617223382	0.000280273810054834
1.23869980719485	-0.000508772725664826
0.000170560393871885	6.52972431473167e-06
0.00375103589660974	-3.06116168875755e-05
0.31006905654144	0.00022550537871401
11.0621030214891	0.00118384770083832
2.53243533213438	0.000697406604455669
0.114101002082947	0.00011606652192863
0.134287681961035	0.000150372034147845
9.06887515135045	0.00106181009836603
0.752516372371522	0.000308362413141724
5.19191256094537	0.00109023855728141
1.36089836389596	0.000367035634861776
1.08817720860374	0.000363053833495351
0.39179121915025	-0.000279904747952748
2.49316760046289	0.000623621079092076
0.000553298957221573	-7.81819255705109e-06
0.0232404975729139	9.09671089605468e-05
0.41858647055921	-0.000264315444297502
0.729275435948779	0.00038902662046678
0.157412232985862	0.000170799060601953
0.500504975577025	0.000318576306834274
0.0389827499648339	0.000110551351145679
0.198079536848181	0.000147838074781683
0.000731441724369924	1.1909797534349e-05
1.06538013824982	0.000483278474661565
0.0748729637265107	0.000139946006645723
0.00081284443828022	-1.24319380962727e-05
2.10768728475969	0.000632282654814248
0.213823970923483	0.00017310174640017
0.000514011416677253	-1.20182088179847e-05
1.0560409976969	-0.000367471569575279
0.232978542391615	0.00018596089546179
1.10967565216591	0.000469105658862184
0.153544863630081	0.000203141376494896
0.12210678075555	0.000161960556193512
0.941952266473869	0.000330442768666064
0.4430540902397	0.000337503158878908
0.548106056044358	0.000336855208328165
0.387872033419882	-0.000238103245438344
0.0293903759216381	-9.42795819576584e-05
0.234476752198912	0.000200106603213748
2.71280264999539	-0.000764623847518334
1.28015542586429	0.000405459768457626
2.36510543903321	0.000562258372689907
1.20469242130075	0.000366784732151008
0.592785095506594	0.000335141309433692
1.59423931441356	0.000476767954549667
0.18322207105086	-0.000192763750538889
0.21864294924122	0.000180397924202426
0.115961271121747	-0.000138409558444586
0.000702882772435442	9.45603147615814e-06
1.05815801864268	0.000404574957218485
2.10175307846897	0.000524845377259849
0.249223175076298	0.000260042997967559
2.08230915785214	0.000705275709829816
4.67346727131442	0.000872676225226357
0.78777343887769	-0.000414073534169673
1.55177299618437	0.000550539705957988
0.503364277215202	-0.000353012366375458
0.0282458992386575	6.99331370243435e-05
0.00495167457968623	-2.5682682957184e-05
0.0681666236377353	-9.63096285293791e-05
0.0366699984253993	8.38561581081994e-05
3.02015897589148	0.000685217463462797
0.183842697238353	-0.000148105721634223
4.18879425284447	0.000838057248321461
1.02698551773984	-0.000439857685566077
0.26138642588026	0.000184264832560987
1.23496654578611	0.000438458911364521
2.25565857618261	0.000603225839798706
0.275021939133867	0.000251985170944206
0.0457848655599769	9.64678740390614e-05
0.174277068673701	-0.000142996986543017
1.93576946587316	0.000625271924294654
0.114139131576208	0.000137740607557624
0.0111630117955329	5.97002555707195e-05
0.687337100988226	-0.000398836795339861
0.51395192349077	-0.000283812324727605
0.11837050785844	-0.000140872459802591
0.0824874115519407	-0.000130025761588703
0.131885855157269	0.000172673508317702
0.060353332100071	-0.000122723752496732
1.2329132682414	-0.000449678230074773
0.0316009077812438	-8.89766458350413e-05
0.0186744095602655	4.533370946168e-05
0.0446099543515708	8.71274863954049e-05
0.203687299571353	0.00017420354709538
0.066094188342848	-8.12730968113207e-05
0.636853709467984	0.000295703694266722
1.18366254463823	0.000457029667550956
0.685667355861107	0.000384302852746654
0.234446322115613	0.000229529961043317
1.11298678412028	0.000401631835996427
0.59715362822251	-0.000363611989538085
3.39885899469841	0.000565034524927787
1.55583617439138	0.00048189239784909
2.52821478602148	0.000603297704603554
1.07846471021754	-0.000429388690724122
7.53445132954068	0.00112021214867289
4.32090752649959	0.00076671448438462
0.443831963096192	0.000315089742548548
7.47264247095484	0.00109951800924477
1.10664171662555	0.000494779165275777
0.121314621625606	0.000135581516132927
0.502457690548477	-0.000387088266203144
0.0198206013222173	-6.80959064623513e-05
0.0312517744038666	7.36680655680371e-05
0.0011803214478401	1.43065930287631e-05
0.461415642279134	-0.00029608384487893
6.35635622725466	0.000951293665916483
2.97301508332554	-0.00110874596251666
3.17634562734231	0.000789442348657308
1.91603065162641	0.000654748641747454
6.0137798032938	-0.00135066332995499
0.864142169234878	0.00035585952996349
0.280315650926533	0.000221616676945734
0.626377809299317	-0.000391299562137791
6.16137198474809	0.000849414384750733
0.992755933258757	0.000403993772389961
1.34123751733442	0.000428117087720211
0.546317470299416	0.000276170189515763
0.409299276598662	0.00026426351980898
0.806454356883892	0.000332656195629442
0.0352991629619544	8.00446986856004e-05
2.81214911660437	0.000698412759319397
0.43264266422507	0.000292155584813099
3.20669417436888	0.00078538176649379
0.00922015224063748	4.1725527567201e-05
0.621237407404913	0.000342743541161796
3.66634831242032	0.000745620526312705
3.0235623436173	0.00057920162685041
1.31134026746829	-0.000581562304872646
6.83426159066522	0.0012206698846019
0.0257692584308931	5.76354730399023e-05
2.07274730716317	0.000583191357679707
6.97172969447353	0.00115720156374064
0.779167857533366	-0.000492084893216772
0.0020060584208281	-2.14643005714218e-05
0.877687860862921	0.000283854772854942
6.29325894645817	0.00100017270831794
3.92691865872474	0.000838071821212459
0.817164925414717	0.000363508748665358
1.48893507607411	0.000446403597925928
2.62517191613828	0.000636676624370404
4.14147014250893	0.000979920068451051
0.321980564049676	0.000200634404948995
0.375659440550143	0.000284663772367911
0.436305165098233	0.000277662913482703
0.0816198460023537	-0.000154643101353366
1.88380615223893	-0.000697400035423167
11.3746826129685	0.00137094978685394
0.193663452278921	-0.000208213318704342
0.00810718103880821	-3.71845387954828e-05
0.16414474371432	0.000155216569200237
4.73225499072768	0.000878498672062794
2.06329337614687	0.000612644027587089
8.35478713615092	0.0012302166470795
0.27865606451221	-0.00021925569661106
0.527379753199763	-0.000366769631018494
0.0337914280517634	7.91733876265264e-05
0.786465437394472	0.000348419647969314
4.65498099961271	0.000893425058943125
0.0663568781948036	-9.49865914533887e-05
0.140731177454007	0.000132892182248736
2.96680213732579	0.000762772029419236
0.470297465411417	-0.000243556800231596
5.84596441989628	0.000883640677220594
0.600612363603857	-0.000371601431675102
0.19754344390777	0.000192792908679118
0.104801101611465	0.000123876231855259
0.153625324467121	-0.000186269019591894
0.505742298902674	0.00029896949200716
8.02442647643396	0.00126799449642628
1.59018712155288	-0.00060585967710032
3.02195734240241	0.00060273087129473
3.59605797079925	0.000753493116819015
0.00149367764315489	-1.66882801887225e-05
0.126472273667586	0.000182308865406299
0.196108779870591	-0.000174795109152227
0.361882583254144	0.000280242516559503
4.10412458867581	0.000718420564379882
0.0173345288744238	5.55301886928102e-05
1.97449405756054	0.00058556430610643
0.311799889908666	0.000240347642327416
0.242111633349181	0.000166235472587741
0.826207603357841	0.000461287613609165
2.59164710380811	0.000751262362545652
0.445498931684698	-0.000342607573192491
0.678277559025739	-0.000457777568797668
0.0139055636149151	5.34890581071874e-05
0.0463616680346992	-8.3198968977202e-05
2.61236158780318	0.00063310710759206
2.68585624632872	0.000658537715608281
0.839160514071678	-0.000506559299389228
0.0331654398483983	7.75632612114267e-05
1.7798502601514	0.000443129288790778
0.185464147676433	0.000150582108728834
0.380467563469325	-0.000285181456205694
4.01699803100373	0.000867047525124146
2.36088559018104	0.000651209673785195
3.3258708695	0.000810397769048883
0.121958406641433	-0.000176558142912861
3.88937579365784	0.000833169101181877
3.73495731657269	0.000795228552415246
3.49345783589821	0.000824518766250416
0.198723225396497	0.000230082957034257
1.02465308268656	0.000384729738727949
1.78674366262432	0.000561404912396529
2.35063654653186	0.000666460312358105
0.219200090161774	0.000243583777617842
0.0335345194854006	7.85494521572884e-05
0.0263125039095502	8.09206347359273e-05
0.251965705305676	-0.00021715579298358
0.0305876951413067	-8.68022993305784e-05
2.81060875315834	0.000743871554947316
0.157811219812737	-0.000173257132618176
0.200813227883038	0.000183847710739302
4.36786514379466	0.000790502928276498
0.268555502579696	-0.000234958485456227
3.62386782574634	0.00105452739256609
0.467153348289613	-0.000311803721378289
1.75705862112272	0.000534510990644305
0.244898201133565	0.000191916408498047
0.724684857895534	-0.000364997183872708
0.332209447535676	0.000275487495851612
0.508383333835343	-0.000319058030190998
0.791078367005665	0.000338542962193174
0.000694748320624266	9.93248593708432e-06
5.03535098415409	0.00085941997972725
4.80795304622409	0.000868044150030711
4.89006090500443	0.000887222928877811
4.88571695895366	0.000976341803148537
1.22111446006395	0.000525464203032463
5.53649532113404	0.000976158745059381
3.59552133824717	0.000870984747470205
0.00602429439715754	-3.97416204502047e-05
0.382236966209067	-0.000250100432471324
0.0049564987061842	3.45496932811843e-05
1.35527460166309	-0.000743875841975314
0.0400033128122251	0.00010250603938504
0.556093494871358	0.0003668782244862
0.610601292223596	0.000343881723251544
0.00602488972276333	-3.31905849038377e-05
0.146469561757659	0.000172346179690693
7.02403837163519	0.000970635160076736
1.56676891352246	0.000484461684562761
0.00924105266501125	4.31236290567853e-05
1.24676450442546	0.000470667085952897
0.0384405104654545	-8.47361233383355e-05
1.27267808730849	-0.000402828980934074
0.322948665557805	-0.000217475230204641
4.64910882726398	0.000896126316917536
0.238559551512213	-0.000254913825971711
0.00161018336084549	-1.61278172035206e-05
2.18306472833434	0.000604478562515092
2.08577736804713	0.000610820433814904
2.11814737264225	-0.000613554467674113
7.47605488882579	0.00122520053996052
0.149030935769785	-0.00017474559330425
0.426880734341706	0.000318099010027458
0.0553951223946813	-9.97585942073752e-05
0.05866341100354	-9.14331318361705e-05
5.00108033505075	0.000801460925687
9.75155009630338	0.00116839781347359
0.950688849690441	-0.000471545726318397
0.0036776083776298	-2.25044732371822e-05
0.172336197838165	-0.00022331761076164
0.00288423598465336	2.2617773818749e-05
0.246240927393022	0.000228593135076132
3.66881651100728	0.000657827933915835
1.02109729048166	-0.000496535882848505
0.0643463048382145	-0.000134997923714262
0.1444418995204	-0.000174271727392117
0.0308886420929805	-9.16318910076238e-05
0.143917512956138	-0.000161288501850514
0.933072018203606	0.000366553633715327
0.502819739546476	-0.000309558928080882
0.4982254475699	0.000257440498595541
0.0016221904742313	-1.71310554284878e-05
0.425233997950994	0.000366241621727051
0.200408735605676	0.000219022884307892
1.97856395306467	0.000481635195293409
0.000455660940773737	8.40903721729239e-06
0.630076439437915	0.000340359424723815
3.10612189202695	0.000878939441513768
5.03496473568513	0.000855847133364418
0.316930060462151	0.000253111874866598
7.06846673340353	0.000942905365440473
9.04161172588464	0.00144047658911699
0.090497905266557	-0.000132620509498165
0.479748710045534	0.000273163237388126
0.346110149890741	-0.000261070554889286
1.28796745904015	-0.000482634222773535
6.14504368897498	0.00105120024388224
2.33140115624537	0.00065319350507629
0.532949784614945	0.000380684794810798
0.503350395899284	0.00036519513951173
12.5750397924715	0.00142756097711166
5.20407512322875	-0.00103982436354779
0.449042912706913	-0.000278279174226146
2.12188472043365	0.000622698390480579
0.200624443634593	-0.000174012995776426
0.0748934367048546	-0.000121355107646029
0.00393601160591273	-2.85625149160191e-05
2.44962350239623	0.000693850608747927
0.0250443113909099	6.40768378995302e-05
0.088655056226662	0.00013178957220927
0.45662843106238	-0.000318381568274144
0.00036462108961787	-7.20497921126145e-06
0.145067926045467	-0.000182998172843885
0.0975944824763227	0.000113237974869183
0.445930684880453	-0.000374637977654821
0.950241515060122	0.000428083313769648
0.211102225923733	-0.000252811697110297
1.96720127993512	0.000624887648432535
0.12695554876699	0.000174145965606242
1.59654593550135	0.000634433751966389
2.42087530290753	0.000625883235798658
0.233372544882909	-0.000146219506858579
0.0860858347389889	-0.000116492303805132
1.64436879155335	0.000455441671645079
1.40070261994166	0.000513573199398414
0.191846158310859	0.000203736085078609
0.928186266653552	0.00034259006557097
1.68928994168929	0.000637048101384028
1.29689424838969	-0.000530686197643806
3.36797304080582	0.000860791889292688
0.445328993855175	0.000330256069464966
0.00693390830918838	-3.6455040206476e-05
1.85043891313507	-0.000591158544959305
0.128587019574927	-0.000122031625520083
0.627490518057935	0.000377698846946733
0.800145634843885	0.000421389342532418
0.0228646682276952	6.21672273197142e-05
2.38489646022418	0.000668395980424152
0.839727171036324	0.000413259827006609
0.00208526194587789	-1.77066912099937e-05
0.727748117118138	0.000403341661665488
0.216936492103366	-0.00021164708359064
0.00581709334688037	-3.25472084830412e-05
0.379289700186567	0.000286521918456651
0.388399218194453	0.000277768229559076
0.456524961304737	0.000305829996589596
5.67708560950826	0.00112157549196929
0.127461832583921	-0.000129195830119174
2.67539179790551	0.000632680765714568
0.0934592380768627	0.00011622607810374
1.43836855666149	-0.000515083327301053
0.39965062133982	-0.000377103329280301
0.114637211916421	0.000139133231516324
0.0111580709827406	4.65821495555299e-05
5.26250800592758	0.000840817573925221
0.587884626819498	0.000310985101427454
0.498458870792199	-0.000276565216631213
7.05891260549843	0.00107111205637112
0.0250210090806624	7.29114000419841e-05
4.67597558683722	0.00101957201300428
2.22569074346974	0.000590265092658104
0.0322645452192193	-7.51482524441799e-05
1.61852387101492	0.000489113708525948
0.063056598834518	8.98255154572673e-05
0.408944186804486	0.000297319806823705
3.58237874752321	0.000904891330260696
1.68768533901078	0.000449309767796668
0.0894040770458561	0.000150034006877901
2.97797717548958	0.00080824516727938
4.35115111553923	0.000786038192503838
0.0284011067149289	-6.9521257658659e-05
0.557074766697192	0.000332593722214683
2.65404426710292	-0.000917377371806219
2.94083495638073	0.000761454923154818
2.49847458557739	0.000753522721825018
4.29404559948242	0.00101040550989224
0.14687866245376	-0.000157161003516778
1.46078031695642	0.000593613041755791
9.86020112141587	0.00129562428840554
0.332155025389791	0.00028651222929738
0.428653854537247	0.00032480219443108
0.000692077419779396	1.04237547406445e-05
3.50176570780965	0.00095124056927908
0.829954717009184	0.000332284789685528
4.75650122062354	0.000837925915631788
0.830869265868174	-0.000479257730072534
1.77275853076536	-0.000468964274463281
0.511000816746291	0.000276351949215202
4.64985580475774	0.000948344447185673
0.680698673489693	0.000308846261420444
1.16200876285479	-0.000588382022805362
0.0931961942856171	-0.000152656652248343
1.31876843232957	0.000453211130225262
0.591345569903436	0.000305600228490993
0.000178614525733786	5.60874748287194e-06
1.490084248511	0.000425055365773282
0.188907603445965	0.000174594810658232
0.724608562651366	0.000379222831678216
6.64121258839303e-07	4.06556437158701e-07
0.00517876082441912	3.40818354660114e-05
1.04972265808066	0.000441173177412091
0.00782836006992801	-3.34142406391906e-05
0.216127262936181	0.000216765268878316
0.236978109802102	0.000163806988748734
0.999288435222572	0.000548144747311209
0.101682812876114	0.000132708768461751
0.347505655360928	-0.000244472834430765
1.36072862505308	0.000499157249028995
4.93554288691619	0.000902153496673341
1.59428182667345	-0.000519533546670219
0.215823746809561	0.000173570645657906
0.000657307189568609	-1.13403448834055e-05
0.178688180183711	0.000180633086751728
2.91294163922345	0.000751105560919139
0.315820419150083	0.000228542882551023
0.542660909732758	0.000283246325565998
0.00505088535782589	2.75313985158554e-05
0.00237351785523383	-1.9925020748042e-05
0.799428192254115	-0.000481348085269871
0.232988415405915	0.000182896184946843
0.561655782255826	0.000329813906039533
0.142671866780634	-0.000160203700097451
0.83420021622703	-0.000485904845865685
0.477112742052209	0.000314928102957625
1.62333563539004	0.000522295922490663
0.0045979766268835	3.5170143582744e-05
4.79430644173387	0.0008053253110212
2.98049650524943	0.000690532759107471
0.00987538825822274	3.71003827200208e-05
4.01897521071794	0.000857666311765564
1.73524290914386	0.000587674152545136
0.147340461219216	0.000151993575519544
1.56052264316899	0.00053940712794693
4.5556254308501	-0.000888850947572108
2.95355148518102	0.000636129259335698
0.0128278345574571	4.82514730750199e-05
1.10753813108245	0.000421418873667755
0.886013263155571	0.00035315874576638
0.0614598332298622	-0.000105814615004417
0.0600685742720107	-9.49014952540475e-05
0.295766757902197	0.000226346776925098
0.10052551157938	0.000115768224761634
0.617823591132484	-0.000415858811442883
1.50368141281904	-0.000860739143165183
1.13759715549259	0.000684352939952839
0.324971846681142	0.000273972812814827
0.225631468780922	0.000247214557405253
0.232201076049089	-0.000208244196612888
1.93585173638653	0.000611525499238515
7.92004272828556	0.00115744098055873
0.225505787971363	0.000200472863802987
4.39697962618385	0.00082072940117226
0.127405127941793	-0.000159015077879405
4.10423978143395	0.000766293335803569
1.14610455031415	0.000448711074088099
4.2894152824106e-05	-2.5213208416611e-06
2.87147516835378	0.000734993834962889
0.0740025970201154	-0.000125770319009137
0.0477128373773314	9.27016906095497e-05
1.92498681744999	0.000600633727560515
3.81941890647371	-0.00130274303112049
0.0982788472233665	-0.000158017076601578
0.888715195623379	0.000472836608720818
0.00307575233449389	-2.33907209907601e-05
5.25881148900412	0.000841853955764285
0.339280878883365	-0.000253057209708001
0.33066140926926	0.000296469110619513
0.572861067183992	0.000277839912203253
3.39960919944611	0.000727906768455326
1.10412080745935	0.000493067233657484
0.814398851512678	0.000341358193692708
2.0909888328189	0.000497667077495595
1.27061688524228	-0.000426859750719292
0.0311676190837785	-8.05799019745009e-05
1.93454146585615	0.000633385180852263
0.00936854658367525	3.8444711366837e-05
0.509129130084575	-0.000255625273225427
5.61613678738141	0.000900736866636568
0.413492788263067	0.000264595500098151
0.968395006953437	0.000504128938679826
0.518257594767872	0.000330447234684218
2.97988537272675	0.000621825752591534
0.417525995587338	0.000278820181227478
1.39347114347394	0.000487224397767088
0.737188296333454	0.000336866360526261
5.93033337026063	0.00106807865344309
0.0769365812133012	-0.000117519586844255
1.98737950091897	0.000586209355746029
3.3035344926915	0.00086712637300408
0.072999320680576	0.000122645512597092
0.0158772907381742	6.39862840873743e-05
1.00228965347263	-0.000428728406123854
2.65802671194298	0.000746887359849808
1.15175192557698	-0.000500476967829199
0.430915458100505	0.000312221510259866
0.061181864475935	-9.52469277635103e-05
1.08783491322395	0.000485245617060919
6.55785695552288	0.000933830000781608
0.222638193366857	0.000182222229279575
1.50348133881311	0.000412631113912511
0.411642041484186	0.000257591050343558
0.0190242054695585	-6.23037734137857e-05
0.983808597177985	0.000334158643141126
3.69456265311276	0.000909980144744247
0.463644428100669	-0.000316971488730463
0.606713079959997	-0.000463780477632348
5.99034803584351	0.000830866359101865
0.702333166940958	-0.00042432645489353
0.843447882661348	0.000437487419922415
2.4292015019922	0.000671689070174974
0.539184319563873	0.000292634283351083
0.21666854761541	0.000221767726995222
1.71174307259594	0.000492543036253376
0.927550219874908	-0.00040335931382871
0.314058311676975	-0.000249221953152402
0.122287415724645	0.000150492895606621
1.97161691352634	0.000524617534990764
1.54996439205533	-0.000550575835559797
2.32784614499262	0.000598605279036563
0.736802578159457	-0.0002752296142595
1.63276117714289	0.000562134894882707
0.830383131890105	0.000323212648054973
0.63545441518485	0.000409536047448129
0.0099116409171363	4.46487959012138e-05
1.08987619667231	0.000436828044126806
0.000892882968473129	1.21488208042797e-05
2.08208008041871	0.000547013395884062
1.32176221399722	0.000402572605373345
2.00135673331366	0.000565062489603778
0.237429897781532	-0.000182823036746642
4.13240731738204	0.000809833939327721
0.023401364710898	6.54876287024791e-05
1.63698431729819	0.000565467776852912
3.86216410484556	0.000916344077450808
0.325254723957258	0.000274321113695207
0.989810639087989	-0.000380628122404722
0.629664510134033	0.000331279946059457
2.78344074915237	0.000766068804560846
0.550264237781625	-0.000374205827971413
0.355400640862641	-0.000312330044717719
0.099675757101989	0.000111249977792619
0.232111869685558	0.00019496309498974
0.287575468019956	0.000198029207924215
0.144815410239192	-0.000178137758920676
4.70063373769743	0.00087422082706977
0.526921646770873	0.000357413682079203
0.33669664300707	0.000243794687832518
1.46934732584259	0.000559733184984374
1.00806621674025	-0.000363602159302003
0.446389763284759	0.000264913025542942
0.871063227057717	-0.000425068250491038
1.3450628750293	-0.000552562891731888
0.413211317018048	0.00024323443510519
5.8283489253703	0.00100350528553238
1.33765922062634	-0.000633329255155946
3.99763365863766	0.000892086235583952
10.2419729762297	0.00129939207261275
5.16558413605166	0.000973457352491108
0.0144168441230425	5.45894994028426e-05
0.727697656638442	-0.000349559084199787
0.00383462059329771	3.15761050894536e-05
0.742927850639753	0.000344430894574353
0.213526619271636	0.000231235617682776
1.26563445877803	0.000442305988205021
0.85694279367017	0.000354027645429538
0.000843587504184443	1.28585774065873e-05
0.149279645721118	0.000165911399790255
0.0114698200890548	-4.04781782194378e-05
3.18623466896758	0.000814996010236052
3.76925482387008	0.000823423236637386
2.24082539729158	0.00065727723724577
2.85992268960443	0.000792076561448042
3.22039510748216	0.00078445781744325
1.93622041289294	0.000531093272508255
0.747542910983941	0.000338162320992415
0.294136816337949	-0.000237525502399237
3.97020956794248	0.000965510952480895
0.000460418769295889	-8.23390053543609e-06
1.13157131787082	0.000378261477907536
1.36484327341224	0.000441209815451636
0.395808427520675	0.000240592709921978
1.95757912825797	0.000627744750668965
0.793498166144284	0.000385630543761074
0.0708215775780191	9.88910219850575e-05
1.37425954659709	0.00038778451155084
0.573524282936444	0.000363525345853313
1.04482378877857	0.000347186020602669
4.08194866846748	0.00076563059133015
0.369123514773446	0.000239643882264084
0.66259121945746	0.000326790941997275
0.702256023626266	0.000310666773777117
1.67063221742041	-0.00044876544567577
0.440625608191031	-0.000335520905064003
1.1396120884194	0.000460040687033644
0.768953379179185	-0.000326753334286327
0.026258033503588	6.08486829663396e-05
3.10946251778555	0.000784847470379314
2.15706413673016	0.000582118753246998
1.42371087637551	0.000498690826395777
0.435056902161106	0.000273762052943102
4.18376601597337	0.000920688970498186
0.871851404434445	0.000331872135615361
0.00372849217585857	2.63714402079998e-05
0.953970781021391	0.000408653669021278
0.195659132618686	-0.000237339158515688
4.53577118414624	0.000612294274887835
5.35997001551883e-05	2.83408764947372e-06
0.656542315889081	0.000306478469162609
0.000462357752189482	8.57419480720914e-06
0.322294677295756	-0.000224998458004094
0.000193566252744737	5.93633579193253e-06
3.11900267602455	0.00064965908702371
2.94165673532538	0.00074826947312199
0.0589909861087254	-9.76965139890463e-05
5.30466589938256	0.000995643787804098
0.269256845220189	-0.0002813475392668
0.102289208968605	-0.000140046048202337
0.135314283004714	0.000128918227433311
1.47666708799532	0.000512312409453752
1.44744324433541	0.000441918532379136
0.0799697558743552	0.000109979321729867
0.638142602372269	-0.000375935097590302
0.800427962221656	0.000348110717495119
1.17748549428578	0.000508061271995476
1.43898707683456	-0.000573006097555552
0.202288363919137	0.000151572562086062
0.536595011117943	-0.000315862844166642
0.0599674234425538	-0.000110281904576239
0.670743069223217	0.000357362386866272
7.04092871861019e-05	3.60555913486262e-06
0.00601595834389511	-3.57578565671025e-05
0.301226334211563	0.000212957208586986
1.55113660306746	0.000464535759539184
0.386547712148437	-0.000356418676363905
0.00643655975160245	-3.73450425203112e-05
2.44584967532772	0.000686138894704404
1.95751070614451	0.000588370910242429
0.744279894065627	-0.000487767687770818
0.210408880449575	0.000183277923729128
0.0929963337997056	0.000127672516579856
1.51357409912723	0.000433290661158676
1.89420250886281	0.000540733414723775
1.95339801227351	0.000535203391268167
1.16600771429407	-0.000453849818893935
5.95823863334491	-0.00112613706729785
0.259967991768417	-0.000226638528599851
0.0158246557362752	6.38623525985597e-05
0.017894217094869	7.51910297090715e-05
0.0076592548858575	3.12396785632971e-05
0.772868531926279	0.000369566007002987
3.31509936466848	0.00079381660079364
1.15282292375202	0.000387102115433563
0.83500131162771	-0.000472572319412652
8.42712999632581	0.00102390483188093
0.850661144735577	-0.000435774740687153
0.84376301846642	0.000359159973782998
1.19566891338745	0.000471465803073773
0.000518762270930698	-1.07976709013856e-05
3.30373548814806	-0.000740784837074323
0.0740044150941869	0.000129526594372541
0.0924545718839896	0.000109696446185811
1.63353099904971	0.000513536707460855
3.45588622268446	0.000838213307064355
0.0586850686605504	-0.000100661523669365
3.19222542103343	0.000639398057690572
2.88419001404423	0.000639213200940629
1.68340654282076	0.000495650595006528
2.76281609021335	0.000570080862995075
0.00188691111029157	-1.56992854507461e-05
5.59547335283312e-06	8.65607018627947e-07
0.0652688410150012	0.000102972169150727
1.44221416127219	0.00038744485822332
1.49084681411123	0.0005296192662893
1.1876948062721	0.000455154290869641
2.12020273625026	0.000590297066612201
2.93451099065507	0.000680602330116723
1.68863016974622	-0.000567868289480455
6.34287847471641	0.000999083051104857
0.0833789687140138	0.000164716007981164
0.0841190973295693	0.0001295489274256
0.145783099848236	-0.000192909954347313
1.33171385977719	0.000396301228662906
0.0462926801525296	8.85112066319526e-05
0.114776258211205	0.000132922846584895
4.15127298705872	0.000989365799810338
0.209803939063724	0.000150740262192741
0.386134384379451	0.000285502477151295
0.000921698017864837	-1.26589213240918e-05
4.49770510637817	0.000771036429525008
0.489722469768799	0.000257401836022806
0.202328999782088	0.000198332393644996
0.00827633395302327	4.72532851697398e-05
0.652187566878913	0.000335627037921367
1.62416257015499	0.000563271766057999
0.305670311542458	0.000237909112011556
0.979135800189172	0.000421164352886497
2.43141557329109	0.000720518554324136
0.761474125926374	0.000387998226403153
0.0401486212709619	-8.1660466699878e-05
1.13358001582626	0.000488681140511199
0.706388133400215	-0.000338797341589936
1.51876129797527	-0.000882605355595265
1.1543432637245	-0.000437460302100191
2.50807802572993	0.000713625413430091
0.166060992039266	0.000213395767019408
0.135431398502588	-0.000146830239592188
0.687612615121203	-0.000332072815424733
0.373438793606921	0.00027928847043524
0.664391700279561	0.000364381625329711
2.178487866612	0.000579464216129494
5.55147132420303	0.000945586742175288
6.03669896564241	0.000953860531668189
3.73384062407666	0.000886938126139152
0.0378634920016441	9.2923712757979e-05
0.965366362530522	0.000391225217801741
1.17986577885737	0.000450774158579147
3.3303180931306e-06	-6.47752524524809e-07
0.99065884575725	-0.000469941156369766
0.74222996258426	0.000351460484678633
0.207238440991449	-0.000227443931306783
5.82570001065571	0.00114500466914927
0.190204477666537	0.000158182231693567
0.383589385471563	0.00030752258518269
4.09375163093426	-0.00100244514797851
0.5892767326464	-0.000250144704879276
0.00255090587311083	-2.03780509318766e-05
0.0315988211645935	7.15211200896834e-05
0.0495037031549837	-9.62995821737881e-05
0.00160793580900123	-1.5923917964857e-05
0.305215970585006	0.000216701665906066
1.04440544870365	0.000432365321217762
0.0454750122591965	7.35324035568574e-05
0.666490977891466	0.000306346577792996
0.268901869769597	0.000194172310277773
0.020053497448697	5.97789891746855e-05
0.395158869775886	0.00026665198603905
0.342050455599956	0.000257953590419771
0.00188375477595972	1.82030076091431e-05
1.44479479121963	0.00051792372177518
7.7484246030146	0.000957021045149527
3.39423516053586	0.00074474086297575
0.207938314969788	-0.000205727060259286
2.25668612450199	-0.000593429320902576
6.37045276376283	-0.00145093410723385
1.28071656891643	0.000422156287539712
0.14086597021142	0.000166218860217057
0.183885874519194	-0.000185647199677525
0.0282463243390218	6.47195939325213e-05
0.000589487502743871	-1.00944131345628e-05
4.62712108716803	0.000866904727880878
0.00333579860481172	2.43606754546709e-05
0.290087155145428	-0.000211036470459505
0.177469526071288	-0.000213146830455886
0.545748432751308	0.000263450116253799
0.250491646322382	0.000217614316355641
0.540017201319099	0.000256486773246516
1.04967297732807	0.000472842890072889
2.87239399569962	0.000661325510797068
2.5133617619844	0.000639446104112841
1.33277171890969	-0.000554494563539347
0.470804447955879	0.000286791111193711
2.16136295089485	-0.000682218013512113
1.64683923917116	0.000446370890296906
0.627212895192036	0.000431707351635609
1.17364700417534	-0.000570300235722031
1.79087271834246	0.000612282143206909
0.580358000500246	0.000311381262194743
5.43134232016358	0.00094037511960162
1.07545809755642	0.000426570973887116
0.0867635376807628	0.000118415278058076
1.10417294064134	0.000495140776939304
1.90323545258997	0.000507477833591365
1.86738193671655	0.000595290372220086
0.185417351093098	-0.000218900777785725
0.263946243280437	0.000201059759070439
0.465831803768509	0.00027720443139608
0.0378018618134453	8.24006593169571e-05
0.0321175375559377	-7.36191092023996e-05
0.205085202443153	0.000184783257133602
1.78058185000538	0.000512533851611923
0.315781323650387	-0.00020215940343258
0.610872894872218	0.000329315617021702
0.075842080163581	0.000108486748625541
0.0775827285714345	0.000115227127659304
1.39264560693778	0.000511452021505967
0.395173959966095	0.000230001181504059
0.282866764297695	-0.000257370416094882
1.38408597288086	0.000582517756235472
3.16350274664871	0.000712455945861709
2.87623440391194	-0.000966620050676097
2.57297144826984	0.000823484515915382
2.41174851352795	0.000705387677812922
3.40331157700519	-0.000786086542351129
0.300562210449973	-0.000292655131818335
0.230300495633419	0.000195127714706186
2.51029534326423	0.000686020822004078
0.140643002685354	0.000164708482148868
0.04568848134742	-0.000126404728537715
0.0596483814914161	-8.23166339535721e-05
1.0273098679801	0.000400665221024735
0.290633899881001	-0.000230635953216185
4.97534393126215	-0.000933367735319786
0.0690869621075095	0.000112945655288781
0.248420644226125	0.000212857364746311
0.368859496841063	-0.000315443628959779
3.21327493958782	0.000860060497273665
0.000555428514616187	-8.46481668742923e-06
5.63674537917716	0.000970030927935728
0.376230538163291	0.000300170857699334
1.15719493728189	0.000376832581106881
0.0287682121526144	7.093472991398e-05
0.559077369253239	0.000286141003269395
3.33944076265943	0.000962445042385802
0.381327583559277	-0.000285461043226814
0.0539932153505501	0.000103452951266512
0.682023597037815	-0.000336699385309992
1.28393099445543	0.000553731790778981
2.98693547230035	0.000919534862591527
3.74669062112619	0.000697927523555079
0.00544754793015682	3.52890979829335e-05
0.8864996358112	0.000352535902157721
0.0645347184664809	0.000107955050601937
0.00685946166452148	3.17048421157842e-05
2.41833837635918	0.000557244637196471
0.0437226446621964	-9.32294765054572e-05
1.7806447123375	0.000504432050776248
0.927566749206959	0.000381225135602515
0.515435666838095	0.000295246519071399
1.1125506033508	-0.000473127810398733
1.24897150006123	0.000431007841275584
0.142469691181766	-0.00019886958097118
0.80511269566521	0.000288728466022965
3.25434010733891	0.000880060361319109
0.0914634603338783	0.000124864946378784
0.708311132648566	-0.00040160038364945
0.0544900718224099	8.82982434313618e-05
3.98555671726834	-0.00076785659189102
0.942570698245941	0.000400577229259987
3.51710649936287	0.000651755823818047
2.01099269561559	0.000510908774180078
0.0045619973608073	-2.97875175359819e-05
0.0787057077017442	-0.000116853304174853
1.7221875767009	-0.000493404734642265
7.1030509382887	0.00109901292827272
0.0229385650650323	5.24559127938566e-05
2.6317969440797	0.000766291441285938
0.0505783627956625	-9.7986312658156e-05
2.86318198146214	0.000730583824894672
0.653802298003107	0.000315418386522055
1.07327988603823	0.000414855751123124
1.49943497164048	0.00047594920614116
2.0492375750619	-0.000555583471053532
3.99713320540532	0.000828024895262951
0.42957171826429	-0.000345408256395257
1.1376103679093	0.000480095623118011
0.256892572522555	-0.000228577513097774
0.184015384694748	0.00021986061409619
1.15004922185164	-0.000581644407433792
1.15911806910849	0.000417548747051393
0.000659445704225901	1.10196124600622e-05
0.0104595861483538	4.55106430432798e-05
1.75118917757179	0.000514865580484913
0.181856148033211	0.000227308048463953
2.44493201244614	0.000730680260020538
0.229606667785326	0.000173747557081824
1.5063876718156	0.000629916328154407
1.54302527556793	-0.000568456282355829
0.00129126962179836	-1.28832965173889e-05
1.20662756544325	0.00050213094536155
5.6489766823834	0.00103924971450375
6.23463878401427	0.000946559365856882
0.448194526695841	0.000306725350587769
0.251731468689686	-0.000188811541503217
5.1771618313592	0.000962386216880255
1.90152041588871	0.000547164444675555
0.581961372338411	0.000313235312846225
1.67567211580631	-0.000607377713337552
0.414734360767901	0.000320738820075327
0.0608337885453842	0.000110502929841279
0.421022013818023	0.000290589295169484
0.0137316521834564	4.92175855653423e-05
1.90044850321201	0.000504181878846532
0.159670945740671	0.000164950310213643
2.05953501553056	0.000628078710439811
0.80330168423042	-0.000417227553521353
0.00147346935986907	-1.64624349944168e-05
0.0267524370045223	7.60567405320353e-05
0.472325314395776	0.000314210597485722
0.315144903044799	-0.000225514377705819
1.64261216704953	-0.000570342334844538
1.33351200976845	0.000496589116840013
0.467356552777726	0.000297866733898281
1.13391905459435	-0.000392547849231778
3.117578119369	0.000793525137056736
2.57622698107146	0.000590061801533437
0.029296549520923	-6.19005953476384e-05
1.65303933577019	0.000520931920437562
1.34633899418211	0.000501064922086166
2.11545634687746	-0.000677567236062589
0.0655082715449782	-0.000113022261775427
1.42789803905541	0.000493619329248979
2.16491031378036e-05	-2.08180561766498e-06
0.589685740862746	0.000317894655914172
0.499749268202437	-0.000324257821474191
0.0221620808533348	6.68987210993281e-05
4.91920834897066	0.000916843538133874
0.153932275488506	-0.00021479500615024
0.0533967404740572	0.0001171930929923
3.18968856213736	0.000733104832225933
0.000269114377892781	6.57766353749734e-06
2.51212202447736	-0.000859705909314514
1.22896973923681	0.000404313599871205
1.90727687940129	0.000557596866833589
1.23652152689353	-0.000467534440556178
0.136027378452908	0.000156529833845044
1.2674829204438	0.000533978394257114
0.0266887565235326	-7.55333902756323e-05
0.660225366168326	0.000296800106637416
0.207660418082334	-0.000184383950094941
4.20030666026514	0.000947346606570517
1.86347164379441	0.000547674765369508
0.160918974741882	0.000161702952101196
0.0224760614666416	-5.44401161759148e-05
3.93376750706825	-0.000995652148991225
3.02281295452275	0.000694058978913492
0.0310065841323382	7.6256390504131e-05
2.5554221604613	0.000688999060963657
0.0215461341758015	6.27265926873037e-05
2.46891946436676	0.000706480037842146
0.52868236276761	0.000332135356897143
0.174014337965202	0.000208534839438471
2.02179040266845	0.000596161169327212
0.012558191668972	4.15358713776185e-05
0.637858957892201	0.000305757178963878
0.111739228085404	0.000152009659726644
0.960173101424576	-0.000397243711989574
0.000542382567153543	8.26903051143248e-06
0.267329273118724	0.000191049210019521
0.0768428383142334	-0.000122644051256678
0.0227445228920028	-6.20030776888829e-05
0.174254885873975	-0.000161185757362168
0.0797180673573409	-0.000129145268479926
0.00334967945219074	2.13019684505657e-05
0.0182024324342611	6.67100687409755e-05
1.32812731321659	0.000523486631030342
0.926997533009699	0.000379755206375275
2.46077369213002	0.000560181702148591
0.042885426451083	9.49261583310081e-05
0.0169263682571642	5.60992632609351e-05
1.48776854812938	0.000577564154317615
0.135143554586736	-0.000126093580952261
0.238396479636392	0.00017972368412384
0.0571977153376347	9.9965932755492e-05
3.25250362840677	0.000672519572247729
0.034505849231789	9.54250502821101e-05
0.488426675107493	-0.000238382559145435
5.44122506078756	0.00119781335220794
1.8960935546909	0.000626643305181611
2.60118311002714	0.000500488535329782
2.48315239228236	0.000836808284132699
0.394039551599605	0.000239331242442035
2.11113212866162	0.000541293838349913
4.01699734647299	0.000833146849449849
0.243770711062669	-0.000224828892514252
5.83410143219813	0.000990310592859613
0.0022957881178263	-2.24680071962596e-05
1.00089789988112	0.000412630940842196
0.716010088723413	0.00033854041533363
2.34144680309911	0.000658754174468447
1.73486941339594	0.000508840564060837
0.535728264405229	0.000327803039508665
7.69747222220819	-0.00155813439903797
0.319155277058161	0.000230072853897532
1.49324101724503	-0.000687007328981854
0.102529178906003	0.000142745139824071
2.13285610783081	-0.000548938822086022
0.011936312034028	-6.24431807885142e-05
1.27780274111487	-0.000447033615534253
0.0661317488921113	-0.000128051859190298
0.369372033964871	-0.000306496173277449
0.0175115800258397	8.48484779212587e-05
0.052181387588341	0.000105441096385301
0.545891659511242	-0.000387942462085983
0.0785387469814305	-0.000129681982931002
0.00607616311605941	2.99816117085335e-05
0.468611504355417	0.000273416073441375
0.77161485774335	-0.000355077980026552
0.717939197574167	0.000423034490858902
0.00550212240793427	3.25471891380935e-05
0.669522427785221	0.000390829640602234
1.91076029089206	0.00071778532746394
0.249847279082978	-0.000183571496972845
0.00474187887446097	-2.45361516725879e-05
0.38481256827256	0.000256870841258733
0.129873742101225	-0.000196820099770934
