R^2	beta
1.78115410659558	-0.0161873289739706
0.0795661243767776	-0.00343364763926813
0.758216531581111	0.00950025328223696
1.04865376203978	0.0122813486255843
0.0289761403996368	0.00175142698665869
5.34488836328932	0.0277859004449046
0.122624402209306	0.0035317224068972
0.894412519784206	0.00969681749750298
2.44100627569766	0.0172510131194631
0.0790648700306876	0.00330363540612296
2.09109807645149	0.0207013441763599
0.0139096591858278	0.00162854445773568
0.0221424317543252	0.0015230419922
0.0952075999772114	-0.00365490743518069
3.77810915740243	0.0224567886913465
8.10819521474946e-06	-3.15009502403472e-05
0.32363291686798	-0.00587366921500779
0.246979482688534	-0.00522314123532453
0.389805955292253	0.00717589594818478
0.204884661936104	0.00511143403134884
0.0190039756551141	-0.00149244354571849
0.0394999776153487	0.00202438956042695
1.14030925614394	0.0103274255338263
2.0614611943222	0.0180305707991133
0.251797540870612	0.00527617925981007
0.296127021657123	0.00628869087931285
0.0394525502719038	0.00235278366262988
0.314825361848836	-0.00669627544895305
0.856807733451386	0.0115942059080759
0.784518450432462	-0.00947263912695703
0.0575577705527381	-0.0025205378642618
7.89481635632918	-0.0316662515642212
2.16331089966391	0.0173738986078001
0.506174205182343	0.0076462842736896
2.16141106025712	0.0174663244424178
0.00067274471339095	-0.000307339967119859
0.557748561334109	0.008340550057921
1.75679058596439	0.014054490833379
1.125188561017	0.0112654135439145
0.205930005530318	0.00519134691525385
0.0602397038602797	-0.0032046511028375
0.000941836806220633	0.000385105054180357
0.173389203398696	0.00454986015840333
3.59908818543417	0.0224027999591666
0.0372472272674747	-0.00249126938508373
0.266912475318768	0.00570407827816335
0.0614213593264337	-0.00284206392928164
0.162020120917936	0.00465871551523542
0.100694578740586	0.00305183008913429
1.59755917278376	0.0153607172852293
0.0736362070876108	0.00318312409207976
0.0340763299985931	0.00224823434514781
0.0374923606224098	0.00242590510016023
0.0140475925451783	0.00127723660567107
0.875456026845374	-0.0116171144126815
0.625407159432146	0.00930011813792789
1.05753346525236	-0.0140165910614476
0.236558080268692	0.00640096629175759
0.0682532371515799	0.00280594064024312
3.85821077134804	-0.0213959560391681
0.26044263682453	0.00519783894569901
0.296713945182235	0.00557311215279835
0.00013429618943554	0.000160617881930761
0.744901993103697	-0.00900044379891459
1.02558144538258	0.0140010792266155
0.14223226711913	-0.00420169855127599
0.0340931194840612	0.0024190803739105
0.936131818410021	0.0119011384287595
0.0006928846373676	0.000253694307380447
0.0383875415186399	0.00189176823283735
0.813690296586162	-0.0114249965012236
0.696179672666529	0.0107024374014575
1.18140595838136	0.0111410053624197
0.00013661899999871	-0.000143548288926988
0.38331242307299	0.00575601721596106
0.691168376544482	0.00817724479184869
0.309153436659432	-0.00467465434465097
0.406195649196749	0.00866623221557059
0.504838281602663	-0.00835472667581404
1.24853792164918	0.0139823933953289
0.0218960541458372	0.00161772076713744
4.39824966788553	0.0247116904113491
0.85588032853047	-0.00901958923896587
0.769447683493835	0.0120758649172004
0.000144646288559258	0.000105754795982377
0.39918934911597	-0.00740168827206693
0.100100279426634	0.00353080736527443
0.55645392949896	0.00924585934690622
0.115673869653394	-0.00382598064641772
0.296676718739355	0.0064324072134739
1.10559152000744	-0.0116873425083003
0.578771228640924	-0.00824728293425012
1.46519098579465	-0.0131088477640154
0.881987321501177	-0.0127025741725672
3.95505481857099	0.0246617399691738
0.364230605949897	-0.00667216862186767
2.18750611373286	-0.0166061786369693
0.608088547016316	0.0113743383998789
0.853496387280456	-0.0114687965713142
0.00396615602093427	0.000756105950680014
0.0887971653109057	0.00347349646467544
0.0204258341161491	-0.00148440698298704
0.895265269782071	0.0105693989666763
3.07504191611465	-0.0190154566872085
1.18669660402313	0.0123920760876572
0.63730711967321	-0.00877338606060342
0.56445898923615	0.00893562816409848
0.414817458796424	-0.00590028429940218
2.39459550976521	-0.0159360596503327
4.76966791362693	-0.0242493908924132
1.55460775577535	-0.0146336473799163
0.640256167964729	0.00876394260958636
0.113211915329079	-0.00364583220256939
0.412091283264346	0.00752424189280118
0.067559267727609	0.00294038846603798
1.99665175777993	0.0160471739209774
0.775775165914025	0.0108982699243506
0.195890576088241	-0.00544697172407025
0.146056633447546	-0.00463915917575482
0.921756456934209	0.0111047013492404
0.0478029996747392	-0.00255790587076654
0.174594075035893	0.00365587602416428
3.03289319607367	0.0230174137151882
1.39893795032701	0.0156816307480631
0.345257951811472	0.00625422313061605
1.32770732190265	0.0108004950938731
0.00857096712541118	0.00112922417194416
0.037806150570729	0.00246998822124875
0.247969052609196	0.00631583574010208
0.562426135096762	-0.00864073767307207
0.547212542510355	0.00818449916651189
0.231695969543295	0.00526774849320012
1.23838428379592	0.0155877715760187
0.817321038784409	-0.00903763679793355
1.17742480528016	0.0140116222954284
1.08040542666543	-0.0116442238825499
0.326911227173682	0.00699755525177582
0.843854968465365	-0.00888744335012247
0.313711757743929	-0.00506154291374209
0.0148480641611238	-0.00133675625301429
0.0168418113153604	0.001502418332962
0.2608083974323	-0.00615139590537224
0.823748855893809	-0.0106920651713198
0.789432801347775	0.0106423175514652
0.0267120337156142	-0.00206975166492244
1.7685507427093	0.0172437352340022
3.32227866221525	0.0198258211667233
0.542344588393228	-0.00691758431579776
0.855331349229852	0.00897142840446538
1.7758549797515	0.0143650812977545
0.0867158544069449	0.00311630832274759
1.93153445719725	-0.0153869524013835
0.123308832833802	0.00407845698365127
0.26958152368859	0.00669084853302332
1.35691351731371	0.0138453828837927
0.104444983022612	-0.00324566136295008
0.0266682192098324	0.00183044130167111
1.14380138493282	0.0138343506129616
0.0125051600236073	0.0012661540374318
0.436315249912059	-0.00739874734446592
0.0276332403379641	0.00186287909147489
0.324946910058888	0.00627259712742039
0.847180494108898	0.0104756365622875
0.111595067858171	-0.00407225121794307
0.115545349195198	0.0032619973278082
0.0631448197545892	0.0031891411747333
0.0608687445547508	-0.00282693455846397
0.155760348989443	-0.0044152210513234
0.291165681627122	0.00557588607362769
1.61612109046773	0.0183820996813415
0.0407829797807455	0.0020346846496507
0.591920400068203	0.00918653312219886
0.172059846750335	0.00458621996510796
0.00591535102236554	0.000901457305039625
0.0529217652199006	-0.00270490101991036
0.625284571585111	-0.0108643073072477
1.64123463084605	0.0159337784578813
0.215242010782822	-0.00484069709871947
4.85079229945344	-0.027797884258983
0.170588935307498	0.00506722071232434
0.0885784590560386	0.00399653661032682
0.00821861149796711	0.000849349177925054
0.0142444550129453	-0.00172929426703525
0.996636910682052	-0.00999486199195211
0.132275186007816	0.00473309900302818
0.229955751717851	-0.00481595639415842
0.652358082447901	0.00927533672553902
0.025232086857898	-0.00159464448044764
0.56846888745078	0.00809842302359167
1.48125074828282	0.0116575395764243
0.294852660716016	0.00749610701630811
1.49265825857423	0.0139654626387303
1.33492751507456	-0.0144883288714124
1.24976295577647	0.0116120954553736
0.0522046803625258	-0.00283245170265174
0.0301277802647437	0.00216326284946972
6.01814404911663	0.0290564465355988
0.205927257778236	-0.00504007913694402
0.379058124525081	-0.00649611280817284
0.154095245238215	-0.00455043389750649
0.0712899331355346	0.00340811248089337
0.936133884165633	0.0107862644516785
0.41851815915237	-0.00757008917920673
0.944836758441759	-0.00999136138916471
0.591550373859945	0.0103827985711623
1.36764295414231	0.0168864453987802
0.391663723737203	-0.0067570389346032
2.28325739028955	-0.0187018743162453
0.372379545674825	-0.00611545760351255
0.96493637083127	-0.0100948269406803
0.880624415598104	0.010861942609733
0.999070665307106	0.0133526515047417
2.49409721942407	0.0192735779275759
0.0262653221636903	0.00152500484961837
1.12759956352747	0.0143517666582354
0.571812490392617	-0.00807736895178588
0.556620221078466	0.00823060965886019
2.27022119448195	-0.0148662756682323
0.390041811549553	-0.00649640161312406
1.41660508655117	0.0151759376862352
0.458839544352254	-0.00647133842159672
3.89197006797346	0.0211924242423383
1.42781581456312	-0.0133433591089276
0.189946226230643	0.00516046963943876
0.513232924088474	-0.00794813851046294
0.596844795214591	0.0104890334288279
0.221197935994291	-0.00655929188109944
0.00413826128813296	0.000736636880965983
0.489232011489313	-0.00833588249201199
0.00337097930299857	-0.000693117408886534
1.25784504217326	-0.0114548818685832
0.738787899181892	0.00824991188563456
1.08506178788671	0.0134225323791646
0.303348024734542	-0.00692838077553241
0.542685419034279	-0.00686298977959949
0.182670319636176	-0.00425756189649394
3.9628408391267	-0.022821911717807
0.0782613323725218	-0.00339391133467872
1.48027388592882	0.0143063041938725
0.107578356463569	-0.00503757292879403
0.307632078819177	-0.00616278770909014
2.36445902745208	-0.0170944354156807
1.63698866092692	-0.0183549164710156
2.00770443497361	0.0160465382289031
0.245325745107912	-0.0053807484327552
1.67129891781958	-0.0170802697702629
0.105692397470736	-0.00394573479672878
0.214867530645855	0.00531087510258186
1.19207547698853	-0.0141586574853906
0.50153805986611	-0.00945287482942741
0.0606383828786239	-0.00280354168563675
0.897061710736895	-0.0125268099863434
0.222643111824243	0.00535797815242678
0.924400822825938	0.0121182391694481
0.0959025081437609	0.00331877746667572
0.0929906028498619	-0.00280104903389702
0.000298433117925222	0.000227112473158013
0.629268060309375	-0.00796857541941206
0.0866066915466269	-0.00307211810360745
0.11546911072293	0.00367316788228782
0.20137822345432	0.0048138960000788
0.325856251429453	0.00669599617394289
0.000743655536913757	0.000337265988577553
0.0362761967307103	0.00226462950547271
0.00632285447069289	0.000914870886963919
1.10682821804802	0.0116332713396531
2.04664776120939	-0.0137861043737284
0.901594984670989	0.0146648995284313
1.51209164727587	-0.0143167992045873
1.16004572221392	-0.0125513966519978
0.0096768571423503	0.00122338250331149
0.124940630638288	-0.00401282987648695
0.000105157197574065	9.49098485461711e-05
0.000967353497234216	0.000409986300888744
0.67503871894602	-0.00952178332622401
0.0108801578794004	0.00124588273029149
0.0060535444742113	0.000913352388950281
0.658640044948366	-0.0103918547104075
0.143216122960108	0.00414902557101033
0.576598472090061	0.00771783586849659
0.0470130212196858	0.00265611360875204
0.417670538273738	0.00704949163931839
1.09780291826441	0.0111567357986516
0.000474986242252609	-0.000258801830008692
0.377195817480933	-0.00506391262736337
0.102009271496921	0.00327406262667735
1.34307020511254	0.0140606828832802
0.121367338580542	0.0040984638684798
0.000563494154426213	0.000258100402034432
1.19968117783139	-0.0136137431912423
0.0247812474529146	0.00211943531568993
0.0328987914908044	-0.00223363480566703
3.01585427095707	0.0196257821099628
0.383995301134707	-0.0083574069904503
0.00622677386589084	0.000792768376933999
0.152207207082976	0.00551062062075787
0.185614817116088	0.00550062188636717
0.227709807989666	0.00482455461742617
0.182865008844191	0.00475489133287016
1.69101789976682	-0.0127380629872417
0.707567897750305	-0.00814890558958882
0.599491601850432	-0.00908315445790099
0.0594799927034461	0.00306788683779158
1.6267998764059	0.0127744127111923
0.00962907376424143	-0.0010712878005409
0.129008910893558	-0.0035815090991639
6.68557066614972e-05	8.39380865720509e-05
0.956846410839958	0.0118107666509767
1.43730505911269	0.0125459827451378
0.174918250574177	0.00451533629057033
0.0389135264334072	-0.00200541446698951
0.0662001387203364	-0.00295824618480843
0.0398401462294422	0.00216246215133205
0.0950113481388529	0.00323306023235076
0.15500238833943	0.00400975884903851
0.00717880416570004	-0.000946927423456152
1.71946105279101	-0.0145945317289965
0.021296503524171	0.00193985366806387
0.00125910975677092	-0.000371417267760319
1.21306265918633	-0.0135988159002193
0.00197175144268853	-0.000533419507030567
0.352791732472466	0.00578697921505185
1.46073358975661	-0.0129441437519001
0.848793788265504	0.0123289820986844
0.762158052474296	0.0105346611698583
0.515957886459797	0.00978232024779714
0.50083759166186	-0.00718617544871145
1.08454766250252	0.0118996219076074
1.5823122208262	-0.0153443688261406
2.85251675214383	0.0194006870065807
0.00086060745440015	0.000360852985035003
0.0222979459510817	0.00158409711342285
1.50380935388333	-0.0148306393671013
1.07527194563629	0.0115849293197172
0.28511018171875	-0.00598861298729925
1.7564100089415	-0.0155855237643244
1.36197230233819	0.0160001534949691
1.31753758447166	0.0127710030812669
1.00022113456687	0.0112534951956169
0.709952836442054	0.0104078820736024
0.92898799198178	0.010782209774616
1.62802527619787	-0.015287381630237
0.552974687570588	-0.00886591970664818
2.45974129335204	-0.0176023685858865
0.198471950762316	-0.00530252550417761
0.295199561606635	0.00570048962785904
0.109999215898864	-0.00438366448913612
0.0552077820112596	-0.00264946278265532
0.192833715689438	0.00565594386566696
0.0190353017604576	-0.0017022739415969
2.07879924064265	0.0169523367646197
0.497112492182223	0.00790092522388675
0.567201403879224	0.010246442747734
0.00197173069668522	0.000464223778715071
0.569846175085798	-0.00905661742152608
0.341819872574435	-0.00636723857674795
0.592074810128545	-0.00840353095887182
0.0535311206796364	-0.00245081832658834
1.23710290748117	0.0137939494386846
0.733044914508301	0.0114291988472501
0.0728481552429823	-0.00286065082589092
0.387951634683415	0.00768702268327765
5.224256043086	0.0279964118298223
2.78607994784937	-0.0185981559258226
0.204648753092338	-0.00523003736078862
0.0186746183200017	0.00179777956439276
0.01196822929597	-0.00115684387069084
0.376913142919795	0.00734847088649129
0.600439090161404	-0.00852892523162356
0.557232899774241	-0.00870891614595644
0.170413579001509	-0.00449941861023773
4.77899981974083	0.0242593018257418
1.69573357406799	0.0174425861435741
1.6321337929526	-0.0143273219372803
2.4549370931272	0.0184422422225493
0.0317759690827182	-0.00217823108794059
0.458327643902753	-0.0075812354238592
0.237825386987396	-0.005574513565605
0.0700382036174939	0.00282451136372815
0.00997457662968926	-0.00113149079593441
0.0239777533035747	-0.00179548868180706
0.630352621896201	-0.00706999476484878
0.887745862077476	0.0100195632218919
0.02587443442444	-0.00215142273384838
1.26953791249891	0.0134486411003101
0.942288589423084	-0.0112200633439339
3.52735967903467	-0.0207773170557467
1.54972142563102	-0.0156786321952846
0.742191409473224	0.010092246875827
4.74790192756148	0.0232707459092787
0.00932012439900428	-0.00111440336565175
2.76141904962307	0.0222345898663423
0.0310980723562888	0.00201437245040104
0.0122904332853501	0.00137183173793473
1.64169299180788	0.0187333963559789
0.264581244540586	0.0056750243796606
0.0140325967430021	-0.00150487903658773
1.93500012821694	0.0164302212924422
0.900648165774032	0.0123608516096907
0.163878009831921	0.0045698288658842
0.205662652562956	-0.00475150353149119
0.0265086053443478	-0.00166178912622386
0.253612709353696	-0.00477658278886174
0.711563577032074	0.00757893997773502
0.39240806885375	0.00724929439523483
0.411671876685457	-0.00684159744830919
1.42741376209485	-0.0139122929420166
0.111758326826038	0.00347127918122878
1.03610296919069	-0.0111833354316884
1.17596100820828	0.0136082629000428
0.734933555789212	0.00838090349488708
0.309302809969891	-0.00707791792400634
0.276819190565834	0.00664686992359341
0.694582319301402	0.00860089495379325
0.128903547950093	-0.00425620243259982
0.509714382355895	-0.00874449036815537
0.120913801599078	0.00370288067903095
0.0998264838847204	-0.00412015463111763
0.000615634205904511	0.000253719528421344
0.206854805342397	-0.00522547950276097
0.732650073962271	0.01040400095941
0.207210280230582	-0.0055376813620406
0.0233138471927943	0.00181178866744442
1.71899729578357e-05	4.58364907436565e-05
0.018387992133393	0.00165096518328305
0.934885963673186	-0.0105459146743644
0.0941737905107801	0.00335653564482156
0.0547102020988182	-0.00279972469613339
4.78968078816889	0.0308053356729149
1.34161496314715	-0.0122978725682943
3.62270687739578	-0.0214490723620656
0.735210783037963	0.0114730659587257
0.534519178765922	-0.00771227605842334
0.0592446412718314	-0.00265725753767167
1.18795981581824	0.0133703557959247
2.1905411512896	0.0183984989273165
0.00885900994420075	-0.00118696086764333
0.188130183091243	-0.00473348692421896
0.000783478611069929	-0.000351052024788224
0.464598969342594	-0.00736289174458098
0.100538973701188	0.00342554334181103
0.376661102267358	0.00693460158872937
0.66843837525363	0.0107728831273103
3.46382359103971	-0.0203975969031061
1.54665001068144	0.0133679999111047
0.65266170409615	0.0105819744432229
1.3701154637503	0.0146390056312017
0.609075030163001	0.0105891515000904
1.86785923651897	0.0151290644740756
0.136907765908409	-0.00407759099410531
0.290668756526139	0.00497356327741593
0.468042924240107	-0.00737201454977935
2.04988981270616	-0.0172122074808605
0.00322881471886143	0.000585806788042845
0.0383725160007561	0.00231665198718533
1.43578064672084	0.0129238003211323
0.26994177324965	-0.00546820328051065
0.418758107249106	0.00681274224201612
0.103393630669068	-0.00364953130867563
3.78913478862843	0.0251714350279975
0.399275344798907	-0.0082559828143307
0.943016901319574	0.0120911084692397
0.386650888762769	0.00587226321418857
0.814981297244569	-0.0104689185257238
0.0273997276109964	-0.0018650981458364
0.44883101503831	0.00961786844508732
2.96446713153129	-0.0210004654063652
0.160730602077697	0.00488058241297233
0.0282720007064293	0.00187863693785254
1.4704472420088	-0.0138784404688549
0.104691879784656	0.00404060626040147
0.000312546960748169	-0.000210904622650609
0.0719023324172694	0.00344737040588652
0.0786483941256056	-0.00319676825166252
1.99166380726376	-0.0184891934903213
0.201184515914067	-0.00579128663517212
0.00329986076792238	-0.000634998335523177
0.103510216141058	-0.00366140000367123
0.152221262063027	-0.00469544364528288
0.0968304852762978	-0.00377180316684506
0.640988303966918	-0.00950367608537803
1.08327597478906	0.0137040435871122
0.92701503005094	0.0104145814187737
0.0207082120282431	0.00173777765734883
0.837676230900112	-0.0111195411148048
0.266507215913468	-0.00572985173905496
0.000952613514448903	0.000367133367568186
1.34724985187698	0.0105397426693488
0.658715678745349	0.00823879575571029
3.61940498003955	0.0195926881566713
0.886224473968187	-0.00965866324496675
1.37487266753691	-0.014193356137083
1.75120284502155	0.0147779445316066
0.0143163056389383	0.00142405333045142
0.0448991756349661	-0.00280120834192907
0.105784477825008	-0.00387987499663777
2.15039260050443	0.0172395041227256
0.519871413392412	0.00841893571274707
1.08884618865642	0.0115114003155342
0.270489652618196	0.00686541122270113
0.227793946644611	0.00556941225679334
0.00606479893611241	-0.000913462188954966
0.360897517700286	-0.00614246884839054
0.254395616389428	-0.0053022848777195
0.267582828254151	0.00614080075338184
3.41931248055826	0.022286196492496
0.0130418806963731	0.00129549780735422
0.66595428223224	0.00963748311586692
0.191354845481555	0.00542597386855661
0.00334294874584404	-0.000805531053341091
0.729240159888603	0.00931864189749484
0.0484874162071938	-0.00254249566920843
0.0606683112693676	0.00356860531964882
0.263262653590681	0.00500092165919282
0.0662430252791755	-0.0029490268465285
0.23864760117136	0.00590254579728894
1.13125132738519	-0.0133624836653843
0.644448912097864	0.010184667369005
0.671840508812083	0.00999840802104385
0.287237349150421	0.00507447710428832
5.53670957597665	0.0336293789983949
0.272750130608574	-0.00597966770679923
0.0269277239830719	-0.0019500390334078
1.84343955859159	0.0156551359011994
2.61659901504812	-0.017135244534202
0.475565895891594	0.00825745705677604
0.0724097975022899	0.00287243265237653
0.212290246785908	-0.00439820892208426
0.916768125678349	-0.0111236356697782
2.34229939825588	0.0169146281297184
0.816573753090071	0.0101552962744878
0.000288709584015911	-0.00018809257161215
4.71727036505412	0.0265944934979838
0.168364336886489	-0.00498478351830332
0.0668681475614224	-0.0031121612089213
0.0383870958398085	-0.00292649339273603
0.484227817735907	0.00918044263744546
3.34685176836388	0.0210802780921895
0.047975493765513	0.00259916695339059
0.47867787374093	0.0072071995748075
0.715777423677766	0.00921088303271378
0.802657814266993	-0.0102204401430454
0.118159275137816	0.00414086035169198
1.02623842304867	0.0124953447011162
0.138807507107416	0.00402259906935943
0.0797221270163508	0.00346762390979126
2.91104063308202	0.0196021877820422
3.36877399378304	-0.0220638948809684
0.598165202333733	0.0101441616784592
1.0107857409124	-0.0121220076293117
0.0595363886533923	-0.00278824913703402
1.46092249615084	0.0158687505255532
0.71570679313679	-0.00995068649011076
0.943687419522913	0.0120221461524058
2.27709569283657	-0.0208904245470953
0.513968832228972	-0.00751219079673066
1.396845168255	-0.0137566222004257
0.123944147466447	-0.00325117442628015
0.705437092776697	0.00984490324825847
0.787207482856148	0.0114060761876176
1.92285147421548	0.0160059584618842
0.0828334683894181	-0.00379663648768547
0.460006455429372	0.00658378106245621
0.734948764852143	0.00934867283483426
0.994931955477069	-0.0126003160897447
1.5441265093454	-0.0138449809389061
0.321548567903939	0.00664973103927299
1.2330336371519	-0.0109397381573883
0.512649087321172	-0.00859621301618247
0.0123015538797038	-0.00115667618495894
0.140763469211168	0.0040042875324437
0.30723399632612	0.00718490535009791
1.44046882583745	0.0128601374230306
2.36127810038524	0.0189063812130147
1.30545305280528	0.0150114144287207
0.379878918182323	0.00560114613637627
0.105827905468202	-0.00318579980409728
0.535752471682238	0.00827162664271988
0.031389777076259	-0.00196031962319676
0.0112918478888698	-0.00125989078697387
0.0543812569345564	0.00277117887214586
3.24008236235701	-0.017337781300183
8.9146940871857	0.0353983090122734
0.809303613461289	0.00915273397183181
0.556450438670768	-0.00959995737206384
0.120749833212046	0.00452925239580951
0.918252164053558	0.0107299022842703
0.0832285848267337	-0.00315868760106497
0.18264481073033	0.00472295564871524
0.966069330066721	-0.0134672450097031
1.33293247539546	0.0125528570692534
0.296798613507916	0.00638069626000245
0.585278699769566	0.00819631312436032
0.296291418678056	0.00588949197982888
1.03332636597254	-0.0128200732956526
0.0578509883345737	0.00301943495651107
1.07187056633655	-0.0112211942552416
2.80460186058585	-0.0201211620228262
0.529479013521414	0.00840047433780386
1.04230123844616	0.011137931081171
3.57373792633218	-0.017989054615075
0.401415037669762	-0.00711044489601189
0.643560961380633	-0.00740316081765777
0.196013719122213	-0.00488204313652911
0.507629569073828	-0.00906191741029977
1.25372920556263	-0.0102018715652973
0.394069591539356	-0.00723594743272863
0.82570002561459	-0.0115891384641663
0.636105384948933	0.0096227120558245
0.00293043121475697	0.000651561488261416
0.000370815102832255	0.000187273742527555
1.01471776517342	0.0112050868156195
0.44206527977502	0.00765794137728862
1.59247953893295	-0.013760366462503
0.267261959316629	0.00614386534365789
0.166604115564604	0.00525592043169274
0.0721924044508035	0.00314700623208232
0.562201535593932	-0.00805849396672028
0.861015130692754	-0.0101798908265135
1.13322082505543	0.0130465175546529
3.02132306790929	0.0226656745871733
0.87722989815146	0.010632873774378
0.0246554726541761	-0.00145631039341881
0.457942759619109	0.00804435795368683
0.349909321738923	-0.00625123701332266
3.01269249048523	0.017895426064884
0.164646872157109	-0.00466073641435076
0.452622522304888	0.00719800210637843
0.00475871388546459	-0.000769245069342515
0.232939466790009	0.00562879635779804
3.05291857755778	0.021549858952449
0.559962405590994	0.00859406095365432
0.117110127018763	0.00355533504935626
0.08034147421087	0.00290146397900211
3.21636534716152	-0.0187444239175945
0.666707783681473	-0.0100917632181672
0.292342944817494	0.00645464105031734
0.0534166159445112	-0.00212457554818034
2.33451045854342	-0.0173277169260052
0.11411871731793	-0.00421226930982764
0.446885747545682	0.00759444008341667
0.0777670717347906	-0.00276147491186147
0.000642458987403707	0.000293428190453364
0.560677192741914	-0.00767555935350347
2.04482539547274	-0.015812538910566
3.1906447134812	-0.0176976483771362
1.34831814239536	-0.0138014102298758
0.229052218596138	0.00571320616439058
0.000579657504345416	-0.000239836553822293
0.346521490240387	-0.00581026787320841
0.0363560172728154	0.00232520436419291
0.676540017540061	-0.0098928811817859
0.0126793002834239	-0.00120523076440722
0.26161557514952	0.00538868422463845
0.311269638664295	-0.00631999106884508
3.66576614623609	0.021383675845707
2.05440287479261	-0.0181478965677411
0.00670137569617459	-0.000826440890767202
0.334851686807433	0.00777432742736168
0.00968487815031926	-0.00111625309075627
0.0136792317035144	0.00113224661513544
0.391615485898244	0.00675836506389269
4.08616309875255	0.0258849737974899
1.58079636942048	0.0167169572213721
7.64720015992322e-05	0.000108970964123778
1.87825079427232	-0.0165203697228389
2.76935594413787	0.0184938610260409
0.123715140961648	0.00341398010826112
0.725841260164046	-0.00843292068813189
0.160635401797004	-0.00397709588854935
2.67738764909068	0.0189137253529852
0.116400858012713	0.00394266270633625
4.03207924954599	0.0230288216923715
0.534659469447227	-0.00875181813396827
0.167698509301899	-0.00446874893807388
0.542586106064222	-0.00730986073337713
0.279254633545562	0.00634923225355827
1.73723935734468	-0.0148939417167161
0.31382411032804	0.00580872398128383
1.35592538336264	0.0160787154124277
0.60918820629369	0.00833181888901574
0.66614129392976	0.00805622201198639
0.295341598669578	0.00626070300891078
0.134340081094364	-0.0039213431523386
0.000772892325689706	-0.000323496261069325
0.0135770111575586	0.00128650718792461
2.55142324655891	-0.0161372209811627
0.980435340108021	-0.0109311020384818
0.362428168409458	-0.0057110286847052
0.374237390241154	0.00709300481252531
0.0263221129137898	0.00175868488640766
0.211340776243313	0.00541414564652395
0.105124903603633	-0.00460356115214836
0.371164791948261	-0.00621460140911852
0.629703251492603	0.00948107889941441
0.0789654067821969	-0.00271573982270895
0.0834692511098247	-0.0033430089589396
0.320447915076523	0.00568487989806211
0.000797640429974804	-0.000353072012911121
0.208097658001109	0.00529914737467278
0.0445483725185731	-0.00271390144758833
5.30569586232385	0.0231800870987041
0.104739222515404	0.00382268990265738
0.664311833054791	0.00996366448786394
0.00341904531968192	0.00063847586426196
0.179787774760587	0.00505655487830442
1.09759264538478	0.0120477062554552
0.248663729095111	0.00653586569860296
0.698649314973543	0.0100462193111932
1.47105950948444	0.0140595856164172
0.397591428331163	0.0082667716432113
0.74137700345504	-0.00872863877969276
0.141009118752831	-0.00456381477596923
1.05626917268626	0.0113718674777882
2.32178300405754	-0.0172790976411873
4.58076180838322	0.0236119728724496
0.178310931314884	0.00439915120512321
0.107010634592958	-0.00422677774874354
0.0432116042893076	-0.00272116036127026
0.241115187573252	-0.00539283656234735
0.00480839369635145	-0.00071598407142955
1.74209603423525	-0.0154536518251612
1.73802501819668	-0.0132712708253675
1.06210814817897	-0.00978798568831662
0.257606098500252	0.00601707784161806
3.75625449431306e-05	6.38255698832819e-05
0.317955267100491	-0.00581102647699077
0.105561577352899	0.00371890070530075
0.228046046109067	-0.00611324144510592
0.143987332287373	0.00478729398665126
1.62757640877552	-0.0159812701958273
0.0187616025264562	0.00168092028094084
1.1487370035043	-0.0117746380555297
2.96320104368949	0.0199161192682029
0.703593493178514	0.00930244677210394
0.0678131866597384	-0.00250391588211292
0.00091535068158638	-0.000382854156441641
1.24885636929963	0.0119702829703515
0.223869133515553	-0.0056901026388546
0.009983411778691	0.00114843800273071
0.057145043358559	0.00300049535486144
0.165764394553551	0.00425501009121384
2.11441869974913	-0.0169372541828473
1.21249479719674	-0.0127116619634583
7.04917276841414	0.0271157823604779
1.85774651339923	0.018600710931973
0.397773911363048	0.00708452619805375
0.260162378599261	-0.0055507265946546
0.680972643222065	-0.00988497481537138
0.313292834625739	0.0072792910353887
0.053637966570653	0.00262068797417789
0.220069289659006	0.00486005500206367
0.142805817210976	0.00418312335789157
0.0603882968222787	-0.00351419308558539
3.25006256881668	-0.0191825715659877
3.01318515621662	-0.0172765334303618
0.391372529634442	0.0069779662136776
2.40750466293188	-0.0183320249330734
0.0111500242941592	-0.000953349344163161
0.969840500236892	-0.0109964816582506
0.0163290573583173	0.00154011746442122
1.16548133763669	0.0113494508804442
1.92980065434451	0.0163839347592015
2.30020536846859	-0.0161007582264292
0.50751140646848	-0.00854958439211552
0.930439883868787	0.0113958909222351
0.0678484294099189	0.00273031214311923
1.78725239177349	-0.0144072901553204
3.59206049951285	0.0226016893136084
1.1945416332522	0.0122803835184024
0.0686527856371411	-0.00289464984368968
1.43822719532603	-0.0111193471378159
0.124377695039591	0.00351655386359391
1.96620493189215	0.0164757962828183
0.00367907504708787	0.000549959467076392
0.0938224343976095	-0.00321499214146781
0.44637894929216	0.00773973381378942
1.90770364968176	0.0155508642704327
0.0175764171026541	-0.00126406653341968
1.10552148477663	-0.0134364219200354
0.454496427883069	0.00785015091742806
0.347184684153589	0.00672864445543945
0.0187848190159662	-0.00171501427564669
0.00291899702817492	-0.000523897250046352
0.202606171460533	0.00552897843719795
0.431646538749246	-0.00820707435841417
0.700622780437241	-0.00896813472658669
0.875092303608293	-0.0113689258427153
0.531454377313368	-0.00681040391054501
0.000194500458222136	-0.000168292139612141
0.0493064553793942	-0.002276450074983
0.469216670727769	0.00709077869951903
4.05926672806836	-0.0228829601234318
0.980900658464284	-0.010861206491537
0.00246097837430906	-0.000601584841885836
0.214321990037829	-0.00488604396088006
0.62847711087806	0.00929840370881095
0.260372595322021	-0.00586982923976491
0.517439889629702	0.00767700585199923
0.00509520559700061	0.000853259459670047
0.043707187952772	0.00259770439256597
3.16378867561859	-0.0195354766192233
0.296870442437711	0.00639131446575292
0.0989163528099221	-0.00410019793976067
0.00136948701161955	-0.00038892065546128
0.17291462950007	-0.00477811256028692
2.73612266903732	-0.0199221475343815
1.13697886127362	0.0116476296836893
0.795137466104543	-0.00952998266844596
5.67449569837821	-0.0298373962277472
0.0651878493297015	0.00358096754944221
0.0232899292471019	0.00160978146463369
1.24649596858147	-0.0128051282926855
0.203284643620588	-0.00564370942810342
0.0386301826179604	-0.00255272514120814
2.43833178886141	-0.0156003326280306
0.00272824719701765	-0.000591283278278578
0.340725827242131	0.00699053888371179
0.0254090717061602	-0.00192314611033031
0.0178194215152447	-0.00166079915109026
0.00742951740683671	0.00106764596882884
1.08255599355965	0.0117574669130785
0.210284535393704	-0.00597957373020394
0.350928190908253	0.00750584551402418
0.213775875186882	0.0056391954721675
0.740266430710022	0.0106170093595653
1.72845004215444	0.0143233254081513
0.277676322140706	-0.00625743403014525
0.0342020994443671	-0.00207019832736795
0.00332387993022711	0.000682280491070027
0.272397961732919	-0.0053585887528895
0.990045244934391	-0.0102944544528737
0.139880124075151	-0.00328729568315016
0.0147542734767112	-0.00128673676827649
0.981294485692158	-0.0119845349508568
0.00106444498284972	-0.000423151130901427
0.0452099835414315	0.00236618634877845
0.0458167859209696	0.00277459425836131
0.528108185079922	-0.00859424982171357
1.83227549630794	0.0134820233448476
3.15107758410194	-0.023579630101222
0.0471461962005944	0.00231092124780169
1.87889090699958	0.0143004931078276
0.01288116367274	-0.00138442381219236
4.8389093749398	0.0282883721913813
0.172278437184103	-0.00441914942733613
0.00304607902562733	-0.000562769509745365
0.0214732463521129	0.0016195645740323
4.45310008554147	-0.0250562094110128
0.0761521226578397	-0.00300428776407839
0.408338036279539	-0.00703807601786697
1.67915093872275	0.0159206063269322
0.0683379575190272	0.00381197189420387
1.10280099176435	-0.0114282006276688
0.484074935343968	-0.00808808116474014
0.084020204036483	0.00310906054932714
0.0121222868972208	0.00144202786255317
1.56308034220447	-0.0148517403790314
0.0687977140095415	-0.00298982803644876
0.00462637213815016	-0.000755962679941637
1.33684304599202	0.0121690201062234
1.08389880988955	-0.012465508400882
5.78866460704521	0.0280381561944512
0.776377696451593	-0.00917091442003626
0.613431193848197	-0.00785706760612902
0.762454835361141	0.0106576345317629
0.104489507511219	-0.00317567938876363
1.79623314126912	0.0173814135872136
0.00930539433941248	0.00126032810300131
2.40121657924738	-0.0212175780302314
0.771689819285543	0.00998084410849921
0.0414304381957068	0.00251090672199735
0.171697759813149	0.00592565671388898
0.584472942203004	0.00973262835225511
1.94385529766681	-0.0140610035864221
0.396280623645005	0.00650507504376321
4.33377646839931	-0.0225563601538859
0.016983987118992	0.00154360939166125
0.85982354453199	0.0118023969334813
0.482565518242807	0.00834069489157002
1.3614928858959	-0.0118349069182086
2.91630862535552	0.0181000071233424
0.174048352495405	0.00490538205639023
1.20560438313788	0.0117672862403437
0.575594046685392	-0.00777572029074884
2.45057252987752	-0.0166753538602155
0.914048196051358	-0.0108890902171621
3.33534116830498	0.0211741032942286
0.261182748515387	0.00625594900327952
0.0795498001026584	0.0036988027880938
0.419386952046715	-0.00724046194353623
1.59812098906963	-0.0131312939803782
1.85080977154642	0.0163391553655458
0.000231428032238308	-0.000166531581116988
0.0631427811659188	0.00304739837450474
1.73584496506875	0.0161677624473705
1.21574732684278	0.0112833907118071
6.15308417248402	0.0303512602830979
2.20230251182469e-05	-5.87497310775662e-05
1.28909852468746	0.0121487374954027
0.523428617802765	-0.00898513505156481
0.054079119125123	0.00256000905164475
0.0716813075035568	0.00329676647026698
0.143279579907287	0.00413376331453717
0.64489684988069	0.011060385314223
5.10308526980582	-0.0251158705897852
0.502228469171071	-0.00856106732493934
0.00352781416796	-0.000574895567951206
0.0788056816320674	-0.00286997633128308
6.39496167389117	-0.0260472863418048
0.147476128400888	-0.00483755880072025
0.0941398880761457	-0.0034580709664584
0.347909208978939	-0.00657409754797561
0.254162374090345	0.0059266302574111
0.218989410530873	0.00487718631478797
0.134338929089315	0.00446853390259676
4.00604212843038	-0.0241469928590489
0.0582027176079492	-0.00334312970858293
2.14346870708127	0.014674945145335
0.0203220127994911	0.00195255213135803
1.41134921737278	-0.013002415948294
0.063218054156036	0.00280064445665262
0.0697405506580273	0.00290219840764126
1.02240913699537	0.0113251184789872
0.976060275216962	0.0118559025175389
0.303241957529971	-0.0074862713208497
0.142600190718987	0.00443804080251557
0.000290129806469408	0.000165781252272917
1.43449471335369	0.0140403425952451
3.66533219737155	0.0242607977960276
0.3897828152858	-0.00742512172904127
2.69231616565106	-0.0216797236969101
0.0315916018787275	-0.00208304715421256
0.298309053846194	-0.00676913136538078
0.468826819773637	-0.00754940843043585
0.051511432291159	0.00240006185422388
2.47860460493026	-0.0194055003801461
0.0355078465120388	-0.00240146611868537
0.880988688528587	0.0101700197501551
0.104216012828223	-0.00387294140002185
0.0302583465335676	0.00188142660147399
0.00553753743021621	0.000782414635465445
0.0709216598202273	-0.00280283430656983
0.357130734994409	-0.00741527670091542
0.127959234009206	-0.00432953428874557
0.0699175455266719	0.00335326927193475
0.379806775703561	-0.00590577512228623
0.295227057913269	-0.00641093912053511
1.5875769753558	0.0134434192118343
0.199761585009141	0.0052304625641808
1.40526517271838	0.0128263350115242
0.0814927190306249	-0.00274868254064305
0.0449078115050974	0.0020328715162591
0.764302039703351	0.010439994370869
0.307906917237705	0.00590412890901507
3.96516558783086	0.0275783264743851
7.53087723055138e-07	9.60552127865815e-06
0.178097135995296	-0.00534893525270789
0.0564580752126066	-0.0030531917542606
1.01980205550509	-0.0133185921031034
0.157060505922535	0.00414011826965175
0.723425118544196	0.0096300922036242
2.49302613728395	-0.0178234246733305
0.180852388503781	-0.00499441155065457
0.431015177451909	0.00784818920939351
0.00379896237828477	-0.000738251852207036
0.344518072948485	0.00786239374227772
0.841255187498074	0.00977851114628556
0.517681034701804	-0.00777281089466969
1.19222372637956	-0.0125513342771723
0.855271386655914	0.0100576998380424
0.00927904019335476	0.00136585211727829
0.000254586395413221	-0.000191825686928843
0.166565869130221	0.00459905064723092
0.270335533806272	0.00503109600033843
0.24620940706671	0.00572267802726799
0.560770495827336	-0.00827310618121161
0.0784302095204968	0.00332934468111057
0.00153836577861996	-0.000484738112795977
0.4814672309481	0.00764123924653673
0.511349885442124	-0.0091927724798601
2.37342619000555	0.017992904796608
0.01570583322289	-0.00142443092563792
0.5268831049904	-0.00862860959710054
0.566710367939428	0.00907906779059576
0.305317068129897	0.00593703463797256
2.12959069582373	-0.0197347662810324
2.79086722328183	-0.0180119251754058
0.0388619991409456	0.00228436651108421
0.561321940182485	-0.00780893175600748
0.000758671743788193	-0.000281467586364035
0.634646464477611	-0.00951058713451724
0.373801718304265	0.00821399190636057
0.415404255597886	-0.00699711212393901
1.92621871602955	0.0153158284960491
0.813963562284277	-0.0104953276737843
1.12235872011539	-0.0105991564051061
0.470903562891554	0.00727455658628699
0.0186406368718207	0.00159717713449609
2.73873376864037	0.017349339247466
