R^2	beta
1.64392375274411	-0.000925922249972818
0.883927319047424	-0.000624684235586607
0.0874032608862848	-0.000246974576699339
0.0407218954376893	0.000141612553744443
6.06955610466292	-0.0013170219044306
0.0103130401274281	4.82164440129584e-05
0.771012910462155	-0.000588644052575307
0.0799924195773384	-0.000184059509145605
0.645119773268128	-0.000430313554950346
0.021808468929722	9.21071885261225e-05
0.0517961452472575	-0.000130937444759102
0.920169652944638	-0.000713673801567929
0.978590328511149	-0.000483585777645358
0.380969558456591	-0.000381111835017395
2.93026974791573e-07	-2.87900626129009e-07
0.0434286913178323	-0.000111864215778919
0.469258216583661	-0.000473661065749695
0.0773931473106989	0.000155978897103141
1.43597828925077	-0.000788034540455459
0.516327245513272	-0.00038210011804244
5.52017208854455	-0.00213539813447359
0.98506242165811	-0.000615228173685236
3.80896849145804	-0.00159927036570395
1.33490921994668	-0.000748093840023627
5.75590510605828	-0.00139336960641926
0.558326701572243	0.000485200358921262
0.0144374503432328	5.66612846834406e-05
4.08175931204233	-0.00135260018802408
1.85472048520563	-0.000944061639243886
1.25412328441293	-0.00079008795483651
0.0559268234999302	0.000170170915997402
0.114080046720071	0.000201524578259258
1.81194987396706	-0.000769712709052137
0.0211056874851482	-7.75225879850926e-05
1.13985151622625	-0.000467917948327813
0.469632759713013	-0.00044615594671377
3.80552228523257	-0.00154319852457622
0.0434123040002432	0.000154507463943543
0.00507022627502473	-6.00191139856379e-05
0.8840529185056	-0.000679887992111481
8.12586082275661	-0.00211789532521139
5.49989833469379	-0.00136368381264842
1.37801454259813	-0.000610595069395675
2.17877732513018	-0.000992810134767404
0.0183300738201245	-0.000104426682971286
0.109861273766701	0.000246597292231935
0.272672773922702	-0.000307188405625516
0.363499458770244	-0.000419963492877833
0.117753957740886	0.000206681573406207
0.317120164606604	-0.000365794938324658
2.76048680351242	-0.00107907740827194
2.4764436702636	-0.0010158235748251
1.77523588583589	-0.000649871323124497
0.167612733167282	-0.000277597596992802
4.03403689743276	-0.00124017760562231
0.990051048396453	-0.000597332321139806
1.04313934935091	-0.000709187158079628
0.0966889879712492	-0.000155784051669695
0.0467579551016225	-0.000108618710103114
0.0229305023537089	9.83712972121733e-05
2.80449732931076	-0.00111597980301378
6.44872888448426	-0.00148286282044297
0.81371972410596	0.000509978475678644
1.19135973190528	-0.000647527887924064
0.281495096956988	-0.000299847730570571
1.751962986589	-0.000919283458470316
1.31375769839161	-0.000618270172372262
0.056249222174186	0.00014844011077809
2.69939795070229	-0.000989206385028386
0.136469525708613	0.00019090782486181
3.93348995646137	-0.000865368644035039
0.131320802448905	-0.000201890944135751
2.24765566866117	-0.000847165289587544
2.05337511962109	-0.000788871565506813
0.327216555635636	-0.000447750706940564
1.03457336213762	0.000613211897752907
1.53282538705056	-0.000845056789507987
1.13459620586061	-0.000526871307340699
5.99491012018704	-0.00175786593306763
1.68117228903689	-0.000705381348433147
0.818969303820698	-0.00048548542604527
1.22218178955631	-0.000558887624401214
0.589618001195976	-0.000564318756577417
0.200842701769002	-0.00025762898108808
3.78599940363262	-0.00144745594642577
0.430172221778976	-0.000337883156293759
2.42702183823408	-0.000950551410795876
4.35077973248251	-0.00130774245989218
0.695940419486569	-0.000598425279259471
0.171076353868265	-0.000204410861262843
2.15980450153081	-0.00128165973121505
1.6558847308219	-0.000838022577579231
0.0215563450231653	-0.000108732281723849
0.0875142366382782	-0.000169713711845649
1.03397380949038	-0.000662490904019149
2.17032605809483	-0.000693433187575573
1.7004862783549	-0.000842369731023203
0.460915099480044	-0.000449563231998615
0.270307234147673	0.00025031509468847
0.797783202609485	-0.00066473274008864
0.137074513303957	-0.000199039093247362
0.0555431265204607	-0.000131466383555708
1.58515011421984	-0.000804935354272468
0.0231746100341346	-9.30555463476141e-05
0.524376949755551	-0.000324186504060103
0.343892218179739	-0.000311296883517595
0.0236922946558688	9.04793922182997e-05
0.0425577695996239	0.000108347488652428
0.00762895910517521	-6.13345090211215e-05
1.1022659502824	-0.00052724174005123
0.0508391384511995	-0.000135889887525795
0.72572524603976	-0.000526101987928527
0.815870146094816	-0.000720353552482881
0.514917855370313	-0.00033023539666242
0.404435913790424	-0.000362388763955771
7.82669266161709	-0.00186241872894591
4.75629770696759	-0.00107172240510414
2.59254883795085	-0.00105234832318816
2.2901951764599	-0.00080242946982413
9.51114052686374e-06	-1.84353383682062e-06
0.166050786108208	-0.000224715835471863
2.92443402859122	-0.0010647694283737
2.14906535804726	-0.00110307172700885
5.62132160879649	-0.00115603111038314
0.206364338811073	0.000384554811292199
1.00161864602362	-0.000693068866943813
0.124486126224232	-0.000264985305412065
4.62261926988541	-0.00144455099450288
1.12778429744044	-0.000630842568848796
0.0149864462478309	-6.2276710073498e-05
2.28437577891827	-0.00094889107376282
0.763097558441624	-0.000514960790960578
0.249012209011822	-0.000354603851049806
4.61065130641323	-0.00105174577626945
0.170193551316749	-0.00019467384178622
1.6275727169958	-0.000987796619891121
3.57570042456564	-0.00140356222105959
0.0323355248655452	-9.6199713354937e-05
1.59919700503937	-0.000752020049033315
0.0276962782884763	-0.000120168920652264
0.509010600506381	-0.000535876364158855
0.87110957540747	-0.000593818019788851
0.348171338480338	-0.000451175499670748
0.186070013707648	-0.00029398109456282
2.96440687422813	-0.0011388894885747
0.232203357083967	0.000406230612958702
0.0758666837136399	-0.000156621965445016
2.52965376699523	-0.00108226217388639
2.84307302216792	-0.000978193612421648
2.16199465574972	-0.000955045972160783
1.4869483568574	-0.000798219573632403
2.04976804788468	-0.000730937327410232
2.4172382810124	-0.00108363355372088
1.04837551762691	-0.000732965190196255
1.4200796012432	-0.000783968236433713
3.24894393136432	-0.00144140776832355
2.73714743746626	-0.00112626434271276
0.742926629205656	-0.000471663968649944
2.2330433066412	-0.00084266184848802
1.14810499767132	-0.000771560872774065
0.000560581128185708	1.45482444789463e-05
1.69371133501619	-0.000827838616623621
0.454819130797316	-0.000367632660323432
1.83508395019145	-0.00062011472578817
1.14404909807365	-0.000588695230835124
3.9310896947213	-0.00165753331269103
0.0256227044271149	-0.000110737711996195
0.395771123780934	-0.000359250572926135
5.88093891092045	-0.00164162508042013
0.300878294148874	-0.000350613612146023
0.679057403649028	0.000579880032542937
0.000170211634758372	6.3605140604996e-06
4.61019150755502	-0.0014893905489006
0.0105890945061083	7.5404719885565e-05
0.432427013878865	-0.000469197962043371
0.00164665740304547	2.67304987628046e-05
0.210964402077508	-0.000310411746159139
2.51974421922579	-0.00108465915791303
4.24576483073128	-0.00127894233905932
2.61195542206023	-0.000896577276885873
5.35742255604605	-0.00163171729888937
0.00699655651917971	-5.46884978130577e-05
0.131975393625947	-0.000187446282096255
2.51259740941099	-0.00106211961332554
6.71692449022347	-0.00159629859425667
7.82871024132455	-0.00164206213262766
3.29856846045446	-0.00104634591500259
1.0339464833359	-0.00053391229823121
0.451554156749985	-0.0003950314919032
0.0639081363154216	-0.000131708122471929
0.966845113180673	-0.000657851316065586
0.0603282735267943	0.000178558306919539
0.0758087865730571	-0.000197495942940683
1.74647340845691	-0.00119848483574783
2.18431874426468	-0.00101628759129537
0.0157321272299337	-6.7128904702336e-05
0.0944617675869237	-0.000162969422844079
1.30224635423658	-0.000717874205555754
1.09747580153062	-0.0008264488481777
5.35035012979447e-05	4.36579176766078e-06
0.0956040599562748	-0.000200990140408379
1.1576895363264	-0.000578929699489631
4.17423020704164	-0.00147518399409215
1.23895882176297	-0.000673249721552697
0.215442719452278	-0.000269791920486402
0.0754360512066961	0.00020828992131998
1.84072490382807	-0.000856658919367434
3.24772824522527	-0.00131814119877016
1.36193448768789	-0.000746329159049718
3.03670481490017	-0.0011874406014545
1.58221929784821	-0.000772925190407458
0.00928695122431832	7.19628616375036e-05
0.501987293572075	-0.00045487761772794
1.36616327724448	-0.000542113002117121
2.91740835078285	-0.00115185922912207
0.00187507983675613	2.27042468781907e-05
4.91026782619763	-0.00154539053954959
0.287819974294806	-0.00034742102484187
1.01221688155063	-0.000690798877193583
0.863540650811989	-0.000578011398481348
2.22843545345265	-0.000939334311253694
0.571686225442638	-0.000484648788368126
0.0311864305220162	-0.000114289833734982
2.94510838272557	-0.00129002284151699
0.80670409035377	-0.000472844275021641
0.242394111624583	0.000332874119732254
5.615108874695	-0.00176304353705625
0.053354051487589	-0.000134514109496541
2.09167305882075	-0.000931394908543012
1.98347300110782	-0.00083513112842145
0.1421446609645	-0.000219291178532974
0.0773141675983492	-0.00020893703782618
1.12495572560395	0.000669795186881284
0.0988101240232588	-0.000216811503734863
0.239370723138596	-0.000275050046532908
1.11120348870138	-0.000506968340217229
3.49053404091659	-0.0015346518980864
0.0691701511061613	0.000168746468966078
0.327572140541255	-0.000450013840736617
0.381431076923424	-0.000375213940034245
0.138644752883541	-0.000232113898158517
1.49846701610057	-0.000509827984623807
0.117167029998872	-0.000202968338832416
3.4132828037598	-0.00116714510850067
0.102745017432849	-0.000172437084856894
0.0259905129187286	-0.000102789908597694
4.1652241190903	-0.00122451399543697
0.0425865406048723	0.000108747940555016
0.0881993952884207	-0.000224717936906337
3.86540673043996	-0.00153466938340837
1.94197241500547	-0.000788940966054342
1.14779154004085	-0.00071362717340063
0.50644329608533	-0.000447744823406019
0.813151510397283	-0.000409034517542164
1.54656559557612	-0.000788130291113695
2.83488436415885	-0.00105542926535986
1.9448192983452	-0.000754306538105836
1.03195666558204	-0.0007604629685882
0.109769776518635	-0.000232745111643097
1.82527242899304	-0.000802357961863314
0.0283976932800559	8.42851291897236e-05
1.453290319859	-0.000927281071864826
0.786109166760897	-0.000558731395817051
1.01706815707421	0.000515409713129774
1.71943759548926	-0.00075269224984036
0.143542392966054	-0.000286625388996851
0.270366442596903	-0.000508268072525153
1.03077419396212	-0.000536393554082151
0.953981697183157	-0.00054432185756209
0.51034039362104	-0.000481139871941421
1.52741907926406	-0.00080697978370198
0.548587525396685	-0.000457081619316629
0.469788289220234	-0.000501126257899134
1.30709200447452	0.000946760156989287
0.682222286738593	-0.000425979703391676
0.856244016536204	-0.000501909825309714
11.5411487171418	-0.00284726316227107
0.208038313646578	-0.000359042872747253
0.26976937679935	-0.00034061310100361
0.932072911651296	-0.000475116900446216
0.136785431105282	0.000309153473650719
1.56205284290011	-0.000848702345238563
0.759278227763941	-0.000515722077912258
1.01847201727179	-0.000522386936655337
0.0115183414398799	8.55758930651811e-05
3.70326947612455	-0.00106818482135353
5.8225678831773	-0.00161514648833475
8.11537486278178	-0.00267353636183897
2.69534976863102	-0.00111383041347278
0.361620865130179	-0.00043425579247188
0.00523638932798043	-4.24956753996678e-05
1.85212620111725	-0.000929608172655776
0.0741104913213125	0.000149546921711095
0.173446707983935	0.000307197077672678
5.754744821734	-0.00175886860460232
0.633520250879188	-0.000411313751457174
0.0124220688246784	6.41801178375159e-05
0.039287266335778	-0.000134278210972798
0.238866377678205	-0.000233250497999469
1.01610293820439	-0.000628828057166559
1.22458841415466	-0.000494132777832091
1.32985179162273	-0.000770506067393368
0.255331471969432	-0.000309128702103122
1.30099517597961	-0.000697257106831154
1.15044275950297	-0.000620353326945312
0.229348720064205	-0.000235981359454946
0.0016245817189647	2.63597511143713e-05
0.573486895120043	-0.000407527258976343
0.775130094818991	-0.0005391774538803
0.170795354073637	0.000294617093980757
1.43752991961617	-0.000701291128550816
0.737482317510585	-0.000571458141535467
0.348399979648922	-0.000367523094791326
0.0125651112875199	-7.83584710313294e-05
1.92799528845075	-0.000810039047297894
1.07298920367568	-0.000551244322844103
0.0482472585822903	-0.00015892245682928
0.714017579563202	-0.000409091475464439
1.30463493788867	-0.000560974742468636
1.97762874568038	-0.000708613230161402
0.349289019186327	-0.000310471174351673
0.733369630741738	0.000430008306606748
5.8162784173355	-0.00154722606267652
0.00142009237396592	2.19609960836178e-05
0.0669846106391369	0.000176367435554898
0.919464324187395	-0.000465543026642255
0.211233560881632	-0.000297063035289041
0.46713425555561	0.000343487867869395
0.318855875707928	0.000560696270556496
1.79069570965853	-0.00100926435983516
0.135453632619126	-0.000184026372534619
0.0138202457125686	-7.05687229401811e-05
5.88414977744973	-0.00184109423038932
1.20440801208902	-0.000768045310209241
0.0129666893154414	7.28971117320383e-05
1.15429323183159	-0.000734277011185188
0.00407838440290251	-3.95212108990237e-05
0.429340337497765	0.000489205328107825
1.87513877689669	-0.000743633783440745
0.186528565462715	-0.000231816340696228
2.11988614116435	-0.000898219744195768
2.4390613047313	-0.00102144161561515
0.113687534637438	-0.000234453624578043
3.23231555841983	-0.00108901660179525
0.0442162549178757	-0.00016037846968639
0.575658095449276	-0.000518420761856944
0.00373639375942239	-3.66840722761938e-05
1.65506188497917	-0.00102419076350164
3.82902836848656	-0.00110172874367924
1.91038359318865	-0.00135521381615892
0.0221096739723539	-0.000100320852408611
0.508511467899588	-0.000435551724818377
3.04652170967369	-0.00125050694559382
0.0432986470169317	9.40725297199358e-05
1.3396304922295	-0.000492603329972467
1.07135079438544	-0.00076438267673877
2.96281499315727	-0.000890628743626337
0.175620231671676	-0.00025955112498798
0.309173065384391	-0.000493247998632836
0.0506422846109124	-0.000186013317803584
3.66659103870017	-0.00118480174287595
0.928943350855701	-0.000632691153722283
0.0497394091102242	0.000111543664535782
1.45553322947431	-0.000823595176884451
0.915458850939716	-0.00061661993201042
0.0315894312046577	-0.000108166549953267
0.0766083519974051	-0.000228930762791084
5.57250354368559	-0.0019505068183668
3.10327162432009	-0.00121517836491754
1.35222086506087	-0.000737223991475509
0.0997081233551015	-0.000175589393389708
0.110221961018792	-0.000212896444059032
2.44089227720608	-0.000804721145920522
4.67883497476623e-05	-4.00980892938892e-06
4.75325362695275	-0.00149299499243061
0.867073494410107	-0.000661438867786071
0.232962037086996	-0.000287286888943875
0.0404712638618575	8.86087147559459e-05
0.0311777201989773	8.87886916582245e-05
0.717152795818187	-0.000753579502041611
0.12377170596353	-0.000214692945329022
0.382663304124959	0.000412349301655958
0.101835843784094	0.000163433526193853
0.00593038901634929	-5.09727813195369e-05
1.11457338449649	0.000701471179982978
0.247134819078038	-0.000252957676721478
0.868947573500772	-0.000659334646281077
1.20801971232368	-0.000755318993288202
0.126842874043875	0.000189754236863183
0.499070342229954	-0.000385337881004326
0.418857696838964	-0.000340977946365048
0.214239316479309	-0.000290613427559351
2.84139276631251	-0.000928369463090565
0.473672941499008	-0.0004847008714117
0.0910795919124049	0.000187243308032032
0.07967489216975	-0.000189197503735078
0.547533990116089	-0.00061904786106175
4.76960988827765	-0.00131342351900039
0.0220037476356588	7.00894079310553e-05
0.013821558753467	-6.28325060499923e-05
0.271307644939149	-0.000290806382794726
0.756613733568789	-0.000568940444406868
0.549847913882954	-0.000633368077595601
1.14738125439209	-0.000722097141357598
0.0180904482256855	-6.35595729990578e-05
0.463447377811692	-0.000388974534969867
0.139441879293206	0.000216001191776217
0.126123303779511	0.000207324899451925
0.622262188562466	-0.000541276783564937
1.05717917907659	-0.000544294546421157
6.05358306193673	-0.00198961016237457
4.26016282215861	-0.00130557023631907
0.0539665347932075	0.00014789294819418
0.562135601411697	-0.000456315437792458
1.1592444353142	0.000493461302285729
0.86415472448796	-0.00050859263404617
0.505167356027396	-0.000514190830800207
2.70286887971712	-0.00105910630223133
1.70276154378162	-0.000979578368651402
0.898701590097677	-0.000563765127292217
1.95832635506096	-0.000701147624583029
4.67506979874449	-0.00152400345767396
0.0613992792901757	-0.000141993066248188
1.49675176056388	-0.000724553152375754
0.116722476917123	-0.000207568257788461
1.77316542059026	-0.00079037153882169
0.131660968073396	-0.000247350089091403
2.60597298775984	-0.0010649611380394
0.170772532038241	-0.000229805916478489
0.490023242878825	-0.000297210298826365
1.85580314118014	-0.000660249115859148
3.00750425341432	-0.00124735890830863
2.17292590080607	-0.00110245893144632
0.0341897713733091	0.000105566966336445
0.0011870047032137	2.45482303513817e-05
0.118648543822128	0.000208917401034749
2.80145564461825	-0.0010001763399212
4.19110555395338	-0.00134082523137189
0.549902535598461	-0.000391552837330428
0.162885799110766	-0.000303833803193044
0.518120125461896	-0.000438765231896199
2.40244045227784	-0.00116835659785475
3.15107678832537	-0.00138647116682591
0.103518838724755	0.000158533990747354
0.195161745794246	0.000237193574565811
3.3538390949874	-0.0013629081483894
4.35093454921048	-0.00142979302015068
3.83169364888845	-0.000935396217178209
0.432584268764084	-0.00056014702547472
4.08419051545087	-0.00138579210348803
0.00489501411574543	3.91512438533034e-05
0.0397498916366234	-0.000113943056804163
0.173125964535594	0.000161204251491859
1.47101815103655	-0.000593370606827658
0.00813587550325544	4.84178092315649e-05
2.66892438990384	-0.00107459854863327
0.118349042649082	-0.000242901092148273
0.550609805463682	-0.000379136025012991
1.82382876057649	-0.000693978682221099
0.581451034098501	-0.000557897408897418
2.49280797478971	-0.0011166517328376
0.660717745527951	-0.000547308553781968
5.44032840957115	-0.00124011494014108
0.429899347796692	-0.000402392067158745
0.565044597486702	0.000487247104464789
1.53601964364028	-0.000820901174239987
1.78498909710855	-0.000663874139379555
0.275704404036715	-0.000410964130923991
0.544823668763286	-0.000472886463448746
0.418431424544557	-0.000453323720854207
0.0222809373096759	-9.96098777692199e-05
0.477214428016202	-0.000438915614028839
1.05325742442953	-0.000732311581460895
1.22814811680896	-0.000674596880276737
4.63504850351614	-0.00170279874925911
3.48225714879901	-0.00152304806656108
0.834871201049398	0.000459577819202902
3.25021024755705	-0.00107077289425345
3.60837912334616	-0.00121296610130193
0.00103699241943831	2.47129360667577e-05
2.47294591910846	-0.00110004997565941
0.236625682184572	-0.000409231874167161
2.05794758068309	-0.00106598608508545
0.0237366915723849	-0.000159617456382257
1.58558501241748	-0.000753979617056702
0.669265221887413	0.000435296697826603
0.454239740138521	-0.000316198792374614
1.13465073296775	-0.000601240352006739
1.75847326424339	-0.000712672464835671
0.138011038683617	0.000312103655686408
0.242729310263815	-0.000474465235286993
3.6093881861851	-0.000993971784309867
0.711290624952695	-0.00048993078494508
6.22906602701949	-0.00120597066856343
0.138038190351461	-0.000250456092162804
0.390181246923611	-0.000301323760262458
2.91771325752204	-0.0014724766470896
0.759550806103005	-0.000487464635775669
0.477397704291373	-0.000415504338145372
0.0841249931553656	-0.000210111348864842
0.765739003451132	-0.000574646819833758
1.18516072014702	-0.000550711094301408
0.981422403782592	-0.000536996911905655
4.62230642909358	-0.00238812829248732
0.413618547035936	-0.000389189820562638
6.78497494640948	-0.00214690838767162
0.721714354488151	-0.000610815406323073
1.68387833195756	-0.000795749221073564
2.7010156115045	-0.00107918441662046
0.674153115093512	-0.000552140114068545
0.00121398758611887	-2.63305056553729e-05
0.510071808891474	-0.000511615442409405
0.824525630677489	-0.000641908085732588
0.00596004956750538	4.07120529843795e-05
0.411645306412319	0.000289814585825033
0.00622027881064371	-5.55741049704509e-05
0.173572540283002	-0.000311348995350944
0.0642800898963873	-0.00017654985946086
0.382594181440564	-0.000387236470849478
9.64214885841934	-0.00215692376283929
0.137216144708875	-0.000200059603797463
0.25969100142648	-0.000312997314898421
2.37334405758685	-0.000836887088846823
0.115217025620858	-0.000160139299682096
0.397849975316978	0.000340591338823572
0.454624127784564	-0.000505753522926786
0.98490867719334	0.000532702531599882
0.000639816291759212	-1.48994755166407e-05
3.47944940010355	-0.00114065138492713
0.185718039844208	0.000227091257478249
0.000135401078014306	-6.19746055241561e-06
0.0751912855727332	-0.000138709266331053
0.471158341844855	-0.000257214657443865
1.50852401761753	-0.000978839758181464
0.141665992266148	0.000252423421254727
1.6218849067517	-0.00103514700993627
7.34221890034044	-0.00188297548828883
0.211218522547388	-0.000274168708533415
0.00931128223578044	4.87323607647497e-05
0.234866724663479	-0.000384619670219253
0.804166199492121	-0.00049884261387934
1.16199635415767	-0.00070025349228244
0.678012210909464	0.000524905699458645
1.43546161415519	-0.000864748265014585
2.14689739722997	-0.000933630154554925
2.93543044996454	-0.00116073210037497
3.85429720403741	-0.00104764277128791
1.4017955543215	-0.000731655099088482
3.45247417573264	-0.00121787914122056
0.381864685877473	-0.000519975018691286
0.30136121713347	-0.000376476987512779
0.720063509462153	-0.000548562571747858
1.19748520009535	-0.000807467896021424
0.762073671495804	-0.000556036802277921
1.80302362138733	-0.00069598982115557
1.48664201283259	-0.000628934137478775
2.90305810828963	-0.000834851939833522
3.63782968936092	-0.00121046666922716
0.703587613204921	-0.000646485703705461
0.01438562352022	-6.71392859729358e-05
0.99798543419592	-0.000504097520377326
0.0123417176598826	-6.31745840543263e-05
4.87013690994641	-0.00170227955249454
0.00174098452437878	-1.92696882762074e-05
2.5217910692376	-0.00099861886892592
1.99836937058475	-0.00123272018509851
0.695295648703465	-0.000417309217857561
0.483552757528694	-0.000304782204372134
2.05910496967941	-0.00106718483161571
0.000183153594717854	9.75445709974785e-06
1.20886407403934	-0.000792882917080211
1.62855598290897	0.000976850424810431
0.000265081679531855	9.32667459991702e-06
2.18593655690472	-0.000749803446262386
0.00813393590958784	-5.41594101303324e-05
0.447994439052293	-0.000407606233941312
6.26394096207836	-0.00185355112467996
5.60324572022821	-0.00168186774273267
1.7528627483008	-0.000898590715539247
5.63679790838892	-0.00142942167183008
1.40003456701423	-0.00080130921865266
0.580362461980788	-0.000494045883389485
1.04295680301831	-0.00084700319296862
1.56913638249862	-0.000613100429999333
5.90651780253344	-0.00205867457491866
0.138628617333503	-0.000190086228392398
0.115030653662922	0.000255995421460422
1.7592363570367	-0.00104684324140439
0.323956748420489	-0.000324335052638488
2.94934745062361	-0.00149455513212363
0.136346141483237	0.000245706845262355
1.2773500304967	-0.000903225909390587
3.39594433648329	-0.00134744704036539
0.222060567818848	-0.000300526469759367
1.75588051655305	-0.000890819459821263
2.68961452702043	-0.0011948290860586
0.94447912809524	-0.000552872819043639
4.29160338783625	-0.00148613009734481
3.36594636544909	-0.00151231703525399
0.391181314796928	-0.000497796966207026
3.17735273724484	-0.00121032393710112
0.339367171964668	-0.000327640664474054
0.669206963586015	-0.000343665211079322
0.0321284746467725	-0.000110977394065712
2.46689178463403	-0.000955848150553665
0.889367904178872	-0.000554951148153384
3.27661110454049	-0.0011371112025059
0.897554651368688	-0.000615751245769555
2.94800447347567	-0.00129702709863821
2.47217378067157	-0.00095499167378842
0.514178425479208	-0.00038508323766998
0.276856230999334	-0.000357399211025402
0.302602554317114	-0.000383922138522902
3.44135628763848	-0.00103838259755156
0.98015302332011	-0.000551831517962572
1.14239442645352	-0.00073561873429371
0.146737712501212	-0.000205382456811467
3.75077046670862	-0.00135751369695107
3.64267296907415	-0.00164684332270199
0.393607161907403	-0.000310741447666721
4.59147114226069	-0.00117146073886339
0.272215390377747	-0.000237579459593504
2.21717400317157	-0.000948665925626009
0.194781390508752	-0.000266376680090611
1.58746502590348	-0.000682390467949653
0.568850357228457	-0.000502028303169556
0.134064482521447	0.00021242910809211
2.1409101983394	-0.000818185536544217
0.00302883664552111	-4.13676335704751e-05
3.03390216219929	-0.001158806552963
0.00906459649163776	-5.94722311689582e-05
0.194336603338493	0.000249386023314812
13.8382330148356	-0.00261020578335676
1.12649674108731	-0.000699751070524043
1.41996458360369	-0.000825599442373223
1.66496244515532	-0.000817478389291494
1.47655824918677	-0.000619415878546709
5.35145962298268	-0.00161120125987882
0.0461184720228686	-0.000129113680768796
0.724588339257583	0.000681177697260381
3.32274748418457	-0.001133109135128
1.43828982144665	-0.000695252647750251
0.735175373826042	-0.000452353647936765
0.000267191518785779	-9.99981283712685e-06
0.0241818588119768	-7.1299382362688e-05
4.73230906833992	-0.00142857462775814
1.70247232297706	-0.00109755951543112
0.13235328547204	-0.00017425868538537
0.640082038697577	-0.000615385384604779
0.000131999408112842	6.47171517274714e-06
0.247645159848401	-0.000355583316230423
1.24686298127431	-0.000692900529300712
0.0704195049882501	-0.000204132895881815
8.89807669012022	-0.00232800247439453
0.128436356278982	-0.000265179506502446
0.949105785927955	-0.00065318681228114
1.17941070799716	-0.000536730201140103
1.52299387829284	-0.000843516216862445
0.203962299530389	-0.000168391711031564
1.76483570107918e-06	8.3522377616849e-07
0.00822936400480641	-5.39875894475458e-05
0.872072018423649	-0.000763667978775527
0.212932283023502	0.000374719717702585
0.839330041510139	-0.000789720502995846
1.51195203259382	-0.000644180482571532
0.271624916081721	-0.000308593610787043
0.135566848560158	-0.00021669022153158
1.69071144873721	-0.000790659119518091
0.140055918141052	0.000203176994026581
0.000207228053423576	8.18084897945973e-06
2.26312168314773	-0.000730834991061914
2.03719906138924	-0.00100940668545587
0.070059503278746	-0.00017522616566145
1.99942858961214	-0.000972012812859963
0.0533821436279747	-0.000116996094326208
0.00555890112665849	-4.00747984022484e-05
0.75270873092516	-0.000595623852876908
4.17542643276994	-0.00125246374310509
0.702726816454911	-0.000534482180737853
4.54592340310164	-0.00145143005332418
0.755568910758201	0.000534299396716834
0.0160155694392888	7.14264418225596e-05
1.73344864467446	-0.000938896558503928
2.07058065779335	-0.000798462432303447
1.93808007847605	-0.000927650088091685
0.967490836107124	-0.000568749452318065
0.00884928242159162	7.37493974557021e-05
0.0259989042326408	-9.2283458805528e-05
1.80684376035658	-0.000661208309311981
3.0468545119664	-0.00107803357919128
0.323447001804092	0.000321871077305111
0.000335688972942816	-1.11013601518563e-05
0.531293136964647	-0.000475994611443859
0.0563070282475919	-0.00017995178177915
2.09582728342866	-0.000759069587529427
4.10874658468711	-0.00180932914880937
1.93861287881004	-0.000827519856004142
1.27288566844584	-0.000894452364602523
0.0385869834215713	-8.54099187048558e-05
0.164445137727686	-0.000234492031576704
0.0868136986643907	-0.000174541841627322
0.0356468784571307	-0.000100553471532934
2.54570729649062	-0.00138332410783238
0.0372873847475613	-9.29765877655743e-05
1.25061698566551	-0.000915756758987874
0.00401830681618999	4.04275076049805e-05
1.30867100844904	-0.000859570101565624
0.904592300405937	-0.000475136758091535
3.93104882704339	-0.0011471065009106
1.60762193056946	-0.000733276517802988
1.3500467439995	-0.000965502894419357
1.33989832675766	-0.000746621253339193
0.537527997725922	0.000564245561449501
4.69505392565221	-0.00125813725515815
2.30896587073057	-0.000716440376733174
0.192088268094038	-0.000261097133601911
0.318297615748085	-0.000360937892514859
1.70616783941676	-0.00083011171641768
4.87080370690861	-0.0012555513468221
0.0195456483556528	-0.000103188468238968
4.47878204291976	-0.00139597008256537
1.37572192058464	-0.000716679724946565
1.10639675537719	-0.000620896605254825
2.43577300491684	-0.000941036474784188
0.338518653846875	-0.000352280174895851
0.249657111031586	-0.000308171538647436
0.0362958331504516	0.000130225916157523
0.457518494309434	-0.000429525007313125
0.0350921423211297	-0.000106352705549876
2.49810252775314	-0.0010353732834944
0.0854159409624204	0.000158565171556286
0.125447335397601	0.000260165034463808
0.41653404367808	-0.000444801317873323
0.433941987745562	-0.0003309971651898
0.971854787654825	-0.000905162572949593
2.06893130497765	-0.00130166956863306
0.781298532964238	-0.000455437926514122
0.00446987169438791	-4.70034237657079e-05
0.0453044343584855	-0.000129781580186545
1.58482360616031	-0.000827663606783404
1.63301901312254	-0.000884586577393333
0.000138809125212503	-6.61842063267775e-06
0.0558864347947174	0.00011472460219138
2.09968240233686	-0.000861455733504276
2.9495975046933	-0.00122937150186034
2.67369722897761	-0.00111155418849252
1.54515687197144	-0.000713580658170648
2.42313429574433	-0.0009072072178928
1.70775324891804	-0.000956410478048385
0.00597053256478545	-3.53735018256142e-05
4.35951396774033	-0.00138603196838339
0.878173812413597	-0.000484990062817882
0.501126506276898	0.000390293722785698
0.294473635945479	0.000412540225463032
2.28370868521935	-0.00106146762157773
3.66391163005099	-0.00124615236660297
0.0372509374815459	9.54917277165564e-05
0.103822877171027	-0.000238045731432376
2.08981622041888	-0.00111110555309396
0.0887415477033705	-0.000179679845203368
5.88504611083587	-0.00173983898106709
0.393978418380474	-0.000329916985525941
1.40288558114141	-0.000611017989973444
1.66463649743167	-0.000856520283761007
0.000105016727005935	-7.38086800920115e-06
3.59896833803475	-0.00141336175615035
1.1008586796904	-0.000801392425134187
0.233036834856328	0.000340404018111905
2.19379209987183	-0.00116044623111141
0.00123482777276454	-1.75376940310708e-05
0.0244140257935386	0.000102389483895417
0.203390101571527	-0.00021388420976036
1.15464264676334	-0.000704077292329282
0.117912133152983	-0.000146771335613306
5.35828670675373	-0.00199131781775849
0.619041220530354	-0.000552306000841834
0.960198198455385	-0.000575025742471332
0.459156898164447	-0.000401273373282654
2.95728526584414	-0.00101915373921557
4.67110792662646	-0.00150475861467144
0.638116988569167	-0.000581546188682297
0.000968849667395145	1.74074136393952e-05
2.17916863047123	-0.000656115221473411
1.82806392221688	-0.0009061803355976
1.86694886500132	-0.000892721522665672
0.168347402589276	0.000310666565161473
2.53822693269753	-0.00113660916668046
4.75330648033976	-0.00139039252413685
0.256837522551086	-0.000260009922760648
0.0195604996131855	8.49748491698046e-05
4.79092464918364	-0.00141611534230064
0.00334707277805397	3.95038120463232e-05
0.864334654183217	-0.000495958181172583
0.119245364629191	0.000206713558237455
1.55406033455048	-0.000908694093556508
1.76104840753531	-0.000833623134221065
1.16749236555549	-0.000572460036835279
0.0107112352496399	-7.46631599034634e-05
0.0339658200662269	-0.000120492261666064
0.135526441577571	0.000245190755339588
0.702704711715776	-0.000436801130050373
0.0300344934361261	-8.9235972809419e-05
1.21785167298242	-0.000662116402727134
4.64650822058143	-0.00157580031200629
2.66999209901881	-0.00133274834573453
0.0546245513612824	0.00016175138126852
1.21523264436159	-0.000572941190033354
5.00451455157258	-0.00145640701655705
1.80832392326423	-0.00091503885113976
1.03694955474948	-0.000725345420311422
0.358713837504763	-0.000411616091578932
1.14225716780584	-0.000750546538848021
7.64363842769779	-0.00198360847510984
1.19573197136902	-0.000823160606887838
1.95543030459347	-0.000846755244794245
0.342879415633429	-0.000428610195630909
0.0352361986322432	-0.000170967129916901
0.311001842531217	-0.000330974021395513
2.11479269470206	-0.000976559228476154
2.35340471562245	-0.00118692931413914
0.307088700952267	-0.000404830913932506
4.23200726994258	-0.00143358234631165
0.0649272046447225	-0.000119669308683948
0.022475141629949	8.72895493932386e-05
0.978123509970535	-0.000507648465317634
1.0448140402961	-0.000593651901806289
0.192695590171829	-0.00022568165692255
0.847356142439744	-0.000739794193041682
4.68684740511103	-0.00180384510782589
0.154656043803678	-0.000248941252300749
0.449972784396643	-0.000388352108238451
0.0112863760428818	6.18475310953151e-05
0.663870817300094	0.000581729626475983
0.820625737624662	-0.00057453564509698
0.00166053214039242	-2.21627685885532e-05
0.0342696773878987	-0.000157433855695501
0.210588783186151	-0.00029750233926895
5.82924529080857	-0.00153198313079217
0.437780488099311	-0.00031236814274963
1.28852922670597	-0.000717006039846717
0.00636055469126479	-4.79846684668482e-05
3.52227135102979	-0.00129236977164813
0.468870556253321	-0.000396157919973536
3.24061857142531	-0.00117056130845008
1.2308493108301	-0.000774782361309939
0.000792070313858606	-1.8869753696228e-05
1.56931369414914	-0.000697049745186075
0.0888435602575356	-0.000203383009273455
1.24248070899289	-0.00067656801273855
1.3526736816053	-0.000704794891462978
0.830562756188695	-0.000472416855271954
0.723059426056194	-0.000576453531338159
1.89589990256485	-0.00108543254118956
3.92517698161771	-0.00113000646247044
0.225330233948521	-0.000295662983160227
0.00221791371957473	-2.67363181208004e-05
1.88276284031394	-0.00115581998842176
0.394867608355915	-0.000485106131297201
0.227741474105516	-0.000245801514138819
1.01489005242749	-0.000564377889005216
3.20127598122579	-0.0012145326404713
0.230652757919156	0.000310710899356269
0.754538739291892	-0.000668912817205528
6.50796983267931	-0.00151341430551978
1.41097829150488	-0.000626118492179422
0.319027640252031	-0.000342086996357732
0.224750296801242	0.000233948975860888
1.86950391760142	-0.000997236833417548
0.082959793312648	-0.000186670928601045
1.4007809468088	-0.000856400709312116
0.0623421268068153	0.000151397170692386
0.0216838611166124	6.92201476147289e-05
0.0850079723087867	0.000241065350907419
0.276919661445141	-0.000326145619703222
1.86154027964347	-0.000882350553394108
0.30709522354822	0.000285906052342539
0.337189128075614	-0.000343649557372438
0.0103134411528523	-5.91180556652618e-05
1.58469139268314	-0.000875124610570236
0.374436169344669	0.00028670019985755
0.241395395348628	0.000366413730839824
0.00104179364509408	-2.08509446522706e-05
0.86925587162795	-0.000779951681293624
0.0611329362779824	-0.000145736726001654
0.420822191027913	-0.000415483819175182
0.243685223262173	-0.000240255157910057
0.622790706808809	-0.000484126188935547
1.17307099677361	-0.000751202251142649
1.11008688181797	-0.000524825373489383
0.14319126077295	-0.000292514660700717
0.948847888016111	-0.00047353022814725
2.37796363377865	-0.00120253190238814
0.529996508939953	-0.000512117976965873
0.430412865120748	0.000361849682838088
0.198528655108593	-0.000285781503948855
1.90552708707669	-0.000840842333989097
0.191622882467835	-0.000200684577128112
0.353989030895998	-0.000335126858232351
3.20891202341161	-0.00108863503248316
0.636098259677415	-0.000447441393953373
0.0168637812226578	-7.36399677482994e-05
0.515092530536418	0.000403701985891685
0.167415060955459	-0.000223618652522002
7.63535628317574	-0.00182021231937046
0.577924229559435	-0.00055167787669885
0.867545902430596	-0.000529694920451931
1.40688339753834	-0.00107614117069688
2.93119597220437	-0.00116490032038346
4.14736842728043	-0.00110941452876571
0.619105294423573	-0.000554720390785335
1.4702156958905	-0.00080605728646055
1.50334813851326	-0.000853062809896778
0.00967094708913187	6.97788057007879e-05
0.0641821058317829	-0.000152806642582051
1.02994089131723	-0.000722379240063214
0.204378111198726	-0.000253291964498212
0.238286867408524	0.000347193440464943
2.46549673155131	-0.00111274403635523
7.08728632473188	-0.00170921196975044
0.732953744045094	-0.000534440043989992
4.49953462200709	-0.00130791841080997
2.33820969633089	-0.00149598849365588
0.100140172618228	-0.000204982427694225
6.08769993879699	-0.00201250182853763
0.155413150465871	-0.000266688062302575
0.0671396723730519	0.000142547671612437
0.000806477853703269	2.09396147571826e-05
1.65230252600443	-0.000653261916914387
2.6201601029396	-0.00101296363722374
0.0639584831514935	-0.000155798234490384
5.02970955701169	-0.00112916532589849
3.48184367924997	-0.00113546019537225
1.77402382970796	-0.00111346697833445
0.553746462618042	-0.000513861057081183
1.08704620499981	-0.000584438466375965
1.36284767975495	-0.000687716057995552
1.10928698601483	-0.000694953018898235
1.58630488916342	-0.000772985600607813
3.96354959775913	-0.00124900306059894
0.250915556575287	-0.00026733705124701
0.179888982030639	0.000215158458089527
0.160180422964183	-0.000220022714381723
0.363992342119196	-0.000401257328743848
1.75525681640462	-0.000669451280935829
0.00386459084060455	3.49858361592599e-05
1.02102906486242	-0.000578939565747523
0.0994206023101882	-0.000165589748769783
3.09750864272686	-0.00110983425868169
0.278943842209051	-0.00027423757956839
3.9402701066775	-0.00181653114939136
3.07867069429963	-0.00112851478898427
2.57285057060963	-0.000913423779621321
0.840604247741599	-0.000572779401691985
1.34165131194592	0.000646086441247481
0.175655993951891	-0.000223231068245686
1.71130505959476	-0.000746515561890414
0.419171471984288	0.000411857700073972
0.54631079469835	-0.00052916384896977
0.0919441678668776	-0.00019261477245306
0.932145852367298	-0.000468126001022169
2.1520231908114	-0.000984107204705698
0.316369733221129	-0.000295705328269625
0.0315826115419028	0.000139151299496045
1.45550249113122	-0.000902244764531733
3.18045896942107	-0.00108511497139867
0.135354207143518	-0.000275762281349121
1.79054389913015	-0.000749674934625976
3.63730900503265	-0.00133535412929816
0.958504319536677	-0.000697085759953835
0.0272033858582032	7.89698596655273e-05
0.114273660372022	-0.000228697932743593
2.16067832727963	-0.00105536313757813
0.0241781422018034	-9.9821836560626e-05
0.762492427988385	-0.00052646756934041
1.56754826814009	-0.00079589857681075
2.48451886329679	-0.000973452327660298
1.35661076738639	-0.000647334846683014
0.0380292162241779	-0.000112205270772676
0.035188810337159	-9.35019253255995e-05
4.30682231428422	-0.00142594682600649
1.25418571084282	-0.000735010671085459
6.15962918122855	-0.0015812191678063
0.15178381288694	-0.000259265053237224
0.0822959411172641	-0.000225734666323674
0.556606577065384	-0.000411292306016044
0.344884981027004	-0.000428321141935391
0.000350396733221215	-1.11370182061543e-05
0.391881356687865	-0.000399759090713987
0.247902530202614	-0.000356850151710257
1.2074975067089	-0.00080237266218391
0.0871432904264294	0.000196960862119539
0.144140816943259	-0.000206127137220108
0.340176777001105	0.000290454747950945
6.58061428761866	-0.00194037587607867
0.96727817655409	-0.000522406413470318
3.00838010365077	-0.00107293296883627
0.0709599311728935	0.000154098644162669
0.0823021236804131	-0.000167493793742837
0.194157329369183	-0.000315114651646217
7.28097774400243e-05	-5.8675822310423e-06
