R^2	beta
2.04018055013057	0.000281565351307271
0.0678134982883432	-4.59228203542783e-05
0.868628083873076	0.00022349775321157
2.52054162901999	0.00027759515786557
7.93517410673855	0.000485992947647078
4.44947550262719	0.000364375083802884
0.639821746887228	0.000146152743625483
0.329704159326346	8.72862603786964e-05
2.0337570226706	0.000308264031060332
0.150003922604551	-6.25943029326532e-05
0.0232492475668622	2.4145851038505e-05
4.31802560898291	0.000419547641122392
2.58298449815212	0.000301013344178091
0.178671564702067	8.07651038155747e-05
0.168985463362747	8.61972323819992e-05
0.0326388147958217	-2.81927415885854e-05
0.721556778498813	0.000158531543106951
1.17311067973609	0.000224244210313725
0.0109947827191382	1.93287365055966e-05
5.16919975452727	0.000411570727558042
1.60488557137908	0.000219447550619726
0.32352754421555	0.000108944660928836
0.000102377533004333	1.61188575320339e-06
1.66855596999059	0.000230123858768193
0.543024722706555	0.000140564815296774
0.86862959415296	-0.000180258771815885
5.25721969286866	-0.000435394732104309
0.764698376144485	0.000129079393999443
0.677631146991128	-0.000195632464154962
2.50851168885895	0.000252034401075065
0.194939618852326	-8.10050092946247e-05
1.09958755438296	0.000199979810254939
5.33354380308785	0.000565615616854779
0.358070464860035	-0.00013893159368051
0.246034393669749	0.00010360029163021
0.0492431460369182	-4.12448208126423e-05
0.681475121643386	0.000146990994485612
1.01316565076923	-0.000166144843513334
1.61722387961704	-0.000254914793364059
0.110393660236805	-5.81952782599662e-05
0.000743469148433679	4.60938734262799e-06
2.29429939072288	0.000314528561748468
0.0211938176387725	3.03316200250577e-05
0.752023566142238	-0.00016442015324702
0.754446359588659	0.000150135382297045
2.28297837543234	0.000288038694434514
0.000313238233878806	3.02335235774632e-06
0.310067026098007	9.02919308218519e-05
0.00340134657084112	1.24458400877326e-05
10.653389545024	0.00056985572040639
0.0314975096702039	-3.36235481217891e-05
1.73617276904858	0.000274786398158763
2.55553504160862	0.000294153452001748
0.682897503338664	-0.000135860619300764
4.9470877810427	0.000371428223401409
0.0222304842677828	-2.55398134109091e-05
0.00102411446792356	5.48909661792241e-06
2.52760890394384	0.0003778486002632
0.155884691819872	-6.20883926147385e-05
1.36865217272866	0.000201365600387481
0.249574887940283	0.000107098995498813
0.472605493337142	0.000121929234372487
0.00219302866718057	-8.66209824351172e-06
0.496322524528874	0.000148688282505395
8.95106120128346	0.000462297629963449
0.579235017508658	0.000184330157248058
3.69358633574195	0.000316311363847408
5.5017690140537	0.000463796432793177
1.3765096345695	0.000194241441870476
0.00536433794086094	1.47144220369558e-05
0.612051017758572	-0.000132782798237362
0.153968210682578	6.77388815342292e-05
0.00172977256067521	6.53860817387409e-06
0.63460113593757	0.000137496109769004
0.0284115288817545	-2.7211227045672e-05
0.840421455576544	0.000158618261499158
5.87802165828473	0.000417038981030202
0.191542436846882	8.25574074444678e-05
0.30716129953229	0.000125900516039185
0.00216984003088392	9.64682718401462e-06
0.164981871871443	6.84223958583846e-05
0.0192252335068455	-2.656259821999e-05
0.620693464641242	0.000155542359943608
1.74559666977233	0.000268192546633364
0.141160230393181	7.75360234410566e-05
0.155976115047375	-7.46375994047299e-05
0.00901013741920138	1.80739177393271e-05
2.15463446725257	0.000279191796207677
0.54231407207231	0.000155710783238234
0.519739499310375	0.000128505890109202
0.225700790954303	-9.7939489130846e-05
1.93903780057411	0.000224872450533704
0.251823285731967	8.15000178422536e-05
2.54918637684989	0.000291543912842805
0.0479953954130782	-3.83538304866509e-05
2.93345959874766	0.000290101086627099
2.99451842988414	0.000368954350677818
0.0517428412890995	4.70132980397721e-05
0.0248874862679237	2.86768280276817e-05
1.22233728311992	0.000208959229940919
0.194845782061549	8.89801846219279e-05
0.039195159858457	-4.24039326778137e-05
0.68733361603503	0.000161208892200629
0.952764646257637	0.000139296011106138
0.109827097184195	-5.5972237253579e-05
0.667449169968414	0.000154319869261225
0.420285972385381	0.000113182018112208
1.21659192585666	-0.000174941056989652
0.260479735500524	0.000101674600648271
0.0385353727483884	3.28019105585236e-05
0.000485277237227383	-4.24801490511643e-06
3.05457883582905	0.000306038604378131
0.00187130745476892	-8.15901948722458e-06
0.200085467253979	7.93177215504761e-05
1.11536268799447	0.000173980736446233
0.0256467147420126	2.72223612748378e-05
0.279567080465558	0.000115873631528955
0.0341354320448397	-3.29013121761975e-05
1.79062878754041	0.000319633607518058
0.916681221669525	0.000158344551774247
0.00974333099363458	-2.06043214281677e-05
0.127737238003535	-6.88748669632934e-05
0.189709957119937	7.91067474123721e-05
0.124793645424061	6.26857229520239e-05
0.173826148231335	8.50772756405416e-05
0.654377435906855	0.00013415623363183
0.187821220666806	8.9019497669815e-05
0.223691975525897	0.000112774853393833
2.63165529372789	0.000306653147543118
0.548307118185875	0.000141845466945114
0.528953655894777	0.000151239300542525
0.448467397008479	0.000129614610997063
0.716345875922098	0.000161758335197095
3.10888578467603	0.000356153034776339
6.49314360634322	0.000480728777344453
0.00032885306262614	3.75588882387735e-06
3.8295832879609	0.000365344479158452
0.672657009936036	-0.000152995244984879
1.19301803618096	0.000199842642013994
1.53545693488292	0.000198782463155297
4.90281093523934	0.000463754783967271
3.10642984275073	0.000283095760298996
0.572868181837118	-0.000132748975653071
2.90153448219145	-0.000262702568714931
0.0546406004655614	4.51833036156875e-05
0.0333597767608554	3.12356602038355e-05
2.08071225113057	0.00026491088716208
3.05508640613651	0.000348588705761853
1.33105042804438	0.000188594801132806
1.0020213222732	0.000184158326501685
0.438535476866617	0.000115363937123504
0.221615355797128	7.07381344933607e-05
0.0461121958285312	-4.69397074461924e-05
0.545842414585178	-0.000142211633816018
0.292851049153501	8.75523162821693e-05
2.32727877891113	0.000284617713019394
0.257397580888796	-0.000100766039015796
0.319110585884411	-0.000116710453878873
0.21262401151283	-9.238258029511e-05
2.05620065031081	0.000299495606532887
0.0203818905867966	2.17160932035983e-05
1.86950118586552	0.000257256458717177
2.29004002190448	0.000266595894157792
0.397312274007615	0.000131768296678912
1.43870546592964	0.000260246132434477
0.112875624735811	6.9994954678122e-05
2.95250330969241e-06	3.6948116045801e-07
1.09076325598768	0.000161080247776534
0.317801964885032	0.000125988644650157
0.149347558761204	8.23366534702231e-05
0.00152917662103414	-6.01648389796543e-06
0.0305796935275454	-2.98161269246434e-05
0.24844389609227	7.62144801119237e-05
0.0283236646005018	2.88389552121372e-05
0.000123213934104354	2.17654549008638e-06
2.45613414971894	0.000303969714302995
1.03169002339378	0.00022984439916915
1.03123132984459	0.000178546336522653
0.00096601719973824	5.70974550507036e-06
1.81036430889021	0.00019896151931988
3.58436983581726	0.000369049651697914
0.00455182273197518	-1.26104206359986e-05
0.140270225139341	-7.05345343486806e-05
1.14154330573343	0.000189683411770843
0.898846158346336	0.000176508141423835
0.00115466989716713	6.64869645279082e-06
0.408873188250866	0.000115353943503037
0.724197954674429	-0.000148537851356658
0.462355379687377	0.000122587894636517
2.00720880299776	0.000268956281952031
1.49256265041334	0.000255776265680187
0.967798158110459	0.000184385908138308
0.00663134391619587	1.4840701887609e-05
1.04867124796196	0.000189447455647121
0.735716470304842	-0.000168300643482986
0.167468921948872	7.08806144838067e-05
1.4275395375333	0.000233179579205963
6.76679655506915	0.000513354882358436
0.193653669562807	9.38126604601276e-05
0.080204402881642	-5.16241379697963e-05
3.45812182142485	0.000361470320982243
1.70195938376276	0.00021385498805889
0.00167639020289583	-8.50720608266473e-06
2.27170351175215	0.000322002387150715
0.084646198207891	5.21213091356091e-05
1.07667088532132	0.000226499758099451
0.017593949806049	2.68958638563591e-05
0.0214701785854845	-2.39354588350008e-05
0.000699760917937196	-4.78217013573626e-06
0.686746012342786	0.000176663532145247
0.363857923001786	0.000126772763734757
3.75580413355659	0.000324770227958703
3.24640462116729	0.000319229553138609
0.54852332749747	0.000167117345379675
2.54618569701823	0.000280256564491152
0.111173344968583	6.89071096260857e-05
0.216569345888448	-8.84258630844672e-05
1.80241578802392	0.000245788244544411
0.081846102032947	5.19961015614914e-05
3.16754072892553	0.000325494045643358
0.757018987707569	0.00014398658285252
0.876903105542056	0.000174625299851006
0.78284770163299	-0.000168478611903263
3.27648944155379	0.000418795803214008
2.49175612742787	0.000270187363780742
0.35446403010226	0.000120315243855717
0.0469604899756493	4.24048353160049e-05
1.78653871526576	0.000297792905620973
3.37770438909605	0.000314298275906971
0.0703462344819523	5.17763442867648e-05
2.41426113276171	0.00032555865596362
2.21833397665635	0.000260925879664712
0.0210935387640925	3.21713019577754e-05
8.14448644373857e-05	1.37674298856169e-06
0.085791320676322	-4.90342516409342e-05
0.0556781226710236	4.08980605565986e-05
0.727989167904687	-0.000190655960767058
0.0287233005201717	3.0828104215767e-05
0.585446154143748	0.000151886218654118
0.766651592911136	0.000131412407044672
0.158389743712269	7.8924049624498e-05
0.159044142349635	-8.11360728383059e-05
0.199402020589199	8.86121557483953e-05
6.93167969794976	0.000521187447932646
0.411640784150603	0.00013732023713974
0.369576083317452	9.65470726607454e-05
2.64901332425881	0.000357067942972493
0.147578295010432	6.89334335846977e-05
0.456727058097487	0.000103330707808415
0.0140834264691937	-2.13933295951919e-05
0.162667520155083	6.32479425259729e-05
4.22356325807413	0.000399073682747327
0.340209758368065	0.000105127776297865
4.6539389944386	0.000382409513508623
4.42746968373751	0.000344964772482231
0.430941504151208	0.000149768850646935
0.00907882669324837	-1.83325873884227e-05
6.12785652811153e-07	1.73811350886269e-07
0.74750207154329	0.000153382696577877
0.0984143496500702	6.35587003391308e-05
0.513754269047353	0.000128724954136895
0.0506551165170988	4.82734443149975e-05
0.092141915067922	5.46652662890084e-05
0.0500040971791615	4.19210092414721e-05
0.0335649897853105	2.95232567052851e-05
0.11269994859213	7.33832505954451e-05
0.266256710824978	8.4288519019401e-05
0.359055158337007	9.24292801774417e-05
2.04670281557118e-05	7.15556927730561e-07
0.00252124117091428	8.87397324901013e-06
0.891786925427029	0.000192639587933567
0.288060326483767	9.42580210752462e-05
0.0132048371362256	-2.43700334350278e-05
0.0977951102874483	-7.67140143718069e-05
0.0190005842960258	-2.71795986205163e-05
3.04374691998808	0.000307151604383259
3.87437487664759	0.000376127812642925
1.48515157889004	0.000213951642404872
0.14089177827692	-7.09118775965218e-05
0.0962056449415548	-6.49700076971783e-05
0.00274669787178445	-1.00524568451014e-05
1.374591555673	0.0001874203671307
0.486441929579441	0.000113752097476726
0.754858557146333	0.000158068631740709
1.98084124849132	-0.000248711735746907
0.694508710088612	0.000168145931577199
3.92947314388981	0.000320355340271378
1.91628333517013	0.000232255026502473
0.397533992715223	9.95809664677505e-05
0.382836411123545	0.000117895540092403
0.0393271334846581	4.12405125304634e-05
0.283886983831359	-0.000114486491443235
0.210363895772538	7.81800493437387e-05
0.346302859412376	0.000134802880379774
0.648694636641643	0.000141772409736483
3.60815730352528	0.000324713607614437
0.0226344787072171	3.23389116089361e-05
4.81071124342638	0.000523456670023757
1.19472412926139	0.000176686707780708
0.469795897209586	0.000145891316160526
0.147495849316385	5.86867562622457e-05
0.337868422332723	0.000111989462988954
2.12736021038173	0.000227156407226225
1.24745606872287	0.000193627002988629
0.202644800598379	8.12931658683048e-05
0.00625421428453958	-1.46550293809435e-05
1.64163726494624	0.000228883629416525
0.130739352553339	6.9977992483421e-05
0.00112248780026904	-5.60346121074004e-06
0.181485819036478	-6.5936054102913e-05
1.67467839457802	0.000206284679156996
2.17185644035824	0.000270989323070695
1.05547142516034	0.000158120913423815
0.00366840946460243	-1.09689581498583e-05
0.270055093864161	-9.54800418069876e-05
7.52841138191226	0.000438455817946095
0.0704806936746752	-4.54995953445646e-05
0.278174264152276	8.74533139714871e-05
0.367479625057885	0.000102160830133839
3.45803238081818	0.000342879417104367
0.299572663036481	0.000112599265617702
2.45964362320795	0.000322908386152998
0.0816599156726936	-5.11353178642284e-05
0.0236756261093301	2.96839709340866e-05
5.16031925470207	0.000389490745142155
0.258180003565248	-7.66745496013455e-05
0.456289479415788	0.000121776782577272
0.250770390616437	8.61733231801395e-05
0.272776717953242	0.000115391220499197
0.697048034254221	0.000147384038726606
2.16112264819977	0.000273454723227037
1.21135507374013	-0.000232811798602531
0.671187091351292	0.000125907033946737
0.00148116473499106	5.92828482302704e-06
0.0963240904208354	-5.11503827337889e-05
1.960014041346	0.000256183640573201
0.0840682124209596	-5.40251198679805e-05
0.000204106496192223	-2.29446662660809e-06
1.34275381541316	0.000220838985202762
1.54585006987871	0.000184747353293062
1.43497269380544	0.000202420670217135
0.0859275370296302	6.60138599443357e-05
0.198367562357053	7.82277685005459e-05
0.599068070288004	0.00011745191961055
1.85288738988058	0.000278234039252276
1.66400424197978	-0.000240134249369273
1.29327049741101	0.000216031671015608
1.03889333027075	0.000197302565019859
0.392306758021198	0.000131072660100405
0.027680495720434	2.65820032880597e-05
0.120869726785159	6.80195074828035e-05
2.11301660017776	0.000255608313147408
2.41651105857885	0.000273485987908424
0.392104565483952	0.000119614176698664
0.337479785941062	0.00011101691204876
0.0948645134798285	5.86906631138983e-05
1.31359620674064	0.000234422195051583
0.0198304817204127	2.53774617210729e-05
0.229126042266281	8.61602326683055e-05
0.372452848979359	-0.000115213170521679
0.862853386397289	0.000141206143330873
0.0988408033514312	-4.82110552501697e-05
0.0339454495177663	3.29341659609642e-05
0.765103019572677	0.000142750169235062
0.0372352395629478	3.56615895415745e-05
0.00517901640489333	-1.21014282898802e-05
0.195350558799717	-9.25800259057931e-05
0.745578197458087	0.000163420796436195
3.38382317007014	0.000319165689369618
0.00422819837283592	1.07478509249957e-05
0.0785405530140013	-4.65554338679841e-05
0.00214145941851092	-7.44160345446333e-06
0.0501279151613394	-2.98292665521338e-05
0.378499056542835	0.00010086514127118
0.518311637866132	0.00013926040306023
1.27253599076986	0.000188962431997794
0.0149446331306012	-2.35276409020405e-05
0.457925727746508	0.000134962533160566
2.29954218129493e-05	1.00746409852041e-06
1.34465044273919	0.000207659586555086
0.412472343615861	0.000133228986060431
0.261967215895961	0.000119937657847242
1.22925212103789	0.000212694190364808
0.714716021411524	0.000167962782201103
0.185445390281026	-9.55158344660983e-05
0.0144685869536231	2.02754739309907e-05
0.116761905118106	-4.78409085133961e-05
1.64567547602929	0.000262692466378451
0.504052302267161	0.000138427762650792
0.152069354256302	7.41963563652706e-05
0.292099734755919	9.32712011763766e-05
0.346781336640985	-0.000106663404769281
0.424723256958934	0.000115336713235942
0.0393195339973587	-3.69740024274636e-05
2.68661626300785	0.000284307375647694
0.866099002223972	0.000196100553051737
0.00041792925719757	4.13347795703681e-06
0.0077461072690216	1.59824305241188e-05
0.000187810654444588	2.21194488361286e-06
1.73191658036793	0.000223475978851294
1.16901867726957	0.000219205517652091
1.7707084063696	0.000212868311404773
1.75883462729121	0.000270254306540467
1.46233654209354	0.000289616442877065
2.8342952813643	0.000296163384144903
0.011924087190588	-1.8098248816545e-05
0.0266604898918915	2.47801938471004e-05
0.200087418306991	-8.46454921406122e-05
0.0780119201576976	4.30379698739452e-05
0.0900798712447273	5.21356339032177e-05
0.022661879808004	2.98640721303485e-05
5.85564995916174	0.000463954521228073
0.00583831469448337	-1.58255651396357e-05
1.0623331921331	0.0002010446379576
3.43101810631135	0.000359279153781467
2.0753438296556	0.000296829591597022
2.56470905354531	0.000252264270545413
3.01983102905154	0.000312876933038564
0.301630598818662	8.65328744399534e-05
1.68542683918832	0.000239415324318056
1.29738988909925	0.00024569876421603
0.0763240440414404	5.61009327565927e-05
2.728784572127	0.000278905036855288
0.428919934952021	0.000106144768629813
0.31082752830296	0.000116132848105012
4.47127537354819	0.00042929247745981
0.240294495778215	-7.71614534859196e-05
1.41199199366899	0.000224483317277223
2.30208721240651	-0.00024981477255867
0.48943961037193	0.00012669150383271
0.352336247495742	0.000112571075410044
0.357488050179855	-9.71246837247095e-05
0.289287207230312	0.000103852732334554
0.0471213335965043	-3.51674721210614e-05
0.634518606215445	0.000151088450793825
1.03232835599498	-0.000204624723798029
0.000152342778879126	-2.57924010388321e-06
0.00745983944393107	-1.45678964371152e-05
1.46304436487363	0.000227107449157337
0.445072397187734	-0.000129486052904441
2.78637377518641	0.0003230999007012
2.24969133831073	0.000260868226897396
0.441882049478815	0.000162229768347801
4.5030529876367	0.000436330216084895
3.07857086061784	0.000295362321944382
1.99876676613092	0.000270368836827404
1.66314456826177	0.000223928653312487
2.78323513177309	0.000323392814027325
0.0028250160563371	1.19448016006314e-05
2.36724492134042	0.000243535886281429
0.382761755299475	0.000114261199051091
0.000891105927657802	-5.08413878674162e-06
0.00972384848318882	1.68219009193027e-05
0.0145076153572476	2.54647620131442e-05
0.0188380276728184	3.0409144027559e-05
2.80370414395863	0.000312909384305807
3.71655262418712	0.000390505465489036
0.514741649552756	0.000170871782543118
1.49464858556008	-0.000255163688648754
4.48930252563906	0.000384936820381417
0.164677062316918	6.89354036502058e-05
0.0851767310016551	5.5607833940098e-05
0.839642717315931	0.000187259789766571
0.600099751248582	0.00012246424366864
0.325871200488273	0.000107796641664372
8.69136751324961	0.000472438596778848
0.251247027363684	9.82580608902786e-05
1.2015967775239	0.000258651196890669
0.0553926536614983	4.64526996023236e-05
2.61018082034078	0.000337575880580165
0.0107743475264774	-1.87280028819462e-05
0.808575165283996	0.000139081441397154
1.2123343163987	0.000204585384475369
0.734241229414067	0.000170913396006817
0.256393108371019	8.81355185182857e-05
2.79262578090218	0.000275153381930138
0.758337669255532	0.000160389799069761
0.557572305445417	-0.000127496506110872
0.245261980831927	-9.285665183899e-05
4.13555897767587	0.00030228028809117
0.210861896626525	7.95655237517225e-05
0.123704328875843	6.26628118953328e-05
0.641862526458144	0.000157417477190401
2.19083836170516	0.000222685063330459
2.31395891751098	0.000299363246065178
3.88291289586112	0.000371932830057194
0.374922940042254	0.000113821959292137
2.95439121588934	0.000285773182990681
0.380046923178661	0.000126565606235628
1.18301415530886	-0.000201831571989203
0.117989704214736	-5.82188726734239e-05
0.887338469871906	0.000199465359335653
1.20120075200321	0.00016569116188107
0.381867749045237	0.000128448129702867
0.0160740818792996	2.10147344261771e-05
3.64909701633687	0.000358251393255522
0.00799490580999392	-1.48474286542064e-05
0.164948691380506	7.24574775265477e-05
0.300510457684111	9.38071644381956e-05
1.66405206354167	-0.000228412000043795
0.076976612448468	5.38140006672774e-05
0.0224356746863829	2.65607977484315e-05
0.809817940845998	0.000133303377158827
1.55278020928759	-0.000232919651034795
0.00213326123906102	7.76100894850336e-06
0.177691935148468	-8.6161279621439e-05
0.000800396343239551	4.97905441882284e-06
1.43740386222783	0.000220028901492639
1.50143278631141	-0.000210625988503715
1.01521668324053	-0.00020146302303836
0.397166912072201	9.56919748863042e-05
0.0475841674058872	4.14402901213441e-05
0.045120121435612	3.43838206059528e-05
0.447838233606885	0.000107302002990101
2.15353493075778	0.000266034197556269
0.10435068911085	6.02776083246165e-05
0.178771453503804	8.91809604292491e-05
4.11317945073131	0.00043891574688762
0.593763767692952	0.00012427196028232
1.68317063457243	0.000248987295863
0.00236889476542081	-8.50125241234331e-06
2.96226107953819	0.000244096941554551
2.64182246694764	0.00029520229822573
0.044939240172461	3.54468681759874e-05
0.450580635587756	-0.000124513381940183
0.0608965508625852	-4.39629646394546e-05
0.342783583725091	0.000120370507081959
0.0900133762858645	4.97282145516266e-05
0.187583859415674	8.12658876647707e-05
0.0535552408714263	-3.51348440554783e-05
0.517940794756159	-0.000113478368831805
0.00902085740398571	-1.84649511064598e-05
0.25504358751468	0.000102334273122942
0.00468650352227962	-1.41249338079673e-05
0.00883148976184081	1.85223383129138e-05
0.158408932114663	6.00202310030089e-05
3.46881330824357	0.000325285051447091
0.983313532180978	0.000213880283069888
2.41063066720431	0.000275385004614052
0.15062346337508	7.24174322805547e-05
2.21242936321512	0.000278131856426707
0.123246331220069	4.92290488788758e-05
1.69117466550972	0.000244377886822767
0.0233120826180344	-4.36905834671965e-05
0.0131064201788591	2.02681616085542e-05
2.33112058989368	0.000313557026778664
2.81273808979517	0.000357308635057809
0.295801993460856	-0.000101433700515842
0.621259435618608	0.000145561330378618
0.945560425519559	0.000166325298594791
0.0287864833673156	-2.74481522383764e-05
2.37397243481029	0.00036054099183936
2.3464015856424	0.000270774000126707
0.491043772321627	0.000125191914605514
0.304461110969246	-0.00011085136987772
0.648854807411757	0.000161120934135738
0.00192441918575107	8.61788403133017e-06
0.0494419410597911	4.89263947706663e-05
0.00506854083650481	-1.15158841014573e-05
1.79466800978793	0.000191592951928833
0.035098896362265	3.71294117030465e-05
0.407445599993117	0.00012774828430786
2.05644815257088	0.000251398889226002
0.930879597055639	-0.000190575485134059
0.344269904913587	9.37190049193403e-05
1.13997350862033	0.000170472337867863
0.113275502575996	-7.4307005167876e-05
0.00676522145730117	-1.75188126296234e-05
0.840757203075165	0.000158719083874514
2.50176109159263	0.000243221656292729
0.0154481998535583	2.31078511954491e-05
0.166220413396593	6.7729400819603e-05
0.142498561766194	6.17900767724644e-05
6.17570184049661	0.000499872462941783
1.13978264196575	0.000200547405820901
0.142591055717354	7.30861275949387e-05
1.53129995286995	0.000208235940060371
0.877698416718526	0.000168164245062602
0.00019351076657653	2.5014188701332e-06
0.848938332540701	0.00019878557933207
1.22274811635377	0.000178960835575736
0.158731057982419	7.22924827084979e-05
0.539571889695079	0.000136923031712504
0.534173864577563	-0.000129462763845525
3.04850298501101	0.00036785923179325
0.806234374909709	0.000209388419742157
2.2900846073949	0.000260509465383472
0.00165279561131461	5.9675855952914e-06
0.143341299414802	8.27803039629735e-05
0.027617927881251	3.26495590848575e-05
1.83716427345166	0.000285046828632883
2.04918673264385	0.00027315265646305
0.0141920519557291	2.45717998301262e-05
4.12183234518888	0.000330526128589796
1.64321309735188	0.000211338827620837
0.316004270912418	-9.36576421122794e-05
1.03752520773521	0.000185832802001696
0.0144467414589016	2.42877663419971e-05
0.113810301032494	-5.59551135892595e-05
2.75762552123482	0.0003367250913885
0.00150564531801401	7.86454306521338e-06
0.380743242639695	0.000122023733274062
0.704543095149577	0.000151753367421441
0.00018670468685197	-2.33231833755227e-06
0.883243800448767	0.000167000280882736
0.0112985859577983	-1.89141362662326e-05
0.64023832400247	0.000141510717425603
5.03601772116888	-0.000465232676913043
0.225680673163014	-8.38756603486339e-05
0.0895281852474902	5.43540260766703e-05
0.936410765756138	-0.000193424002072641
0.113556630888945	6.8537457952179e-05
0.00886119716114434	1.60766894996418e-05
1.85878287515761	0.000269581608769378
0.0178420484752125	2.72833441071191e-05
1.54565116764367	0.000256397458534575
0.361757382068989	0.000108599088745409
0.724748527926368	0.00015103989224103
0.0782714727207611	-5.75631782371782e-05
0.720075639586291	0.000183097565878384
2.08562080330235	0.000289532717365987
0.113409880831505	-7.17349301309101e-05
0.0075199479853105	-1.73904902673319e-05
0.778156107364488	0.000178485082351992
4.05188217464285	0.000383994501520547
0.000601893689422265	-4.35706626133683e-06
0.267333228900693	9.07446473918325e-05
1.01996770789084	-0.000180880012683949
0.0647658238738843	-4.71276249302587e-05
0.000828685402379283	5.18718723934557e-06
2.49442577894808	0.000289282790484195
0.212459589094371	-8.59429897711838e-05
0.283847669388673	9.29144165714198e-05
0.0513738315813471	3.98936397538444e-05
2.1072492648802	0.000306892466809485
0.173698131365319	7.82843256499719e-05
0.195255375331198	9.07956592470162e-05
0.247127513046852	0.000111225576866994
2.57250855594553	0.000267531573494348
0.181135749647008	8.37854893855178e-05
1.01609585043594	0.000177316557342298
0.0779410829550135	5.47692868498066e-05
5.35876660907421	0.00034602313850205
5.19593684857446e-05	-1.27257649857303e-06
1.04737805262266	0.000188643456246082
0.100510279933093	5.83525594284316e-05
1.09163323923752	0.000225012268413618
0.122051123495122	-7.33067933550592e-05
9.26391943384025	0.000583534086557317
3.83463220297668	0.000432616411543478
0.230633132826916	-0.000100571782715678
0.000425227017684551	3.90144232159799e-06
0.962841938512832	0.000188885158346791
1.24802576179406	0.000203811523493164
0.0953559709694452	6.32992340204845e-05
1.50522648595919	0.000177889612275974
0.670896018812711	0.000132101469080956
1.06166973044393	0.000237180320150212
0.0611357599091537	-3.77717507062217e-05
0.0189337078313325	-2.3839461100865e-05
5.83292151092844	0.000516273388584919
2.22546434412598	0.000283217387857638
0.296953764322476	0.000102747892450614
0.0272621991821893	3.45319062024295e-05
0.111954868051253	-6.95883518984973e-05
0.00829747562691884	1.46941599628802e-05
0.549337273338333	0.000145419361437678
0.252415468147937	-8.49625399677888e-05
0.00244439043580783	-1.03344550903153e-05
0.51505857643871	0.000144978860126293
0.135500312074346	6.97965548929368e-05
0.256739385123698	-8.17545198414645e-05
2.07720358100324	0.000301201605777288
0.667526139428735	0.000140245582191243
0.925007282556836	0.000189684331420718
0.319941254929797	0.000106170923121351
0.13120669503262	6.84179800897381e-05
0.310136977289849	9.50795800545366e-05
0.034522675012174	-3.85001751610528e-05
0.0804728651290727	4.61120231882709e-05
0.882208074658403	0.000164243176955799
0.0134988611350103	2.23228862264333e-05
0.85244063285088	-0.000202490026221656
3.33258715602824	0.000358553453799468
0.568369941019481	0.000142378559206115
1.37906494174008	0.000208066311663286
0.327749832546727	-0.000107833743397693
1.01441572135614	0.000163967602066961
0.000284648582112183	2.97074952150821e-06
0.0186185074725478	2.5602211551615e-05
1.39593823309533	0.000210450389685946
0.0585487462536588	-4.66208201108838e-05
2.49773075836453	0.00032764292266742
0.548208180476186	-0.00013723175487107
0.290418793726974	-8.80497275493159e-05
0.596494543000059	0.000125253375847789
0.651395096722105	0.00016446140074659
3.27745671083266	0.000360920077323696
0.294851859014082	-0.000107059199732713
0.00580933311333145	-1.28607863572628e-05
0.299706732637507	0.000105794467147267
0.737998422466481	-0.00015649578899586
1.37054805200946	0.00023046075640459
9.82870389674785	0.000599318870321561
0.730400201964589	0.000143513582433674
0.0382685083303063	3.84303123964445e-05
2.03273858256316	0.000331165717845224
0.533316341260592	-0.000141151030347857
1.26405738190571	0.000233529575350783
4.23054974573408	0.000404614463781393
0.431997950462365	-0.000111701748787444
2.70349072775089	0.000334600036562386
0.075422676699546	-4.65325254749081e-05
0.353774473558627	0.000107856595883541
0.465755539200754	0.000130392516330859
8.01103003859905	0.000502017833037918
1.25088094502204	-0.00021818691140537
0.5745856327732	-0.000154524129825267
0.0848159906165939	-5.04044829739799e-05
0.499297782611926	0.000155518598553586
7.40345156893856	0.000472926138820556
0.493701613014416	0.000123516296841257
3.12319459526426	0.000326070516226893
0.206443552374631	-0.000118993463530604
2.40625959249964	0.00028305892829875
2.94199471740505	0.000344066683221672
3.93815844449635	0.000366122384813101
0.37808693036061	0.000103948311903027
1.73214179674668	0.000274779488492806
0.237136862001594	-8.93923188435523e-05
2.03713162302986	0.000295190702722649
5.59687348721937	0.000435897130997874
0.00506660063560859	1.3050812022438e-05
0.429982821184772	0.000127746011191341
1.66525875868591	0.000213115786842352
0.072135630517896	-5.12500118946882e-05
0.022717424482023	2.48376078728125e-05
0.0243267475851052	2.68877580516528e-05
0.0104864593048135	2.21715419762e-05
0.0403842582436841	4.44650635574572e-05
2.59711909999542	0.00029487363206286
0.245417449393124	7.81973344871593e-05
0.0567633353159615	5.12831688615048e-05
2.25949387559952	0.000275687234264106
0.792327439310129	0.00013609879554217
0.620705040035243	-0.000163846861844924
0.0288420074010785	3.36983870177622e-05
0.0289497941313632	3.22740552977942e-05
0.791715528297386	-0.000184837241754391
0.0371307599536488	3.69996362729e-05
2.50999866816977	0.000323692678031744
0.628791233417956	9.74529654412404e-05
0.540305227459188	-0.000154896575877153
0.0189159070315224	-2.77537089732027e-05
1.81373961869214	0.000264703738235191
0.57920361496219	0.000147833753755233
0.0823084666544136	-6.676313826662e-05
2.68553084829313	0.000334999120574929
1.46701408498969	0.000256635985302647
0.123095472634403	6.21282866718438e-05
0.0351616346535815	-4.08180976632351e-05
2.41769947616811	0.000329751480592109
0.0893165529015138	-5.93995154091734e-05
4.60208588089068	0.000426965298917283
0.711604511288877	0.000171546934995229
0.904640052634269	0.000205157704778216
4.61131981777447	0.000417329019019337
1.18532497257561	0.00018571513690157
1.14155790127967	0.000211062902143126
0.0619564870766893	-4.17603625881423e-05
0.46958588932978	-0.000135566817316436
0.298022231890217	-0.000101439690434215
3.01606075703046	0.000290612772804367
0.0290751037374771	-2.93792270327871e-05
0.610727185348949	0.000147389522674264
3.65820628730039	0.000396664814467275
0.993423162554746	0.000211695967412546
0.135011388832691	6.56415371577095e-05
0.959499837381268	0.000195486139693643
0.00348765168353231	1.16799723015097e-05
2.29491817698874	0.00028349232559229
0.559906434568773	0.000134564892459041
0.0600339952295894	5.93318747909406e-05
1.31159046768631	0.000237412283543804
0.342306235652019	0.000104315048734054
0.0261380783422482	3.09409710214035e-05
0.00396160352490118	-1.0450231010907e-05
2.49305590786287	-0.000318072526282132
0.000140821529737355	-2.29213772623262e-06
3.17362383265221	0.000320831534375766
1.18669858075715	0.000213273594386
4.33790743718327	0.000434974386780128
0.0121005729149099	2.23651414941139e-05
0.00158323698685929	-1.00049526944462e-05
0.0839565083658555	4.82973717076998e-05
0.41090103886829	0.000103191224999151
0.162446065620449	-7.27644638185825e-05
2.6993749712792	0.000309334861177563
4.58488675509457	0.000387072070874263
1.50453968295292	0.000206975189359854
6.12133261199553	0.00059127795084058
0.244981836850743	-0.000101499483844808
1.05322905962864	0.000196668166416298
0.507438221148249	0.000139191518936305
0.0569628641029149	-4.33492990518226e-05
0.215330139502627	9.72863193255385e-05
1.80847403089214	0.000256801795983492
2.42248827074886e-06	2.90451049976331e-07
2.86350353524069	0.0002858751133698
0.224415691610292	7.67616451834655e-05
0.457146410785357	0.00010912996734254
0.17348394643203	8.1397214456792e-05
0.00337403232065578	-8.44914111657462e-06
3.8735709859472	0.000322902645645257
0.227710628227251	7.89489832417101e-05
0.101728428778773	5.02572416335836e-05
0.900388190106576	0.000154358775489783
0.0154229015011344	-2.1486170795701e-05
0.240287099890435	7.92314876015856e-05
0.794362488744868	0.000207910404898593
0.435247166609419	0.000140095291329243
3.26501835280362	0.000333848040918035
2.74338908038434	0.00034069057090771
0.0202932043024343	2.83161512972221e-05
2.1172909766468	0.00026634576122085
0.0437338481935595	-4.23926950631154e-05
1.95213557647626	0.000250181029729493
0.0219198508928156	-2.8602747999031e-05
1.034956832773	0.000156939232350842
1.36782249202544	0.000233743080727039
0.382746988302363	0.00010299525554285
4.23261375939467	-0.000357213081091729
2.72183556113282	-0.00025996858023206
0.745710292115957	0.000151976213411395
0.714220515169271	0.000161222617418712
2.91797230116232	0.000313662392891192
4.89586566853017	0.000437577511449634
0.957922448081193	0.000146335250639544
0.00759509710526856	1.22873177090404e-05
0.445745865832987	0.000110585073684436
1.93212164638846	0.000270160783090802
2.04944635529612	0.00024839046228089
0.12558894288714	-7.25067897423376e-05
1.63208271151431	0.000261850603292
0.116000755237461	-5.98658215930393e-05
0.169336896641449	8.79089355367544e-05
0.000713309009428416	-3.89719130527236e-06
0.0381856297392013	3.64883163933952e-05
1.90359011972832	0.000216843126554667
0.172151535139832	7.3473989703586e-05
0.132793374033389	6.48917465966639e-05
0.577659472390727	-0.00014186256314006
0.888210730902616	0.000156100033481256
0.262393693816681	7.7975721497331e-05
7.57184519760244	0.00058287961309383
0.515518420169322	0.000109310546038055
1.47612526258801	-0.000220547654859487
0.00690425492882475	-1.59666345089906e-05
0.318020379123859	0.000109202712324398
0.968490433032262	0.000211615691827626
0.00907339705374812	-1.93626013161545e-05
0.00605762167024535	-1.75185493588412e-05
2.47727282616034	0.000289733051594909
2.8758190963899	0.000310298029302184
1.86967712345428	-0.000213607695776124
0.431278585343249	0.000105572979859584
0.17443247714499	-7.76050551236785e-05
0.248749464345627	-9.63447395194208e-05
0.194893301087039	-8.65870461715216e-05
1.82019276976189	0.000227457966442571
0.668415130362823	0.000145910696126626
0.129722728407413	-6.94022013830747e-05
1.1188031634629	0.0001929091187254
5.00349091573018	0.000363677403314178
0.688484591219719	0.000147214085651816
0.0894765177117532	6.67840282121342e-05
1.77964807414405	0.000246347621905977
0.318897833068596	9.93814588817565e-05
0.0285380533209205	3.24687072112847e-05
1.91293995409012	-0.000284215355701245
1.57551106499441	0.000209750525320726
1.18828434217799	0.000241375925141919
0.0618570655242703	-4.11598693514237e-05
4.91759094274524	0.000410354300610774
0.171142539075119	9.04406065048495e-05
0.0984957861801748	-5.40273173265347e-05
1.5106904293511	0.000289944853817822
0.0254253590449071	-2.96996329529469e-05
0.126256300453199	6.9066392566385e-05
0.0442288297277551	3.94858072268831e-05
0.554180445637423	0.000115328497324402
5.1445086887262	0.000441223216159892
0.999379217190969	-0.00017250695618714
1.38962086116672	0.000187047727735366
0.40107247904629	0.000118880293504499
0.342877919699136	9.11903490645667e-05
3.9743255213423	0.000335373220225252
0.0258177178968703	-2.90075428936765e-05
2.45034843650808	0.000290898178371268
1.25513700699251	0.000185342852433715
0.00206655519254953	9.90074080737344e-06
4.33532110469464	0.000398142012767621
0.630706898504807	0.000179716970391002
2.33319235048446	0.000288370474154989
0.000857874789117271	5.01165862110409e-06
0.0845495933701223	-4.89998721838192e-05
0.191216145820158	9.36148580299697e-05
3.88894382724155	0.000445568321765472
1.00157243308503	0.000187139627945032
0.32105803703018	0.000102694736581919
0.0510381559847631	4.44152915269132e-05
0.174152639206666	8.09271338374073e-05
8.57888825121173e-05	-1.50701912024211e-06
2.17633159784933	0.000258036656862307
1.49700889046069	0.000199037020559344
0.0197145667828959	-2.42151199565231e-05
0.0163917073320332	2.21834862419613e-05
2.02349959357486	0.000280692902270054
2.10602670722006	0.000280032265600302
0.1710887763177	8.56864643488459e-05
1.12101493871917	0.000186655860638331
3.26128323090086	0.000356424583472877
0.744455898779483	0.000140584075874786
5.59056960793251	0.00049005029873337
0.105249260445189	4.97237993530941e-05
1.23478217905338	0.000229976569261593
0.137949922137699	6.34152766102769e-05
0.629408912799879	0.000158884132068449
1.33683233571086	0.000237010021399287
0.0326411125912162	3.43216047383773e-05
1.28563815799445	0.000192602637832175
0.20569761491322	-7.8997861325878e-05
2.06871441079357	0.000256919664408482
0.0184958099570506	2.26101784112106e-05
0.00402396484739434	1.11288021345062e-05
0.0284338733132107	2.84569893239067e-05
1.63771477917286	0.000249557105441768
0.0671223625629386	-4.88351230716158e-05
2.82677637211145	0.000319215138439328
1.23505427019694	0.000275599982539256
0.117955464243762	5.97888602505543e-05
3.33375020417662	0.000296062108207296
1.02013218381857	-0.000169790867484749
5.17223439574116	0.000378601620564662
0.427824221426622	0.000126938819960257
0.223748011618507	7.69209041968748e-05
4.41579111846082	0.000327404840279636
0.982226229494862	0.000174023067621342
5.04894085750535	0.00043760845234652
5.80428846028337	0.000425361859305398
2.79850048496741	0.000320841584001976
0.0247677903233387	3.07414224745776e-05
2.62798575925145	0.000304901223926387
0.0526762898851459	3.87322705144442e-05
2.01160394718872	0.00030447503353163
1.87214194340057	0.000265839660386935
2.94901692611706	0.000355184997843172
3.18409179567135	0.000312272906602137
4.2708590409444	0.00036701205656502
1.01914571981386	0.000219820602549127
0.182552597805567	7.74317159415426e-05
0.00268146703175135	-1.21810601527453e-05
0.891711004028806	0.000165905214445403
1.919951000071	-0.000288984978119682
0.36289121963457	0.000122057297555417
1.33369678818485	0.000230072621339649
0.193525815323964	-8.46301159226257e-05
0.556799884602203	-0.000139945367317973
0.747225308991419	-0.000173001174263274
0.686149537079312	0.000144028941030584
1.99347144854887	0.000310365856051708
1.00142361190448	0.000161006515369218
4.20119685380153	0.000365173588727524
0.476029876001358	-0.000126488176742218
0.502119309604959	0.000149487002130182
1.0564422746071	-0.000186706371512606
0.443256199041897	-0.000132630405490911
3.63232462815957	0.000381884754574291
0.0116207101327967	-2.21271886779199e-05
1.36165211024453	-0.00022000635360442
0.0234866577284073	3.73057582214245e-05
0.0872034372925099	6.12012445353944e-05
0.118633437226052	-7.06945254009404e-05
2.81366208477037	0.000380731931497755
0.631637588526057	0.000135270431433101
0.0125541020657664	2.18815666935212e-05
1.78079058786946	0.000290800651299315
1.20878155385721	0.000205191464486926
0.877242921140438	0.000159711710151497
0.155794011888456	7.30977037062935e-05
6.38433488175032	0.000478079007250242
0.0331405248081551	3.08827961716882e-05
0.537781604051436	0.00010904186008746
0.729995589656555	0.00017411012694559
0.300946242190301	-0.000109169977096994
3.51658195526933	0.000309039517648914
0.84756492673618	0.000215407203650939
0.0385787169738888	-4.12264735293521e-05
0.141047054487646	9.16369730637937e-05
6.17626671578651	0.000410225126101645
