R^2	beta
6.33724586566557	0.00474864923825887
4.09265584652362	0.00411503016571655
9.1693358383573	0.00685918114033462
0.710608599218392	0.0020658257727584
0.956487736645966	0.00243489904097375
2.30341292781416	0.0031647520010465
4.13548391235392	0.0043392639689792
7.5907758468313	0.00601579568923487
7.60320140558236	0.00588738426977218
10.126455129468	0.00727195153692657
0.718427859948425	0.00159825524629679
1.12564453355897	0.00249755797312781
6.46077382724247	0.00588839593227313
5.18917718069659	0.00486679779943883
0.574945201225074	-0.0014911956032854
5.35746308944028	0.00566897429102231
0.195664692178886	-0.000784006417863344
8.7732007715715	0.0058543141404952
0.312165979807508	0.00108393907833528
2.67836539287569	0.00333004073456171
3.82096069733866	0.00395737125025265
0.385557126913386	0.00159134609628301
0.307156885968968	0.00104737108520879
1.9562407973316	0.00280655507329532
1.90354963820271	0.00208113424282357
4.41431036764326	0.00391106713160732
4.69707577213964e-05	-1.46362953129515e-05
4.74342535669783	0.00437436329174739
3.29262173494573	0.00329839393841215
0.0143331139916821	-0.000216964664929204
0.00104729466230146	-7.14838364643071e-05
6.52708692550872	0.00505566134622246
6.8868786883463	0.0063708957621534
0.931559680410485	0.00227644182237787
3.72269936475644	0.00417346323966297
0.00112854071231917	7.12788781182571e-05
2.66735727696033	0.00353855535724637
11.0571135546019	0.00773094473259161
1.02919091221245	0.00204036311392044
2.43264720633831e-05	1.18297128295493e-05
6.64943915060165	0.00558064947286862
3.58833696941346	0.00415621583641729
3.83735675504093	0.00434408074864401
0.771329485810964	0.00187205367039278
2.43953263309194	0.00311562832521636
7.00993425261934	0.00631747763170717
4.53346252017243	0.00375498911769957
0.0306277570980642	0.000374211250100769
3.44883343440874	0.00338433420233416
4.38146018803998	0.0046254225886424
4.5920663832423	0.00481372176275823
0.256040586780142	0.000985760051314625
3.71982927474131	0.00407106594654282
2.71128448335706	0.00287933317158761
1.91863220425419	0.00258772269259297
6.9043312253859	0.00569920241964737
0.301461419547082	0.00109445541019107
6.19889692234293	0.00476515959750862
0.000238381100886805	-2.98132217595716e-05
6.8939078187107	0.00463299127218496
6.9730495042462	0.00494178949834561
0.671672444392058	0.00153268506900803
3.33528205652049	0.00390465579281053
0.234297546823345	0.0010420560888792
1.25300373894479	0.0022014228923437
0.406034663117796	0.00146008845982162
2.81047679646392	0.00306273573377111
0.237682921741164	0.000917615503248714
6.24823027487978	0.00575673488909172
7.23522762627478	0.00587291417202393
5.284482167499	0.00530148451004884
10.0017046778718	0.00808089477914602
5.66077413218973	0.00515664816900144
4.10280061566233	0.0041126169592715
5.43406823445751	0.00412021900569082
4.72631184160535	0.00414367753586167
3.57578635735555	0.00454980038781821
2.61895929523151	0.00379595040615607
3.43424745722381	0.00377122748636298
4.17667990471363	0.00427223226681086
7.06320709555352	0.00581901560964464
9.0052283286992	0.00619200638554074
1.94772426612971	0.0027209535007795
2.99915709291696	0.00441677103717181
6.93743530001214	0.00527211255151771
2.48160924192411	0.00325884295961883
5.92821177780937	0.00502580444660068
0.103879019581021	-0.00058252890760075
6.58145998198426	0.00492766368889727
0.598597319029564	0.00173044668590105
4.50863782180264	0.00492430735160357
7.62670024240816	0.00569858138945508
4.02359241943652	0.0045022095842093
5.85102658603788	0.00524073536340577
7.88117567406307	0.00582575704048826
0.185627707074792	0.00106957317581328
0.146873634817601	-0.000834112615139749
11.2068483190423	0.00732087852648022
8.04450782594046	0.00650189655657882
0.748565511469458	-0.00191127185689258
4.96621571515015	0.00462487623492113
4.19178003686339	0.00400961557751941
6.20788195730624	0.00518985034143338
10.052262447192	0.00716551453900054
1.07118468907673	0.00210426888176606
6.26711674131181	0.00475910523832782
1.56509386258771	0.00283333571958262
14.3036988768289	0.0104780807276287
0.322766238433306	0.000951006176016114
2.29011551028204	0.00318674144543486
0.173472591814589	0.000952446987986195
1.03592943414395	0.00195986811035093
5.24173521794227	0.00432304615568035
5.35595635845875	0.00450069535842199
0.317572612916879	-0.00104678152144305
5.01059165179564	0.00492058478727359
8.077810194648	0.00647748956599006
0.171406104770916	0.000804481815793336
3.40893492495794	0.00403429161867328
1.2668305619047	0.00256849453317134
2.51088477483332	0.00327399595127444
2.04255012110884	0.00335775579622459
2.23530056703082	0.00341940302282781
1.89686219073917	0.00280637000190221
6.86686129056251	0.0052396093491145
5.71900356232908	0.00550229545123993
7.76482497383839	0.00562459587694232
0.347609453987749	0.00117293774474583
4.0914257704889	0.00416200309249892
5.17058444804164	0.00547356659369332
0.936602144347535	0.00186316580337557
8.83554273466289	0.00696396931411448
3.04144636213676	0.00325065050039769
3.33261017397732	0.00383859648157335
2.08621693467492	0.00276162739291527
4.57118467363761	0.00503961430091062
1.017370968635	0.00187562328450157
6.57379697228027	0.005507969979282
0.160927559827792	0.00080685586960503
1.56829667339914	0.00252364836658553
3.05008075295167	0.00396541744935196
4.10228042008712	0.00427649696563458
0.183933493195463	0.000914814866234308
3.91472371729913	0.00475209858401432
8.12406753525911	0.00681173810327476
2.49465320133984	0.00368626039762622
1.90885779887014	0.00312028483572591
0.705967781629123	0.00183120134475264
5.13606634518007	0.00471594131395533
1.08717035185418	0.00236834835957738
4.24125214599364	0.00465414309258421
6.23725939569618	0.00576690744191593
0.741119266750745	0.00195029186461421
2.03669610233941	0.00311069775644877
0.870089993635863	0.00222698904060845
0.292259646776233	-0.00128948312807028
4.837432067239	0.00421711036687092
2.65330374597533	0.00310304123323873
1.9193042060394	0.00280126773192952
1.28177243334711	0.00239657452134872
5.25819433047814	0.0047528178028204
2.51164016791016	0.0031841259822475
4.38861143760795	0.00489124981974748
3.95221648946278	0.00430367097606934
4.60045980286408	0.00455043065438351
3.76287686254171	0.00409642767041468
4.21611976589207	0.00394882932530102
1.39671834900178	0.00229072201348568
0.452576928325098	-0.00110759898868417
8.70477095450348	0.00649543352373709
4.83363413103676	0.00496968236587885
1.44151770758251	0.00246518950042671
3.05714244379915	0.00337873881163571
2.55630769584726	0.00353233601860392
2.57709630561407	0.00357948860377211
0.155461645808096	-0.000747291758758463
2.60351151388572	0.00331585224643564
0.514074328163971	0.00127223005122156
0.577236455789301	0.00150404379942027
0.471280461970321	0.00159957471052682
0.000980465170508632	-6.91322416604603e-05
0.632533733938375	-0.00140663078671899
3.76372585504455	0.00424285512987459
1.32696734215573	0.00216596843588017
1.78147877614647	0.00280263329016936
1.67222006246571	0.00241628409001211
2.03208324826434	0.00331675724463836
2.69492710965089	0.00347089444606394
3.50916503530211	0.00458899745281988
5.71679998884095	0.00507946011641561
2.04418330367588	0.00317472657427031
2.73912606475907	0.00333735966002743
0.523499998998876	0.00135655179216596
3.46057879291273	0.00377598564360993
1.5313934652903	0.00296578540882618
5.95344641154725	0.00497769849720368
4.88173229234865	0.00417580242222749
0.401051726389879	0.00139188907995343
2.28747319081892	0.00286158569789223
0.112714032958799	0.000725794833525153
1.52954011512535	0.00237626603849888
4.46738324708783	0.0046132040907799
2.23092679150963	0.0030394460726962
4.40152776093747	0.00450931173001389
2.28229413207193	0.00274392889499465
1.25247510708946	0.00209782267570168
2.41975319613663	0.00308002360840865
0.0879754188478891	-0.000600271070026191
1.41714484972175	0.00212652163133076
6.81944102055169	0.00564131739219629
2.20135987881312	0.00317096079800737
0.526308071964484	0.00146174051694533
0.258472676393531	0.00100670928257968
3.49414120879061	0.00385269948589899
2.51148225876169	0.00327454492096245
0.00529178642070642	0.000143333648451362
4.90127443778899	0.00568581432727219
0.852781581486057	0.00192768414744296
0.000399601046940306	4.63434387368823e-05
3.9881357424561	0.00327894282267448
6.15800461344647	0.00660460451484317
4.35542205236957	0.00478995093005139
0.150600157129697	0.000776035057982486
7.81664902004883	0.0057720963729516
2.75750646511691	0.00342433019551134
0.851497213279779	0.00181653118166014
4.13572556144554	0.00437467240279283
8.09681016261475	0.00555661123120189
6.15967243959081	0.0050285994551273
2.61031246555647	0.0033473022463921
0.362716250701223	0.00128240834215721
1.2696843392134	0.00234597275275338
12.0465406996392	0.00639251825590786
6.26042400895005	0.00509174143795062
3.31044571682784	0.00331885496848147
2.88290880792738	0.00343169980150059
10.908290435046	0.00629607055054375
3.79023101944138	0.00372556134612673
0.0427456191776038	-0.000423597152984626
5.77441807487004	0.00509840940953981
1.34292995895783	0.0021121664405239
2.81399217449112	0.00387070865132158
0.0434912273806874	-0.000422363850401455
1.58625803991093	0.00292197504194532
4.48577933588224	0.00473223824811077
5.26701745418092	0.00518792045427341
6.82618572387326	0.00521962820414623
6.20782554460152	0.00461298008885676
6.70027244351565	0.00501825876046034
4.39752381278922	0.00447202473942586
7.938494089118	0.00729383105450143
0.722577189000022	0.00182417813129708
7.83849292349389	0.00495030943407794
9.78883294507643	0.00663140390544378
6.49294013026018	0.00463356348078584
0.470898020178956	0.00140676385211985
2.94997552802253	0.00354180941524562
1.22397469014099	0.0026198924865902
3.04915453445415	0.00399606433180574
8.72049786325281	0.0064697524282675
5.06738771556499	0.00442434385706361
0.906661234155686	0.00190961554713254
2.3867992446988	0.00373695413475477
7.50204571814061	0.00601614795098748
5.25874040669121	0.00556802160395631
1.04734337381339	0.00222013519739853
0.14175838950331	0.000827428772764029
4.31713542828439	0.00428035842505494
4.50191573413532	0.00464840754674825
7.45892743805174	0.00465716629836632
0.612313569788853	0.00161642700799537
1.39637637176366	0.00239911073841695
2.29345257905334	0.00328588102920973
3.68416320392084	0.00365894972355148
1.60501517073948	0.00280378311651919
5.30746312995575	0.00516560607409269
12.0966996698417	0.00881981331390515
5.85949726621183	0.00519923254393234
1.71661970033939	0.00225721422372514
3.20747019489408	0.00360843445959891
0.00690289184250843	0.0001669822779775
6.27058000646946	0.00536173353609415
0.784029002929542	0.00194857363787348
9.4081878081883	0.00643640101562006
1.89970933418166	0.00244931837953613
9.23027498484675	0.00635991716304546
5.63801595344584	0.00487387533626153
5.37700501815314	0.00563667877012959
7.91231590327144	0.00542760221299067
3.58944554969684	0.00378808333848165
0.243867653538962	0.000847391530420373
7.88782854951978	0.00570372768580429
9.00938024816411	0.00612777635240966
5.07523114476216	0.00519743411790398
1.22150964618462	0.0021790984054714
2.62787239807893	0.00322255206468481
4.74691348190111	0.00427774761956995
4.443697442443	0.00472446491261281
5.00158699558407	0.004131860809121
10.7442182274523	0.00638868580852777
1.62744526216461	0.00253750494850567
3.06990287181626	0.0039534253745762
0.787522715487464	0.0015195712462248
2.04444445160694	0.0029183967389193
0.0148392377418555	0.000271573905556102
0.0227263323029347	-0.00025270888912213
0.178638420863859	-0.000852351654346621
1.38426743017115	0.00207800172124864
1.5213590493664	0.00244131296918874
3.62166302668658	0.00407284882028758
7.56103325550171	0.00572230948085642
0.00369994533999208	0.000113223672572082
15.1188297590234	0.00878718561536749
0.85819533769569	0.00189674907839558
1.66565607502516	0.0025679022832235
7.86678717417063	0.00597450670637275
1.46943638590488	0.00262646008194546
7.34159661204219	0.00568846458743877
0.9728477355623	0.00241715180915166
0.53195247640997	0.00136303919915523
2.5929573534747	0.00316609024840005
1.81601609667874	0.00272072481818407
0.412399362038964	-0.0012957316852563
2.71242399909903	0.00313967861189575
1.75058749666536	0.00319474173485644
4.67899684228918	0.00491204919304886
4.45694095685075	0.00436278461659667
3.65535691352883	0.00384501555268971
4.15096026823212	0.00418808648732617
1.89145103192165	0.00279455925266996
5.50555113093946	0.00439629860722837
2.63377683062599	0.00323226592287291
1.92074803205284	0.00301362639727733
0.109590050125153	0.000578689244126342
1.9673409726162	0.00324409611814915
0.046580582750592	0.000396658700883777
7.44307706717563	0.00541432867037364
1.75663741578437	0.00224007416983889
3.07683770841126	0.00417420753379209
0.500719618894501	0.001480791537901
1.97749939238254	0.00307127590427004
7.03367928074215	0.00548370129301978
0.597501041284985	0.00152295517915569
0.950333807943462	0.00198111159615714
3.26979432168174	0.00407697902385154
1.79425568357373	0.00296231599746076
15.8579224352712	0.00839702320673206
2.24695783336299	0.00328745367309864
1.78710444604345	0.00265325698307939
8.19917537595295	0.00581565162096613
1.16133339256572	0.00220156592271537
0.00328456366305013	-9.37807079982042e-05
2.42999457682712	0.00314264378517818
0.589928852556228	0.00136239533913647
1.45880762654775	0.00256750735858626
0.525939358920396	0.00145148706465756
2.89207919007789	0.00334673709431423
0.00101412667644269	-6.98952701254851e-05
2.76918424468596	0.00386997637193351
9.66408245854326	0.00756708094864166
12.9580945367552	0.00957438005142616
2.56573335702957	0.00356576081835517
1.95838258091877	0.00259708526354875
0.840558070514088	0.00194802110653813
5.93049344395174	0.00547256562416223
0.485525480651818	0.00147376342049523
0.0107603055128148	-0.000226152273717355
2.0322566079786	0.00297891255347068
6.14393588670479	0.0047671173842916
11.5249741180208	0.00815331948917265
1.12481667415968	0.00204180284518783
3.58337553271726	0.00372218170222276
2.38869424937181	0.00299109753374149
3.45489258611722	0.00379650778553211
0.378560079883373	0.00126343939173322
3.47089176644576	0.00353742417604641
0.794459485726351	0.00159647099083157
4.58636588431331	0.00500718924593638
0.8331859813292	0.00171644448263234
0.908678325157398	0.0020917163354715
3.20110198375923	0.00370911833766099
9.82412937628516	0.0066054853921868
0.298230867197492	0.00108945366309549
5.3575130395018	0.00502917414527174
4.70126520646932	0.00411701554491639
3.77893795649451	0.00444624943985126
2.94765297894269	0.00341021649093472
5.77023259173465	0.00553154876175355
0.664407624469498	0.00141737731466901
2.73384620201649	0.00390999455271879
2.64591461013042	0.00345324657166406
4.50281178917248	0.00403072540570065
0.30115786713348	0.00115794941524437
1.21131049388949	0.00224175673063437
0.168928133241389	0.000954531009388638
4.99733515947497	0.00457767427067268
8.30289233441173	0.00682841190394826
5.551773925142	0.00605573946208492
4.17548816580469	0.00376701765907671
1.7062695956931	0.00294437283606458
8.74742924850219	0.0064061166544698
1.34213504086629	0.00264092772444619
9.47433259700207	0.00686967307166626
5.28319719399276	0.00598449207023103
6.49594933954869	0.00543096285677282
1.39868775489755	0.00249220244054281
5.15214436296472	0.00466873365433647
1.96239038224748	0.00265458472431091
3.07033735882964	0.00349624174374102
6.36889592465761	0.00655209644772548
6.29346430375512	0.00475704788307204
4.21763651850118	0.0046562685951496
0.0867410901367536	-0.000667101764691869
1.13043827441122	0.00236348914039848
2.9278607851917	0.00319403533563163
1.46508321083669	0.00263454404483795
1.79272272140741	0.00248399847965841
4.63253304930884	0.00473763786297436
0.123721940004698	0.000778750857073107
1.59321630549141	0.00308032364061823
1.19064526144367	0.00237518776797755
0.266711034560691	0.000953149873488367
0.0723819279635702	0.000453469963829356
4.31744552272387	0.00391265058639346
0.219985821659846	0.0010753249610004
7.67977389891995	0.00551854884572518
1.08804149620483	0.00175168752597484
0.530305184263297	0.00138501776255779
0.0912680956394024	0.000663696656301396
1.71944768515287	0.00295024977704119
5.43178201105624	0.0051948070328891
9.56867645552312	0.00705452422294263
4.64314865504052	0.00456128028466189
1.41190759729361	0.00209229590280692
8.20725106643869	0.00563940174258939
6.50813742146783	0.00541068885379577
1.32279235319324	0.00267964171711349
5.42165081513294	0.0048457770591233
0.000588424526774724	-5.00549511964652e-05
3.58197872645416	0.00469106113780815
0.00820206354315688	0.000154179848582529
7.36677678703743	0.00675222344449567
9.98794575220194	0.00752683742092041
3.53927519194414	0.00384672701803918
0.799065761377094	0.00164558996728916
8.21546038384185	0.00564449348907325
5.52415395443549	0.00541093072963926
5.80323257288032	0.00549268008360266
2.97956890159197	0.00312722868050218
0.0148314789932877	0.000238404736903826
1.41565129101795	0.00251114985459516
0.735988690410351	0.00200038048145741
5.65900734341731	0.00548325191831925
4.58097054718044	0.00542316132365321
1.56676414564539	0.00228062211615765
0.904051541501501	0.00174864652555239
11.9025147429907	0.00757797499244367
2.10379464972891	0.00319072397552456
1.46463349016934	0.00258414873653014
1.97634938730125	0.00294517872799418
6.08234232619866	0.00466025641088079
3.08655468147847	0.00384784600578837
0.396661854685573	-0.00130496697030714
11.0454656314635	0.0069457909702535
9.259184489403	0.0062073141021562
3.60909944608711	0.0040186509081591
0.000458830153302127	-4.36766786984034e-05
0.27114133312296	0.00103951032059642
0.628876499919367	-0.00146446681836771
1.18868321625518	0.00228266235146458
5.22397848415056	0.00482443457775778
5.0806774896876	0.00402168471429076
2.52972066833042	0.00319250257446956
4.77245445164211	0.00496972365271882
3.55627990970808	0.00465342665727262
0.00409073851411819	-0.00013746780872864
4.20728708501089	0.00441366894753432
4.52343513425864	0.00446653702791214
1.52621416387943	0.00251284381997354
1.14946000729219	0.00199176022121286
6.07227933221176	0.00519952791452142
8.30518044838681	0.00598980655261917
3.81153519056134	0.0039394358425372
4.14729498692839	0.00446727926242801
0.00276355770293642	-7.95484462883684e-05
11.4510098943432	0.00739291337003611
0.855809498715871	0.00163517536293401
18.1254337689823	0.0105865765882779
1.81888841100073	0.00266185474631592
1.68741307578596	0.00283318380714978
5.20639215457988	0.00505981433586269
3.21955859163176	0.00366578208962713
3.43705423066065	0.00410575753547431
9.85959569265091	0.00747608275475256
0.750139158789556	0.00195457363241572
1.26593510803952	0.00236175104103554
1.25411589307975	0.00231284083990619
6.44029421716406	0.00485314789802857
1.03348243719583	0.00189281140151899
3.45034765278032	0.00333957077782393
2.86211158492018	0.00345906361319842
0.0340124863934548	0.000426184652736404
5.33671584268998	0.0052032485403645
2.40891725598915	0.00310267451868303
1.3153615937997	0.00225698254550378
5.29691438372959	0.00514290331077352
0.506405561134308	0.00143037025317489
2.07259354690324	0.00276466912820304
2.84990818689958	0.00328649005142046
1.70792749359534	0.00279294514061232
0.477576148719251	0.00135652252099485
2.14897889438281	0.00296424009800544
0.32868076418172	0.00122905076176285
2.32629048882921	0.00395132754849015
0.828334346249107	0.00190295239972587
1.55448036476321	0.00246631323315186
2.33556148753827	0.00293446163148276
7.06012211926271	0.00587961544413018
3.84058464817849	0.00414699791164462
6.63954455256428	0.00525890651933797
2.42094540507521	0.00317066058647951
0.477539715574375	0.00155274807864125
12.9377331203135	0.00710531067529181
1.77789965855311	0.0031073028460602
0.289413981336042	0.00100258528454215
0.135000393573454	0.000730965524050293
6.33338780776694	0.00538980197529771
0.242292405615865	0.000843977754602988
0.012521319089858	0.000229457791358353
0.0262034936481009	0.000339339496531898
0.0690015907583041	0.000622450940399415
3.34283549843272	0.0036321173889811
4.69913365436328	0.00483267738087905
3.33890941291941	0.00382100826444213
3.76014991886988e-05	1.29024654592835e-05
2.19479515883177	0.00281262330443375
2.1246266279766	0.00357642655148798
7.31917675987765	0.00599460025726877
9.52105436790718	0.00601427882727028
5.68838637079998	0.00541002704738076
4.13304121136724	0.00396308570355368
3.46964099727028	0.00408396570734046
0.451550464282355	0.00143573346905531
6.21402555738756	0.00485054373181385
4.08311039360538	0.00385410814429869
2.15873260121465	0.00294644611248563
2.05146947728341	0.00292090119920818
0.266941352405754	0.00121587589493915
3.01278807335099	0.00290097728914869
0.128534343453292	0.000560714685008495
6.10810045145819	0.00540915767221602
0.869080454836736	0.00209997978725486
3.00122298803152	0.00380038430045243
3.40482050082039	0.004459427488671
5.60839442685012	0.00451030634866478
0.637276099432319	0.00163718972334364
5.35698401335129	0.00508039337163906
0.0079981369747282	-0.000167814292966935
0.441748443875741	0.00132716254176674
3.93339994512666	0.00418561662130212
1.6986682624797	0.00254733714348395
2.67673546253948	0.00343004993525639
2.6073026370628	0.00337558352029981
2.32390401845327	0.00324135859254168
4.19259847220034	0.00505936959608726
2.64378322811485	0.00362915031399291
4.81755811834866	0.00395692932831594
2.41248722561767	0.00267044995320157
0.444881614651523	0.0014069952035876
0.294127174864419	0.0010865108396409
0.0916589379285515	0.00076174564673087
6.27599937664753	0.00554616103335765
0.34693016705834	0.00120410071115149
5.10042098505819	0.00449547079497658
3.62444773065626	0.00388476233356807
0.603460400408532	0.0015757162021566
1.92878443101092	0.00265032523377234
6.95211217753152	0.00462277612657942
0.567349611596536	0.0015861339934388
2.69671547332412	0.00355299356930505
0.0763750599571895	0.000567689102590508
0.0464715036382511	-0.000446415594528534
0.000379627245426934	-3.81845354603026e-05
2.39614556928416	0.00313104843354057
4.25189165857795	0.00481738279713785
2.21194069687801	0.0033092192881915
0.0617132494397134	-0.000357738547263854
4.98960842837259	0.00385912351043623
0.0449781457965392	-0.000407175360719562
0.511457295489582	0.00148321990689156
1.79887987730401	0.00328808022360636
2.86630926626654	0.00307962397629327
0.753636048139864	0.00157057969131146
2.67144294160619	0.00321484373195779
0.439834278742429	0.00128884934183774
6.00483170290952	0.00497135758467083
12.9326406441774	0.00763325152396196
1.06334317010484	0.00201822481428482
2.27556983761527	0.00330961556445292
0.73070079678825	0.00178693473597676
1.91942591686527	0.00271620572701895
2.15818196933596	0.00283169604689634
3.61065335421327	0.00484094310185647
7.4275497272907	0.00621968648765388
0.00980992731066394	-0.000199106844766583
2.12348132831319	0.00288728000494118
4.94322903475981	0.00501894219475661
6.68607125203218	0.00588949646653347
3.97046537485277	0.00453224769337563
1.57652715385801	0.00233787278579538
0.0779140457696144	0.00060729963088724
1.20794789088911	0.00202536547759108
3.90685493576759	0.00404530802657901
3.15924183117866	0.00374564164501644
2.94836695458383	0.00306220509872816
1.75088895884797	0.00316927857936893
20.0011088170996	0.00978883938385986
6.30528685023589	0.0055256355140426
2.85934954165188	0.0039729084927228
1.12448882748223	0.00210253948926391
19.365002555528	0.00978963129842026
3.39332250127825	0.00455218973165837
0.00986438042080182	-0.000187339507090409
1.14808546651295	0.00220393122698517
1.10452106770738	0.00267198914022564
3.02057504200167	0.00373899730997684
1.45570356402551	0.00272764463559914
5.55731066756413	0.00422514446711638
14.7759102921696	0.00857974324871678
0.429632341727803	0.00128725762573387
4.42614640231186	0.00483862464094362
4.77386959988071	0.00465980008475833
9.44172092619577	0.00725508098471669
4.9853715804717	0.00414378760852234
2.41818910045143	0.00392969511253332
8.50800252540687	0.00591968449062217
5.2297258216902	0.00459625143564233
0.283559459887769	0.00104363950148436
0.491915276343107	-0.0015293981285434
0.573994706497487	0.00130193979354183
3.76397033937363	0.00381591526359072
0.0470357953492766	0.000348599922476447
4.97518189324551	0.00560871635655659
0.445295259842087	0.00124280680498007
1.87104165672811	0.00284945689603894
1.58894820320627	0.00283738010540871
1.17712488954385	0.00255361406027064
1.88904841236362	0.0030554417095727
6.02298634921757	0.00531457158097041
8.51352011990343	0.00582317421976572
0.381801859935379	0.00110727520185726
0.958407742894819	0.00194299486629338
9.47410253255156	0.0063151126233852
2.2461368654551	0.00276275507318311
5.52969642913527	0.00644947029649841
0.95112576455443	0.00204686716596675
0.775805114546724	0.00182213316801979
0.960495303975541	-0.00211356591836819
0.468341077612349	0.00150409841666141
3.91142736465256	0.00413379059147003
1.76456618539257	0.00303196394198122
3.18097136280454	0.00333428907384256
0.410983404524388	0.00139823204630875
3.36139005212184	0.00442002937770496
0.903892015397862	0.00192912360138249
8.547377444044	0.00601300079745849
0.281607745742384	-0.00122055591636761
10.008258473899	0.00754688831692759
1.51419508579165	0.00272459969411763
1.46134179320795	0.00252284556236547
6.03877096380481	0.00549400724105688
5.20785458972496	0.00417090559765729
12.7374989244836	0.00827480768196093
7.11702721567316	0.00557215272680301
0.9701389954043	0.0019694306578583
1.40804582017524	0.00204338156078393
4.77489557804683	0.00465973360447155
7.21508604791836	0.00700558489867794
2.54158934517113	0.00325622190198933
6.47620607921195	0.00457140685827411
8.45823992731999	0.00662310128395976
7.48063361917888	0.00618650974856311
2.42865484907494	0.0033264869255887
0.20039911703727	0.000994097616686505
0.0415723128151395	-0.000452465230008769
0.823453968721307	0.0019338087865143
1.70455142092945	0.00283875088952187
6.54997544715036	0.00498748123068182
2.66252701514646	0.00357790342329975
6.3374454029867	0.00552078899620632
4.50624121969161	0.00395868008908511
2.61482207802689	0.0033316573729466
5.32933938067616	0.00407266328972277
0.401120879348252	0.00110723083863813
4.43756938334131	0.00445424419112167
0.430380624341523	0.00109053665156304
0.0332124570447669	0.000363538967129912
2.16896189039443	0.00345740946040293
1.38909507182059	0.00276465984455236
0.107292439976567	0.000681016732007673
10.4162329581966	0.00683807014438782
4.63106707292636	0.00477996132600408
1.12600443329894	0.00213660640836458
1.88992465666419	0.00260267165115551
4.65023200345403	0.00435637562454292
1.28360018318441	0.00235456519172891
1.62114676603454	0.0031605530458147
0.0414761758633423	-0.000335283125004055
3.09510461879317	0.00413847596102341
5.17750936379714	0.00468745993361569
4.26699667083096	0.00547247874783619
0.0133702926646078	-0.000237215113677285
7.87162166849197	0.00652177576463965
0.0441578634717214	0.000447228925942
2.63465974159796	0.00355568198493241
3.9832593510317	0.00426515932043556
2.84459802422595	0.00364700775810449
1.52978945109571	0.00274783774687318
1.50540162617658	0.0026568726995864
0.191980263321661	0.000706704926886522
1.90105087312848	0.00316636548074359
0.166769964186531	0.000791685807832843
2.04393825807918	0.00303943161353199
3.23255984466107	0.00362287790497115
3.01962760639918	0.00395931666777313
0.55674039103283	0.00149983989754741
1.29675674031216	0.00181557599657408
9.72020867327503	0.00649699214877983
0.837584393103397	0.00193962649497579
3.63650921889897	0.00418157644378923
3.73768040326201	0.00408900362336689
2.32795896393673	0.00307025676389392
0.976835129464608	0.00199637281969907
6.18923071638058	0.00511485359123879
10.9704994882853	0.00740229298201991
6.93174369452588	0.00558081939527674
13.6150505112913	0.00752790473605206
1.81055921370153	0.00301337949724008
2.09269534281384	0.00345968208426233
0.319933432257608	-0.000905458911949649
0.816039664679498	0.00208108551404971
0.663006992919007	0.00172311322681067
7.65220541947975	0.0056777643335325
7.87992305516223	0.00562706525638327
1.4423916557487	0.0023042839299466
1.97745090787017	0.00313914368958775
0.0873507518205927	0.000608852393190266
5.58298731618698	0.00494045501541963
1.3967212823577	0.00261056701565017
1.81423566233423	0.00274006876295025
3.59450438758675	0.00380755616051915
7.71134252640276	0.00608449223885241
0.296526141943882	0.00123476158668627
0.770472180578361	0.00206251274126875
0.184447663882127	0.000718463472532716
1.41758865718641	0.00206648927642773
5.81376482878096	0.00479032959319155
2.84118100346983	0.00356681912036695
2.15126697825999	0.00277340830269603
0.376053716011951	0.00125882495643106
2.74009082165048	0.00360130923606945
3.78810433562332	0.00514446071239781
3.66799098214344	0.00359061356680736
0.305207109393617	0.00110364465088986
0.342857394836489	0.00131836250473506
5.94891294568477	0.00496224551564451
11.019189192981	0.00775145046317562
0.660435808847104	0.00180676522329645
4.86963187967325	0.00478155118933138
11.7052367994304	0.0079962278225714
3.79266569828587	0.0045523733802236
0.621896028329454	0.0015884309757961
0.17340767314426	0.000849831392751093
0.615213512959931	0.00165158797130935
3.05741744834289	0.00408889669202289
4.56049541740474	0.00420372050465033
6.37348701678331	0.00628340911144673
0.602188535204822	0.00145563843234099
0.132615977027863	0.000662234326616074
0.0247366994731591	-0.000340612129671262
0.0420979214894673	0.000513812945335316
3.98229630028928	0.00384606922497013
0.925854288131642	0.0019706830017899
7.92726378187803	0.00598163298186521
15.0960123882711	0.00951614611449856
4.54305232459018	0.00476165445795001
0.544940162762809	0.00166920666193325
1.96643726466449	0.00294063803852569
0.0288278983531849	0.000361918643076347
9.60090875885949	0.00642131251331659
1.20121414833763	0.0025855667942677
0.131342613885528	0.000700295569294326
14.5667240145403	0.00813264937885187
9.73511254617929	0.00686885161317352
7.40083825387433	0.00536780894093407
0.651156394333313	0.00142246369836331
3.04862628502401	0.00423667549716712
4.15642027608753	0.00398591724686364
1.5094133670157	0.0028676119772611
2.7775991846814	0.00341051852544947
7.72532196951266	0.00608203660637826
3.09639461777165	0.00397678855070093
2.49174607958883	0.00334719271888359
3.41808131084799	0.00450020050306002
0.723751139487616	0.00162376216471696
0.860797940262707	0.00184197145075132
1.30374823953353	0.00246767913125468
5.06111294039115	0.00415025908615076
1.20127639247415	0.00218757539187865
2.18352534005994	0.00335272149139698
2.30978418526164	0.00353182834624479
9.02988173644164	0.00687330203361974
1.54949692060881	0.0027784906607351
8.84688338994123	0.00620849114061261
5.140514561926	0.00522093497333674
0.033853198822744	0.000422121533776285
5.75446798757677	0.00570705481662286
1.75867251428352	0.00273175934868389
0.659764757802939	-0.00188650641022735
5.74295023906231	0.00563116985393655
10.6399101034474	0.00696182688619916
2.77415619282019	0.00367371179805176
0.000159754492649886	-2.48051505200468e-05
2.93734751780444	0.00345719719733066
0.0326241016639328	-0.000356804277604219
0.955250673268815	0.00201196560080673
6.6105542438567	0.00571189667072609
0.163068703458951	0.000791645539933632
0.964402790114429	0.0021942495545664
1.7638221815367	-0.00335290638218624
0.382397462668318	0.00116226299515553
6.62799744676706	0.0052933027921656
3.18424958766158	0.0035891406597538
3.7871307668602	0.00400561752231642
0.295301052158701	-0.00136372422856502
0.73415682490504	0.00201143823722382
2.24362357300749	0.00293465025892697
1.56624810115033	0.00260729152477613
1.38324868264072	0.00235303141711151
2.91394112965695	0.0027101205744707
1.7230610506243	0.00277297986335331
5.46540988328613	0.00456998588235772
6.08253767734773	0.00551518746904254
0.280379980693883	0.000915113363816646
4.66745268378732	0.0043112615951249
0.0951433498317739	-0.000652372007543795
7.9452066527585	0.00580461324348352
2.52779748724659	0.00345552839711647
5.13115603745441	0.0048313200019418
6.30207989842828	0.00567733333466302
1.63302335245115	0.00286653282367335
1.20541436949721	0.00228466480214054
6.32449327017919	0.00453772806267571
2.33185508699807	-0.00349317574728801
2.18589524427491	0.00336603902643364
0.0974163453833579	0.000588311702564465
1.37222372287016	0.0025811591024673
0.00514153351690024	0.000142199082697721
3.91069479702674	0.00447675678456567
0.848689213356682	0.00185660209133072
0.465392738482865	0.00161067311348208
4.19864583456584	0.00493722060967287
8.95854378787081	0.00706977524752417
3.43877138925799	0.00405097543911426
4.60006534569367	0.00475352075541079
4.73111601508832	0.00568346365024497
2.98047636021777	0.0038626028614326
5.73144565452346	0.00551093505933364
2.00142678802074	0.00287759036532578
1.03360602121924	0.00183240047348454
0.603247261169293	0.00180237727340858
2.44312333824431	0.00356322365196237
0.051149023672149	0.000447854170365724
1.1212400916991	0.00219403050413764
1.4140255106326	0.0022457134016829
7.07818760182079	0.00545449726576392
0.600716548635092	0.00146733454706241
0.292425035991587	0.00109537875831447
10.5084426817948	0.00696887041580776
1.74478121557472	0.00311724381846638
2.83230288035702	0.0034745086317381
9.51314626061206	0.00721207596301227
0.634342795980072	0.00183506326702973
2.75210968176549	0.00373262790478903
9.01135390398526	0.00492017197656282
1.78227106813402	0.003066070724069
4.85953626433217	0.00519666445768165
3.31886199421339	0.00394684079257653
0.390649310581472	0.00145414719597707
2.79236305742038	0.00368958974920338
3.80206692567642	0.00397415558069988
1.60923281139202	0.00277273401951972
0.65818376400288	0.00194565708768754
1.91283959606398	0.00313828652043555
9.11214131310087	0.00732355530363462
0.588513985866318	0.00149914174639404
4.0528212226728	0.00390438038428047
1.02778635982838	0.00207850170918673
2.29508280993456	0.00340728217527891
0.408615427716427	-0.00123915257610333
3.01885528604042	0.00346062459248478
3.67188115023309	0.0038726504524808
0.40456001268667	0.00150747587838117
0.607374564516208	0.00149443755359005
3.8500529141714	0.00409214119321718
0.575294358567629	0.00149844203918283
0.600644029337154	0.00168507950499794
0.0548172731369563	0.00048278156799027
3.92377924581766	0.00443383745886078
2.31840944835041	0.00295078819712706
0.0415643192552099	0.000393275852875677
8.68812015487311	0.00695972370654379
0.279941732022179	0.0011894741406365
1.37403124874643	0.00264408271119974
0.00173850152597654	7.99776424344051e-05
1.06455718268662	0.00172971443290928
3.12473981526935	0.00338417401820357
8.76118571440367	0.00632031493426254
2.80839933055105	0.00396130854108439
3.73758864532845	0.00430592006572255
0.371018073355369	0.00151429055319544
0.582601309199835	0.00151542139652368
4.36428490462687	0.00431393032107474
1.8850759369387	0.00297548309645541
0.398815033567586	-0.00123831768509408
4.30831519381581	0.00449189074328193
0.272844645604565	0.00109341547795447
5.96420018457795	0.00523892317486062
0.0127346898956103	0.000238971585215084
4.39438952258522	0.00429551476120384
0.0158460267604183	-0.000295701730049129
0.73265086955818	0.00188806569242761
16.2078024073481	0.0100676412044304
6.68858287223529	0.00558001705817603
1.45479422128179	0.0023992976647496
0.0399102156771607	-0.0004195270128893
8.66152893999679	0.00586904587136329
3.18461583152633	0.00412068639391116
3.11753425349573	0.00388607743866295
6.68372306355257	0.00575994098336892
2.36389526121077	0.00299518054742186
4.76316754731431	0.00466635943465615
0.169221397159849	-0.000781287554268553
2.43709159560936	0.00315752609807596
1.48715638189727	0.00275226650007362
8.95369687081659	0.00598995641787795
0.727538155078421	0.00156998047524928
0.0267663748618149	0.000381166016582757
13.3539168120831	0.00819156071165491
2.24874469020202	0.00305164537634985
0.464137369654099	0.00139984041519625
2.10047745017067	0.00298593114321671
3.52680126806147	0.0037509570938094
4.48475122128013	0.00411383109025543
9.36085274088917	0.00570961928919604
3.53954254536829	0.00444338067227559
2.07302835908242	0.00303463092187745
1.42673668318407	0.00242579636248076
1.74410749628445	0.00290172040797547
2.09963107676389	0.00294727423276279
2.2889701529485	0.00357886841114047
2.12449229703032	-0.00342418328470965
4.702843538843	0.00478808958547729
1.14432157889886	-0.00209447608689889
1.72734553919547	0.00302570895103403
0.0453306722326638	0.00041093324476563
5.63943156116033	0.00465462188052885
0.58629067938859	0.00149393735003141
0.207720558374434	0.000932483522298931
8.71613458054007	0.00614300951866429
0.352239806256398	0.00111476013557561
0.856172397968211	0.00196580021987396
9.24538341354041	0.00588723329650132
1.37342633313522	0.00253164365023102
3.75496926924946	0.00307923754482358
1.97555170548964	0.00283379514292289
0.0293705075287081	0.00035015360620115
0.762403903700295	0.00191781283175992
1.99237654911785	0.00291504040885277
10.520216664585	0.00694229570137443
0.264595776902793	-0.00108884268490334
0.0584417901164374	0.000432741617679451
1.65241768905422	0.0025627750924893
5.56357181323641	0.0048620136253708
2.57442260177976	0.0036129136372284
10.5342734169946	0.00679765023920428
1.41082350210497	0.00276881896132701
5.47502334820662	0.00491100872765964
0.0379431535577638	-0.000492164726624666
2.70627819037421	0.00351156994301513
3.00496475293868	0.00318395452635201
3.61802280222259	0.00419922633280621
1.83581159771038	0.00264909714899022
2.08610256120409	0.00284286118176677
3.55694115380708	0.00346212598857301
3.30338957863298	0.00370128079827237
0.215978717401525	0.000999312670934046
0.00541356471976164	0.00015224606256921
0.000893451037640932	-6.24637225899513e-05
1.4817785575442	0.00266062025666572
