R^2	beta
2.75963937165267	0.0303186701515586
6.83837265965082	0.0624280073296591
3.57005704405625	0.0455608746148447
11.4155529569703	0.075961789295056
4.40712420615883	0.0488719638445509
1.47147265591321	0.0313833602338015
2.87145889379606	0.0423846009132781
4.17176501060393	0.0506649476569202
6.58927390297036	0.0792327501370855
1.09579406548377	0.0294072700448965
11.3783318839344	0.0817257234058907
6.03238912622908	0.0544371940741231
10.0767740922048	0.0658447828323763
3.85789311403246	0.0465138457600128
4.79401579892761	0.053822831476847
4.05063789889207	0.0508214755438463
2.18641363317359	0.0418546124965139
5.6800301598656	0.0464691931325948
12.493578111127	0.0689520967936369
0.95240446209707	0.0231242092666118
5.28097798204969	0.0559849505203428
5.4356761951774	0.0561162079868739
13.5697495079974	0.103939104857625
2.54509211839918	0.0363590597049393
7.69970049653062	0.0611294695255434
0.47263206002692	0.0171009563202042
1.70775179833633	0.0264418765578645
7.48349583019216	0.0616121691168239
9.45237682318342	0.0674870923095684
0.116066530179352	0.00980061970263978
1.71671092082029	0.0263233135598385
4.18442110443005	0.0542332291938543
2.22797513709545	0.0366507705557429
9.83427923415803	0.076110987019517
4.68268043901787	0.0538061252982767
6.6091080350109	0.0635498307093255
5.76305442992409	0.053472143558521
2.82056104499015	0.0355997127388261
4.7679390388038	0.0492506352509909
2.71718262613684	0.0404813544222486
7.00782443842501	0.0677575305709796
1.78484823353635	0.0298199468016438
8.02758275009569	0.0552202466453435
8.7245747371422	0.0695983456786736
5.2795129099145	0.0554725295329507
2.41917212218755	0.030083949941835
12.4023162082217	0.0892337607441414
14.0744378891782	0.0837261584267166
12.8213563615702	0.098225589037074
4.45323198172295	0.0520957956134595
12.5326547620461	0.0815954938225169
0.90337687484018	0.0186365216146447
4.50847794560637	0.0450115056831792
3.4527914567057	0.0409687386506676
6.51707061720962	0.0463706739538742
3.22026698656402	0.0483428442840069
13.0156579422927	0.0903788886240279
6.9150742575483	0.070262859913983
4.36217520166658	0.0507263835520185
19.5583534608211	0.098696845347935
2.41104274219576	0.0362824915080322
0.425461954783825	0.0187818228757771
10.9787670897407	0.0721471631284923
2.28667539530606	0.0369315280408828
1.03897337995967	0.0251176717740796
16.8803905666187	0.0857574059045597
2.51235129167572	0.0428621221481689
0.628995020348076	-0.0190504755966837
3.79183940023801	0.0445968920254384
2.93879417013125	0.0357957612791081
6.40926559201705	0.0622939488331491
5.28637588972545	0.0515532413493183
3.61190859792762	0.0500824926217501
0.885386040695032	0.0197974188738224
8.18455917985851	0.0883835820108484
5.93529252956037	0.0689504922488601
3.66237440358377	0.0410514826435251
2.05473180459176	0.0441515261887741
2.04662568637738	0.0345087965137942
3.48541997567411	0.0462818754068135
9.57652938847196	0.0672755241865124
6.01831626736912	0.0553531507699489
6.8866610822273	0.058575533465689
1.51475764398453	0.0287876796385867
14.4281978619013	0.0814525719014141
5.42873351344885	0.0605240246246439
16.1213203432502	0.0815034457328233
1.24838618454861	0.0299233819494315
0.20474160145194	0.0124511339991556
3.14441448428682	0.0467410803745333
4.37167169698568	0.053036370037313
12.3634037745098	0.0875101093071786
12.0048070409268	0.102360225884393
4.51621106628384	0.0492983593900477
1.68917366236887	0.0391383296296833
2.38102430203162	0.0343373007377614
6.34994450376151	0.0587140169795984
0.920343750329409	0.0236180952911488
5.2421398531207	0.0592192793070646
4.87900337910053	0.0659735797585589
6.82006184173626	0.0493603234692156
28.575673292115	0.118359677801891
5.22519506466207	0.0439953969493452
12.1205468510312	0.0766937277086148
11.7575720127559	0.0811806496089012
0.379935442948979	0.0172573074894222
2.54889890454001	0.0433376774341684
3.13679990311999	0.0437087168449248
5.68399959630659	0.0620301228805783
2.03512241671554	0.0304315652349489
5.87510986891299	0.060030019642346
6.99411365763776	0.0605810511885222
24.0445074616988	0.119394753904497
1.41511282452006	0.0233437720730793
4.08458922159357	0.0511997046760347
5.44407168552654	0.0572935277103097
7.24913739052315	0.0587575697260855
12.7080989731249	0.0868911637623771
8.00347964962583	0.0673718241360145
10.9046950700173	0.0856553358985273
7.10324438099181	0.0604578021271436
2.96682662481435	0.0441244803001474
2.51224830813807	0.0317986847051577
4.62277051286909	0.0616627793371692
6.32735186410135	0.057867352616347
2.10804079883419	0.0358383490013534
7.61728245489337	0.0576153738550348
0.136937541885183	0.0100719356527138
6.47095432193416	0.0637859134673146
4.76215071823443	0.0531176551945862
1.79887609463245	0.0318866394428412
0.145903883872781	0.00968952135492233
9.72003392495239	0.0645809977661099
13.9131745928604	0.097099620427881
16.4422167123646	0.0938829987394736
4.22523530635397	0.0465546829690307
8.04466898014152	0.0667149777858111
10.0627592314134	0.0654889679404968
3.20561012026045	0.0433309091364593
6.60431354676951	0.061106306241949
4.85232341140113	0.0503194451949077
2.6420731640378	0.0402473928156994
3.42116889469024	0.0445205666836245
3.20100522048406	0.0408885791060282
5.0500349955942	0.0462737301951811
1.13777269109559	0.026505856933279
11.1891572475744	0.0705519538353452
2.05346593243403	0.032388653153335
5.72356292983047	0.0549013275978427
3.78923618107702	0.0407949422295191
1.41750403430981	0.0280868443389349
8.94737690799402	0.0637101395184685
7.16777809417733	0.0539348544719364
17.1745948462301	0.0714157374379019
7.16676299680412	0.0724700928933939
8.06767960755408	0.0640245263007439
1.06361196286389	0.0273507707395177
12.1094627208215	0.0810840242512248
14.0819411170501	0.079006194372989
6.20465810167002	0.0628246732249453
5.40221395861586	0.0558885102548905
7.53219295368936	0.0791386949060698
15.3119732689506	0.0833179565311634
4.57085712992181	0.0458207255321544
12.0468153426017	0.068042874139722
4.18024527596669	0.0569981459373324
1.29946057602708	0.0284336409974463
5.99029010052679	0.0495777088250441
1.11942887463621	0.0265498052271542
2.05311421780238	0.0387953470288137
1.62550613808377	0.040804669507093
3.63818788952279	0.0408401224584374
4.58858229281093	0.0436131864380284
2.82828755428112	0.0380653060260088
4.62430548961966	0.0569939018305649
4.80284019015994	0.0488706161928044
8.00839692113292	0.0575723429125573
8.56671582377599	0.0903259095382467
2.34735938801638	0.0410900271165028
2.57652361477701	0.0415144463893769
2.64665368211334	0.0389637804941481
0.393637470851634	0.0156069217664666
0.924419730674891	0.028738260963062
2.92001124443639	0.0381369936950967
7.60891394849255	0.0598206443656226
1.44350924952018	0.0266628487411004
3.53305952666144	0.0441507374112017
4.63853888282315	0.0578515108886949
4.50567365602428	0.0536777052755557
17.6799841333511	0.0906242364559235
9.19500082088742	0.0672720253187812
11.881188446934	0.0715762335569838
14.3673633017037	0.0978399910616281
8.02829367254531	0.0537002923671065
2.96838312672888	0.0348392028150198
3.65800468031901	0.046197722441258
4.43447927458729	0.0520895964283234
5.0560479522102	0.0519506298872874
14.3369310631547	0.0890856479265973
12.1382575073623	0.0861715872342354
1.05450572663274	0.029306716406613
0.0251716131206325	0.00455003390574938
4.00460409056263	0.045455135418497
2.32784790841462	0.0345233376512511
2.41708763107155	0.035820271921146
0.608153169524728	0.0176613272469471
10.3584887884453	0.068149670467919
4.94482542462756	0.0651433676416678
7.59832665115619	0.0616143166501389
3.37483394314017	0.0458902248983418
12.234228112916	0.0773644572272713
4.03171249812857	0.0497577569963223
5.28751758217085	0.0521947139642687
2.24206964382643	0.036754915700821
2.09026730224763	0.0302143944091611
0.137524550257882	-0.00915369506730413
12.8693467784026	0.0843424319028362
0.38458451249774	0.0148060116266943
1.10732475088946	0.031643496227325
6.72190994416171	0.0680554956417174
1.10533381499686	0.0271795246946259
1.65853864503902	0.0249108657488527
7.04095145594974	0.0613315708957446
0.00518927702622759	0.00219229172173071
0.892299755216086	0.0270575221321106
6.65182511872321	0.0670376753447871
7.15789487529564	0.0508823025107755
15.5477718175772	0.0922704227141377
7.00079427319803	0.0639812432616483
2.6611725570623	0.0381492214012531
2.66721207624841	0.0357664098596388
2.37147009216636	0.0389062392433293
7.32440650578416	0.0595248129156669
2.0798092015977	0.0330996024273226
8.14726211755617	0.0640059610946211
7.3846204016277	0.0601777497039787
11.5318290449771	0.0769732229254477
0.907248215485662	0.0237086152502603
11.7179882631811	0.0810808188576895
2.15639093069792	0.0398017599241628
1.43684683843337	0.0249827368029196
2.5781666653952	0.0409860215031021
7.54962561234199	0.080601199970095
2.01720545126705	0.0347207097576764
10.3495705195117	0.0828118126288076
4.31685664473108	0.0533189536608291
5.65525456090057	0.0732130744938783
0.000262787028241798	-0.000433415059019748
1.97528829986478	0.0319250364760864
0.053185053822512	-0.00596395208688976
4.79805345175934	0.04388572416538
4.14708657069896	0.0372079952784975
15.8893507899381	0.0845602554304225
2.96113487294807	0.041234731431739
10.2928190809494	0.0812904333748677
10.2854754095479	0.0903531575111177
4.99154463459427	0.0544467609366042
3.43530119007413	0.0417446990052787
3.68837017297207	0.0511579907207409
9.60511143684225	0.0680293228129911
11.2267000686959	0.0914868567296021
4.43314311130054	0.0603299443150121
9.26708972027199	0.0738630166165376
7.93487484243088	0.0594143295725055
1.0761491847378	0.0246114947139862
11.6232951299105	0.0698487190478319
2.96349136176707	0.044105866929903
0.670700508969256	0.0209198353466873
2.7922860675391	0.0336519823165375
7.19309136592008	0.0710084701447993
5.69993056094143	0.0590225895975377
6.59113315281941	0.0642767385085222
4.62255988978481	0.050901302477508
14.6465189368874	0.0861259662983119
3.66140799361709	0.0523081747217575
8.46771968116586	0.0831752931653857
4.65423980247897	0.0550590046999237
0.706117609949714	0.0210189215115451
5.48250764202931	0.0552534757241735
3.62684181016964	0.0484417547948211
2.09706580023146	0.0384727122888823
3.8286561818838	0.0494161705222078
1.98974722371259	0.0330471347072218
1.18053643828695	0.0312919015652525
8.71786173973809	0.062845895253524
5.42138509388165	0.0559578409796689
6.90081594431684	0.0660146033634611
7.28241316535158	0.0620978542658285
16.1472345705264	0.100983087170159
5.21781612099911	0.04983110520695
3.85664434512262	0.0428871295120673
4.68128571846428	0.0464164806452853
11.7447813852608	0.0860696690191616
13.0061734491303	0.0727550291408064
7.28556274912046	0.0687963627919399
4.06802249543387	0.0512779734907965
3.22384483168184	0.045256816427364
8.12323217390856	0.0764870172944791
3.87434361014226	0.0491034394323236
3.09771400145708	0.0615274299503409
0.455046595474956	0.0189321218366091
7.51759638385747	0.0672260167667371
1.6841672698253	0.0327710172425547
6.26065320311772	0.0501117975868533
2.31035603484514	0.0375163955946646
2.69519394859663	0.037338288139377
2.73625524277692	0.0418600674748949
1.05089851771089	0.0240076350421083
12.0352071409593	0.0898424434199161
10.3523479539536	0.0642811181635244
2.10121497549409	0.0395905148945896
4.00467323656591	0.048179032923173
4.46683742766082	0.0634087061471877
2.86849717212762	0.0376603011603705
13.2857626350361	0.0930854449905554
3.76153925681945	0.0441283369615197
4.7243965916879	0.0553607464303977
5.38803653309287	0.0513906746502923
4.82577403374875	0.044780687799282
3.64593464770357	0.0399723125240543
3.42605206636732	0.0472174319147251
7.21822043253316	0.067551070283611
4.55150796439055	0.0511207732553007
5.44827884190534	0.0544718928176736
4.32217756507193	0.0472777375220289
0.719201155829169	0.0242184290979394
5.64368864444623	0.0598971200707487
2.96969160276185	0.0493137833005061
19.1193809515798	0.0927194293170256
3.51313639102072	0.035362862460457
7.63968154216184	0.0559057781875178
4.03673956000928	0.0456598562950501
12.2839981517462	0.0808855474638344
7.08053638027867	0.0699461024559671
10.3822413047209	0.077740301775704
5.96093741210728	0.0574964472158223
4.19084027712112	0.0513127960751748
2.02160220218926	0.0311561816490665
0.82290135512088	0.0254481404290729
0.255216340914262	-0.0138246997578229
19.9220814313008	0.102269968363338
6.61147142241428	0.0577821893252445
5.26331053809297	0.0651394495743574
4.76823429816755	0.0542341828059452
1.78296068478695	0.0321584300639284
10.1104496372092	0.0695462209790703
4.81552253633515	0.052390341366038
4.87386351427547	0.0478090381754067
0.222452155043968	0.0116655798915549
1.478847705458	0.03316171555869
2.56223868125785	0.0342845349713056
2.35530016788298	0.0357153090506528
3.13468344533234	0.0400552848682686
6.72717256508699	0.0660489776633616
2.76770611078063	0.0441123259545986
13.2775429692681	0.0805997319688425
0.339991851340902	0.0169521755389934
6.13838627729526	0.0537313510891831
2.92067592286186	0.0344181311461589
3.65194156757657	0.0484331431809574
8.81401005504105	0.0708041464098852
21.8050218822124	0.0987229711828836
1.05115739347539	0.0274480956432406
0.187612694544343	0.0106929162900263
1.41554491293967	0.0358759489510725
15.9756132083782	0.0808258527479021
11.8634529334268	0.0956821062612358
3.05444417242321	0.0383190350607671
1.27519048479966	0.0251394602478777
0.127333600886743	0.00851013805285057
5.63430669233026	0.0588367408284478
0.627412948083141	0.0176104319717752
12.5677332531003	0.0898235865458378
2.82040691124307	0.0414655908215273
4.37044793174868	0.0480744119038071
7.97237115758519	0.0640380976005889
1.38857914194371	0.0346652910762715
11.1229548547351	0.0780576986440871
0.567930079470424	0.0194239928236715
5.03882937403301	0.0482483947152169
6.44152636104979	0.0628260534814715
15.3162664821619	0.0813932757400435
3.16752051833694	0.0505751904699094
3.21353710175634	0.0390712501298264
9.6695172580411	0.0652921553728472
5.20096264143207	0.0508939095580808
2.67108771039792	0.0350677855165388
4.63202574084218	0.0504512695111422
4.09092256349394	0.0456872418162003
14.9041948857458	0.0888327421645539
1.40332849340999	0.0304273439911351
13.4138901198186	0.0728297278859218
1.63182054561904	0.0276891042726478
2.14880176439791	0.0294450730468423
2.08272075565989	0.0357181717806866
5.74837128875412	0.0586159926873245
4.12209680477637	0.0550423002985387
8.97061218731066	0.0684766116580232
4.11457097649142	0.0511835520943944
11.5579218879908	0.0704270227345108
8.74350810082305	0.0586313123854367
1.00067430256048	0.0247649752396499
9.52041522353301	0.0800797768105521
0.441763169668055	0.0173233662121298
5.54814547151615	0.0527483697325345
2.7222226277478	0.0300838917524529
14.031478144723	0.0811841965140052
7.32497444731668	0.0665198777643067
11.703000608177	0.0847357171021095
9.83090313579143	0.0771110802988205
2.310559760442	0.0416232134135959
0.381780828782575	0.0155543672457649
8.88711896542655	0.0676942542500079
4.51204640022503	0.0514429005890987
2.27938160046913	0.0419514893834053
6.87079997734243	0.0575808026960673
3.78810116291938	0.0388608782874469
4.72807036286006	0.0494844690236387
8.74847149600699	0.0800302208528501
0.0193945807956961	0.00423511377816262
2.6525751492344	0.0380644829278783
3.05986288231926	0.0390107497688226
5.00385959066877	0.0573104297320556
12.1922095274809	0.0892338221524798
0.114471421603489	-0.0097194206678182
4.37735957758918	0.0627169373715769
10.1972228416168	0.081638787416505
4.90646008251385	0.0511189698560174
4.46304317067435	0.0492889912377278
5.12902746947176	0.0544275468705455
7.99330762043088	0.0760809270340092
2.66340412421307	0.0400868835610849
16.3048755162785	0.10779231978595
4.5416599211156	0.0558704527201555
5.38492411349919	0.0494937927134625
12.0272202975067	0.099671805664622
11.4251639963767	0.0684112126139103
6.58084021913542	0.0580478418801875
3.47481100823336	0.0441657872032436
2.55166481258521	0.0383626111838231
3.40440974565054	0.0421164251113485
3.33295973437923	0.0416880806472427
2.30788253079331	0.0397133536279254
6.81231502113805	0.0648623745842441
11.6660825184607	0.0814908572013901
0.665736576171609	0.0189656011231261
11.2846008085595	0.0871156943536647
5.05937338900885	0.06843448801345
5.21296866218136	0.0647283871089591
3.52430457986322	0.0535822809019202
12.4160715071038	0.0947007153239333
6.33907139446867	0.0771819554564837
11.1612950413758	0.0828169959762233
7.09358148418978	0.066408342909289
16.0815267365725	0.0739979539347959
2.0997841179552	0.0352046945003403
11.7841231944921	0.0737752122237853
6.95646295291935	0.0667607946531481
1.18037616664953	0.0260785491755417
7.7762671788973	0.0513698763371444
10.0254056651857	0.0586460072785773
15.2718798231099	0.0921394771964799
1.65441380546709	0.0340553433901748
4.26250587671219	0.0434212289566794
7.41680602359486	0.0588537666008397
6.82265978050217	0.0672864446119344
1.46575257810952	0.0307685079558961
11.6782917443041	0.074889079877884
13.4229763269785	0.0767921529232513
5.89644791218525	0.056780767059834
0.20613594475406	0.0100740016633425
10.3094744361829	0.0721902428252702
0.476185057192284	0.0157493412767869
4.47545370255066	0.0483249072162644
4.95491972572198	0.0493216560191347
2.50650171260362	0.0336618393981547
4.54632145173324	0.0439151484288462
14.030274861963	0.0837560087706279
7.96394310530015	0.0729356974607083
1.69738839559449	0.0324178797899942
2.27290455172146	0.0324110288007191
7.29855071812002	0.0655650539377405
6.35384804931855	0.059483108168212
4.26130788990927	0.0475097115030437
1.7336626513316	0.0334376420722983
0.282904174677353	0.0131795926528254
10.3170097937149	0.0756163180045143
1.38223939934967	0.0326520196341149
11.4588822129705	0.0855573014277415
8.32099627362256	0.0535296881268157
3.04378036813194	0.0438620934546336
11.4116200427817	0.0761750032714674
2.59826969741341	0.0376075239394041
4.55044556138545	0.0533747827977116
9.74214868681615	0.0794146814693548
6.66607636381685	0.0530771529991155
0.815386687768995	-0.0255877740080005
8.25692319969674	0.0763497531227451
7.64719062070741	0.0574898381059121
2.06243969243712	0.0326786635511061
2.40361556851938	0.042674213149084
2.11903109678523	0.0379441527691574
9.14793224772134	0.0751093407143865
9.31687547604772	0.0574663748580921
5.89137123996947	0.0509103769109965
2.10679635893423	0.0358351691245853
19.6919325861818	0.108736837682503
12.9537038474126	0.0911859930591996
1.69792423119337	0.0366001931121694
7.03617888861629	0.0646834715563902
5.48711818918749	0.0484109607565145
1.53056657145503	0.0294573503621473
9.76825626082558	0.0674052324810549
5.43815681552448	0.0481425164495505
16.9914842879133	0.09115565875329
0.441372276102966	-0.0182226935298883
1.91575914889438	0.0328265937097102
0.20688594236882	0.0114883763618144
8.53971812752169	0.0705812690226582
3.3817226661945	0.0486878305408453
7.87857562316367	0.0774061710480342
8.53000988268792	0.0690023981343469
11.6683172645828	0.0813751981257808
5.03463487833006	0.0561068945275607
3.94547927831175	0.0486207756143662
0.968286594932371	0.0176713833024313
0.637612041811563	0.0198364128684172
8.00082308881694	0.063530371109534
2.22836424092037	0.0406197003721414
4.71525819927805	0.0516571989050339
15.583472077824	0.0864236471195453
4.44595576539195	0.0510718783770451
9.87287631960324	0.0766815660059099
3.55395535827627	0.0446282217294111
3.74243072966088	0.0492730778726979
18.3876778514233	0.103759663201733
3.3265056367882	0.0520525580553885
0.124414623161512	0.00974241899941628
0.335755778825923	0.0145953276072446
4.47495347287419	0.039359339511702
5.73841947577092	0.0596528715276558
1.66113601096582	0.0336447232787032
4.73382973155463	0.0439674986715757
2.39601962978212	0.0343304948125408
18.8252836114483	0.110011720483127
3.02964665041361	0.0470802916865147
0.00962940174314098	0.00235064749269616
7.72718736979731	0.0711183445206612
15.8980951695337	0.0894851924195465
6.36805637820872	0.0553603103417801
1.98441091207798	0.0284588194433731
6.40844078418543	0.0707153016691265
1.45652967599212	0.029982450123468
1.74817102562456	0.0391785335299475
10.6066775726617	0.0732589277541815
2.47329244447458	0.0439482766131381
10.8914269411202	0.0767476344064227
0.330460467083282	0.0145498899489319
0.0538368266408006	0.00478588553420022
11.7502236325031	0.0861185525430949
9.93646213563833	0.0737492586096656
3.87766829817877	0.0486042210598939
6.5136571287428	0.0653162829229399
3.37876861487634	0.0540368392208193
1.9622253175407	0.0376713982052133
1.50764086132353	0.0295086069083395
9.02505226861189	0.0797866305334226
6.8375106965192	0.0592512165167309
2.82984304059212	0.0414825388021766
0.00183050702895337	-0.00122080673598818
13.8663730674457	0.0810215799112999
1.84708635776842	0.0329725982550274
8.15963317377125	0.0758599209115941
10.3092533523029	0.0701024388553187
0.569351654511014	0.0208262109599923
5.94235250893261	0.0613468682123492
2.20641868834154	0.0326822491091378
3.21902377591256	0.0445974921475149
7.87433658193972	0.0613306895365472
2.53660866544336	0.0403942993538245
7.11400835791692	0.0737447584584762
14.7197798696371	0.0879269294577153
4.25644559739899	0.0584719849153306
5.41596546710618	0.0466438087978802
3.70890847346043	0.0473336375366256
14.6746075642862	0.0916642252249066
0.400354436735473	0.0166981627216421
3.85507486529559	0.0459706337251948
5.75339273323642	0.0658788826053141
5.9713173990838	0.0527660340766325
6.33553688251458	0.0614707002198507
3.32555478313365	0.0431905095481261
0.0265032243027548	0.00377937652291765
3.65074308839802	0.0476541549557895
9.46933669888925	0.0671053663049208
7.13052112962603	0.0561995918523643
3.51361820178612	0.0434981893436446
6.58005626585169	0.0607532556592486
3.25897641099885	0.0387909286945842
1.63663017831656	0.0347363876731654
2.32725516910864	0.0422718875491977
3.33803182214912	0.0397831157237874
12.7544103732712	0.0970276938186651
9.55156676452585	0.0773853903566596
0.333605129371338	0.0121352987586249
7.17519958907387	0.0531312199396884
1.83363872426934	0.0324959051754004
2.18806332244556	0.0324103403872925
14.0700344380007	0.100429728310988
1.91505188959984	0.0352415069892416
6.45337567017733	0.0543074712869271
9.82213954056642	0.0775928267294896
3.51849009020349	0.0472262933843755
5.56629279137574	0.0527805591934332
8.63167957335136	0.0670034732405005
5.80108607306327	0.053973928293947
4.89096005407506	0.0589876647743424
6.12379073463	0.0587330550418276
3.90337486749233	0.0419436436392867
2.36260446237309	0.0435439389673282
7.77427337464833	0.0749065918746181
0.947213842834598	0.0213332376020841
6.96355244132846	0.0591901079795743
2.01240685932955	0.0401101570078104
6.9114348785581	0.0632306406799768
4.31814954300163	0.0507253280044708
10.0761543230842	0.0632240736051552
0.749259717266721	0.022935408409052
3.81833971556514	0.0546161523389761
5.19495541963512	0.0571798610003828
3.8724768571493	0.0496252531633314
1.45563409691911	0.0287842999459782
7.08800948149564	0.0754749695319897
0.783399634957939	0.0195430662066887
2.18688122404782	0.0443563197503441
5.89059318513358	0.0534657236479285
4.50210884383259	0.0570189748600374
3.84643149237321	0.0483580656238597
3.91368341015117	0.0505099005637079
4.40892124840885	0.0454610093012297
12.4698725737007	0.0814071720327166
1.23734385385568	0.0275014392375013
1.45133236018322	0.0308599818302451
3.92220063224034	0.0453489539799999
6.12446464460132	0.055102929838354
5.54294575756469	0.0534327531915352
5.19100657763413	0.0570015360211055
1.43400489090961	0.0322502942833718
2.77106111476406	0.0410500566423337
9.22353629736014	0.071822815425305
3.31652805408953	0.0340732341874286
15.4390559426815	0.099663656317263
9.80444754655273	0.0640388136440047
0.387747285632337	0.0135970921627074
15.609650965649	0.0969812345335637
3.28052154857514	0.0419517335712888
4.99073134157753	0.0585484936573188
0.563878389011554	0.0212880648673938
2.07565239652644	0.0379228335646121
1.30969740918208	0.0313912052312147
13.9162595223191	0.0892376012470273
0.425586149483822	0.0179520981061521
4.76559470632363	0.0582193726847227
5.28613616739535	0.0617954882584754
20.6311227425763	0.0922313666854029
1.05906190394405	0.0257920413059684
8.02839969401122	0.07073797389506
0.351164207918856	-0.0164374463679761
6.80486606525707	0.0491395087478445
8.11406553939085	0.0728487955008896
6.68717499126236	0.060351497966682
1.52552363552587	0.0327436391990513
2.93119908863698	0.0466210161444447
3.50541234973918	0.0520893493032367
2.61877825353465	0.0422205320915656
15.1061167464413	0.103932871127878
6.91440051736519	0.0593413813358941
4.65417564133796	0.06295010690786
12.2370580816818	0.075716626294773
10.8653477047394	0.0802703267477359
3.46626626058297	0.0452180703315692
1.55477957937862	0.0267405192068922
1.42782494288365	0.031136581456489
0.0223998183181889	-0.00451751708443466
2.493094040342	0.0428482758233779
6.05293083886703	0.0598868418072782
3.54672958530571	0.0481253534725388
7.89032470070909	0.0713119809048351
5.84186318061645	0.0578069647586961
5.42577250735865	0.0394313804857899
0.737775665787872	0.0197248257224871
8.51644274242798	0.0791803072022902
13.323113636348	0.0857963909823275
3.92953453644607	0.041416764140396
9.0336891050679	0.0793248819586512
8.48485808883665	0.0673295059459046
7.21637367488084	0.0628214973542187
3.66718814972589	0.0463682023448565
3.4910560526107	0.0466656519929456
4.24737422491878	0.047168325536168
3.09914450350087	0.0394309943354671
4.47190909312464	0.0426617969139232
6.48567221984638	0.0513507465674327
11.3743067625294	0.0681620916533812
14.6191469393475	0.0987756456596528
9.98182389975583	0.0793618353426709
10.6013960319561	0.0698283482167264
2.52553597693198	0.0362460814707065
10.6919487710897	0.0749137001919327
9.81369718303832	0.0850832053124053
1.62848473386131	0.0311306983162357
5.83607499040642	0.0555211380221042
8.30998292217696	0.0603220523999223
3.50042418245811	0.0480332310565513
3.60131432421513	0.0462589768996103
11.6109860123106	0.0795960847156319
0.000256296609227361	0.000426921151893264
6.88253222938054	0.0535756789867252
1.11856514965094	0.0314745723782513
22.0535172218604	0.096264800596752
3.78927573476438	0.0392187831794828
9.342913968139	0.0698412765213277
9.36388603773985	0.0819236834016441
1.08817149896722	0.026626812456619
1.67247937465769	0.0304006566975651
3.6524757667171	0.046209381416636
5.5467974426857	0.0547318867955135
1.70422110476161	0.027440617529765
3.54178424276535	0.040284394238652
7.84790207136489	0.06639609323737
8.72431240413516	0.0772070255599015
3.70683290608578	0.0399004265557723
19.4991016613889	0.0921360519679472
2.34062692837774	0.042941577674518
2.98245401606265	0.0435953947906526
7.86522972698697	0.0697170818439286
4.70240783469326	0.0651498265451624
0.476719597956613	0.0165001551027888
1.20760127745329	0.0264675745984174
1.57844161360197	0.029467784374331
7.75540470830495	0.0656743647141485
5.01992200951201	0.0557473707775908
3.81673926940098	0.0503756435985676
1.95535400503893	0.0326668830944859
0.137248023354568	0.0104265583353593
10.2041781169234	0.0736248542585369
1.95101870096042	0.0353560848550818
5.37293838047165	0.0522109994499944
7.52543351624862	0.056595786280478
7.87808043654056	0.0582101882574706
11.6123549831507	0.0796970717532347
1.41031854380693	0.0273606671269565
6.22461026611314	0.0613172111597151
3.3567447286703	0.0541356745108618
2.70468696316283	0.0437184832000349
1.44552366325036	0.0328631439205042
13.0128567888584	0.0794367403007189
2.16082917347615	0.036196487136898
2.87202578414252	0.0414378084908442
1.75025125150139	0.0310632665538627
4.14841797143888	0.0496003311147381
9.85550840922341	0.0719514225688207
9.12565338323649	0.0928482327374923
10.4903271874409	0.0709295410398965
4.80616624005765	0.0514284298979075
4.75990675979676	0.0486901784411457
10.2313579767657	0.0859111237828348
3.85634234970316	0.0455719750345959
1.93871524381344	0.0313108794128974
9.72995042122514	0.0678980396978875
2.33643885185325	0.0330295298850425
6.58527574228097	0.0635961877282197
5.72392386929757	0.0623428100104126
4.94077860076585	0.0719170368765786
0.384318285274266	0.0142375919717111
5.52335396745821	0.0601796617940437
14.2110663933418	0.0847859758596886
2.56217059915869	0.0388091147975554
9.1831793502053	0.0634977498706897
6.57015180396558	0.0492096874280361
8.67562169272555	0.0690875336684415
13.6478559666149	0.0807327991086892
1.21192031797772	0.0305956576520105
5.50975874405052	0.0595507699482752
2.4622247466281	0.0335942382110038
1.94303865512583	0.0378603215374267
6.57065873958488	0.0581526198028809
21.8935715319948	0.113039108478965
2.78576150771692	0.0413687082354671
4.03265520487862	0.039334280135782
4.26166268732911	0.0397900693665043
5.97341529845761	0.0521878152857043
8.60830626068328	0.058317755058217
5.37420317744633	0.0639118862554273
3.66088096602173	0.0412609676845785
1.4450218519196	0.0295807440212119
1.42756515527698	0.0311295832171838
6.5615301602594	0.0620448612424059
8.74708381259389	0.0599236428024497
4.53919957558819	0.0550040878120812
5.4226470028035	0.0567527480431564
0.75773881280169	0.0190741755646
10.2904608222099	0.0680936117308773
6.69906500997481	0.0610297077318254
8.73561792974035	0.061826122541769
2.4636144813656	0.0335451932094321
0.645574918745744	0.0201952009001156
12.1212008628876	0.0862578032449787
8.99573499605597	0.065299553689694
6.41572455017695	0.0633046852202731
15.1678150804259	0.0912947910671373
11.7950321857034	0.0840026794197813
5.05175465460094	0.0515551794435216
2.71687179686925	0.0313599221168934
0.98426906643151	0.0240931029975361
2.97389630041224	0.0418453931613816
4.99737802044977	0.0532642447401201
9.31639563676859	0.0733772724906408
2.65025955789739	0.0442421236690141
20.5637777063203	0.0985319030215557
6.60599865605388	0.0610571634124871
6.86944793689677	0.0679448968046547
0.941055648654123	0.0278652897995957
7.26817851380728	0.0594048388284549
2.79342828975252	0.0400940507617038
0.894316133011772	0.0215711625284797
7.92524228984277	0.0698111194515946
6.96673145432299	0.0718119310064065
3.35326137118384	0.0403073959521595
9.26207340103729	0.0861754739881202
4.69283704013736	0.0475769922947056
1.48421141290493	0.029010647936243
9.88870689617551	0.0717940779174896
1.6725162039361	0.0269175077351608
4.28003984229931	0.0514190300227807
12.6795361765824	0.083247178190728
20.5371721153	0.0850510627656561
7.7839977907483	0.0787450972784307
0.0515307157757544	0.00555929081211651
3.03816463804596	0.0487117545015768
5.60714426180902	0.0589457079612043
5.76686264108246	0.04963245283936
4.81236776936097	0.053124489607785
6.11394904721187	0.0556603218651697
0.760431298813007	0.0308958239685885
6.24779438906473	0.0758285171748252
7.85027166352836	0.064958013464928
6.46374045273514	0.061306530754769
13.5698465033081	0.0938379085586688
3.34866423452698	0.046260839591403
5.3376173045854	0.0602310055313553
3.44836041891483	0.0515985525317323
8.91604237064026	0.0827471707309126
4.68059458230676	0.0432104369606322
5.64334221571847	0.0591965050194346
10.2804492697006	0.0752112822876468
6.24220940957259	0.0606441440455086
4.25553249697772	0.0484128766104932
6.52545179250683	0.0640380103865388
6.47227140885225	0.0534547823680743
7.78211390682762	0.0696676543052199
5.89196119346462	0.0584921411485298
7.31272055850601	0.0612066572543966
7.87248830135497	0.0812781155950837
5.66554047617546	0.0508757019554833
24.1732676488291	0.105364140449067
0.0223631532173125	0.0031315651275636
6.47262134678211	0.0578400562547153
2.18913189074613	0.0367833591721028
7.9665294147938	0.0749831633623305
0.750694131405206	0.0208495646234774
5.83657229211801	0.0613721276304386
8.44234640584553	0.0798135135032382
21.019376624118	0.110479559134962
1.71984246210786	0.032549161507163
2.42379110159976	0.035041009793306
1.33021944830171	0.0274593484390142
4.72753064572404	0.0501360968214331
4.87555333725938	0.0594983855723609
12.5682475118051	0.0944699467383259
10.9265375163402	0.0837136847293036
2.07821469300306	0.0337797436795718
0.198883947774527	0.0118339737725023
5.08871451343028	0.0509407581013492
8.84861456913679	0.0678866321123213
12.5719299471146	0.0743485838747251
1.41079404852411	0.0271630778371352
0.147277954164543	-0.0111773962975914
12.6746626845811	0.0787233275901052
9.94935633329507	0.0809046905965007
12.8079235182906	0.0763265720669177
4.65204408797267	0.0549136782225397
1.51649776223288	0.030405396023579
9.18345428069176	0.0585306877505063
15.1073589547303	0.0789787453666682
3.70385177624684	0.043583878203777
3.60750337620861	0.0430777322666743
6.6480573811165	0.0577557167093334
8.01035589733273	0.0683258552223184
3.28659372712486	0.0430174728635263
1.09874917677507	0.0290018903405815
3.29372109536823	0.037141122431652
2.72280242355432	0.0352044760371885
10.5852983096312	0.0840955190428102
7.97453823312847	0.0610502691200914
12.2395717548281	0.0829942078769621
7.24660371319032	0.0613090317085456
14.9254903980127	0.0977101317252251
3.35524552721272	0.0396590657656782
2.56263611833906	0.0314185862593697
5.44730320568542	0.0583133489609222
6.01110999592439	0.0509989855587194
12.2045198252942	0.0815049624303069
13.5442324591034	0.0679884573858967
0.367039795584045	0.0135345814685466
4.70774919719667	0.0507471578762061
6.64089324897986	0.0615112899951801
19.1513724878097	0.0852711527236522
2.61243812639592	0.0357970969825912
7.1098293201264	0.0655430299672444
9.91179580827859	0.0620851035125836
1.58435646465608	0.0282446657048023
4.38934654354741	0.060882531484047
4.0230080275914	0.0550186566524674
1.47616811737917	0.0345772836310475
3.29263442723833	0.0506020469534591
4.34380722816698	0.050286076137747
3.16962502119953	0.0407997281983828
14.3343602371684	0.0820061101329228
10.6482758233524	0.0728908656600479
2.99874231977819	0.0430789901500886
5.80006071166678	0.064066682921518
21.7219197662194	0.100120865642699
11.9755874515427	0.0804135882275728
9.52929717871781	0.0766265599844241
5.69284703369492	0.0649964221728199
8.22173937664092	0.0716485211293243
19.5058418605426	0.105377156899544
9.00402359073501	0.0631210435185761
2.74786121736186	0.0459631384661505
10.2469017764958	0.0732952576753773
10.5500325288254	0.0798615315214686
7.22759026911358	0.0789118204711867
1.98667849820603	0.040299982600278
12.4862787427912	0.0792368521855759
3.6532484404035	0.0605181467823646
2.69875876149193	0.0430795019591964
8.51047876776472	0.0630294477257519
1.07231911664085	0.0227881716087901
5.42977877413518	0.0597866669951897
3.13407509591666	0.0529238314452908
6.83345296185439	0.0676563261423298
3.96086571733186	0.0561052577247333
1.14889010883187	0.0261798764944448
5.32835864842263	0.0623503137363001
2.74220431464276	0.0472972616578729
6.51409828979587	0.0555671545070336
0.809165154950934	0.0192954025728951
1.92926388580762	0.0345284311423729
9.1124086451928	0.065436994093113
4.84778749584187	0.0529057381872004
13.8176548763456	0.0736742197232857
3.85745340605264	0.0402660174743551
0.278720959771724	0.0115334908526155
2.21098650483148	0.0375847668407512
7.97082297750355	0.0809084470277442
7.02385973512633	0.0586317948997905
2.74284492588832	0.039815436288168
6.21520968541293	0.0573922760057801
0.0574032796718211	0.00486102023072628
8.47687770599805	0.0618237710947587
2.3525811412568	0.034473015714755
3.4103463573427	0.0577456904126358
4.1632222111605	0.052376259608693
10.0450404353637	0.0653153037822038
3.68575784249612	0.0454154965851275
0.677759094567145	0.0193859080584493
0.934987200975861	0.0255589824671789
12.5538999955265	0.0723312597478953
3.81973510322971	0.0496679249205809
4.17440074338084	0.0435413969282141
9.39942983767559	0.0741714245205623
2.05534443231406	0.0385382667308114
0.319885927917835	0.0165450344262572
8.25404146106261	0.071949966498111
0.0220757692737395	0.00374824969081516
3.24462037257887	0.0390383795845906
4.71261222998367	0.064805179362187
8.29231471116098	0.0653031999075038
2.4796815460888	0.0416197243340277
6.35674084166835	0.0566820387385835
5.53098828201895	0.063355097360004
4.37768529957361	0.0492375774378008
7.08279711522406	0.0580884095650149
9.26711754450839	0.0653070265700809
7.31151388822984	0.0684337716791303
11.984798087725	0.082799786833749
2.9794703664899	0.051925499273427
5.82995619122206	0.0587927653258578
0.00393178948700383	0.0015709465691764
