R^2	beta
0.308142092355395	0.0017809582533569
0.0420587980118053	-0.000674408247555542
2.07266286043769	0.00539699914590767
0.117168436575108	0.00102345974738214
2.04514209575242	-0.00463973645715375
1.13925591342775	-0.00318573740034474
0.0777482058434513	0.00098851231735472
0.768854800371275	-0.00311849970656503
0.319015132836741	-0.00200314304628586
0.409866532580315	0.00211379717947
0.446157165893383	-0.00288614835405081
0.20397712354293	-0.00188698701671509
0.128068315511487	0.00122076340389404
0.000774677312987371	8.98805511732413e-05
0.536097012807353	-0.00245886815825692
0.865065541886806	-0.00311933039315053
0.701503169015617	-0.00307767823773726
0.189340625170107	-0.00170124737666495
1.0608681765832	-0.00326694243825662
1.20801126895909	-0.00483477930647453
0.273911034182279	-0.00203667763508356
1.44123772921705	0.00363291638625879
0.489516615004534	-0.00234625562768421
6.02595667617933	-0.00817311938536125
0.361468476008856	0.00205450773669796
0.414677927998018	0.00210758451559739
0.0801390670868437	-0.000951652609839516
1.72462813316008	-0.00450911820063269
1.18149466427526	-0.00384962896478124
1.48718712809796	-0.00470932955905564
2.29584704887576	0.00536014722588295
0.707196701402669	-0.00290683374562825
0.0215834176462929	0.00060889389920317
7.67547222940656	-0.0100870500419781
0.0608783241457674	-0.000806111306962526
1.67736341346234	-0.0046303238375011
0.619635766689908	0.0025405874768347
0.780641263928305	-0.0029133000392153
0.384878381960257	-0.0022254227435443
2.35423750928003	-0.005543455314447
0.000324174259548684	-7.1826771287921e-05
0.0607224490853821	-0.000810503061438113
0.082535060958391	-0.000950453617611483
0.000654970100034186	0.000113421899723135
0.644503549570358	-0.0030604870123494
0.000217628775272249	4.90518907034962e-05
4.54128101325315	-0.00792052700785105
0.0440702020434783	-0.000822955038820278
1.98723251116949	-0.00515990787345845
0.37087156336484	-0.00203381285516002
0.382571295791926	-0.00211657905905233
0.00331133420586442	0.000222691162675917
0.23425020399891	0.00161013117367558
0.0905584058688871	-0.00100329647262765
1.69361302810027	-0.00535080479464411
0.396469871336949	-0.00199476442242294
2.31035082018489	-0.00532489803646291
0.820936205970868	0.00381560584745162
0.492869827980278	-0.00223409649963807
1.69188886401248	-0.00501603040480644
0.621862343602394	-0.00272626610002312
0.0294552128924885	-0.000614930791604036
1.18006303884338	-0.0048451139715007
0.302742605209319	0.00197895342914238
2.82874014949129	-0.00569776163720686
0.00532916835623009	-0.000257833235575443
0.125955400329609	-0.00126125743266056
0.878814103267235	-0.00361434943111336
0.296836787914686	0.00240701019162733
3.27644976437365e-05	-1.96733414372277e-05
1.21974945206386	-0.00455362134257721
0.000699033080236806	-9.10379861628527e-05
0.544838667897661	-0.00258060757862125
0.367266170952684	-0.00223038516750122
0.0113978787908447	-0.000322596242445116
0.433087564341248	0.00234854666759466
1.19196514658599	0.00455518273807756
0.00449561962323449	0.000245172850636172
0.045065287368289	0.000808519234138926
0.696155428841797	-0.00309246463606874
0.864957460617502	-0.00318232621877351
1.21278597974028	-0.00433316831801217
0.0678310729905326	-0.000922431220354359
0.105617223914111	-0.00107284667286209
0.535241083311945	-0.00290217819476758
1.57995195663639	-0.0047796759948289
0.080996011861183	-0.00135945526540132
0.440854640887692	-0.00236126851318045
1.05545303321054	-0.00360311688388896
1.39712396845963e-05	1.52413925527477e-05
1.52013883857864	-0.00405393202400137
0.273824946621929	-0.00212339632837904
3.37430441452575	-0.0060947971695473
0.76213767760901	-0.00341967976575015
0.831890673204684	-0.00295839439525932
0.788741588729711	-0.00293482377454363
0.0218925653729298	-0.000565239348652885
1.10141767488939	-0.00359706185261784
0.580388532417408	-0.00281843242933792
0.0502203564265297	0.000827774819415622
0.000955406732996758	0.000104681329429144
0.0517530667195143	0.000903366885011238
0.357864174411934	-0.00169769823824156
0.0521627593548959	-0.000785954770467985
2.15982857012927	-0.00608840078272221
1.50935485550416	-0.00479775057968632
0.270197896656026	-0.00200124250666539
1.07437759893165	0.00383230160849894
5.98628664675807	-0.0101110136187978
1.6951991542649	0.00488817083870075
0.992733770172054	-0.00520834059812934
1.16902283091534	-0.00396638201852367
0.484956780567951	-0.00291471615791442
0.155126717380307	0.0015874605579487
0.612579179397965	0.0024086013063929
0.643057820517923	0.00340834548837543
1.41484825435491	-0.00429460542445583
0.00190852447703258	0.000154110324820115
3.82369844608165	-0.00760837946341872
0.214952356808286	0.00168667706649693
1.93965211544161	-0.00541784839206675
0.0326170618086228	-0.000747630461672794
0.436977934872675	0.00257093823150522
0.0175609800274734	0.000437587582832669
0.870600144167813	-0.00352940596085549
0.26925135959823	-0.00223976735584874
0.052643222734621	0.000884996259073203
0.20693891480443	-0.00165320382240855
0.0133063178754487	0.000431830089374377
0.433367861703084	0.00264005899323645
0.916581212394651	-0.00336229197495861
1.13272688923127	-0.00341095104375409
0.137849363578299	0.00122111032954845
2.8346275877014	-0.00575221979110083
0.150016590397514	-0.00138835230944255
4.79237804135866	-0.00801421882028665
1.39091388319018	-0.00415485707095566
0.340756223964889	0.00230974057288347
0.0076035949299925	0.000249167152727956
1.24098456671729	-0.00444627146614021
0.117421079958563	-0.00113605449393101
0.116498207084672	0.00139217437202642
3.02918821545035	-0.00617321535454816
0.0213235000956756	-0.000495052544031925
1.99708486168261	-0.00647852387992055
0.229019424112511	0.00174449441319206
0.668216160910476	-0.00277651876065493
3.97378857969555	-0.00562732905766857
0.606238856580754	-0.00234466808429408
1.79536036141699	-0.00542265700709859
4.99784855009054	-0.00738738605665093
4.95630960753766	-0.00962697763049142
1.37383719944839	-0.00436644154280604
0.956933793368299	-0.00490405134436694
0.271835978871106	0.0018620266710645
0.108613090482771	0.00124085089713529
0.84141757294971	-0.00369047265029567
0.394416332377794	-0.00213727821870954
3.13957734412903	-0.00599703677906564
1.46932557672612	-0.00421914291885312
0.343486234890554	0.00257752468180253
0.124219880954218	-0.00137457030849536
4.31052756004867	-0.00734166475078288
0.257694952507991	-0.0019423340797323
0.119777064805312	0.0013215917939329
4.07397160428552	-0.00654908738195191
0.188531938023	0.00146002612941339
0.557750695231743	0.00204628387920823
0.789046784982098	-0.00282510995288764
0.000899054574159779	9.76193395199838e-05
0.0463743897199893	0.000800099662110544
0.0697157700662315	-0.000838738815588728
0.0435443542616142	-0.000879792547983692
12.538211070206	-0.0141224518313136
0.252582866553689	0.00187641595792186
2.95314313573464	-0.00710977645567266
0.00115631037142427	-0.000116127204212199
4.756434944108	-0.00807483042593097
0.0357859650434159	0.000723606266933335
8.19411466894199	-0.0104039889249136
0.727936341769472	-0.00324454296041764
0.380065492507547	-0.00261347446292383
2.77142302469738	-0.00533053176421225
0.0253286430476483	-0.000702415202563804
0.0410939032126142	-0.000621337731562782
0.42325995757177	0.00233116658594012
0.0398253968729492	0.000696108841895147
0.293171436569992	-0.00222310347870896
4.01140587954486	-0.00763452887416157
1.6020558303591	-0.00462154723976511
0.949128332682465	0.00354838787733299
0.970080217026575	-0.0038319725195918
0.813378320899824	-0.00370632729783155
3.1574074696751	-0.00675691557982351
0.498173812632545	-0.00256857198105435
0.451195963930049	0.00251948949101181
2.13725676241757	0.00580255593784052
2.94002090682625	-0.0056478640206516
0.138782064585181	0.00134532630279494
0.178504107386072	-0.00154414011471367
0.311429059334641	-0.00213272061107878
0.0488097751976366	0.000750760583629523
2.9751186109392	-0.00696683741942324
4.25428400716084	-0.00898233698605593
0.0125309242014491	-0.000415692257993124
0.332537422869361	-0.00247061046813641
0.810453979761247	0.00330814071038354
0.0296018906209426	-0.000675254878750681
0.703475563876011	0.00344589135246752
0.447045833897512	-0.00224612870392411
4.55147335854899e-05	-2.30998278609714e-05
0.348128499799215	-0.00189215271753454
0.714898990537734	-0.00310350912270924
0.0832570837387405	-0.000901199999925446
0.294584785384974	-0.00184503924741692
0.401582921004258	-0.00233686233071957
0.0298262687606478	-0.000668046639800669
0.378064623633382	0.00188188073493879
2.48883416222239	-0.00539840187738936
0.163228299701299	0.00132643518519325
1.12551900507173	0.00451174696169892
0.339897174029697	-0.00215420910243974
6.91098416510946e-05	-2.80062757575995e-05
0.0034788369580913	-0.000193244340640862
3.45406664270633	-0.00730296635784546
0.0122258111047323	-0.00043450673580259
0.206704136302714	-0.00171673974388864
0.311662740018449	-0.0021312312856536
0.065991859328129	-0.000939230176519696
0.0421893854989074	-0.000799303716857656
2.89655774914388	-0.00591191895675319
0.970062842801331	-0.00450758194129337
0.083839095264358	0.000938632360429857
4.72795742998507	-0.00955387257392278
0.349360523450548	-0.00240434266125033
0.21119359765664	-0.00167305606360092
0.525723939115378	-0.00247024117134465
0.0694549081255605	0.00108621312932658
3.11075670207917	-0.00474403198750439
4.11107775643749	-0.00732390374344314
0.0370428798459286	0.000734823325847648
1.59011789510031	-0.00476045154839388
0.314480546424567	0.00176583065236345
0.181976844280737	0.0013435029501235
0.0355004190354791	-0.000722505140285108
2.68101264067387	-0.00802396172816642
0.17663932124137	-0.00162212635246987
0.0135570635928195	0.000385915664914016
0.00625179169544886	-0.000255560262935815
0.445947149787387	-0.00281005502955137
0.364101658333114	0.00225546993881487
0.193463264069265	-0.00161338855964782
0.00385665179331307	0.000173376244349934
0.0206672821018086	0.00053937645650698
0.0116203215341398	-0.000388046548431291
0.424274011841873	-0.00250276500575319
0.379551702975837	0.00203156302134922
0.79536414682172	-0.00334554005624451
0.96990924162544	0.0030474179422339
0.00510717940927617	0.000342816734782898
1.95850255436572	-0.00593903128020925
0.111358046647213	-0.00121233530020594
0.0357360838352956	-0.000580465263102717
1.34745180862674	-0.00418902326874292
0.229654423049981	-0.00167911750899661
0.0166131209677841	0.000464092184626374
0.788310069646841	0.00321919573881746
0.140862692418806	-0.00125392795435717
0.874366725660523	-0.00344593995488892
0.127588112212833	0.00143160353858333
1.06404864502084	-0.00345089076808929
0.513279781195828	0.0025571867479639
1.58354406076294	-0.00443416051250418
0.0162918846291881	-0.00049167770800799
0.534189103403649	-0.00253571775482413
0.0165135060709139	-0.000414542605179371
0.529878427036719	0.00270193024060345
1.48163477176105	-0.00400408911737592
0.9322211191304	-0.00326125087471556
0.00238932983661072	-0.000152656912413282
1.68356561061705	-0.00437957537017735
0.459758977830328	0.00237862244754044
0.00508027760042715	0.000263866276106339
0.00429165273802997	-0.000240081569300637
1.91320503882747	-0.00466238606180945
2.79384417291954	-0.00591414239130541
0.211080732799016	-0.00182774145415
3.69610230397288	-0.0076782673041975
0.031422676891717	0.000621309155655846
0.0921647920563476	-0.00115055505624574
2.37285382599759	-0.00606683759919146
4.85733270171438	-0.0102453833794181
0.0307260996939917	-0.000616242833368633
0.418022563062764	-0.0022106858754968
1.2166490707486	-0.00416348090841714
0.700682670687608	-0.00363632447937506
1.18518084764466	-0.00400469300999103
0.407922473730197	-0.00264503988465582
0.0711307634870309	0.000900832972290394
0.556291690911825	0.00264514820068635
0.0106038260341401	-0.00045559127361627
5.73058286945744	-0.011723104624248
0.818063483708921	-0.00334747740389187
0.576103344595646	-0.003371891767312
0.212875078824095	-0.00175503945061861
0.636828012036864	-0.00300616883614728
0.133362075741308	-0.00121290413776623
0.0526478838280093	-0.000945052198693278
0.195267274744387	0.00185430268909381
1.9993711813089	-0.0053792523483182
0.00177685628236733	-0.000170882383593083
3.99390287018203	0.00733885879269087
0.00203947404582788	-0.000156603049115326
0.170282340629604	0.00147217828486723
2.01824694463967	-0.00548046676579989
2.11072936628815	-0.00553705872310116
0.00305963412716825	-0.000212069650382222
0.326858565930976	-0.00219924766563132
1.75915795262555	-0.00449867618919524
0.011095830491886	0.000380387230352772
0.182115261249641	-0.00139483080404126
0.0725036970293448	0.000859140135745489
0.722327009013047	0.00333423924790146
0.287529511225	-0.00183740449301825
0.0193309247547571	0.00052169866893091
1.62257976775548	-0.00470269519639483
0.297067590904253	-0.00206874353277264
0.739443759124395	-0.00291569393206768
0.725002705607002	-0.00297290712045756
0.00429478012313893	-0.000209038007705422
0.00376485901580744	0.000245485045833652
1.51026462143952	-0.00497343565453928
0.00167218723575216	0.000180412867812858
1.29467028882001	-0.0041214625968214
0.039481412002309	0.000771858360209864
0.8702148532066	-0.00320903783907085
1.03511013844441	-0.0028648973879942
0.00476610288768298	0.000232623956017679
0.00183720404940858	0.000191686233941251
0.739320567557601	-0.00307927102330256
0.0936615606195176	0.00120176937997066
0.218313031138103	0.00210065134528794
0.001375453074876	0.000122486944028488
0.487749185853236	-0.00330510446545144
3.92804072276315	-0.00820149851909862
1.89211578405517	-0.00522847670241555
1.68040999383867	0.00414577375728148
5.48548893826275e-05	2.37566542695269e-05
0.317147032645274	0.00185835261099242
0.056513022939264	0.000822768246255921
0.633512206314022	-0.00294164681149675
0.623146697052221	0.00235782304681268
0.598984973373214	-0.00264680198518178
2.29458087646651	-0.00511783770253479
1.99699109504307	-0.00520398174136963
2.3009532955273	-0.00531845438229171
0.025842417693212	-0.000589934794938758
0.427166817516575	0.00231801285291661
0.0437475233586535	-0.000655342395276531
1.17944314236858	-0.00385257521997729
4.04886853792721	-0.00758229181766811
0.0935464735783176	0.00103919757711727
0.00930600677356544	-0.000391672701513439
5.80306646307439	-0.00880292930370043
0.0431810140792077	0.000663428801739005
2.67824989827765	-0.00540338505183847
0.0119593781879957	0.000409061408964107
0.084326858118121	0.00093448919135906
0.00146058230520058	-0.00013120663162539
0.282998136924881	0.00207029990387516
0.289460293248037	0.00167848109144755
0.792715766130748	-0.00308813464176784
0.292520136360077	-0.00201984064379943
0.869934621514068	-0.00383681075405412
0.594306516685136	-0.00242910686571437
0.719821161454803	-0.00329023163282408
0.0626165164421038	-0.000926919270234308
1.21204501122275	-0.00421809936735725
0.000575716024629287	0.000103574434227297
2.85603261760203	-0.00628069204772685
0.560868981480874	-0.00203020924406317
1.51765067821289	-0.00501418854034558
3.62952106735554	-0.00847342775840886
0.668790175217509	-0.00329184000624417
0.517074540581292	-0.00261615321746334
0.00758176887629101	0.00030919376337207
0.0107230259175183	0.000414170520383236
1.14237447063857	-0.00397051916551538
0.00524051964615585	-0.000288627272798135
0.814544576421395	-0.00384451190885812
1.07767469687417	-0.0047749899665265
1.35266266432529	-0.00358299007382748
0.891104942994804	-0.00288607958596179
0.943728590870995	-0.00358473883837162
0.287745023187932	-0.00191358903349829
2.27056594667308e-05	-1.69510356163198e-05
0.869395379705381	-0.00338118031351189
0.01556940396976	-0.000454507790196657
0.23295528854212	-0.0017394747723053
0.000438471587420584	7.06026079791188e-05
0.0586731328669823	0.000844330087429883
0.112540482287207	-0.00119101824826121
0.185941833655373	-0.00163890100445294
0.0424193380412092	-0.000757801001066303
3.62951256792222	-0.00619038102261704
0.198761785451034	-0.00147569247872726
0.108480748443376	-0.00138452275315953
0.260361809973391	-0.00205033737826128
0.154166168965212	0.00168954436748323
0.538739108093436	0.00295204081713146
1.9410329738426	-0.00557461607809031
0.0810995954803647	-0.00120078577561855
1.39926923245636	-0.00414542495385511
0.0366519756345034	-0.000674441098638612
0.0802323158829475	-0.00105340674470866
0.0124278788437315	-0.000423709748250975
0.765333750901099	-0.00330870843919103
0.346350141039851	0.00193295087005819
0.0468556528798438	-0.000805958223259339
0.000182224599174612	-5.13543356914934e-05
0.0549755744343013	0.000897473049398028
0.288209225662168	-0.0017619546682658
0.0530332889825487	-0.000785042074764735
0.316486812495244	0.00205394147520186
0.464244485989201	-0.00245734320410416
0.154530141901946	-0.00115819765803917
0.0952323398605931	-0.00113693454389022
0.135589026666562	-0.00121991916625438
0.0380514915173904	0.000688554817122204
3.84619631992086e-06	-9.03541243171994e-06
0.0762956232820764	0.000894419993385951
0.350906463146344	-0.00192028376583523
9.42914915542745e-05	-3.45390762467199e-05
0.0967802294622266	-0.00111554653662702
1.11452325271497	-0.00431741896980707
0.526843748272744	-0.00251566825916094
0.00479889419716676	0.000320986046072877
0.606829990743183	0.00280719288992932
0.0705323965634094	0.000849851990001783
0.586174162652113	-0.00266163418234104
0.938334313322257	-0.0034326465459978
0.671251882641042	0.00316154791394525
0.0894263714144825	-0.00108050083337184
0.7511032396042	-0.00311597525156223
0.648386225582126	0.00293356321143666
0.0184994397787629	-0.000544029939970989
0.191610870217441	-0.0015795471818426
0.449175342267569	0.00249104902066522
5.11125715980208	-0.00971299205880792
0.937645290072524	0.00341674407371388
0.232755193143848	-0.00172877654688752
1.10283853785529e-05	-1.22986503237458e-05
0.289030718917264	-0.0019736813515335
0.0052309932565709	0.000298792380665049
4.76187580456315	-0.00753390214370838
0.118831177197763	-0.00140238408316325
0.293424017728187	0.00208849559770776
0.0948756719248383	-0.00115272614388956
0.0244772659902807	-0.000540288349037364
0.604987088964757	-0.00285138849335138
0.806743452549165	-0.00377744218246627
5.09520518202698	-0.00634279430275959
0.446531379856021	0.00230164965315476
1.22979770439957	-0.0046079196811552
0.142866667396585	0.00172891279979254
0.12514842813173	-0.00117995539010016
0.0328950696854374	0.00070462535600904
0.109895540079766	-0.00111794209535187
0.996947971236754	-0.00394902996788129
0.15085704726093	-0.00144102603501341
0.678245178761308	-0.00310938210184098
0.112200195464412	0.00137630352050093
0.0380874456711194	0.000712289561251149
6.32085729648932	-0.0092891794218926
0.000183787707995134	4.77316117627352e-05
1.06417924349651	-0.00390548285428232
0.242517860640351	-0.00174314945534782
0.879535749233401	-0.00376036050305588
1.8891693824511	-0.00577934540808044
1.02247067692922	-0.00368861681689664
0.0659870345941067	0.000954409393563112
0.0940483980144182	-0.000986194236677831
0.621708296109192	-0.00278764032909126
1.07028120290396	0.00363562336827669
0.17146796620299	-0.0015806604584109
0.0841214351322457	-0.0012166434637995
0.221381658732381	-0.00142454070682706
0.129162075583661	-0.00131211119395303
0.0213234192406395	-0.000631782143513069
4.61167678918079	-0.00802973077348983
0.00536217751595561	-0.000276470367227651
0.00899919184864034	0.000309386972841396
0.528975905414107	-0.00313756164712176
0.275478680838737	-0.00172294759741656
1.76035699531215	-0.00498845484587597
3.28542562935768	-0.0062777479466159
1.82220442807026	0.00421788138354712
1.49120724221868	-0.00397233426027331
0.0393885092492369	-0.000896218124421857
2.75423206286605	-0.00609972525305866
0.413051455975178	-0.00243916120855885
2.97096944207562	-0.00648068851988339
1.20233198227089	-0.0034622136357046
0.120441253757056	0.00148655971190664
0.790329664671806	-0.00295930681486881
0.19385590299598	-0.00141455050673118
0.0208527793548188	-0.000439814071058882
2.00642246214095	0.00428796073547652
0.112435980212711	-0.00116123297115504
1.3650733022213	0.00366479575606538
0.449266254474203	-0.00267606014739595
0.0792531663337273	-0.00105583532768693
1.18526983613003	-0.00399461900209996
1.54367214166916	0.00509496502134244
0.569979495211419	-0.00225704724887978
1.55457716138418	-0.00508236323405611
0.341822283024268	0.00194821515021772
0.11472759930449	-0.00112393213399837
1.42543947881228	-0.00473484712279337
0.130671842479372	0.00130096514137425
0.140313527567175	-0.00163121389896513
0.863302585525471	-0.00435969166900672
0.00614342555629034	-0.00029238638150294
0.17959466819262	-0.0016804777744773
0.484832871269162	-0.00240248240160112
2.05467789622485	-0.0050969759129039
0.0140646243203079	0.000421504446364733
3.09890273083867	-0.00648080603581351
0.797982707756626	-0.00361142278245172
1.57699905322782	-0.00434454864249523
0.585949228187039	0.00312515387027852
0.0765778584093455	-0.000938823310967465
0.00931094872435025	0.000335682072174298
0.125461802421602	-0.00113732348566712
2.47692938128588	0.00499998595788261
1.44675489289606	-0.00513615390299207
0.119869764058269	0.00105848160906585
2.0149368774725	-0.00529418262507028
0.0456295885759613	-0.00090476912959192
0.0154603823387035	-0.000414806022644863
0.372156346945634	0.00233109587567172
1.57469684221493	0.00469611396304241
0.554995194510425	-0.00263963289198779
2.70889116097982	-0.00630111800767104
0.0161821253893352	0.000544898876151591
0.163713380943166	0.00159407847769797
0.489595461547388	0.00244571283460886
0.919591930936989	-0.00303135127122058
0.692079016178689	-0.00320200659032312
0.236903765299581	-0.00184724625979547
0.0523004181556346	-0.000984461940231859
1.12548421952506	-0.00379484750389101
0.0726122865454186	0.000992550236072094
0.791070168358266	0.00330412326427605
0.57869933635191	-0.00269641862527551
0.139432326998949	-0.00113002194268336
0.854405823132979	-0.00343935551119511
1.31464009957359	-0.00409697347042805
0.0708176055160336	0.001090977663383
0.167041105088287	-0.00144413945287262
0.663993999183085	-0.00294344081617044
0.000998970676098696	-0.000135365664278763
5.18447038074896	-0.00613232418626927
0.408681660767335	-0.00274504851990833
0.778902280678449	-0.00285554755834997
1.14460722932354	-0.00350182417177131
0.0230468976915962	0.000615219057689527
0.631329622390243	0.00298809166929278
2.53585689706909	-0.00549616080866475
0.0107768907844965	-0.000345406373036868
0.0633372936486825	0.000835335450493488
1.65204534486338	-0.00415242694945831
0.39277694314726	-0.00237502215163118
0.020972007122664	-0.000658757943807094
0.310637989843642	0.00217132679240344
0.427884445047086	0.00209402074658074
0.0541448560664607	-0.000778646685693705
1.23436323214049	-0.00371869802717325
0.968432238515442	-0.00392222630108402
0.197362165435553	0.00133774107702883
0.166537899685192	-0.00152398900340217
0.22616018356995	0.0017328996469978
0.248736273782376	0.00197508662927908
3.3114738737864	-0.00723211186462714
0.509521546639176	0.00255171517326474
0.0374302273991357	-0.000662936894787512
1.14099260618642	-0.00419599610951204
0.214166985269968	-0.00162027199838352
0.492538591409874	-0.00262404813847028
0.226302609166514	0.00174294001950908
0.0774040932276931	0.00110152530335358
1.24888859861579	-0.00452813406905842
0.0742337050631549	-0.000924863805380528
0.110866679387329	-0.00110557562186647
0.0207248515862704	-0.000480884838093879
0.00143523876308517	-0.000147022301942665
0.308936091081974	-0.00205093065418124
0.170867964133411	-0.00132453108722237
0.757618952132497	-0.003039443246279
0.563179468100705	-0.00278427884623885
0.384031955112711	-0.00208489883422213
4.6003691443517	-0.00827557605878874
0.365986454356961	-0.00203279537235939
0.0493120009554666	0.000758782772495189
1.40759694531737	-0.00470948474063787
1.44576859358952	0.00367541840952334
0.146964770863478	-0.00134807921018737
0.0323032320794301	0.000546002321267942
0.719997434817545	-0.00283360393770787
0.110733869090996	-0.00139698535473567
0.123914043859554	-0.00114391200621316
1.42547218047325	-0.00420155840970144
0.224523010391209	0.00162979548580228
0.315528202045611	-0.00193674864766757
0.198325794553899	-0.0020168197824504
1.38339810252154	-0.00440677692771935
0.000250250436355041	6.85417828173885e-05
0.000132439884481267	-5.55054072501855e-05
0.0243063227851037	-0.000606351174987262
0.627413315984333	-0.00287472007767231
1.42086858705271	-0.00424452740161069
0.80532004825686	-0.00300196882874273
0.865444520761376	-0.0033713347529895
0.00930016163622986	0.000346437273194401
0.930399527751336	-0.0031740651539054
3.6786724590643	0.00831752745281708
0.469386731758893	0.00279976430344623
0.184500442174589	-0.00150161846508339
0.987042589292484	0.00350479383601229
2.17852719771968	0.00553773635393023
0.0573442821566451	-0.000780962684774592
0.175671766537106	-0.00149465428253571
2.91893520894243	-0.00701019361191507
5.2605269523257	-0.00713234476704282
1.92897788687259	0.0055847310061483
0.61881449693881	-0.00257129095968349
1.64860913376783	-0.00538140012462628
4.50503611267582	-0.00710217783770762
0.676191962798755	-0.00286027075318054
0.0448823219341852	-0.000700683041780853
0.513180197499221	-0.00244197150796702
0.388716806062008	0.00236753726633552
2.18413171307761	-0.00601427686322722
4.39535549039966	-0.00754730763142237
5.08049729302777	-0.00778120853192812
1.90213384534925	-0.0053948905067533
0.0273184360522407	-0.00062707499557938
1.30583140113199	-0.00451768214316768
0.00229490288501101	-0.000179685500704395
0.272402160321462	-0.00196268955023295
1.81015439160733	0.00570213586747837
5.19418112332458	-0.00940299632605674
0.00251965223019828	-0.000164772415764537
0.302037127721476	0.00190901584696863
0.851542101875323	-0.00369061165310429
0.0369976370710623	0.00069615255255251
0.339387472675236	0.00223912056678426
1.06506388092125	-0.00393637534478
0.155768248784227	0.00131694951376779
2.90217016060262	-0.00530871823641361
1.36291648567527	0.00375539259184546
0.0306456958373241	0.000630145076339393
0.0825365728450967	0.00101523057810509
0.419508322317305	-0.00226245823784306
3.98055205041405	-0.00828306874117478
0.263423562791514	0.0018329225288031
0.000173330707245457	-4.940567104728e-05
0.15101859401926	-0.00152154706601003
1.25399850718682	-0.00428806822024416
1.67366456719902	-0.00448572099530647
0.150152137930028	-0.00167769123303968
0.0287930744120762	0.000547780120962469
0.607713702576806	-0.00254734609109924
0.11679335977006	0.00123236910115273
0.267253446482516	-0.00162692306567188
0.294155402966062	-0.00228504559216621
0.607790685454535	-0.00301782704503522
0.0136193248232684	0.000385727877661102
0.55685250799777	-0.00282955049363125
0.245314497302019	-0.00180213591388439
0.21568948095091	-0.00164289012387289
1.77481224831006	0.00594179323926549
0.132885655074349	0.00159154517958035
0.11763405648355	-0.00119481652509878
1.80724753271488	-0.00509060764540785
0.060612804077744	0.0009256545344137
0.0675948311132901	0.000999144802349933
7.45792475899347	-0.0107644642881594
2.73199676801572	-0.00702398182348059
0.524576241586894	0.00290440845563678
0.00580400531356966	0.000263407896363928
0.0940927673546901	0.0010974130674605
0.95192992729361	-0.00381331831438339
0.0263276954788387	0.000613842848016495
0.118588675589017	-0.00118578143420557
1.30115980881803	-0.00467427455316127
0.728638557757923	-0.00341681633963532
0.0771433796242976	0.00104783966104917
0.0360767314138381	-0.000698524845182919
4.01366730057739	-0.00643867321136883
6.5142459886861	-0.00889527024813901
0.572989278385703	-0.00287041924126405
2.41759430364845	0.00477838695591163
1.13332554671475	-0.00522873741184092
0.212651687107341	-0.00162760964455894
0.329645018088821	-0.00249490734018122
1.20380318969128	-0.00388600114773445
3.6834604285784	0.00631415347669585
0.156007653803101	-0.00127838224143097
0.231801451036121	-0.00191562485691027
0.169301302558572	-0.00146284435362328
1.57568180472243	-0.00591234623014307
0.613145925883976	-0.00255606869251273
3.84203149649465e-05	2.46047370879973e-05
0.0300815100789517	-0.000663535516875977
1.30380891413779	-0.00487919912488136
0.430522651326967	0.00292092665572012
2.47199773467248	-0.0057573818413111
0.423584006473954	-0.00196930619456652
0.27532047226688	-0.00211114362222667
0.191892559555405	-0.00149419880604816
0.733870910254858	-0.00242298567378733
0.66292500963827	-0.00308259179298692
0.258185995328805	-0.00193749930545491
1.04411183695332	-0.00389304057806431
0.22542490162218	0.00168660587179855
0.473864127136082	0.00300713198690704
1.27800645139499e-07	-1.23281775158271e-06
1.28494138031089	-0.00409189385967237
0.0521899828258873	-0.000725423381163073
0.00422595892170717	-0.000196414752392674
0.0381708841416538	-0.000630614346224
0.480151103161269	-0.00279508472362812
0.0190917435166254	0.000430101158040888
0.283266369708423	-0.00180507625167304
0.0850196538604798	0.00101071221699603
0.978676806853352	-0.00353682595736531
0.354034711550293	0.00259113864494522
0.0755029518794051	0.000886910766907124
0.389653060742764	-0.00248792169142716
2.20062179811224	-0.00528485938254414
0.214406438422275	0.00217637496127822
0.166664584540182	-0.00153959688147343
1.14676010201273	-0.00323640364723793
0.403573822955593	-0.00203816027941987
1.12661547479079	-0.00376359761754491
0.426773995745259	-0.00209496063595188
0.261254705239168	-0.00227338631102791
0.101865526519278	-0.00109170434702315
0.546811712260793	-0.002450793509797
0.184682203856405	-0.0015816409425045
0.229500225347584	-0.00170165005743517
0.587736609061573	0.00342407146091055
0.888825665178778	-0.00348240569124552
0.0201454163846426	-0.000618751493647919
0.302760244312301	0.00194283926151626
0.489313497900239	-0.00244399434529817
2.14553520993171	-0.00546109708218143
0.911463892443142	0.00329728229927676
2.67337638114191	0.00586508181909755
0.115622252876073	-0.00121768580950123
1.18623668390658	-0.00409978559323567
0.105060540599045	-0.00106189252341111
0.667774401224047	-0.00324375683231563
0.040050833956991	0.000836649274635937
3.41290839896439	-0.00663034223836571
1.95082789500509	0.00484500239257641
0.749347700229371	-0.00365955856768715
1.15103960312946	-0.00369272547685264
1.43114172231433	-0.00505941663526546
0.638619732815688	-0.00298970654209583
1.89757414375686	-0.00486461048699301
0.387324568346468	-0.00248513511408435
0.0515325397588872	0.0010119420155863
0.0922433340514785	-0.00102617077993819
0.00118488433014131	-0.000124067331306918
0.128934523737165	-0.00121659353172282
0.52862300139145	-0.00236852767307666
0.689255417635887	-0.00287014040286508
0.00143208762663211	0.000150093575435453
0.150068406312747	-0.00167059283046717
4.40408592034154	-0.0080617040661484
1.01251275999696	0.00365947343054986
0.385509124662833	-0.00205905446295176
0.710423500545962	-0.00288995189747621
0.0827366618240661	-0.000994245968014465
0.0222753094404983	-0.000451108125724944
0.774990906961095	-0.00320196941306874
0.0385277495758754	0.000700116905817387
0.0156457340663427	0.00036737603392189
0.000598662106636472	-8.40861930094653e-05
5.5228937017473	-0.00757986637154787
0.822503142309443	-0.00373669396932497
0.482216196622729	-0.00265055418439377
1.31893822586942	-0.00455384859367357
0.000717370947097431	0.000111493496344723
3.47105671504628e-05	2.66419118054938e-05
0.415374458255825	0.00221116198422703
0.841393537468485	-0.00280202898424025
0.102477247547022	0.00119685455414747
0.012901487147382	0.0004653782756664
0.769148405515832	-0.00351142048514954
2.15604145034465	-0.00456115768635152
0.0190722521135901	-0.000567737817588373
1.27591760029509	-0.00397466292778309
0.944055443603963	-0.00306992842832823
1.29754325986231	-0.00431640861731277
0.00897485686708845	0.000292857904022232
1.3623250081313	-0.00408134092181801
0.170616032851677	-0.00154520737969966
0.448043101216464	0.00262317394214945
1.21042076327687	-0.00353250950915577
0.63791050164941	-0.00317963235369023
0.9451669280564	-0.00420798462659312
2.09208020122755	0.00481715633466461
2.48857259149772	-0.0053094631491506
0.177693477081803	-0.00152553606556669
0.531059328214508	0.00249978660088541
0.17270930924777	-0.00181073803530807
0.797555769025105	-0.00309508518920698
0.0339479031634791	-0.000597843858139158
1.84379604027948	-0.00456371285495859
3.35176391907182	-0.00718746101338833
0.175423598817298	-0.001712514507724
0.0905922480715011	0.00116323183326456
0.195158807385855	0.00177230981397049
0.21681517899874	-0.00154971931186555
0.0275834944503503	0.000637699955627471
1.05482614286272	0.00400344862489513
0.0109288708201357	-0.000416420226462547
0.0510624935444052	-0.000979744476122457
0.881797587175207	0.00366340022796439
0.0178290542522077	-0.000449983163793354
1.65927467390033	-0.00432897445454926
0.510579522436979	-0.00256313973409297
4.21421700112334	-0.00765902744530829
0.833250124102338	0.00312006029282716
0.242974096516202	0.00184307902391396
3.33569477552524	-0.00526708412487741
0.163952159903807	-0.00140686294159535
0.569420244716241	-0.00230615800087709
0.272676744670159	0.00180024277897472
2.95801544618622	-0.00642567739590409
1.38657261907295	-0.00358475624965053
0.000300892419194861	5.34036865887644e-05
1.49954069314816	-0.00428473955861716
2.00088154032157	-0.00505015164022458
0.549289817167928	-0.00300680937131295
0.563921251312784	-0.00304693227985247
1.86866594993696	-0.00382647459189631
1.03801441498877	-0.00366368084582464
0.143432732320828	0.00151873904419604
0.016175098016046	-0.000562588154963702
0.307186481073334	-0.00222447856998524
2.96779710845595	-0.00632878403908702
0.564566933025311	0.00292733484604788
0.0579407553288025	-0.000876665809862399
0.090787193176369	0.000884126635747403
0.307067947545897	-0.00208376979765655
0.10246040026876	0.00122537529050448
0.0430315614439549	-0.000754153870287222
0.011888301484612	0.000353077582570158
0.302175405831336	-0.00159921095793602
0.0241897514143882	0.000558161342102886
0.00110194301013004	-0.000113729227572411
1.24787634274653	-0.003579642099329
2.53337417692694e-06	4.7090316321449e-06
0.0506251099400667	-0.000829722040968214
4.06838639821656	-0.00671681505371016
0.0104788584964365	-0.000360934885658075
0.541214110573088	-0.0025709968701855
0.0519635337129075	-0.000854607227547383
4.73098451598633	-0.00757832795641906
0.453011614703078	0.00240359125286948
0.104985831447156	-0.00124142491821911
0.00433320005958854	0.000225881658609712
2.17833059431828	0.00576042644716577
0.023126823489965	-0.000625168297484458
2.71074288146641	0.00505580887863718
0.294437108273769	0.00173865798580245
0.459674183668064	-0.00262391925646724
0.065726379974019	0.000873784418535299
1.00558493491437	-0.00446804469437341
2.33174114689826	-0.00556248405856242
3.96347411515473	-0.00649819853542175
2.45336212852798	-0.00542715215402811
1.73311200563136	-0.00503025381123788
0.0548623625996112	-0.000861966372951999
0.000483190287986956	-8.27258612310935e-05
0.224911318764109	-0.00196067255422024
1.05429553550771	-0.00317471892045233
1.40642014169375	0.00522247638865382
0.781379556087801	-0.00320928029254312
5.28644390657546	0.00754768896293473
0.525581882195035	-0.00292771395005087
0.213846725610113	0.00168782941162848
0.0284704985798303	0.000673660779674273
0.258368902817638	-0.00180222138058453
0.00793551528834029	-0.000368834205727307
2.83843167923131	0.00602916537062208
0.0319668585157666	-0.000649650566327643
0.00285378644850436	-0.000199187063913685
0.35178809608144	-0.00199742135161629
0.107780911963753	-0.00129805284148621
0.0115629617082372	0.000333993615752371
0.27689378990704	-0.00171636021766394
1.45236438094461	-0.00492758737463876
0.367027532671132	-0.00190940271627451
0.209139564058865	-0.00192719623648256
7.76678401972507	-0.00981240785739711
1.02856221363106	0.00429362472817477
3.15738053315112	-0.00640509732004295
1.59387840885789	-0.005310584904306
0.125016428386738	-0.00134396698329844
0.652229678123809	-0.00328425723920118
0.576450701045729	-0.00311902892772076
0.798392425128742	-0.00362224451722854
1.34534702467431	-0.00484202360143841
1.79673375012729	-0.00455182930322026
0.319645342671494	-0.00244789151963517
2.28778095348114	-0.00607458520640578
0.459240284816958	0.00204139587014224
3.84164284657151	-0.00741005783287324
1.82647902052514	-0.00484502074545744
2.60224251772859	-0.00675188913737275
0.314670708389854	-0.00194107860848433
1.44569976377557	0.00363455707992252
0.214680376946802	-0.00138250010639846
0.404140159592172	0.00242998287465048
0.724697609838374	-0.00285677699168462
1.06656380395379	-0.0042315559823451
0.2351607719954	-0.00178576594717043
0.211856119051898	-0.00148524495156064
0.272064651004447	-0.00199960586886863
0.822408313733215	-0.00353232987816295
1.23865352972487	-0.00368628788355201
0.143935525734577	-0.00128470238875678
0.0185473593616533	0.000565048484836762
1.29002108906493	0.00476241137462321
0.133174872594248	-0.00136247514188614
2.98479448231922	-0.00690380562203714
2.64704672039452	-0.00672814265055929
0.0349390750150323	-0.000659832610439207
0.0201555480638564	-0.000523090150114183
0.204942619660624	0.00167208756233975
0.130926128207056	-0.00124173368553195
0.249441214522977	-0.00175629628914147
0.128438272774146	0.00129719730497694
0.243485725241286	0.001932756375265
1.15809571765819	-0.00350103860056595
2.20661273750923	-0.00632839284362493
0.104875273226881	0.00105935890865808
0.314990450840067	-0.00205452339499233
5.5199902037649	-0.00947590701592129
0.114140542210286	-0.00100032566190071
0.0205054192152709	0.000412001394476546
0.0805318658785815	0.00103009994960684
0.741560132513863	-0.00306312220791261
1.02556589618464	-0.00348559575633592
0.488247572834481	-0.00223764940982501
0.0582791748272451	-0.000852186392367272
5.10918775589131	-0.00941064557049852
0.45293048920648	0.00234405565241273
2.01931043054283	-0.00510864628107406
0.891378058502313	0.00307314342336564
0.11361924600806	0.00115683144586125
0.00231458390833643	0.000164491633375797
5.08633135115632	-0.00756842769833041
0.0134947333302249	0.000385388621860398
0.385518498969338	-0.00199410996716338
0.161306784693413	-0.00159554168332711
0.483167334736769	-0.00300660909259779
0.215068613646958	0.00154318637069512
0.0606620903308855	0.000858865918321016
0.349262419145871	0.00215670322336778
0.191517612069721	0.00156978498799643
0.0448762603981458	0.000914419674062655
1.32755902372212	0.00420639310000537
0.352081533298341	0.00232949405237051
0.287079552147783	-0.00178219188734932
0.00263305685661846	-0.000221628182557535
0.294576829416193	-0.00201062431247801
2.67953986744037	-0.00585588284086662
0.0138277865646899	0.0003956177490356
0.575920513065755	-0.00326060342537595
0.00228911207459875	0.000166407673160948
0.748116001163025	-0.00268554387383924
0.790423665884903	-0.00350354333254424
0.709559384867821	-0.00321738098038923
0.0438689104239047	-0.000829203458876922
0.392882095422327	-0.00269923080439696
1.37633252645493	-0.00429072878819012
3.22345541593405	-0.00656182511146015
0.0633764243971707	-0.000884119051308477
1.09293308353737	-0.00376241930703627
0.81252285465011	-0.00261625543126246
2.51877932363876	-0.00623059724767797
0.25280102402529	-0.0016652413261709
0.206528573026011	-0.00148874686444269
0.00512479059000953	0.000231947248216363
