R^2	beta
2.53340391594754	0.000216530558596853
6.27612621868756	0.000394401257505402
2.53098830773942	0.000320780080432382
4.27925733718233	0.000362547217583167
2.95804376712829	0.000345805324732171
3.13260987799838	0.000350918486466925
1.27561384811139	0.000190717005668291
0.14805033711597	7.61093815490759e-05
0.200440114937773	6.31048313958536e-05
3.42585092773394	0.000399007537837703
0.065285424334089	3.79458484829426e-05
0.197323688827495	7.3251557573331e-05
4.6590191770928	0.000416981491365862
0.828938003257749	0.000158783495071134
6.46776070890333	0.000372654000356619
2.77479387732609	0.000219083687270253
0.45153044233896	0.00010700599881901
0.50179504583352	0.000116518091487132
9.41946222595445	0.000860222666765536
1.06483294189263	0.000152962844375285
7.92719129446063	0.000476565862669555
0.436041479798349	0.00012104838257757
3.87654860418558	0.000280037618421394
2.27137756628286	0.000217245542895049
3.5525321192635	0.000323063315541136
3.33469940717511	0.00030407123378538
1.77806224693292	0.000254622959367197
1.49286936081305	0.000216868097886228
2.70667669029112	0.000316802837694985
2.17260096103304	0.000199102931932995
0.407212803609594	9.62178834813496e-05
4.38543829025423	0.000340004648097889
1.01954422872907	0.00014514941168096
3.99063292276907	0.000354803062072494
0.883546137332063	0.000155180909812758
2.4578099869701	0.0002201390808283
1.78029219690915	0.000201776996815738
4.00707046847101	0.000386215164046706
1.09687009167384	0.000189321143920561
0.552036260223945	0.00014317639880268
5.47766121695848	0.000477855282816929
4.70612901091748	0.000341199494359702
1.12638981024329	0.000215439931575509
4.86144793750969	0.000383550441540402
2.20170128857823	0.000283403044646946
2.85021267886627	0.000288419414694396
1.01663143028908	0.000182172619763877
0.521113010604229	0.000121800822986365
6.23913830665133	0.000384559316738007
0.187198299765558	5.86903324719431e-05
0.237249405497273	9.35326106327255e-05
3.69861614866146	0.000248963810312115
2.446046937297	0.000289489022020218
0.0418486251951559	3.65103882918944e-05
0.227151174570715	8.79838306800845e-05
0.105815268915929	-5.95405940532999e-05
1.4338908465786	0.00023527404206361
0.840533497499975	0.000174334288636752
1.45195393109415	0.000222240948831125
10.2708925171667	0.000613396565870332
2.58881104908061	0.000332765231751879
0.511298456206611	0.00010910958919528
0.524705840945924	0.000133626118151718
1.12257028981657	0.000175599134915637
4.06512172074272	0.000317790343214847
2.99299250828534	0.000261416618191465
0.673458091429291	0.00013319302044147
1.97877402638829	0.00021249030797735
0.165646619775479	5.73307857239083e-05
2.25786162582155	0.000271934025018778
1.11388463801497	0.000203175742442436
1.53211149925857	0.000231091025807204
0.385996028293564	0.000110548609802595
4.55302513013689	0.000326821935378326
1.03294370202041	0.000186352834686432
5.10142981967782	0.000366112253027002
3.20315681279556	0.000287591852545017
0.235979832375018	9.11993919353711e-05
1.43831599718019	0.000209282968001396
0.178961379496004	8.01865350864302e-05
5.46375904563378	0.000381718489201972
2.43083880354749	0.000273422851462637
3.67623845570563	0.0003616468771612
0.283746040054948	0.000101643214494582
0.907550936285121	0.000157633057807768
0.00435883283597566	1.1204990004403e-05
0.285893644849672	9.66155552517068e-05
4.96298879483691	0.000426310126235917
8.72033266478011	0.00049042075239593
0.0999536284540492	6.04827567603526e-05
0.632620476205643	0.000120049003074297
0.225340320853468	7.94124900398136e-05
0.573613869219238	0.000112470134714479
0.00453187799646333	-1.14706817047542e-05
1.34320252630628	0.000205398976836616
1.93767437041659	0.000258431933299348
3.2863366516859	0.000371746286320614
4.41894327413552	0.000321424691078505
4.3489504361607	0.000324921998432731
1.54192263349403	0.000216508191555849
1.33545058474188	0.000161815219775319
0.10579452852405	6.32341391943093e-05
5.33281795512995	0.000430221770496956
5.69764767022168	0.000572440885304519
5.01171240527295	0.000423831613194648
1.81760019314067	0.000221812679304296
0.975980080000271	0.000162890030226534
2.2282070474299	0.000267081368674781
1.13377581480974	0.000179215478221489
0.680430265647575	0.000152534478044789
1.81327095246644	0.000269592960148387
8.03271139464166	0.000535825328239777
0.0175495325062797	-2.55357896384469e-05
3.05581737488195	0.000285802205005239
6.83200517217603	0.000518390934559877
0.858880421307826	0.000185543049175937
0.241492371414004	8.16380357297658e-05
4.50654392684649	0.000388222515146779
0.769359988581148	0.000145051011530232
0.211327541241512	8.01301745492354e-05
6.74351373799339	0.000487958770555702
1.31667593684401	0.000213172518119713
5.82176689205992	0.000528221864352785
5.65790904408554	0.00052684761663104
1.16525462490109	0.000169440400184931
2.17560511909566	0.000257063541727579
1.47045510258177	0.000218684569720208
1.98382641726084	0.000212774469382324
2.37984018091066	0.000310758161209955
1.03579595228411	0.000204115069518124
1.75206294279114	0.000249369585530591
0.022468367899251	2.87324335987795e-05
0.853934524461024	0.000170706853949388
0.701470613749997	0.000166028479848644
4.87348610364757	0.000498050677140649
0.660270250613477	0.000154149386437427
0.0571023328715378	4.79362278192589e-05
7.16982771529393	0.000448398575002667
2.68139456233934	0.000297179159339907
0.96179557697124	0.000172511111633944
0.60157749343244	0.000112034246508742
1.25194460383273	0.000180549529506976
6.53944582166408	0.000437399613889645
3.53268734131199	0.000300640712379172
0.690588254573199	0.00013407991390965
1.93875554821517	0.000260426749818726
0.0391898109127041	3.84603253864101e-05
4.42429819814489	0.000289827871560499
3.27184924649116	0.000362236648917935
1.05419358939284	0.00018326284638204
2.40838056354325	0.000280345367933664
1.51840238964857	0.000206825171271982
3.85697504074051	0.000415233070204913
0.419339059683985	-0.00010158642686597
2.46069732113269	0.000214906330963002
1.98280640794815	0.000276780153230666
0.622421299384039	0.000100887221921651
6.86437995835652	0.000450510699176545
7.58293947442138	0.00052467619618785
0.14192523903548	6.11878209884433e-05
1.43684815660312	0.000216860519507721
1.07126348626688	0.000202299281103296
4.84110240255072	0.000395702084301316
0.0193201655712576	-2.20599552684273e-05
0.469008063275283	0.000108297068008883
1.3967357730888	0.000217717660683221
1.42539449984201	0.000193248522596133
6.67516601384541	0.000384528455046639
0.40487529132267	0.000118054568625212
0.650620147686276	0.000123332203856381
0.60510099468441	0.00012550430247473
2.67914407320287	0.000278272430000078
1.58852103729505	0.00022196219862329
3.25355065050519	0.000285779913083664
7.64647162923108	0.000483456547955747
8.31576252409393	0.000537004089680978
1.76119672121854	0.000251498329905482
3.57637693738612	0.000346960695394298
0.710140491413254	0.000123477717038024
1.20222486604023	0.000212235924738558
0.0192426127488755	-2.19206970835966e-05
10.3403363184448	0.000582096359678987
3.17195601552332	0.000320656337413019
1.25514105666018	0.000191586078550711
0.0995807185610414	5.23102256950867e-05
2.46889395966495	0.000251707433073047
6.26027115726692	0.000406208145106619
2.84680160026792	0.000311806232668652
0.767650729735371	0.000155552372302881
3.01812574995314	0.000316883025680342
2.08556614208109	0.000237408032469296
3.55388292675626	0.000288242936894294
0.444001883388606	0.000126823801717469
1.5433308450267	0.000223093155680857
8.0910954137138	0.000522666939121869
3.02810630268823	0.000335747198622142
11.0755812372349	0.000673751214447508
0.741557839993483	0.000164278407023387
0.320664142364555	9.40798474828201e-05
1.70705114267073	0.000203921293501964
0.139936649199458	7.41322188002723e-05
1.28371912979958	0.00021466421259602
2.11539591470647	0.000247556853654582
1.71262825163154	0.000237732784866855
2.32462588244527	0.000265109178516755
0.0757310582996676	4.98883815399875e-05
2.94418157064978	0.000317537901288853
3.79081385660844	0.000367478704527755
0.453518971767679	0.000116920012185188
0.187385796854338	6.66718202063476e-05
1.81770360163155	0.000217076402316958
0.203592898918029	7.81883640904475e-05
0.870551831617118	0.000194158309365145
0.0358724021814036	-2.94398040589254e-05
1.93471778586704	0.000282229396173863
5.00063970588258	0.000422320806942628
3.81746703150954	0.00030306945255441
1.24274931510673	0.000213872643219645
1.46432943864037	0.000183508227505409
0.972198854597161	0.000186775609764885
3.69452245833811	0.000386173587431708
2.71447712329857	0.000303714725975248
0.60774413253715	0.000111617976057479
0.0595930336522284	4.55461006545815e-05
3.15555714887905	0.000327706998139165
0.609104302279323	0.000123070927324022
5.54726675613015	0.000423445848142019
1.92519079944361	0.000255952267296356
3.30717321050971	0.000299716561996031
0.00719693522402301	-1.85741943243129e-05
11.1973147291857	0.000630512155931328
6.16127561789503	0.00039110340889584
1.60816759247706	0.000252749676523187
4.1321070492507	0.000364556584492279
2.85227796927725	0.000282141127756418
1.11629043600514	0.000165845570412481
1.14743007081473	0.000181609095538343
1.4664361279846	0.000249008749097085
0.435158135347958	0.000116073005203171
4.0658684526127	0.000336821093775289
3.6657158239883	0.000349072588332185
0.341745662240942	0.000101732766230295
3.48678349217665	0.000431959360670327
0.731000962065815	0.000164249080394651
1.01636282720295	0.000148465794952931
1.14471333691006	0.000175510681796509
3.52262114533408	0.000322773853578444
3.57014271854198	0.000359513965682518
2.3574132988291	0.000274913251154761
0.731705567992482	0.000134419100421626
0.291791014780774	8.7318772998907e-05
2.33664328745124	0.000236142890962153
3.33223574575803	0.0003216095912394
2.28485357768857	0.000217465566763714
0.00665148008856384	1.678172083697e-05
1.87237513165702	0.000209023986048551
3.03904523059889	0.000300236450543383
1.13802240111483	0.000170507499696337
3.11385388579393	0.000287373241403028
0.0428339860589651	3.14336630255085e-05
0.591771906072033	0.000106297760649825
1.94293187226975	0.000237479035309793
2.21530807592374	0.000224768371841079
0.80545945430926	0.000153182131063942
1.83844034401141	0.000233302353011444
1.6441036484795	0.000206883665034496
0.272136947748882	8.32945774671411e-05
4.77799892902071	0.000412274342457678
0.554594178168279	0.000157810229705813
2.18470687920803	0.000311415189025755
0.0154243600146101	-1.84220261577358e-05
0.547380382852708	0.000102468241932141
0.698357643839563	0.000129282863867847
1.26509210974032	0.000177631255686971
2.59896570177006	0.000269087389034994
2.5307147518393	0.000276843530611275
0.596853491973798	0.000127217754702143
0.969509253409777	0.000167731575109831
2.21326414252648	0.000300930241101507
6.63319879035451	0.00038617967919006
7.6480670073115	0.000616458519172577
2.70705429950578	0.000228105054683813
0.263492186854154	7.92588664050082e-05
3.16653948802402	0.000314853382663259
1.0706219319572	0.000158540184249487
0.250374223951074	8.69221235985407e-05
5.70213350200749	0.000421266130012062
2.01108754886717	0.00026296815641635
1.42988130569683	0.000208666029581088
3.13312986471043	0.000268816794577872
2.6660621756406	0.000313757341800601
0.655363691967917	0.000109703177830548
1.34156487705228	0.000206152764880317
1.05645979068907	0.000225489535780755
1.34631276000917	0.000230055938650437
2.95052457382238	0.000285595158458657
2.09699986584669	0.00028095312046728
2.59870824582184	0.000251153931507191
2.40822113663972	0.000242247007639398
2.46778770878405	0.000298734343271176
3.39500464263556	0.000333867518741113
4.83925666002465	0.000385287645232308
2.19687591427725	0.000273012945747011
0.244843178491432	-6.75362957519981e-05
2.53480713189874	0.000230018506538836
5.64726008575245	0.000367847502843193
0.0513947938728887	-3.1742135370577e-05
2.81835477714103	0.00025709488970022
0.805653322946279	0.000150540727905437
1.57101874355662	0.000214599653062449
1.86354327981821	0.000225852064045585
3.16929603516323	0.000303798992561275
3.33298062770738	0.000408977215512625
0.671795519822302	0.000134778516946579
0.176627035408458	8.50310063316343e-05
2.9544840521066	0.000304505364022017
0.156143259725226	7.17999209275663e-05
6.09498052313891	0.000501256299309323
1.46188551054288	0.000197766008799853
2.29747741806201	0.000264244732140179
1.25306374231936	0.000174484068387952
4.85969501736029	0.000437575728047048
1.09880351959515	0.000196669481970973
0.126141129721518	7.37397056337152e-05
1.56537488557067	0.000240747553882528
2.21117548801197	0.000276396619349854
2.73440109724509	0.000325841622751805
3.02454806925201	0.000306286657888228
2.80037282730099	0.00034605457241888
3.39085544080413	0.000316930434062514
3.08606248248591	0.000246285380124089
2.4551810460775	0.000294875980617897
4.66124680285812	0.000424510524840421
3.0658412070354	0.000344789111081873
3.65416754788763	0.000308372214669487
0.0568763204181024	4.33798384010789e-05
1.85327952322929	0.000203609717516078
0.295250330369108	8.47764644066429e-05
0.0253196536018182	2.53795424055149e-05
0.217368029107426	7.05905051563754e-05
1.59117835133804	0.000234964916593644
2.94195858654359	0.000264099789099161
3.3019034265513	0.0003374906746588
6.22182191534906	0.000437087627027439
0.00884895764595794	1.14819024815565e-05
6.47424013263861	0.000453133348890747
0.386384579209223	9.99674312694606e-05
4.00328845374188	0.000296401772971405
1.5597324725921	0.000172492350847554
0.0324378329591415	-2.90109014573631e-05
0.609947571895242	0.000133770197583356
1.07372745516584	0.000173472829076398
4.51635011559456	0.000407669086288118
2.38725160391266	0.000266084468767478
2.29410097158428	0.00025767845586108
0.00500308452704042	1.28291777470206e-05
3.20225465628176	0.000310738671047218
2.66335921048665	0.000305377246645986
2.12364200987694	0.000252073897696914
1.92162695772916	0.000232533232630379
6.73940586926601	0.000448619259741675
0.040195124699606	-3.36590875107445e-05
0.0891018514208688	4.48026508235298e-05
0.117250762624293	5.72967858132983e-05
1.08419910412338	0.000158523465645363
0.132899349137628	7.19069177580898e-05
0.264185228086426	9.76841206739431e-05
0.630208581792655	0.000149226709401953
1.5674936547512	0.000258304739357859
4.32358634555667	0.000325952347475151
1.93614438277816	0.000239933328351385
1.68355979888759	0.000215654078391941
2.25087042984755	0.000270605835066497
0.899443506850635	0.000160659164858497
2.61530884882591	0.000283852158099473
5.65444794675175	0.00035912397061403
2.0525796119298	0.000237622992007768
0.831375316298963	0.000142669157299203
3.34850730380732	0.000285400773653507
1.4284519495206	0.000201904058189673
0.00137393887586297	5.89773487710349e-06
1.26343235014401	0.000229564219542639
4.24097189469069	0.000407759932336875
4.54967849350598	0.000354897147147689
0.0471332240223442	-3.50392232313575e-05
0.117416225510022	6.41594079277997e-05
1.95728083696187	0.000258230656616292
0.497089513327415	0.000110902071959471
1.07025019567481	0.000173567153562956
1.83217764190273	0.000229994958295346
2.01321211434106	0.000233014435268195
6.51346097393791	0.000367509512186592
2.10566967961985	0.000240345130638943
0.462749936169445	0.000109156067233406
3.47020739636573	0.000318563519433698
0.612821486613426	0.000132812793907304
5.76233587597187	0.000404326741443595
0.00800107679630454	1.73642581715724e-05
2.77586806626963	0.000272280775956814
0.295245789262875	8.98484184744346e-05
1.10294638158039	0.000162853723261654
0.852012229799705	0.000151692098698019
0.423270303048638	0.000128050280128632
0.528155757765447	0.000128297142127974
0.0101868266123763	1.61118277758343e-05
5.0843041578227	0.000352883387987701
3.3117409012096	0.000335462942347148
1.51689301398915	0.000205882923424706
0.0363201402777907	3.3485055300162e-05
2.477530616566	0.000282421492485711
1.23276655944683	0.000175417601588884
0.24734006274571	7.83077797251397e-05
0.0257265897483487	-2.80644614015881e-05
0.282348362114055	7.8450691628053e-05
0.0136966640320608	1.95815553760954e-05
5.48922686438028	0.000373204592321612
0.45559527087484	0.000139647163557723
4.93198649251678	0.000421646983528883
1.55702635156036	0.000230265674090427
4.14142508945727	0.000334485241856993
0.786530486317112	0.000157272327403349
1.15470701126221	0.000151465012823086
0.23325627940604	8.360204135612e-05
1.19108600883287	0.000180529068987232
7.09365042377109	0.000400768930386281
6.39569032470334e-05	-1.33349133629385e-06
2.20638726256212	0.00028341147246398
0.196014305573629	6.83936343293541e-05
4.04356206626432	0.000345293789069133
9.6106590179737	0.000630001356225477
0.377083599495755	9.72243018919737e-05
1.65313137915008	0.000186453930594243
4.06282993970104	0.000386837170635519
1.5414127880469	0.000257378260449494
4.21144722765629	0.000384341879711037
1.51994606591047	0.000212368322066063
2.70064501562849	0.000308509461122851
1.82974034844323	0.000226984502303464
2.0259923023386	0.000228134715762968
1.3281683354073	0.000177081475460305
3.46487918651502	0.000370115293446506
0.969966609485873	0.000190566149634573
5.38655929614972	0.000478573510853252
1.32984502189886	-0.000194614294514216
2.57316625480621	0.0002547232349482
1.95148348976708	0.000208460357021983
3.74869271880692	0.000378195193868502
1.78453452932357	0.000263533373902386
0.980707510647451	0.000152306769075986
1.27594334737326	0.000211522667030104
2.19661597998881	0.000237538479679739
1.50134484586865	0.000210588275913898
2.9809376834026	0.000324361906365148
0.00421340034815918	-9.35213591412141e-06
2.1544503235819	0.00027955719552456
0.156674415228916	8.55446005768466e-05
4.16070905568167	0.000382138498168813
0.874907694197193	0.0001707626838396
1.28192454558547	0.00018808644601766
3.97024603526951	0.00034516017439783
0.206644655620674	6.4833622735981e-05
1.22886320648835	0.000199437409512035
2.15297778745789	0.00025238905942818
0.733658467159143	0.000133785250969358
0.0884865457319569	4.87409268445197e-05
15.9291236944345	0.000837933770824977
0.197386664102123	7.906555317851e-05
4.15623095742819	0.000339111192576987
2.75518146155956	0.000348328941815088
5.40272514977773	0.000479075494487924
2.43640694250433	0.000242248410049707
0.16821365106127	-7.12175938561518e-05
0.837389083862453	0.000140171064354209
2.11656803318118	0.000243653825059739
3.63871137639603	0.000311597731868032
0.593095532617796	0.000141595436771717
3.57896555745386	0.00033710198297683
3.79530754465614	0.000342815920307215
0.311114811260066	0.000106957239691215
3.62783174180855	0.000375263750073196
2.64977651755937	0.000258856715252506
0.036249348458343	2.82698831752903e-05
3.48758789090737	0.000354362551359949
3.7117074021249	0.000381140917167909
1.97045466354949	0.000265217718897887
0.0688343434617824	4.27995432054469e-05
0.621026478021231	0.000148838173275724
1.60827439561896	0.000200806689480648
1.90877507218154	0.000236470836193964
0.382184053865448	0.000111933371493265
6.78912259957414	0.000445549774364978
0.0136374479072008	-2.61017737537627e-05
1.45680964802299	0.000246489873169963
4.86639033430452	0.000445694119921415
2.76217333606503	0.000276053208314531
2.57888111527835	0.00029247665947093
11.0418139757149	0.000609284462474293
2.99559471248093	0.000301986209099622
3.05260665747811	0.000291052398674692
2.53760486393229	0.000351036618999024
2.21879340074176	0.000185447237246184
1.83480558882735	0.000225811650153107
4.73880219896107	0.000383759379954247
4.53751174864653	0.000373824369556893
0.482272638682322	0.00011897736691485
2.35878126753209	0.000274929398734723
1.65714842814079	0.000194102240179893
2.19909859259034	0.000229595519570166
0.304702116529253	8.99166327503747e-05
0.861910256052728	0.000140286247753705
0.381855962230458	9.58027818740462e-05
1.14752234636088	0.000198603560506535
3.18690058119193	0.000320472839227589
3.26042610300263	0.000256788220089941
1.56469293825579	0.000223101623241109
1.9966139310207	0.000221503684173349
3.34135230151851	0.000308033780324706
2.22000980352962	0.000288334978123952
1.44023675517427	0.000234497206839141
2.84629035231601	0.000300153633267878
2.10116273465971	0.000252674441063319
0.602310260033804	0.000133263197893628
6.54102326527046	0.000467136851122471
1.83826549318978	0.000278518984640447
1.36454150310186	0.000195202737556866
3.74977290298963	0.000316087253996022
0.572073306849485	0.000168074267526977
4.99531970970165	0.000491090626265783
3.33088050940377	0.000283561409071507
4.26096383100348	0.000415863480498722
6.50584607487305	0.000443261303429423
3.98420467656746	0.000360652616943566
0.255033315716321	8.59862962742156e-05
5.16053489481088	0.000405724106360931
1.83575498302579	0.000244123763084735
4.24055016023116	0.000361499465142011
8.49791196055652	0.000498309706217877
3.25553624670299	0.000325990407105541
3.94636117025849	0.00032657266914544
0.46810551786863	0.000142395266578066
3.10998572006707	0.000276991922518149
0.31038602007942	8.63831034634951e-05
1.87780111995904	0.000217730342613228
3.64985591512319	0.0003569146991282
0.553351315724516	0.00015838798341541
0.0228198981109946	-2.58660460104158e-05
5.13203741321645	0.000418286181950336
0.643988277393102	0.000126412679799528
0.210880840717065	8.33241252631375e-05
0.838875113919094	0.000174339659660003
1.03809901454598	0.000162533677328085
4.36104818071238	0.000329583784552152
1.39719288429907	0.000192569421050275
2.41133232675031	0.000279415074568753
0.380643493104891	9.86242423050742e-05
0.0232223391334428	2.17471427315304e-05
5.32164571607298	0.000419597861066451
4.2929887160453	0.000341242305004112
3.12023910122832	0.000301956688705939
7.38230142754276	0.000504917111321984
0.540381885989535	0.000116385905108856
0.253630132480366	8.35909250543603e-05
7.1210197571202	0.000454548474857211
0.339303943912584	-0.000100447727007582
3.07198047769139	0.000321687574699144
1.34311107167238	0.000182325355256476
0.0139629506414116	1.73386272424611e-05
1.7949589351929	0.000193833173951003
0.0653561336045626	4.0138747499094e-05
0.471625388507981	0.000111928938794011
0.53977286740483	0.000108210593808103
3.7755423826022	0.000306936755256774
3.14127677408121	0.000264889792510324
6.30515366125279	0.000439666667190139
5.5043353789926	0.000486779360460268
0.734870389510002	0.000170686690989491
8.91191091030255	0.000661869128487327
0.736311748480242	0.000159052116671811
4.00545403374613	0.000353456086062801
0.260802704329188	8.05293740258731e-05
1.60692730129103	0.000232224161140002
0.173628664047074	-6.96768748959669e-05
1.84566528643452	0.000240269173385902
1.36362640149169	0.000205190231886835
3.81617672076445	0.000370514659355227
0.22260068863319	8.97707681149491e-05
0.533948692354661	0.000125166238586815
5.79123896015922	0.000418911085675512
2.15853464604003	0.000238856902478079
1.93874954019766	0.000221667692463911
1.08659105276284	0.00015491167197436
3.53192573210439	0.000344165316700179
0.036681853828182	3.00538456397887e-05
0.183751852235515	6.38628585888129e-05
2.6567847215709	0.000300880999225194
2.97732378324179	0.000303009471716229
0.902403806253533	0.000177737212387886
0.174182123690495	9.4171102895793e-05
1.65950008025711	0.000248832005468525
0.0145772025452987	2.27382715412221e-05
0.0957640255865318	-6.381488013615e-05
1.70705526623919	0.000226061792836294
4.00720333520614	0.000455294775259771
3.80324433830194	0.000333888515378153
8.85612654864221	0.000561072459488784
1.6955833656558	0.000295031821883812
2.45864790648024	0.000319462917744454
1.68178446684719	0.000208885364859151
0.668387355911737	0.000135672693916387
3.7278650537793	0.000324338697946929
0.0998099779465788	5.87737714808121e-05
1.73371886762998	0.000242244665711924
1.65391623721388	0.000229220725421595
0.392727092605419	0.000104277297717695
2.25467712277087	0.000234494170220634
0.792827880037104	0.000133073491470074
0.894067740880329	0.000181136550267422
1.11626164537349	0.000166912259969138
0.98326487754934	0.000171682881738531
0.112358019369899	4.90561329718947e-05
3.16999982813798	0.000286697462349647
1.74200177794711	0.000212161034260979
0.0387291514312308	3.02746475305504e-05
5.95955423878334	0.000401693937926469
1.45371399843599	0.000202045418022099
9.78791259509377	0.000668927399418872
0.931391941462781	0.00012268052689702
0.333855822772681	7.58529470000606e-05
2.59707375986241	0.000221682557315854
2.03487149445025	0.000218002179265772
2.3240230832981	0.000282010547487226
2.09905536334904	0.000265950099037162
4.24223648264936	0.000419123425128473
0.713610441803463	0.00013862695648484
0.281013840851653	7.97428895536947e-05
5.71308857700774	0.000544362659635295
0.146042085415366	-5.39216503930652e-05
1.44224413928564	0.000261560736313786
1.39194653210538	0.00018406705387132
1.1932735754983	0.000201881767675461
1.53029807216967	0.000186840105987166
5.34381062471107	0.000465762867247108
0.250208424176865	8.15041507468701e-05
2.05519378897184	0.000245480133856153
4.04463178791255	0.000399846188287258
2.64729198021055	0.000225143314962951
0.893583523751369	0.000161821838981607
0.497498621045707	0.00011095168546496
3.26350170769463	0.000345623811392834
0.601801323805109	0.00015493895319294
3.56489775293438	0.000303619180487586
1.05223102138129	0.000186117668820736
4.86082603142347	0.000330204448276475
2.58146110110297	0.000284992547524491
0.908073144457928	0.000172732515732235
1.62742424868433	0.00024717680949722
1.32833533428652	0.00020890826686355
1.11454594612522	0.000147780645985418
0.989554319500711	0.000173416290886504
2.42865738540095	0.000293120076199382
5.11894914929147	0.000390918503087553
3.07386934132274	0.000267791014217432
0.49978119837138	0.000115413715394578
0.604724822203628	9.85590650800195e-05
0.012307440891315	1.83122134344933e-05
2.32846088188399	0.000251840183582692
1.90274336331931	0.000236858518521247
2.85896188807617	0.000330743307812111
6.82154864546878	0.000572541262031817
0.604633513357658	0.000111833878872362
1.83786916300122	0.000221945791333756
0.128769976530996	5.8982467032641e-05
1.8939725722254	0.000206223028712439
2.78464251887761	0.000250294050071086
6.65718566998826	0.00044211055927296
2.8924473308778	0.000356157228189108
5.44408580481047	0.000411505120728444
2.54521657194985	0.000260855566787553
6.35024846556423	0.000456557722574151
7.25511015331172	0.000437860933080923
5.81383947366236	0.000470475735423806
0.0919161121572372	5.52104646105069e-05
2.3885204220221	0.00024387067013176
5.4665363991969	0.0003819778974657
3.9659033272227	0.00033418065916336
4.00549605151366	0.000297027938185746
2.76146692822883	0.000301614821921032
2.7603642610429	0.000333004522184632
4.18067613750891	0.000352969125994739
3.41800666510101	0.000348877974044108
3.904083115457	0.000322253357968723
4.25887932470828	0.00031746361290647
10.6401746784529	0.000528471177140799
9.73942186027808	0.000568583905748518
0.986810075430123	0.00014865387754573
2.79994662396827	0.000317067480283868
3.4177241832529	0.000300223732666516
2.49624970025101	0.000288937886645973
1.00112597848569	0.00018346113379667
0.546721370061744	0.000135323054293514
1.20785022806418	0.000235094056256348
4.3956410625623	0.000418866498983497
0.145660504068162	7.73784568961196e-05
6.07092577937216	0.000464690047737921
0.039468620490229	2.94465843676922e-05
2.71932026421923	0.000287851599360466
1.57181064624252	0.000203334121470249
1.04502345698246	0.000179064677667011
0.425477597886906	9.27044686545905e-05
0.687666329904897	0.000152076375568662
0.0676802443266324	3.9610479240946e-05
2.00743806077659	0.000277071108702476
0.183958706184196	8.06414017284493e-05
11.218715683342	0.000500829218707543
3.78528743012455	0.000393210498381086
1.25219367637238	0.000208450177112438
1.48603385942018	0.000231329046109498
1.46729327338603	0.000219123735159091
2.89556979240859	0.00029754934527866
0.526783494364148	0.000134503835044716
1.11352195884797	0.00020216663104548
2.31548935011467	0.000285687249892996
3.17606779159486	0.000308577641402973
0.336544631049912	0.000106571758270566
2.32839263096856	0.000246115055811483
2.27087563519943	0.000216229163807585
2.82694174150881	0.000341443486335138
2.93834951661006	0.000297608908802491
0.076891512093988	-4.65203847892359e-05
2.12392729008564	0.000242607909366369
2.84063851402439	0.00030049853744519
0.302830592048793	0.000117043474679171
7.45570427101459	0.000447444620326665
0.891498008007441	0.000142124498580661
0.976725424735874	0.000156276567908543
1.95791733784207	0.000246333228247835
5.02443129818166	0.000359123281975719
0.967644090036358	0.000162078663718825
1.47903283121814	0.000222293707608594
3.13007966637017	0.000379958123579757
0.630631512351299	0.000136676406162471
0.777577892799116	0.000136551812573864
2.24099488839627	0.000230361782908077
2.17175822985313	0.000262884786028244
2.29284065175679	0.00024489290488231
0.0537570245042282	3.53340561479885e-05
1.55856800198608	0.000212706433190276
2.51240530938775	0.000285070392574654
5.97724332026711	0.000436212936428204
0.587520597890746	0.000136058612032826
4.28751687045118	0.000357580946420405
1.37045706242481	0.000245431913101582
1.05163248654272	0.000161319298651902
0.642035726384783	0.000145933435430437
3.49818119797995	0.000317959012253011
4.49632742166793	0.00043064711587625
3.11875450884672	0.00031313791261664
7.40233996862799	0.000482894993229823
1.18508615329258	0.000225997031838356
2.83860911259447	0.000263206112993114
0.709363159004651	0.000154124647515964
1.63611467523782	0.000214690044114544
1.21036253369446	0.000176966182349454
0.206711666364203	7.47283715890326e-05
1.61183515642633	0.000180186656975405
2.93472937772509	0.000303077013893906
4.94341831166126	0.00045669755128837
0.347369802223172	0.000110406182829386
4.40560723678274	0.000368984996908888
4.80470271268552	0.000339665081846779
3.18726992528117	0.000334959351791918
5.58746105407471	0.000405347736526181
1.00427422509415	0.000148548138615419
1.17287098064961	0.000179949276525318
0.405379239841637	0.000120999739154225
0.751707894989251	0.000139314383188834
2.66983826028236	0.000335094821838317
0.794016828366834	0.000167535889175765
0.945781342444953	0.000193337090971104
0.325636357419757	9.56451447432848e-05
1.8207099731418	0.000226955964836231
2.71345918448432	0.000310219041821819
2.02981089423795	0.000251817040512846
0.76139549937285	0.000153019631184322
4.07320141921914	0.000353333456720748
2.68926886533873	0.000272561987325299
1.50486700606312	-0.000178769449257695
2.42235720109871	0.000275029756404853
0.301142829997043	0.000103689888976288
2.31864912152784	0.000279568905614384
9.04477799029801	0.000555054571635466
4.59994418449483	0.000366598828138691
1.45161686600747	0.000266080829027247
0.732453482252977	0.000154267038167632
2.08250923498376	0.000263697623200928
0.153235977644581	6.82071762209344e-05
0.34483021706936	0.000104039338233178
0.926622939371801	0.000172944840415724
3.70040478078066	0.000314388514381102
4.43226988790987	0.000368331331396467
1.58671135136005	0.000237360294364025
6.23615602710755	0.000443448558868762
0.919330205567326	0.000177788115191028
2.34157284004408	0.000264336353842618
0.0634791821891365	4.43493801601852e-05
4.73716464580906	0.00040137169028292
4.3668267326847	0.000348994436752916
0.321809524766642	9.93362702127906e-05
2.39044786199205	0.00029990558198543
0.814443038560007	0.000172068839581582
1.6748936162067	0.000294212493776415
0.434064953906085	0.000137084702677158
3.83864029140445	0.000290167749718114
1.58860663251569	0.00021441003219475
3.35805842140902	0.000318549574264309
0.817080091282268	0.000157422461617351
1.76008912714244	0.00024325542759538
6.38224778755872	0.000445145091453351
9.65487479414342	0.000485940568978465
2.57503118711984	0.000302922987530649
1.97942890449376	0.000265564957217209
0.831739175100399	0.000171005007245444
2.60565742433934	0.000287194436010727
0.181406453930914	5.9114073047567e-05
1.06823336765039	0.000166367398853647
0.329455375885643	8.4680474964942e-05
4.62219264045225	0.000429360949623589
0.00507815659553848	-1.13236854436271e-05
0.910713364669824	0.000145956629793438
2.44303924247117	0.000289168951814561
1.73888227711674	0.000222045987416491
3.37728917264891	0.000325494307733631
4.24361627258372	0.000424230080019379
1.8183087238272	0.000218223050477862
0.556406566815623	0.000142446447113036
1.27923114947763	0.00020425239801138
1.41667192111151	0.000216092401850416
0.000493580889934288	-3.5991894742658e-06
2.68632304679417	0.000268523598754014
0.369573008550181	-0.000102377583478403
1.576282173165	0.000222534764673665
3.09276770666404	0.000323612853644358
2.82972531150697	0.000267748458284554
1.80425999266177	0.000231294917211233
5.32032461426052	0.000433219816778861
0.809203598254922	0.000171773734909074
0.00756614539379246	1.67109342638607e-05
3.64350871154193	0.000328625095667065
0.0027231596446594	9.07283646405511e-06
4.90590693408725	0.000437689469451416
3.22046491734938	0.000380617737800463
3.26909626978331	0.00027964718888098
0.907833528309152	0.000183790329625026
0.813288912433433	0.000156073753092661
0.958252241926793	0.000162795981638605
2.10255637066248	0.000211972601214143
4.592328228337	0.00040171644576316
2.38760687813142	0.000246440215068816
3.02113551786846	0.000332408741776899
1.00784815922419	0.000168673267652515
5.8268376180492	0.000374255130081808
1.78180239840214	0.000236132139234695
0.641211449022382	0.000115595696225263
0.191266083303306	7.30295404396146e-05
1.14661095355208	0.000238755514140698
1.39316615461969	0.000167472193587236
1.95146470118043	0.000278062195882707
1.64571847419161	0.000212543108748643
3.65853922986745	0.000366349509326373
1.44723232742949	0.000221229208175832
5.18987108272706	0.000409712637663255
2.14862841517981	0.00028234303689914
3.31558357593102	0.00036363493771962
4.3961813495288	0.000475530073616602
1.52180157410118	0.000191060201852007
3.61751630851036	0.000343043219492857
3.67600838001894	0.000350981675310718
2.44804973347631	0.000199033526418958
0.294764315273802	9.16683183634441e-05
3.62000409087156	0.000426346608118554
3.78096483807742	0.000345703509331186
0.695550699577556	0.00016438461048822
1.30174103390434	0.000224096838357218
2.02074482192712	0.000188953154561577
1.66187565837234	0.0002096900561424
1.70701325811724	0.000256438254298409
0.0002102150046795	2.31450862364533e-06
0.114468474318634	6.11768017779956e-05
1.3348010526419	0.000214946627102362
4.36424372762098	0.00040457162824383
2.85607623247573	0.000261547202532362
2.46692723191285	0.000302958251832596
0.343919321970081	0.000103178799697919
0.435297557542959	8.73836231392593e-05
3.54320359857373	0.000290248603598059
6.8531382480142	0.000422356625475507
0.635291739473319	0.000159241066654908
0.746660193624764	0.000172082676366789
1.33113524455042	0.000173011818067969
2.03466928454292	0.000256049370666627
2.12116066484269	0.000254341279292311
1.80165704092393	0.000228232701061744
2.01459622023321	0.000235217671574576
4.32985522912864	0.000406486229367854
5.36124349229741	0.000491750864643363
0.902385776012655	0.000172657584303848
0.980919620673392	0.000165404623145985
0.458386298614897	0.000105300746209349
1.74599930058129	0.000217911612649196
3.37644422819682	0.000353420326351721
2.21410388341199	0.000288550420826838
0.574988750564002	0.00013893010166588
5.40224681653363	0.000465418398720136
0.326651676930874	9.06141784253886e-05
2.43928610199553	0.000284948504185364
0.328597826706579	-9.70539972856103e-05
3.12996969502028	0.000295903581097798
2.87775967440476	0.000270407515736283
1.96170535124446	0.000236584242089866
4.61480476562304	0.000349197820991067
2.25546894301238	0.000290706690909058
0.513216939884852	0.000132098290684356
1.13365187228325	0.000179014343731569
0.0560131559752689	4.36924971655848e-05
0.941610497510215	0.000198575851932081
3.53303782333441	0.000282997541539682
3.34279292632681	0.000286984827696208
0.97136700736653	0.00017492703936359
0.432335778558691	0.000134389180968197
1.49935270061628	0.000188872540014955
0.716688399257692	0.000148015507955173
0.417003785748063	0.000145330533686733
1.02405550226445	0.000179712777277182
0.993743763866597	0.000134882998532596
1.45856132588623	0.000235175565255913
4.13320817178792	0.000387860217534261
4.46005202188007	0.000385110737132474
0.119806364074865	6.82291919465706e-05
5.10487234899713	0.000349074388326406
4.5131488810589	0.000402797523139969
1.84832861748164	0.00021382237843706
5.60508032955591	0.00040555379685287
0.697340569979194	0.000153886658118645
1.4704121018211	0.00022017592032474
0.506336402421416	0.000160671583071781
0.144707495255141	5.97839556757168e-05
5.09424796682249	0.000382003261129541
1.94874763805872	0.000271786583959687
3.79095970879917	0.000368157243493626
1.01490686817989	0.000170740989586953
3.89404182049311	0.000386693415965955
0.117288866718748	5.73690535716058e-05
1.11524873500287	0.000200485561399093
1.19303268344548	0.00020689027772405
7.20495802981558	0.000461593905019255
1.34839212171023	0.000201648751379848
0.738941194031514	0.000168420076506162
2.0220706951157	0.000229340133899993
0.0570640100711958	3.8784855478944e-05
5.77362903704786	0.00037982693076627
0.16768441500798	-7.00768184267929e-05
6.66725209012949	0.000497445434642972
0.0697622711894081	5.2174564078403e-05
4.55230597986195	0.000424832729523452
0.764835221228593	0.000150165601877138
1.46690891799416	0.000224853396530409
0.000409755910215548	-4.11001959569635e-06
0.0101352299141474	-2.0598798197345e-05
1.77475608475847	0.000237217643919253
2.6345500230742	0.000252888467967007
4.34607522972265	0.000454457473343343
0.742190724421151	0.000120737718341031
1.51345275406207	0.000234499074760667
1.34806949409701	0.000220225734991521
1.50519079963553	0.000193557150237897
3.42355353276183	0.000319006195125879
0.930726545486429	0.000151920118576022
0.17022573881795	6.3023228754678e-05
2.0986896639441	0.000228219654939242
0.197663722163144	6.85100835218922e-05
1.74773815570067	0.000246579317234262
7.70862112832701	0.000477942571112041
2.7275280176916	0.00031592363846852
0.468040559888356	0.000108728131433716
1.34963732460685	0.000170779595411276
1.3721914479991	0.00018433953118958
2.14507187579667	0.000234618618374171
0.0326564069804365	3.07280690633786e-05
2.88121208212564	0.000284033362324337
3.0028850950435	0.000315030612561257
1.74497056813713	0.000233190172200346
0.806695431109113	0.000153300768812901
3.33010252241915	0.000307440950144849
1.26292387068871	0.000192769863895347
1.50420946399907	0.00022807098776575
1.31285285001427	0.000214682639629395
4.61361962461857	0.000429090056355343
1.13518019582947	0.000204258624248728
0.547777244951777	0.000135400995420827
0.545841850997254	0.000142910143774168
