R^2	beta
0.112500084681843	0.00356378448060324
2.41791223957034	0.0198362724082005
0.423491685562507	-0.00792412371805071
0.299550043092802	-0.00657934167973978
0.23059846421826	0.00563646326511697
0.875448950018461	0.0131459469413284
4.76364692678743	0.0213577922835845
0.00774062465584675	0.0012619181227394
0.950100187222864	0.0124135790736066
0.322770681369818	0.00696531198260817
0.947791068023335	0.0109584844612172
1.393770899855	0.0145758087748243
1.78600354880533	0.0134196612472748
0.00683288366040609	-0.000923972158112301
3.87886754517279	0.0229290414185138
0.0760834909058943	-0.00346110853986171
2.84502070979617e-05	5.60078612519763e-05
0.965399775799024	0.012532339750555
0.419162079803688	-0.00772652356415423
0.359376982149862	0.00707478231523505
1.09869324209023	-0.0118233915844456
1.97970084566824	0.0159843824205031
0.113682910723507	-0.00417384164651499
0.00600397892045297	0.000763991266989421
0.0706890147366098	-0.00258777215931249
0.0801327763868072	-0.0036096052554255
0.0102302167867741	0.00127458586628402
0.911781271061354	0.00791525104977778
2.12360530925519	0.0166850685244461
0.972437554722839	-0.00968277079077701
2.84615624831793	0.0210930147841829
0.00561581891502017	0.000787496913846687
0.0124739285055573	-0.00120653669119641
1.06322245085827	0.0133986241302904
0.331524757656178	0.00611428929164908
0.839178717300706	0.00942974647548631
0.484032235132309	0.00832862829352898
0.110941789318561	0.00378846617384961
5.71117697855644	0.0243696809316027
0.296669296080147	0.00511552072668212
3.85962464742025	0.0241491639582931
11.3602316595046	0.0392045523476824
3.86583218993439	0.0211301213006003
3.32909529221084	0.0173405819496767
0.0394059104155272	0.00205968972469439
0.397559315310734	0.00790149561716562
1.73529662400438	0.0155349180271477
0.628535517162509	0.00826516501541219
0.107726232791396	0.0033535696748408
2.94179466599698	-0.0188993075389838
0.119156196580569	0.00381491815128263
0.354536471842654	0.0052188085876124
3.23784185449395	0.0207942544883177
1.08909564201515	0.0102922492936983
1.51582999341332	0.0135808040563688
0.00329583309565341	-0.000827746172730175
0.689565135441183	0.00929918846655174
0.288542715164319	0.00563162388622312
0.956743179135854	-0.0105803084060933
0.698300993508713	0.00910097621664007
0.980570556057785	0.0113219589808085
6.6531304465223	0.0330778602956873
0.013858279574254	0.00130823234233796
0.0350784965423406	0.0017868895691546
0.806262920009461	-0.00847279807068375
1.92225423813433	0.0172102830257204
0.830063587468747	0.00819579860268385
0.00174476447090164	0.000440319427728877
0.118045823981767	0.00371688101750432
0.215152762108447	-0.00483180730759241
3.18987680323975	0.0187368644393177
1.09536062641313	-0.0119918465966335
0.0975286631775667	-0.00330243193909198
0.0723066039071801	0.00300310125560493
0.128439148243228	0.00431849657700763
0.606781528957374	0.00903881199814496
1.92490919933514	0.0145119385259612
2.34991987583812	0.0205677787637157
0.866298902654761	0.0110333246220616
0.898407619703246	0.0118807662077329
0.0184102737639223	0.00175651731736572
0.306467410899837	0.00611260714790426
1.06559051998356	0.0116670287959092
11.6425037118298	0.0461980201327922
2.02623402478703	0.0138198982135728
0.102182343253096	-0.00385756048596846
1.68264159496473	0.0155656652762285
0.231872889838425	0.00575993769707381
0.00109219727593635	-0.000402186729335935
2.44652169599567	0.0187180624211454
0.43905473614301	0.00923082789978922
1.06801299875744	0.011698838031274
1.058785942765	0.0150069104132942
0.0136823225353236	-0.00148748961228522
1.56347767074548	0.0149873853588649
0.0552072917244756	0.0027799378775457
1.23355726516894	0.0147336529820649
0.062442038555535	0.0027295809729078
1.05540261255433	-0.0113308206599101
1.54730409367398	0.0144021161335855
0.5132929951837	0.00736190786944666
0.0188209963761333	-0.00155254556862184
0.0140716566279984	0.0013167468720516
0.0214646130465723	0.0016761794164662
0.0190960416449623	0.00150579108445818
0.0229666043812912	-0.00166663617174968
1.26238592163789	0.0118858430910404
0.00196162975911009	0.000422916437509039
1.40113875288319	0.0101497584629819
4.27245444450703	0.0241931990094834
0.231856873857752	-0.00548907756470582
1.56815178721421	0.01433870510755
0.00429861758250285	0.000616126087248565
0.860579217650665	0.0105743078686467
0.303035601489256	0.00628124451167094
7.04686642118044	0.0317328770199183
0.271571973055796	-0.00618115056287533
6.69392337107281	0.0294559869548331
2.43292589581364	0.0187077995623211
0.492022372871305	0.00804659149738441
0.25729226450834	0.00643632976692327
3.97993869543978	0.0255372684268754
3.30102179010622	0.0184847330912813
3.00005930141392	0.0215934585837699
0.0076057480868298	-0.00104545149267906
0.22736614452839	0.0057556477735982
4.18865499626614	0.0235904853787827
3.05427566749238	0.0163944893396462
0.427166332262617	-0.0080614055713434
4.33733490851203	-0.0245693006936215
0.640438068280761	-0.00913964192098094
0.0806493954820978	-0.003116326364276
0.0431170729411446	0.00231226355879203
0.528794817679141	0.0096620617777086
0.352264413709253	0.00756042290508843
0.497732543501862	0.00751441466001543
2.896275112366	0.0176317588616923
0.0149921647690134	0.00136159263832507
2.01596347416219	0.0159399456748481
0.0888829185605537	0.00396451031638254
0.792525181190431	-0.010563016029117
0.197824158200282	0.00409001581531384
0.0488348729647185	-0.0023561426882435
9.28776012616241	0.0273954170926753
3.79115694652983	0.0226143405649564
1.75533627184614	0.0176486455817635
0.0946446714541462	0.00367390121363854
0.0443342513207606	-0.00232531051693534
0.216243411298704	-0.00443916408714391
0.676877089827571	0.0114415334278226
1.22391866984634	0.014670266682815
0.170766351070531	0.00410774222315896
5.19290347368886	0.0272891373855308
0.225850900280687	0.00496927774061814
0.815828222430346	0.0114534753330149
0.481273961331953	0.0073277980140009
0.0848586890059434	0.00304018503255047
0.449306792004013	-0.00716362627601371
0.744658269362723	0.0108332784237282
2.99473331528301	0.019326489705789
3.28535773750117	0.0230277368524245
2.57657347403761	0.0176465788600521
0.539393790206221	-0.00915754473692917
0.972692849990016	0.0123309173701106
1.31282923854918	0.0119940191914883
0.00293660881825138	-0.000577565833250418
2.97412750377138	0.0191747117632878
0.00207061838443858	-0.000502730619215791
0.944358037717095	0.0108286764560063
1.63282399498351	0.0178734456964588
3.16115413037699e-05	6.37118016728605e-05
1.69578593093652	0.0171850390267939
5.66745963388314	0.0305325584424924
0.15997684659751	0.00572668668588937
1.93457769377953	0.0153829940476826
0.0706245960373998	0.00366158715932347
0.245259090252653	0.00536640617312757
0.299241785243999	0.00683303113245864
6.15692438108961	0.030445261741101
1.05906698691514	-0.0116346592963625
0.620040315832344	0.00832091198504991
0.904951078253646	0.00960949730972087
3.43986037795975	0.0229221617249679
3.19179383019755	0.0244449042784021
0.0853246712647054	-0.00304985856104215
0.166909090772179	0.00398909027896818
3.98065294297445	0.0231403501899442
1.52843932385935	0.0132741181591282
0.00872349103539168	0.00102037866047753
0.467931972031104	0.00755195615229439
0.0044205962353149	-0.000983364733262479
1.95011453970835	0.0167129577932726
0.00510223610036983	-0.000809417283132861
0.256456288872659	0.00562989355962771
0.00177985761376136	0.00052893781924124
0.310293694856655	0.00714578640951685
2.18663099157255	0.0168746883723662
2.71211088170511	0.0199654235317604
0.0350403481292536	0.00214501286687611
1.31482379169366e-06	1.34238092413281e-05
4.10680187563055	0.0278942191362681
2.34493523777092	0.0147776788753507
0.858313645752693	0.0111662339703142
3.16759454153819	0.0217103627422885
0.0500378169131732	-0.00236730014489297
5.47314064465852	0.0298096082065888
1.17797561224832	0.012545905887041
1.31784617497996	0.0121592384778784
0.205001987445233	0.00544721982180725
0.00207390826648886	0.000558881023732969
2.0631719307927	0.0162679940452909
1.52742006234283	0.0135685820765087
0.118994355876137	-0.00375355780362541
0.0672136291236514	0.00284950616128111
0.0353008326009269	-0.00229081634361599
3.56084597848007	0.0195087967509701
2.67551735915934	0.018519305620165
2.38233582018303	0.0181031359472946
0.169970645296911	0.00450879496363013
0.108635647942853	0.00369391000776432
0.895259113950796	0.0105229055747578
0.0125752412516014	0.00134813594776039
0.923876281278515	0.0113193634016182
0.294455880087136	-0.00570547469587392
0.0122450785761267	0.00126904181375708
2.53516206059588	-0.0153489745306257
0.550599450652561	0.00844639882940177
0.0277770568575651	-0.00166365858440862
0.587106345935686	-0.0079295577623864
3.36501433747487	0.0229323736426362
0.832013335768576	0.0118202872232822
7.01138738615861	0.033827731540172
0.0165882517815656	0.00130067109081733
0.581959164901514	0.0083731095213166
1.30739321391708	0.0134618377916634
1.84509305018863	0.016848154107164
1.89063776333214	0.0130667158703985
2.95670742306328	0.0194184390605568
3.20608915789983	0.0218143629829371
1.08979801768741	0.00973276073039189
1.77109547134708	0.0147047052795213
0.772816103581863	-0.00924891363244422
0.155835042761836	-0.0039050939021987
1.65942011636054	0.0191614334666309
1.25786910205774	0.0113780550323842
0.282380560778054	-0.00465677366307724
1.02210491917828	0.0101222019881325
1.97133501736923	0.0157763253482304
1.24746186275217	0.0145280206954966
1.59866213785208	-0.0150655603496501
0.336138118304039	-0.00675573735427015
0.37572959322502	-0.00673133745355933
2.02161496072161	0.0136461051817773
1.9234585373398	0.015746695451956
2.56547018248277	0.0135542934062735
1.28133511924687	0.0144516892388924
0.0115061674966819	0.00111506325111384
4.11271791339389e-05	6.0109349412952e-05
2.31430097861737	0.0195208482086193
1.72357362618485	0.0154756688187292
0.707563231905884	-0.00923640651156303
4.51406068378356	0.0215153892735253
1.95914201810027	0.0170184579301831
0.373738722774056	-0.00674038298396475
0.290139496345079	-0.006446741589513
1.40196437429503	0.0113869755525569
0.629052076580511	-0.00858119401266791
2.72283066774185	0.0179228794809447
0.00301680279762763	-0.000627209008613676
0.689760877582368	0.0100507329056962
4.11960077221791	0.0238429551087373
0.249880087180587	0.00574527540420879
0.302284110515666	0.0062424391784925
0.00721648606247554	-0.000920283285861919
0.00073089551928508	-0.00030816658985971
0.971985923669522	0.0121253924140949
0.465432335716387	0.00579827351654438
0.916603600178915	0.0098202034023591
0.878270587729905	-0.012433946083162
0.875473833895329	0.0122948680000913
0.0927103554759225	0.00346863945546396
3.4849737373079	0.0234412842073104
0.324488685088245	-0.00634591174015117
0.726622591166051	0.00996437020519387
0.904434770229598	0.0100405904096553
0.51509387327882	0.00853727235929111
0.000134079516533099	0.000130951196198961
1.149077724387	-0.0131777250849523
0.140867905293584	-0.00398633218666626
0.0215157335934354	0.00142831008893333
0.46110396871689	0.0071236041005718
1.88024666338575	0.0193872551668642
0.682094212474743	0.0102224334704111
0.0744693568819549	0.00304048213073157
0.00678646666901643	-0.000830394634408999
0.424641722682752	0.00730870395639687
1.60325386133585	0.0141872743222415
1.13029004416279	0.0119138535142539
0.267524040212032	0.00724639024913296
0.48935110715297	-0.00816854546919298
0.415629900180388	0.00607251630420001
0.60543830925286	0.00854451219580997
2.47297965968391	0.0187820306764837
0.414296301865413	0.00741357668042158
1.68050546007595	0.0152639433525784
0.928342843759701	-0.00879069136296884
2.43169740895374	0.0164778632284699
0.562100073450271	0.0071581847376479
1.88006812746627	0.0153106873396017
0.100831073994209	0.00395074436166831
1.32686564376844	0.0134847319640084
3.93665850571881	0.0230403652460667
0.271182783458417	-0.00570324265561294
2.7861933954759	0.0222976646711888
1.23485063374338	0.0155348597546131
5.57372570887013	0.0278729695435887
1.27489548778032	0.0155962678460553
2.31493342952035	0.015582629015025
4.13509538148186	0.0213787635887991
1.51171763045703	0.0122178388955444
0.0640058618070928	0.00245257770866023
0.109435829826879	0.00354008294128892
7.01899533257124	0.0302876131307494
0.432604216707336	-0.00768962084321623
0.162237940867745	-0.00410598692802276
0.101021410052421	0.00415098706625991
0.0127839140955057	0.00125030170401753
0.771524562224821	0.0101006443545389
5.00656941484099	0.0240752717745059
1.65557517888445	-0.0135557744126156
1.21578225423252	-0.0114261450203728
3.37566819680885	0.0245655728352424
0.034064109879388	0.00218851430013412
0.00879888359553746	0.000999926834324528
1.21821228047704	0.0139694456667085
0.00147984934340045	-0.000497929469495023
0.861154625873358	0.0102467510869924
3.50669531330387	0.018098760453277
3.08692024061434	0.0212202331824244
0.379173002138385	0.00837935117684538
6.68910689722348	0.0316968502569582
0.189408207936658	0.00439548986146473
0.323097198615788	0.00561481986204792
0.0211010217312459	-0.00142132312764777
1.02978000403069	0.0134801905668814
3.63348612922709	0.0220824031380501
0.761076889677728	0.00985713364980414
1.23718493885008	0.0117248987207068
1.58834612927678	-0.0129361645085969
0.878720227881383	0.0112598896467889
0.00819533649331576	0.00116805352892934
0.56056701585802	-0.00731987621234443
0.18162032636513	-0.00459356218860903
0.175998244999582	0.004912640988516
0.856502889948083	0.00863185724679811
1.08249469959642	0.0105280146650723
4.6973210884194	0.0251244891508412
1.31364391612943	0.0148813443818781
0.119311793825608	0.00377118248048999
0.210222657218812	-0.00527944983023635
2.06428236220122	-0.0194114372588432
3.22428579973234	-0.0195656548938996
0.36801044630475	0.00554816158967092
7.36449875528757	0.0335860410366427
2.11177453908181	0.019513209615475
0.122029145981305	0.00393638549542248
0.305891266766473	-0.00646357615708968
1.24060359680819	0.0132040522268068
0.0450193425975002	0.00231113760223895
1.19488544383043	-0.0129652610918536
2.25737986288973	0.0178630534820523
0.538901100002367	0.00821984350087549
0.154641914039406	-0.00433184523319301
0.0160139666714819	-0.0013803672428292
5.81724047946347	0.0266385023469328
0.394614383498423	0.00648065941841084
0.0670914181381347	0.00298299874509966
0.0799502370425549	-0.00370083337016605
0.873810024422376	0.012486867840887
0.637153329920366	0.00767252642426541
0.444203581789062	-0.00667871360823379
0.0879892929783342	0.00321313954047202
0.0564184892387623	0.00272941379157195
0.110741857094428	0.00383203284677197
2.74838549887175	0.0202439417836357
4.06010361664808	0.0261907660710574
5.32952965931466	0.0269040212458227
0.0155216212972298	-0.0014880457454216
4.31951923498131	0.0225336624493798
1.79449437641401	0.0145686751223726
0.0437569526523029	0.00214275652774934
0.474526603925853	0.00803376931973178
3.10931243821482	0.0156036783870353
0.0332881296922901	0.00218759824166264
0.780314107750344	0.0098426709531436
0.93576574966147	0.0116282905200978
5.28496099583481	0.0304146984178945
0.0639068822969591	-0.00239436371537481
0.935381895265679	0.0109061420843228
4.52318427088167	0.0226859721778554
1.3956936108938	0.0109242240305672
0.0159306426299776	0.00153840453494517
5.40696526943848	0.0248672532327751
0.352364120078186	0.00643107521328921
5.94704003441852	0.0304258537655579
1.46032785576773	0.0136607740705205
0.134883373402918	0.00435799411638401
0.0030275928968843	-0.000553726173502309
1.15479217256446	0.0119358770178819
1.27155847417379	0.0129978031240364
0.556666619626631	0.00873014145300092
6.68223767763047	0.0303994189885276
0.00693275817442331	-0.000986593011922672
2.97723089119964	0.01823488787701
0.16722655193492	0.00452865606530383
0.45486740421658	0.00709507637081808
0.992274555417293	0.0116991117602237
1.22863062515468	0.0119890411143082
1.26720887477407	0.0139067049125896
0.82845210070087	0.010411500132527
0.37239176839183	0.00761198937724382
0.364839801393979	0.00713736173688998
0.39025058904394	-0.00631292779007022
1.99305129459533	0.0178850908925477
0.659703037502881	0.00778628641635413
0.828991310357828	0.00965163840362926
4.47204345542038	0.0207777841769079
1.41404424909845	0.0134767308887854
0.462655749710071	0.00697616919186493
1.03280001515706	0.0111521594304364
0.110067380528643	0.00391764041050926
2.28503745303481	0.0160765800949904
4.34528449753041	0.0269511604090085
0.186691221494347	0.00390585886953225
0.00113661116351206	0.000332334378501346
1.17783529296678	0.0134720869100494
0.517237968097998	0.005951934210794
0.156422606133679	-0.00426774953529513
0.970394888511114	0.0112430958144389
2.83415372950235	0.0184228067084172
0.0150854111661934	0.0013367732126484
0.0351014376658105	-0.00191255041925747
1.48850015960297	0.015780542677667
7.22336491110149	0.033305468628741
0.12820703385755	-0.00308763688344122
2.17046206042017	0.0161535027253827
2.44543481091945	0.0157846626236056
0.614566151699803	0.00981104180965134
0.734484665573062	0.00821675089059708
1.49946361082895	0.0142631682951169
0.0816530467145265	-0.00299754853839675
1.62127299978143	0.0134418650660906
1.87368321635481	0.0165389427171677
0.852428775585748	0.0110028809853595
0.233263807386734	0.00556856449594683
0.279451766758623	-0.00536361369021219
2.09253404473906	-0.0174272352520258
0.00631648060873239	-0.000934149746477179
0.904304705345772	0.0108023418758761
0.0356561893046037	-0.00195531598970857
0.331286593714129	-0.00658409908339534
1.40449655252313	-0.014388092197519
1.1902584269565	0.0122062449660625
2.73225796596214	0.0149661700383321
4.10485117428571	0.0252811298392907
0.628370191635346	0.0110399442421147
0.00812152004083631	0.00112391489834295
0.584174291133758	0.00837186549242894
2.27884066478595	0.0183291446056624
0.977385374346091	0.0108614307711149
0.70648067046753	-0.00961008673716918
2.69528384595745	0.017081632578523
0.414154458183542	0.00592323135623666
0.0795840660705115	0.00263465833157558
0.0585854984644355	-0.00282399622365069
0.0405931615199134	0.00208493958354191
0.219246675315553	0.00593467764473529
1.14327810765192	0.0101480252116729
0.00470951915420458	0.000832721844544947
0.891444681600835	0.0101067394196
0.29874720200949	0.006504758575701
1.19490117514479	-0.0145830021645429
1.00934669515528	0.0105292646088923
0.819429893478965	-0.0106498533015553
9.49392034108678	0.0353242589603551
0.196109588926968	0.00505496537986922
0.362837355439223	-0.00605537567227904
2.52747003530984	-0.0224772850489822
0.83492218400507	0.00884559794376408
2.9420252643895	-0.0180941188601511
0.974470034507369	0.0123608993364288
4.00343874619012	0.0272996764393383
2.17954909220431	0.0154961572593164
0.103848475843386	-0.00310673243749265
0.961957584609837	0.0132172656510101
0.0775972696277693	0.00290120813792972
3.87476326725288	0.026252511433573
7.28742361306718	0.0286756967868353
1.0657843118973	-0.0134589061570664
0.107094235806952	-0.00371960076326379
1.56447409537411	0.0135985358148894
0.863276081836659	0.0103308413473431
1.36380189975432	0.0118532691940735
2.23244279524836	0.0145711118228312
0.65085694350942	0.010597442020835
2.26613290708995	0.0155505843905032
0.0151234597010415	0.00140833928922345
5.15465524939112	0.0313709517432245
1.1642485756411	0.0128873194686802
0.834493160155788	-0.0106999807946675
0.0138723097706395	0.00115682741339363
2.91004197694627	0.0239586368533805
5.51029185393142	0.0291741671952003
4.61081023024614	0.0270673982255831
0.463211984959189	-0.00579267148912455
0.32931274106131	0.00622694828425924
0.205001380051787	0.00475321368588301
3.03161893999712	0.0210710791183271
0.663064349051999	0.00887948577753834
0.675668085485739	0.00918261461993751
0.445265008926798	0.00868075813489056
0.0742053658674194	-0.0032340148222034
0.430109697252456	0.00773414790882812
0.00482683007130022	0.000650985342313149
0.0352096283813226	0.00238649168362016
1.02078352449306	0.013283458252795
2.45860958226461	0.0194809173537398
1.7837148664966	0.0125818868825475
0.000244382093960785	-0.000177333826303585
0.109980077034912	0.00384022417552943
0.577773460806054	0.00765899358395833
0.975159461229016	0.0101740293811133
1.45579601076058	0.0149791536369213
0.542455031528083	-0.00796123331731328
1.54302673414696	0.0153000445969205
0.649419111436155	0.00751998218228267
0.688484038708376	-0.0107589853410891
0.936693272143239	0.0100243496658163
0.0473548235625373	0.0023507516893467
2.26941989508956	0.0211375847509294
1.64904209527376	0.0171823529376099
0.519007948595744	0.00743205949287163
0.441250833268206	0.00861821407290294
0.00962357190550761	0.0010290092559081
1.78563600520675	0.0144441473043454
10.5909733576012	0.0426336774068242
0.922343632855929	0.0106858650601658
0.0126522047504873	0.00127688388479922
0.304243515778587	0.0063770326002805
0.0279986500697734	-0.00184867890290033
0.686109402066508	-0.0106806799679829
0.494378357171821	0.0109982711193918
5.14100794680412	0.0287414639083989
0.0800853207279399	0.00305695447000654
0.179174200679242	0.0048838994395228
0.00112469930517693	0.000366794000553936
1.96470989752329	0.0173561683407938
2.05965715101006	0.0177964572105092
3.63461773797039	0.0186844133734505
2.65026752843746	0.018555997975358
0.122724123111059	0.00378378881024498
0.0242628101828961	-0.00162741388972787
4.14594310036707	0.0255076781847861
7.21575594775334	0.0291657418193015
1.10703158972819	0.011996819369522
1.24814382610158	0.0130693537002773
0.177488168519315	0.00476630581841879
0.503559337108215	-0.00754013169476184
0.000554982303009715	-0.000266578520550901
2.03617901173988	0.0176029048146936
0.365960596239122	-0.00658152247803437
0.713378908763253	0.0080857815769023
0.771079230457844	0.00954838190129094
1.94879842144366	0.0143367523880754
0.43827927287953	0.00734340345804065
0.0235950790426503	-0.00181807660623354
0.0818485819831933	0.00336835519930651
5.80334742325555	0.0297431496219102
2.27228106296956	0.0171793203757505
2.15910554606424	0.0163651382873378
5.09464574934015	0.0260710339258376
7.43961524761555	0.0346766346596589
2.80327908075416	0.01985135080147
1.65761117306406	0.013741287977615
2.93719347657936	0.0174547642089201
2.24315009418792	0.0168372014086507
2.45080144997669	0.0169756106807467
5.52672300986789	0.0276030792773139
1.74030598680358	0.0137462178125156
1.78284360650144	0.0150096374132001
5.32646075701456	0.0266716738219504
2.83201003957789	0.0185257301216875
0.901619921171946	0.011122263946851
1.19687237631886	0.0105915253079011
0.265275837746983	0.00670571052346286
8.70082597839982	0.0337993018486869
0.192961889093079	0.00485038273104976
2.99989405387842	0.0228886772046483
0.0969741867744311	-0.00324955409228121
0.181271878331597	-0.00481042949583145
3.30279704527441	-0.0195002382830039
2.52461167613686	0.0200251592885235
0.152700572053848	0.00397671802901116
3.36216107241433	0.0227664703800416
1.44216314786357	0.0141062965937259
0.211092837338511	0.00533441411912214
1.13843369632688	0.0114191605151528
4.3036539289052	0.02354827995639
0.903931503375661	0.00984647258683274
0.0413298147968065	0.00231403787007901
4.73658406442661	0.022803244296757
1.37817112028748	0.0126316095661403
1.19539461146693	0.0119555802663951
3.87270474720698	0.0249057693907041
2.05849365845421	0.0154362285660795
0.00818535970595681	0.000799440115368189
1.41003562285926	0.0144606543307909
4.93271509227779	0.0281401994524954
4.35299887152533	0.0285519269883547
0.955629853023061	0.0106734759806486
0.024564065353405	0.00182678321594496
1.75879966150608	0.0151807561574895
0.149369594628831	0.0039055935737186
1.4166634479364	0.0124071701332169
2.03261090007985	0.0189258739594558
0.0343690535067332	0.0017345377368771
2.52079532301449	-0.0210351026734165
2.80106740087436	0.0205957154288095
0.0529523460502205	-0.00293783214059318
1.90862258219012	0.0182088900223695
0.00019516094547148	-0.000150740543851768
0.694621265469785	-0.00775030557959055
1.50113067076841	0.0136149302977518
0.050804267506277	-0.00225728699736709
0.705743648851826	0.01035568663529
0.206726104090845	0.00513402103165005
0.35221497416299	0.00835044627559955
2.95471868475115	0.0200997546441877
1.24986087164457	0.0109972360555718
1.22463916801249	0.0125201138556367
2.54719225414348	0.0239255618181405
0.00842889391336366	0.00122623940953646
1.89685411906748	0.0183990834383111
0.283476491999644	-0.00563320107086254
0.468922078233114	0.00732876690051537
0.0791043560436679	0.00302959577050759
0.754947314670622	0.00952059123285583
2.01573973122178	0.0185572771136652
0.120398960525855	0.00425397571525279
5.83839693704651	0.032286579641341
0.563776630826277	0.00685240271950907
0.0179026096857145	0.00143682058730779
1.88210012355712	0.0140875086373198
0.984884930143705	0.0114419855740164
0.00057435892267369	0.000247592741228335
2.71145501157317	0.0166434799771602
3.04762470543532	0.0203517186742829
2.12617880059206	0.0166516500949273
1.57123077574288	0.0185966998412606
1.35343819564496	0.0170650737384678
0.0108658760465743	-0.00101797261796082
0.109466631808703	0.00426651275995073
1.11802954444761	0.0114171183678916
6.34557004697427	0.0352721388467645
6.05248368901999	0.030255543506437
0.657531828280657	0.00977639893409705
0.0871857954900681	0.00352180213846921
0.237755736895221	0.00536383941315115
3.49128113224619	0.0199909936010826
0.426488484700303	0.00753297156083662
1.68945018984147	0.0143322180929059
0.174690772679151	-0.0059941453841282
0.0500227534033972	-0.00270881897387479
0.0750898993822132	0.00286417277252952
0.664120635657577	0.00843862016796394
0.593357433244483	0.00890455559973715
0.266561168272647	0.00635776562367809
0.195310195544719	0.00513631877276955
4.66996127321663	0.0277336176187839
0.000507034441468028	-0.000291694984034431
2.15213514720548	0.0143009920535291
0.105208712574072	-0.00320661666341419
3.82292614920438	0.0205820841933935
3.93422333379553	0.0211806718698549
2.11453485957586	0.0150534613430846
0.207430042658205	-0.00478685525498944
2.37320063209141	-0.0171941424070768
2.139968910531	0.0168671335401656
0.361071944303851	0.0068200174213545
1.13370048440547	0.0138836989299447
1.41344093005499	0.012033310842482
0.251450384983958	-0.00619487161941384
0.0723613693498215	0.00286722111660261
4.08385137851549	0.0211341018798257
0.165011303036358	-0.0043008115760991
0.344728522757043	-0.00586063748873879
0.00446961331274758	0.00078243323750426
2.83696704125379	0.0188940382493424
0.79957133337769	0.0111682389593675
2.01084408268954	0.0162703659762296
7.4961016501687	0.0259050336989243
0.000965226276689483	-0.000358333143496993
0.511432623308123	0.00713879051636587
0.695002981410822	-0.00939081120961893
2.53813820485695	0.0154956737012258
0.969124495543711	-0.0110951298599737
0.756177013083224	-0.0089025061760801
0.791076264755161	0.010389629754935
2.94300461516045	0.0178924473265585
7.56119746697871	0.0313075519400941
0.533470535806815	-0.00801645045576
0.471783327248784	-0.00778162740365421
0.483863677224442	0.00807888057394515
1.16411317332349	0.0126896605904984
0.0246017242091079	0.00162492538720629
0.210382955732924	0.0052949107564031
5.83834087782676	0.0309541874920718
0.0903786413832739	0.00335425520253162
0.23790064071358	0.00729613723719544
0.270629193090945	0.00633750419276141
0.351072449097745	0.00561261410431688
0.370429055565703	0.00686836721782322
4.2960294739833	0.0229909488483099
1.09141325020837	0.0122426570503244
5.60831233031586	0.021806525435119
1.83786792847911	0.0152301241362348
2.92511413395787	0.0182098914941493
0.0794292220356942	-0.00359759623863231
5.60977239260585	0.0322446858471703
1.81131481709634	0.0144821833672938
2.46160241154112	0.0193110659160411
0.143794473244	0.0036849517385023
1.53232377144686	0.0108464143669207
0.00509535648501617	0.000757328228794588
0.220009931456776	-0.0052155055746746
0.142593341233438	-0.00435593792163302
3.42988292345632	0.0218412605069771
0.615999916825223	-0.00774614515917025
0.279007509288817	-0.00585162966144573
1.3218986237304	0.012507086212002
0.094777936995709	0.00267740138193086
3.903616752237	0.0228729010023101
3.59883754353799	0.0226393184405743
0.0781953287213483	0.00285068972218827
0.320566237666254	-0.00529836672454921
1.06094303707595	0.0115683738223591
4.75847743201637	0.0257080280620828
0.546563126015487	-0.00865025519718082
0.423836005698368	-0.00870289604382329
0.178397780681205	0.0051296485525047
0.677210325903519	0.00883179691566474
1.3113550763893	0.0107997270921899
5.57426978937881	0.0318112896392835
0.305960221841112	0.00550544382667488
0.100921859255699	0.00281826680025916
1.38031614934688	-0.0115060438134262
1.21805241474624	0.00928059405599327
1.72714330853366	0.015677674630207
0.784769246408828	0.00967891272692669
1.92991623899451	-0.019695541586918
1.17578725091448	0.0130949463432462
0.78146545885899	0.0112656151137466
0.114498080622304	0.00370588253448392
0.977259350576074	0.011969637245221
0.781060692777617	0.0117557354631102
0.00118025631252868	-0.000421646993205493
2.31363635421466	0.0154545915949905
1.27951479072511	0.0130411617232047
1.31504793156886	0.0137243500639791
4.91278695834409	0.0283494554891567
0.995990379008058	-0.0116094492645725
2.34589096684149	0.0181929840710683
0.046011250000133	-0.00187577626525852
7.11958315085054	0.034215586558359
0.682315638936771	0.0099753821993121
0.000119043157603632	-0.000121036144073554
0.765788794299408	-0.0114626648660624
0.00213705589951134	-0.000544707453573347
0.00947081340929119	0.0010917777915461
2.40360080196922	0.0194723461127946
0.448304724883925	0.00640818610200157
0.00933684402759984	-0.00117537299480404
2.01574760417637	0.0165631163162811
0.55326890741313	0.00896526719633768
1.66505167324729	0.01478328358046
0.416575019753063	0.0073811521913242
2.51747766698703	0.0170741969776019
0.0289612752622287	-0.00157175671726421
0.53496406826483	0.00845224239587908
1.27056504538654	0.0129925553524764
2.01444771616525	0.0158541829858917
0.143879854950842	0.00408440584327504
2.03534243417272	0.015377320276597
0.0832090214905283	0.00326134203319604
0.257193682031488	0.00535958373324204
3.01483891834204	0.0192942822110542
0.0180326239560621	0.00122028288257107
2.86850876600138	0.0170179210254259
0.188791111559082	0.00532483818440514
0.271563976466262	-0.00594462815227994
4.80562565472526	0.0229171677834062
0.313569575974699	0.00637177878335452
2.57002374888914	0.0160894416665893
0.167618478714733	0.00477313351505442
0.103995319854284	0.00334214616169505
0.674395950323279	0.00909816230509192
1.99046008005635	-0.0132272114778589
5.17390040749383	0.0268998732981097
0.0342335217608492	0.00174669313546172
1.8107375861568	-0.0154159664993642
2.47761890584656	0.0173887876318788
0.0349855163887986	0.00197644411990912
8.0734592968477	0.0379228952068338
3.75618994826339	0.029358593923459
0.0250539961324226	0.00190031786155327
5.87972767274279	0.0293953434668362
0.000998110909015967	0.00032470031053273
0.0623249644100223	-0.0026681373896555
2.66165601248716	0.0166778980725287
1.93630407772669	0.0150561273476158
1.06017361887484	0.0128014394169966
0.156598500135214	-0.00492120692073892
0.119782072991241	-0.00404400996941517
4.80046084046553	0.0320700761301288
0.503826362021438	0.00823596079658478
1.25771958437247	0.0120774343491963
0.016454642669772	0.00140639952578208
1.29616794568378	0.0126468454261708
0.0723564049447674	0.0031904641575967
0.450029104726641	0.00704422481032238
2.72549474744223	0.0177973027752091
0.486067888983183	0.00844081783073606
0.13692207470363	0.00499938516039515
0.223822415899048	0.00531700385287079
0.172763962011242	0.0050389609561388
5.55589837030542	0.0302851129247815
0.00308735012972407	-0.00055804477583603
0.753563429995469	0.0106872065771334
1.31984982570394	0.0132889101218259
5.1733948187663	0.0307263744682168
5.70197861027418	0.0341746508063799
0.0228305751801841	0.0015407225391313
0.0231970817385535	0.00180734853318787
0.0101869519864259	0.00106439443221109
3.6736666109584	0.0225080456194129
1.54420390640623	0.0127381690951471
1.46612525964991	0.0161051523567394
0.89289783887718	0.0106619755490041
0.952525535959826	0.0109674100976977
0.431441606982319	0.00775147716775431
2.42294046459963	0.0198529629017647
1.36061032083971	0.0132882724813781
0.124027555662047	-0.00435179229826375
0.318582234722694	-0.00690029224297544
0.853866570440957	0.0100654794753829
0.920220316163364	0.0102255296270948
0.0922349017675767	0.00315050644683061
1.90528259778476	0.0169439144163806
4.0988424789473	0.0202926357342593
0.237432748194386	-0.0052743860621106
0.171888365576451	0.00506122915168758
4.28197574746762	0.0250348052136929
0.32017001447489	0.0063518060310701
3.85408925417403	0.0232301165335698
0.685872788647013	0.0106954834188317
1.79779562254861	0.0144567496688477
8.30489392030231	0.0357289833386156
0.289560990082732	0.00563751970777025
0.17796365423575	-0.00457675058422375
0.23759251748013	-0.00543358646306669
0.569023813045891	-0.00859432989860653
0.534735728097778	0.00713268802197102
1.32896552604336	0.014485578054606
0.182673338055703	-0.00538927881568645
0.648482434629617	0.00867457204087139
1.22570368741632	0.0115681189813907
0.855859649272768	0.00999585382813179
0.125056339854343	0.00425558282453612
1.11235035892031	0.0123570754187897
0.622308197450045	0.00879658601631643
1.66323417794329	-0.0146459999224509
0.144214692357533	0.00542105239572876
0.194506880780004	-0.00418373814666497
1.14249090443508	-0.0119580893601007
4.94413616677097	0.0291700267870294
0.0958034354898654	0.00344707702245368
0.0948779723752566	-0.00333753105067663
0.448306463636369	0.00808226410073318
3.39228542904049	0.0249299513528876
3.70875428380352	0.0198175219849119
2.87918540962491	0.0200848344841619
0.60820321321225	0.00975718874455305
1.06433771472729	0.0126792801674898
6.78486806155885	0.0277158774444476
0.403809011457706	0.00752835480610154
0.0358057078243664	-0.00222188375963181
0.133424670851777	0.00400391446868335
0.0918668494579413	-0.00311654063242903
1.02423952884039	0.0112480111078608
2.51351619337023	0.0213561436552879
2.19348342428025	0.0166467861368849
1.35119215311228	-0.0137450263505976
2.4588883177166	0.0183182017822751
0.0670545803137031	0.00282136375087245
0.31197332120493	0.00558549071061458
0.00102589163758971	-0.000411601837773513
4.55863132564902	0.0277357743313377
0.400157846268935	0.00798409412322961
1.20593485725927	0.0128083603395145
0.00184850829227656	0.000483568448786277
0.360653128885702	0.00649783562506261
0.910527129730033	-0.00854617019685932
0.235334774572434	0.00523468972250586
0.121256280798679	-0.00317778888213768
4.4162114342971	0.0193148630126881
0.614941205049747	-0.010126473542888
0.138346857037402	0.00430988530396107
1.45615604551007	0.0108715006882364
0.487618387053666	-0.00592817605805237
0.984693577797617	0.0128791586821706
0.119832368850913	0.00394399109814026
2.30691948122258	0.0164085085770744
0.258439404592301	0.00555239343686511
0.0310114353216453	-0.00182828691433828
1.94336382550805	0.0161604946509824
0.015955913454994	-0.00123594537154846
0.0455601531600665	0.00233179250294334
0.206496708216247	-0.00482618818808663
0.0307857422759806	0.00201015445736024
4.77317485238287	0.0260885737946026
0.124080362628	0.00418914863766246
2.33396921652749	-0.0152299908020621
3.99828042856891	0.0234615542147262
0.181766521060205	-0.00480950119031426
0.0408333969400251	0.0020724501457194
0.930805313595101	0.0100050469116335
0.31004294582347	0.006172766134875
1.11969567885582	0.0117305790897281
0.949484575086578	-0.00940504215824317
1.93396661388938	-0.0155807283522776
0.769051507775706	0.0101030174958501
4.86187840877506	0.0240080182557238
0.615169380937284	0.00870314362892266
5.32134643050931	0.0284084038295381
0.000260771339523938	-0.000160078960968082
2.49536682362394	0.0261433069626633
4.42293645695649	0.0234421384978067
1.21921052928419	0.0117137615030067
0.710373873730869	0.00942446969832274
1.76849808526713	0.0175293024523809
9.04878312023038	0.0359595791190891
0.432139120294108	0.0071763853657493
2.98672366030428	0.018370152135782
1.52234896744439	0.0132831049039417
0.168322562379741	-0.00451166766807851
3.87024013129092	0.0195103016698021
0.219563187395401	0.00545438527260638
5.0995164433256	0.0250476502638566
2.0510443743148	0.017588623169279
5.66880281711921	0.0351041699911248
0.0344181002190352	0.00217894449983481
0.393955337704136	0.00735484455426406
1.57453025580764	0.0133545789646621
0.3871118179241	0.0072064317586874
1.78223164366449	0.0118838502284589
2.18982050835804	0.0156588669884192
0.0834631207175087	0.00339076129674361
2.28185162404872	-0.0181327636416166
0.592251838753719	0.00861246777511754
0.0674109009773256	-0.00258613460616142
2.17636687035199	0.0178357204008203
0.122212852167586	0.00365004042058667
1.96258936968657	0.0161207485549742
1.39586307651355	-0.0146110498790844
1.10204143881584	0.0135639398446705
0.00668238025282781	0.00108577707322697
0.534174493366396	0.0075599463147227
11.8191331794891	0.0407070265943829
0.193067181728326	0.00485760227910111
1.14424356411771	-0.0110510412047643
1.12810196385324	0.0113118920325056
0.732334537602002	0.0106204239866217
0.498745138773527	0.00749122429498172
0.0926409930163384	0.00380586282470244
0.65040243366321	0.00894814266447278
4.58189684417016	0.0233247095286633
0.0717130237518638	0.00320493561884616
3.42361290058527	0.0207226065674838
0.251386916726947	0.00602131989170867
1.0689402126197	0.0115183295068344
0.0121717074056032	0.00129470740822018
1.85111292732315	0.0151863557734714
2.46590264996398	0.0216516431807331
0.487062285443114	0.00723838341721165
5.46860490509691	0.0252676197649839
0.0709444019294302	-0.00279976828060299
1.86866707227984	0.0147086115301249
3.83310964212801	0.0227967549905251
0.304772882467622	0.00641904061230314
2.25468663970183	0.0209696033783188
