R^2	beta
8.09760666446827	-0.023201302413721
0.228882709997654	-0.00201795686091701
3.2523358118109	-0.00846072736411659
1.21388325634089	-0.00670065768776838
1.57217400710245	-0.00728965926558515
0.325324962362148	-0.00308789206734103
3.622520539312	-0.0109098026461719
1.00623669024237	-0.00564267860572036
0.0494808287253481	-0.0012474873076048
1.56121462595161	-0.00769503300472189
7.41780061815477	-0.0176679172843542
10.0839756794914	-0.0189407243724703
0.0290425485114222	-0.00104897786290417
1.95974037011238	-0.00807031188477571
1.09297595248127	-0.00534313560373285
0.451152082829899	-0.00289817717688549
2.30324403076573	-0.0079944449058229
2.01934084253978	-0.00891356767562673
0.00205658289033957	0.000246392211393378
1.92844659218572	-0.00716436029282354
1.15174436114008	-0.00642547998251763
0.435577419537258	-0.00302853698834479
1.27297378964723	-0.00601550625458144
0.846410235321836	-0.00625627934017374
0.158408234248054	-0.00249198626373319
3.38175968719637	-0.0108205393560575
1.74953293795301	-0.00822998407909941
0.000249710656914096	-8.84503172280477e-05
1.73615853437863	-0.00681667448167892
0.971139189440707	-0.00523971719825866
0.999972941404099	-0.00507483879945865
2.16830112037376	-0.00800771345680631
1.60104688984913	-0.00781926146389878
1.41059636326512	-0.00690238175669462
0.461538491653526	-0.00366733047901383
0.17510667091935	-0.00210887498023731
0.194628030554009	-0.00272818625136943
1.30012788069658	-0.00633777785259392
8.10863603381414	-0.0168208402726947
0.17774934645071	-0.00224299210755002
6.17558121869517	-0.0133151489341143
0.888669896463471	-0.00497399933499237
3.78289530808908	-0.0092871538524048
1.34326181234149	-0.00653526512800328
0.841777514341026	-0.00565232779491732
2.01248141837003	-0.0100399056710817
1.96433382327571	-0.0084218692497182
1.06620568483266	-0.00527761691743309
4.88706765127974	-0.0115334185847056
0.775608701028428	-0.00452328031434557
3.40012840542806	-0.0101595867924508
0.0666360940409396	-0.00129229118127569
0.573676472951883	-0.00376367898441219
2.93584842761766	-0.00909544290327445
0.0598183549541691	-0.00132868325397623
1.50168877876106	-0.00726232201695984
2.70965949445964	-0.00879697868766907
0.41390872935436	-0.0040862495907247
0.331192786303394	-0.00289837527149644
1.95739166242734	-0.00654011041890222
5.65700669409339	-0.0132406801683547
1.85886543768504	-0.00811461477658143
3.58666552044815	-0.00859523691786058
0.00384474438951691	-0.00033174059088968
1.05673600257684	-0.0047171280021981
4.3070443223328	-0.013235625653508
0.267412144241525	-0.00361806578717024
1.56097291038797	-0.00648931325181054
0.964981588093757	-0.0055183722864124
0.0241239713012025	-0.000835474170319531
1.76247730742581	-0.00650428665539784
1.23132930341905	-0.0058060080033707
1.73667994180995	-0.007493095966183
6.49729720968317	-0.0150840505697305
0.349737668375335	-0.00437702131034717
3.20976321847061	-0.0100439093784622
0.561355176889497	-0.00364172622062888
0.0948085014301865	-0.00153527346707713
0.785766713682489	-0.00570415717768949
1.95634314396121	-0.00658918636492134
1.94034464403949	-0.00731785483123728
1.51585668815751	-0.00680484410215828
1.40038624936984	-0.00766568782027621
0.249449786623889	-0.00274580213452366
2.36999433741219	-0.00679587805719367
2.52580732585558	-0.0101826823777193
1.05301904792152	-0.00646834031388194
1.30288861202988	-0.00570757731824074
4.43444273405286	-0.0109754239695276
7.64440727092194	-0.0143174329326772
4.56481411133179	-0.0141260820028451
3.05947481550896	-0.0123934235451866
1.0448176027884	-0.00598220614185225
5.23951114870767	-0.0162764509703174
1.60985353271735	-0.00695950279835539
5.84756280043814	-0.0128995887899068
2.21084578858436	-0.00856343905353103
2.02556083547059	-0.0080505151813042
0.939899254678237	-0.00490898480721961
1.01329593141073	-0.00604140845080178
0.422360391525946	0.003069414941133
9.49763317794966	-0.0149306183805522
8.16962329150504	-0.0152202145530268
0.040030334002881	0.000953569898237589
5.1563608353314	-0.0126758478018008
2.78178550114639	-0.0102701665888858
1.60862906961824	-0.00796484558055457
3.11447924147467	-0.00938351958151173
1.73063787202125	-0.00776983210173898
2.59396214182474	-0.00863416623495097
0.173472322344726	0.00260182169363397
2.22677950639375	-0.00840298760236883
3.14816535737746	-0.00955540138739403
2.4456207328249	-0.00714329624028664
1.79437365047917	-0.0075537178395869
0.501464386383367	-0.00326316428341405
0.901391228288551	-0.00565937298322091
0.577998819941591	-0.00382245438366787
0.222839022298614	-0.00238654794313095
1.06299043399826	-0.00603402391992949
0.338758978621737	-0.0035958988342935
1.58610893115713	-0.00615452544610028
1.76491712357683	-0.00839173366299274
0.658956746516952	-0.00408109679459891
3.1323147431739	-0.011008193122412
3.56452019556493	-0.0103927740078404
3.52304146428695	-0.0106816637234698
0.48071922024457	-0.00337983366622276
1.43906099517147	-0.00539468969790545
3.18947615393661	-0.00903222373192161
1.35911481600459	-0.00721727738911992
0.809500093336425	-0.00654333706833382
0.540833390158354	-0.0041666311618257
1.32922575318154	-0.00686277984676727
0.429624393161649	-0.00348391847665802
4.41745299540016	-0.0109856151941243
3.13565251296638	-0.0101628957962139
1.19303839815268	-0.00530562836770627
0.932615611098748	-0.00577761557363635
4.85665348728227	-0.0117065297744575
2.98317247066225	-0.00971015318590153
3.02293846384286	-0.00975124122677053
0.0877083459920202	0.00168596489369705
0.559581586406954	0.00443067800508548
1.72223503301057	-0.00701659396170642
0.0853698249950158	-0.00122002351998604
2.05980467545186	-0.00881937453985778
1.76582135797394	-0.00733868973043316
4.04451129261184	-0.00903247691370567
3.43857215682002	-0.0101662555549642
0.379373782600945	-0.00293234447582998
3.25294565836029	-0.0129888194819853
3.52520809120947	-0.0086693054176793
0.365745582062421	-0.00291111145705041
0.548221468023854	-0.00349241039539816
1.94553865400452	-0.00928062035398119
1.18984975131421	-0.00574173603425344
0.575092463302246	-0.00436735262008859
0.668755094030035	-0.00537525382377625
1.77128964395186	-0.0085372111090183
2.67646195614179	-0.0103894902298148
1.25956731490078	-0.00549473538819446
0.43925453764616	-0.00318007074656295
1.17328797224612	-0.00779422826559923
0.295159219706967	-0.00295947546939775
1.16859842263234	-0.00527569403223977
3.05143742628135	-0.00833447257522558
2.41753593890034	-0.00706149554833613
0.0612482931191886	-0.00115843500717246
4.91985284688944	-0.0138457269055229
0.547282808922675	-0.00387875837717606
0.681337896458398	-0.00508923821480641
4.41316043034754	-0.0121919190084516
3.34978048146472	-0.00802702488651028
3.87826345430439	-0.0122784765082858
0.729343308467545	-0.00455262741194015
0.370847277275376	-0.00348667291114995
2.78424540539741	-0.00902696139301707
0.991695401026334	-0.00644821962530162
0.110156379173926	-0.00202227411660862
1.21905374713425	-0.00581583525524985
2.08749531180561	-0.00613197636543453
1.36718219270327	-0.00661966027131707
0.00274733557564604	0.000274348881478062
1.65822218647409	-0.00863806373456361
4.30438444016644	-0.0126778741435524
0.268229451661105	-0.0031344104914821
0.596566485226958	-0.00414644152624854
1.77200629254501	-0.0081608879982967
1.06427387612922	-0.00683638180270012
1.58910679379372	-0.00638974229443266
0.0875858795044273	-0.00188210271692562
0.0128596718930471	-0.000706249468600746
1.40966933766972	-0.00754729425996222
3.33552193190909	-0.00942804029024538
5.7177727001455	-0.0127782024166486
4.30511438178533	-0.0109240112403664
1.57724689436035	-0.00589618281773466
3.38133043641917	-0.00964371607437689
0.0831935075158644	-0.00124343275800092
1.26945643843838	-0.00603224369768088
1.66795507901379	-0.00704642646099109
4.24136882576762	-0.0117729547839945
1.59945054812198	-0.00611184758628667
0.86225952139413	-0.00585001131264028
4.12483825872503	-0.0116277851629518
1.41289204957178	-0.00593313657711892
0.350653696510359	-0.00315625368698756
2.94223932529058	-0.00753607301385844
7.39687709086932	-0.0158429473754053
0.361959742924797	-0.00369108421427538
0.720536304708942	-0.00469977448089895
0.475773229295463	-0.00295281402995763
1.84253507845194	-0.0080651883633248
4.33474686986123	-0.0142318893554792
2.73165297289269	-0.0100515697782452
2.45367933763148	-0.00783761574011715
0.203905362249681	-0.00203645687121984
2.11249262172162	-0.00802578403609974
0.610229606951404	-0.00406653790722136
0.817736506214516	-0.00445448874726887
5.41537130987329	-0.010371888567204
1.19673212311785	-0.0063670947009361
2.3300545491976	-0.00817552554850009
2.2181577402311	-0.00739792872733453
3.25312871528601	-0.0146912481535215
0.229344963260943	-0.00281989091006974
2.32594158411819	-0.00784430707586784
0.500691204717447	-0.00357915975734771
1.57176443833848	-0.00605640195804191
2.47000151464283	-0.00791873632265954
2.26810214491688	-0.00862051523113866
1.71910600964742	-0.00705595507713207
0.685211975089116	-0.00475524083369107
2.59580952503423	-0.00979688641937363
0.644851483615058	-0.00411531410049548
0.583892519164271	-0.00411384937214903
0.217796888352563	-0.00252093494853078
0.0366150017004455	0.000982962794898199
2.89241803859903	-0.0104507276278241
2.93100159983476	-0.00917762040454231
2.60055892302214	-0.00784397266790481
0.28092643461554	-0.00248731595435992
1.45593072566814	-0.00564387829244705
0.40510579525084	-0.00263597094546155
1.315126018929	-0.00496646776134776
1.41848439825557	-0.00590865416677636
2.61566130307921	-0.00744277205662607
1.27714107675239	-0.00650490810628205
0.473515686942674	-0.00374819097836654
2.22317144294823	-0.00882399034504489
3.26232425127742	-0.00978277504543544
1.22196617467544	-0.00595184602523227
0.678894134519704	-0.0045803377356536
1.27935759136266	-0.00515930035563168
7.71447092343675	-0.014004630443785
2.67529688287726	-0.00874255794728907
0.106948362469701	-0.00181549609235623
6.20367097832628	-0.0145677594139559
1.56312833341897	-0.0092080281242551
2.73642652015956	-0.0111115804325571
2.70602165485994	-0.00825730940990521
2.48929420612265	-0.00787930236535587
5.59839281389062	-0.0142371408694713
0.0360104875449914	-0.00107292925564265
8.44345134222343	-0.0170362061050318
1.80959242167189	-0.00854026304365451
1.69177972208662	-0.00757541273953012
0.63397314398446	-0.00525880359212193
0.0106161441425117	0.000526597736868948
1.04120161460762	-0.00611330421010526
5.44857497699494	-0.0125790771861338
2.90181559312554	-0.0109173113606504
1.09043269943011	-0.00577246874556825
2.5962912202187	-0.00911198180257094
3.99915334984487	-0.0129156941465513
5.56541219035994	-0.0113661647698378
2.05836438529208	-0.00888726229567006
0.151327017863879	-0.00184614506191167
0.887567521459121	-0.00514795846496819
0.780039600488891	-0.004918122972352
0.849173342551902	-0.00415829110192111
4.1749251828521	-0.0122934682572425
0.0214553201057589	-0.000944563525338337
3.59013538431853	-0.0106856997421406
3.41202167537342	-0.00860747254956335
0.798953085566606	-0.0044534171636574
0.0692691723483941	-0.00139201514621155
3.24903296239029	-0.0107915493675868
0.0845420427414346	0.001297079891706
0.099288358970539	-0.00174161939188396
1.78935397285566	-0.007563855906858
0.879305405652719	-0.0061112038923392
1.95806582870841	-0.00920599878540861
1.66607103265513	-0.00692647802174783
1.11284461759705	-0.00580101668422438
2.26612265864384	-0.00860677022567097
0.315223362733326	-0.0029718679641236
0.891868139666822	-0.0051382346451761
0.520980822824731	-0.00373244837273524
1.3693700404261	-0.00933676491814394
4.99113001345528	-0.0150519545369185
0.921701233498092	-0.00486300114598344
0.982146679948766	-0.00502505265195501
2.07721121370823	-0.00857992058773266
1.16894896178215	-0.0061657694376502
2.03467937557305	-0.00835139302851526
2.37088769368516	-0.00724710628755496
0.00200331773685896	0.00025457574320658
0.283492084239559	-0.00314014990986799
1.99240981384242	-0.00725120619596934
1.09285619422477	-0.0050054267174376
6.91519408403588	-0.0161601084651866
0.694003401821731	-0.00506412737354619
3.3047886933348	-0.00867013201866258
3.01811527807626	-0.00963692946019529
1.33005634508799	-0.00643006127349363
0.0229313792759256	0.0007643646674475
0.384296282365405	-0.00372771053775268
3.15371944289607	-0.00915329924778398
0.896863773572421	-0.00513301735784563
0.823967657546591	-0.00447615524004827
3.42719618739209	-0.0113884760240848
2.06378829939771	-0.00964930655751062
1.62548447224628	-0.00555918629505263
2.14205423870675	-0.00794479964062576
5.98540913701927	-0.0138107649654793
0.00702961427426969	0.000494707920456938
2.20854628548054	-0.0088025577198927
13.211719114871	-0.0202120859870854
4.32770748210395	-0.0126740739457187
3.68757235843279	-0.0109715504389819
4.97762828156338	-0.0139293898242523
4.65758406191607	-0.0134636853950901
3.36742789660842	-0.0126667092983888
2.16139243107492	-0.00936817324744116
0.547054161953347	-0.00323814042235665
2.1017679652879	-0.00797867240271814
3.81441140526746	-0.0109336081562202
0.711189935791228	-0.0055436115313301
0.430289335766279	-0.00306379060245664
0.0126935014189628	-0.000608559104414499
2.81309700683257	-0.00840379241703858
6.30739076058509	-0.0127122603327652
1.36487488165805	-0.00592830462854081
0.269732504012457	0.0029594062971053
1.77554472593505	-0.00705227359219448
1.1011375408713	-0.00655036087599797
3.53512078769061	-0.00998329911357732
6.36369045412766	-0.0115213601632376
1.74921922383932	-0.00719758639036071
1.57429371640222	-0.00765177163445635
2.40897471369963	-0.00756898269816449
0.968594625195862	-0.00487971089237716
0.180130575305426	-0.00229235103107045
5.08696943745798	-0.0108779404983057
2.65910660580513	-0.00851796507329406
1.09849403214173	-0.0053105174874045
0.274412735150955	-0.00255582741891188
0.471228059491025	-0.00327581891568074
0.00213578564814609	-0.000257538808013352
0.256245356668039	-0.0027386902449643
1.70973656196826	-0.00709714934407909
0.645999884036155	-0.00374053097689447
2.5499623292656	-0.00927374628117972
0.21004403790487	-0.00227214126800317
2.44974257024255	-0.00946529406111754
2.36613178399338	-0.00784021550635135
0.266959489881361	-0.00312255288382521
0.222440967029964	-0.00270758783818715
1.98997640347477	-0.00949728005804585
0.00619860395087904	0.000422847730841808
2.25103055566566	-0.00778948018535565
5.22036972057339	-0.0134904063820714
0.0746276852064971	-0.00137274040783824
0.960387520579014	-0.00494705398679353
1.11536805999185	-0.00563737641810122
6.34129661836366	-0.0146663974650035
3.35472647734682	-0.0100650198119547
0.165785507230429	-0.00202636782571444
3.48449358805239	-0.010823900351224
3.43481676994239	-0.0105879939639253
0.865052598033254	-0.00579044364049901
0.113840570120724	-0.0021854529695461
1.04743818437699	-0.00618751727195676
1.16595822186163	-0.00590952347150451
0.021559258342074	0.000776326947520666
1.34553668437608	-0.00656096407290083
2.23489560573599	-0.00791453530979619
2.89579307931942	-0.00933407622246795
6.65039015871435	-0.0162731114954909
6.22330116287633	-0.0127509880866567
1.7423640168931	-0.00706832625577977
3.78010306852725	-0.00964618937697766
8.19666620244675	-0.0191372064878403
2.05546439092558	-0.00926908585876996
2.43373822908235	-0.00856448272542448
0.0966545161588397	-0.00161325064770337
3.07700695496832	-0.00971625219812713
3.46618878000322	-0.00999247992704488
0.0966814768665434	-0.00160923934239556
0.275860556787124	-0.00304722013502193
2.15925492176595	-0.010216425073371
0.224329306105923	0.00293033402306211
0.22776783053407	-0.00272833569783146
0.930316088804354	-0.00568537697067051
1.06064967640814	-0.00483122990312189
4.93372982938654	-0.0125282020880539
3.58885342363967	-0.0125966198289296
1.23556509579182	-0.0049367235685949
0.045724523606482	0.0012935994596203
3.47388173193596	-0.0100453218045769
1.06947801028838	-0.00463177782771241
1.48119954377685	-0.00681545080966129
0.714516866327609	-0.00482494154605267
0.508156453479918	-0.00457487545348022
0.945635172890225	-0.00559868010662392
0.302589188948517	-0.00274220187823776
1.47491495167555	-0.00710050274548534
2.62258041292049	-0.00959314138509921
4.08628759226575	-0.0100538681431179
10.4928152148156	-0.0165625504325248
0.106269089126534	-0.00181384242944328
1.18709724150445	-0.00666422616538997
1.4108437677849	-0.00663009593317418
3.13837674086875	-0.00918537561878542
1.82861009899633e-06	-8.11475683489817e-06
1.55043713515404	-0.00665057001631263
3.37818558757039	-0.0104915991310246
0.509393007799236	-0.0037529605676215
0.0407307674967519	0.00105378937484729
6.50088078952926	-0.0145087356170384
0.0331702467747938	-0.00110233956142103
1.2553801481172	-0.00573930974693812
0.902808368651596	-0.00464538229473225
0.75019739382983	-0.00411727693480622
0.842982990203662	-0.006132847565307
0.0198578048488775	-0.00077605374329819
3.77589971873775	-0.0106333743376519
3.74281095345782	-0.0126982387692756
0.712527863566729	-0.00470103529772795
0.680789770034466	-0.00467392470577443
0.904665369632795	-0.00609095466591254
0.801997587371025	-0.00416043917544807
0.0546750882500907	0.00127000663556037
0.419684333805994	-0.00361838123529817
2.16519491604005	-0.00825880025228337
1.22658196594572	-0.00849189648671919
2.79174596910065	-0.00839245027609888
0.000233847733343722	-7.80043234949246e-05
0.0193575325385791	-0.000738871106119412
0.0185717360947926	0.000937838726184312
0.911353410190984	-0.00520088204800895
0.867903152497258	-0.00599169084408992
1.81860563857786	-0.00646907467989908
1.00543816372303	-0.0042892524340433
0.675730662615967	-0.00491944562994126
7.40118109134971	-0.01698917393197
4.11052772806006	-0.0126367209755356
3.3029636082019	-0.00954329279330231
1.10777906554921	-0.00607513789718097
2.46582135639741	-0.00921898009951286
1.81885033225604	-0.00710609762088879
4.44104011566919	-0.0109276458607558
3.60096275387239	-0.00937599381409683
0.70309334201822	-0.0040269833558151
0.747296245090408	-0.00539735194970302
1.21607304952916	-0.00714225027427635
0.0793728179097167	-0.0014599006951398
2.20379830554339	-0.00874415237512521
0.514124963144541	-0.00363830161119212
2.36995242996684	-0.0085720837654391
2.66280973062075	-0.0103022006187086
1.39624193462257	-0.00629999809909728
1.3800595537744	-0.00702717067229783
0.00458570131611747	0.000396906308125774
0.444753912790507	-0.00321465785835535
1.17597436198868	-0.00540018630904244
5.69738831066769	-0.0164214768513503
0.802555769244586	-0.00456176147898291
0.623061183821897	-0.00474184358565282
1.15127268748043	-0.00650699249955415
0.00807986187018287	-0.000465029042062802
1.5734319551726	-0.00545927839672077
0.934441485048915	-0.00471404506180094
2.62823161170579	-0.00904616755933807
0.608906973764077	-0.00431965071040959
1.88127918300211	-0.00630571526378641
6.02890101395522	-0.0151708034546452
1.6661028422833	-0.00760140617220472
1.03566429984468	-0.00542452684441886
2.61614250127447	-0.0075081647113668
1.10059446301071	-0.00552656805629807
1.7431258062038	-0.00820355421495977
9.43696654573467	-0.0150121209293288
1.37977110952409	-0.00534752644013404
2.90964051797183	-0.0112982211875756
6.14372254213934	-0.0184055253184053
0.000144064738967229	-6.95351018881208e-05
1.0010713722801	-0.00558756159613033
1.11759857063056	-0.00561863713633482
2.23741708842029	-0.00825841924612181
0.466806638860092	-0.00430934438705707
1.26578532193324	-0.0069169058190945
2.5207980396432	-0.00746474755730402
0.136630536036172	-0.00199734754595528
2.87099341793007	-0.0104490415576493
4.02011184404972	-0.00850090015577657
0.0641004677707829	-0.00159950968975796
2.64334934537823	-0.00947742323310424
2.50076374869201	-0.0107098649902136
0.0351128771413995	0.00118354367581515
3.0300511072773	-0.00926747654947909
1.51055356976597	-0.00593726408026513
1.29427264748777	-0.00647465701450522
4.32971994724626	-0.0132338002939303
1.28646252857667	-0.00648503675895663
1.38182421371968	-0.00538167358688251
4.27036089561383e-05	2.88869407200794e-05
2.29705241983179	-0.00761592226181362
0.98042800962408	-0.00708520854302688
0.659194283664767	-0.00438461423883142
1.87712182183566	-0.00855220611945916
1.80462514093764	-0.00768741846315419
5.93399244812023	-0.0145742669921461
4.10222557666739	-0.0153979420660593
9.05884264553864	-0.0202365411091271
0.0494996575065522	-0.00128562659962862
1.32017975056936	-0.00648053235725621
4.04942557898749	-0.0126545360036576
1.05685740855614	-0.0060296649453275
0.0596623629922718	-0.00112771225222253
1.12449361481825	-0.00608115727515965
0.498125719336067	-0.00487764927132063
1.59402296431199	-0.00750833731022539
1.86121745003669	-0.00808195764752696
2.30666810144997	-0.00858234930671471
0.0117259364692372	0.000594946166176131
3.26083479109358	-0.00886640177182936
0.899470170638751	-0.00550545728434696
0.614682756297472	-0.00407706331274905
0.817100886486688	-0.00462734223210909
3.77600769538827	-0.0105976522019469
6.30923017303366	-0.0136633195609147
1.29082013364794	-0.00571993520716177
2.46212935765955	-0.00777151830288128
0.910613927756343	-0.00596586444250973
1.52846488397554	-0.0069624226944088
1.44848409853473	-0.00711142499400945
1.26855025902546	-0.00617956545106768
0.188070335201382	-0.00246591211063294
3.48035341464898	-0.00938948343846393
2.82029513077954	-0.00972483613935918
2.17809809176474	-0.00690685069751539
1.18966742667677	-0.007316588795167
1.38949185680986	-0.00771615815824519
6.2642955673582	-0.0123251627308353
5.91198477333251	-0.0133291967370815
5.63400364508606	-0.013377249268535
0.0148093658391661	-0.000682598989794499
0.358476908554501	-0.00270837806646938
0.225968141604716	-0.00262718116958306
3.55347597079609	-0.00949481500984499
0.17589639217902	0.00235589478714839
0.394930880211401	-0.00403306913860876
0.763230400183153	-0.00455851982675478
3.13585737769873	-0.00948735177171279
0.323630160843595	-0.00446361400543604
2.03951934625924	-0.00760784738467493
2.78678589417867	-0.00981857378756988
1.45763645688832	-0.00722931118578726
1.70306189748023	-0.00822844992920004
1.72258831406176	-0.00647974467372373
0.124500987773478	-0.00189960337685719
0.0741645372383795	0.00135585563717216
0.521353707371132	-0.00414996837222808
6.84786847139836	-0.0174206367054675
1.17155417194435	-0.00638196388439117
0.33398603364014	-0.00284809989115889
0.922637104988527	-0.00578132721681011
1.89074671753349	-0.0061963741949852
1.35590309017474	-0.00647043807725043
2.282653029869	-0.00799530854564226
3.78578408016988	-0.00987022928706159
5.47253268687275	-0.0140847645617961
3.6377991715779	-0.0105942285355986
1.86918266035345	-0.00633023338120626
1.38143253736504	-0.00780465565341866
0.0135404602358802	0.000748254558806832
4.94614754513159	-0.012092130949223
1.16149404380405	-0.00520714965773721
0.00622093800621989	-0.000385000332859796
1.22267891895056	-0.00691929756358602
1.52175804629916	-0.00630409447430079
2.71544100377449	-0.00947297026685322
0.701829259298483	-0.00435286576409554
4.55394798729086	-0.0128454470923562
3.28887313524356	-0.00967328175843754
0.173613280006471	-0.0020741914557447
0.0976894452227219	-0.00157778757896723
1.39841018087022	-0.00694331226675856
3.77959425861396	-0.0103172111936847
1.71699183446583	-0.00772293040348348
1.55242394354653	-0.0077542066031238
3.44069953363871	-0.0107814140058073
1.94352115294441	-0.00617954375880389
3.84671564096814	-0.0102163185888446
1.85215681884495	-0.00841640437819043
2.0656934966791	-0.00797914981572314
1.76535302740617	-0.00755134928246441
4.27804461441027	-0.00989390074337455
1.81497807637541	-0.00814040367388021
2.20376763949563	-0.00886071873019746
4.52683242761141	-0.010900796173633
5.34199957446442	-0.00935862051353576
1.69487586035587	-0.0067440523553433
4.06636933983884	-0.0117310630168042
0.446330521865789	-0.00293293156340112
1.66768256336109	-0.0064760046210562
4.78945278041186	-0.0149496566796554
1.135064404274	-0.00514696969086066
0.498956601299471	-0.00439877998680443
0.942834616640452	0.00514568409708633
2.020653737922	-0.00664995167453518
5.84574877216164	-0.0165769272894616
2.44825401809715	-0.00762190900652783
0.555849352641531	-0.00352597920806437
3.51804417159568	-0.0107838958852922
0.681073619323308	-0.00497986308060507
0.9479172233294	-0.00574751139925445
1.64647546281407	-0.00888128669322406
1.97836677700886	-0.00598864422680465
0.207246378720922	-0.0027511551034111
0.506757838624589	-0.0046095598350652
3.48808977259882	-0.00961361453796852
1.83124648789826	-0.00738663756112555
0.00981537714187463	-0.000600427766858104
1.91641398455124	-0.00697935116784678
9.18229073115579	-0.0185231455613298
3.31870935053758	-0.010329054976915
1.64993408189596	-0.00752865464333205
3.89053817873272	-0.0106076834051119
4.33500899957949	-0.0114969920428076
0.203205159699341	-0.00240514348396457
4.78464378760799	-0.0131763313357443
2.71058429888981	-0.00814013206745068
2.24174399200144	-0.00949799674643126
0.109523204247998	-0.00156374656767979
1.85645312243588	-0.00670489007800271
0.862267083529518	-0.00600982769791017
1.70147207781966	-0.00712801831488966
2.18364997854868	-0.00757596164969283
0.354224591111832	-0.0027250140904166
3.2406596280892	-0.00881929012785709
6.64509291890489	-0.0147770969637015
2.3851650786852	-0.00855844823541007
0.864282604297117	-0.00569381539140147
1.19593701922845	-0.00531675025282249
1.30581610977672	-0.00611028453037647
0.142515893696227	-0.00211496487484762
5.26154676268347	-0.0108286554417898
1.77932893267067	-0.007485075465645
2.26881443973143	-0.00919855122388197
2.46471304928269	-0.00830796213963254
1.89657529850305	-0.00812293473502097
0.0113086130482107	-0.000637658728066852
1.74303119738843	-0.00634109964631164
2.34729605633122	-0.00736178704436962
1.67075792830889	-0.00645291437530093
2.69499629701593	-0.0104504171094827
0.131323027992563	0.0023755610760076
6.15521735343579	-0.0142762824756331
1.43985777828577	-0.00547120225737214
9.40703909370181	-0.0153863999236984
0.532259862265571	-0.00468212133116408
2.08362962008073	-0.00870430517218268
1.33575617985594	-0.00540475531841246
0.757037137939203	-0.00511210290193336
0.975453836898754	-0.00507005784439667
0.232884239446101	-0.00213500682069504
0.53590318700059	-0.00374133157407193
1.23140885967066	-0.00520390889616371
4.30791263938322	-0.011570582385077
0.294634255747454	-0.00303575733576697
1.68419542682743	-0.00662549723265436
1.61696025237213	-0.00659172670706279
0.00757937732853045	-0.000414058355083471
1.97139280302636	-0.00688941577302705
2.89638390109512	-0.0100825888499996
0.753127674066275	-0.00434422709186272
2.3158360762142	-0.00841362189975641
2.90638730544731	-0.00897536749024204
0.375884256854878	-0.00395477784743331
0.138029012009234	-0.00226727995094858
0.0192978085850306	-0.000832963619031403
4.06245971098752	-0.00974279270107363
3.87567546754696	-0.0112544683122598
4.5084703535772	-0.0119708148711531
0.648859900781901	-0.00447735581851687
2.58204503818691	-0.00821639104892671
0.845992902409397	-0.0054669611708148
0.455433257089888	-0.00394510177591963
1.93948263441448	-0.00514779830165435
3.77208253759815	-0.0104750665481552
1.60907460976543	-0.00688415179960698
4.93181281670862	-0.0135096837713029
0.276700547408688	-0.00306592241015708
2.90974456054	-0.0078147473100873
3.82941339301557	-0.00927738447575279
0.437277668336192	0.00450123536567134
1.07610782071219	-0.00721508524509732
2.58201956100747	-0.0101664288285157
1.10481879733836	-0.00615053919305366
0.0151768841106259	0.00065731182664874
1.92888736693045	-0.00896190387879664
3.71062015635588	-0.0116821765448697
1.97651397294467	-0.00940070610824233
0.143505753579933	-0.00205839581078673
11.7128238517447	-0.0164896730104952
2.44733457689928	-0.00902529637420973
2.60586613644022	-0.00897751491875821
3.78332490690866	-0.00958368954504225
0.679947222844329	-0.00559571157154714
0.119595032637741	-0.00203477799926042
1.71976211470027	-0.00737407398801306
0.881497190818426	-0.00583417274966872
1.22751352063782	-0.00568435666852424
1.88610917284656	-0.00771806066251956
0.696872093041375	-0.00510598502186632
0.363667178917492	-0.00417575102700337
2.2724183923491	-0.00770031120171201
3.10572201708758	-0.0104739282293479
1.29988123241391	-0.00546086961127288
1.04354407161938	-0.00432524046423917
0.160604969923311	-0.00211343035571087
1.4766727845686	-0.00762929332280655
1.30859958444258	-0.00460421757015514
0.101038909420479	-0.00161821358788731
1.3820031619685	-0.00836988173872957
3.5091718218087	-0.0106306326957826
3.01528825584329	-0.00931610344147282
3.66013908854173	-0.00952627838870401
0.724327779291187	-0.00515804809173448
1.91249874718749	-0.00897440052016259
0.198776761899523	-0.00258701971108102
0.915381255114972	-0.00505138428737068
3.89972098955016	-0.0126691972890309
1.27537069178256	-0.00551352511578722
1.44226714752724	-0.0058603846341742
2.49976686843211	-0.00847354936994033
0.774548300296829	-0.00489359690300635
0.294490563842038	-0.00278919449351151
0.619372326811406	-0.00561180928425562
2.5583823136708	-0.0105948930874854
1.55504522994426	-0.00601041965111291
2.18525876437377	-0.00883472243719446
0.559318208977233	-0.00436704823686621
1.50043664672148	-0.0057097379325856
0.0297126245372488	-0.000978729265792098
1.42619092754529	-0.0079720107533593
0.0296347526294873	-0.00104340380094376
0.939780819549677	-0.00639706036519115
1.23580176219914	-0.00510872358049605
0.0385390788891586	-0.00090702680422683
3.1872961446635	-0.00938370900881192
1.62382184001263	-0.00613283253510586
2.5974604036898	-0.0114872493000398
3.15410213441091	-0.00940212005878984
4.99085668659056	-0.0125622611391586
1.84544637248957	-0.00679439940673868
1.70840261321961	-0.0068254712345775
0.501582674449308	-0.0036647052027603
2.30622299621878	-0.00744748910178084
1.22404876855073	-0.00552453226553309
4.01484886135573	-0.0105264665712589
1.0421107621284	-0.00628342932852329
0.951054500335143	-0.00437612985003174
0.100364314945031	0.00159275914647776
3.5783272793979	-0.00877772721415152
4.3696094784173	-0.0108095113467431
4.33147942264212	-0.00990728003906989
1.46202968547755	-0.00646079721722922
0.21405243811413	-0.00242862669224484
0.479222192127384	-0.00401370678101393
1.08552364175742	-0.00546229439025891
0.480843295033475	-0.0038270401164657
2.54876168110397	-0.00880659253638527
5.81694844875068	-0.0148508044367849
5.64454588423957	-0.014719681571189
0.933657651954967	-0.00516321293265209
1.18821973341634	-0.00553504066835971
2.84191643431641	-0.00922219269941119
1.33928863811311	-0.00554576692235617
1.11354377088772	-0.00621800718280586
0.345642813873698	-0.00345105129391101
1.11008505722552	-0.00645824331991148
3.36095220210632	-0.0109013519218477
4.98324343850935	-0.0147125587196532
1.85205387494034	-0.00681329458234995
2.55730359683667	-0.00933965124301821
0.00450125953678307	-0.000355326684962363
0.555880368570636	-0.00391066866093215
8.42469798962591	-0.0118015979568415
4.8616055397299	-0.011635761614452
2.30981211609087	-0.00792721746898264
1.86222729084576	-0.00786137809662582
0.00523455941995241	-0.000315837960634413
1.67383743605843	-0.00719506005184774
0.182509142701292	-0.00207166640522519
0.756387213333828	-0.0053807113464898
0.624152093154115	-0.00520659055586537
0.391069593687907	-0.00338968830845891
0.458998819307179	-0.00332933829615373
0.347675512564732	0.00293945857077149
1.07432013857383	0.006053457479964
0.102229247873078	-0.00157873687098382
0.481484206312285	-0.00356270899465256
3.54798498777745	-0.0103346546669679
1.44032325860741	-0.00511102011770523
0.851754784982058	-0.00434687178264758
1.05215035878307	-0.00483421432444521
1.57009749621938	-0.00678115158433183
8.07735244245646	-0.0132310140717974
1.59348632875916	-0.00735324483145823
0.0420131603366975	-0.0010945556170146
2.98211772034552	-0.0101243796165173
3.09657812583171	-0.00965657020286265
1.90086311075787	-0.00777968008888729
0.106660368406913	-0.00165558983371748
6.88909558119136	-0.0152918948566961
1.23308068899296	-0.00641759200061049
0.0120171464354384	-0.000772853074011833
0.479419146329767	-0.00388124022466741
0.362312496594879	-0.00268337585894906
0.895791357022968	-0.00564769572352391
2.13558081871367	-0.0091945419935635
1.71736873702792	-0.00777433608628446
0.0350728433136782	-0.00101774141762719
1.04699196896313	-0.00500288623072557
3.86265550080546	-0.0105275895122076
2.99560889626551	-0.0123975947140481
1.60136250256606	-0.00730520414608387
3.8529172907033	-0.0105796960092813
1.38085210144436	-0.00745647960993381
1.02284244817972	-0.0055814446486491
3.939909327837	-0.00789174261530207
0.555844949173737	-0.00360289213990755
0.257186313714384	-0.00233972260147573
5.54559367076175	-0.0158748186214868
3.37140026825181	-0.0103248849463925
6.62302984018829	-0.0148590115213142
0.347073040223927	-0.00323205955528077
3.17786730116226	-0.00875629196333444
0.57999564925229	-0.00423445345320972
2.30330193036473	-0.0100114557028323
0.410760558747318	-0.00408336514289325
3.55494770612605	-0.00947718741814541
2.00214456590422	-0.00839034684344715
1.14107852524179	-0.00546895692110462
0.142594998073102	-0.00187208693082172
1.09529286239176	-0.00647219236922683
7.67738191306667	-0.0158066783736484
1.54838733106535	-0.00675735593073614
0.421541633215501	-0.00388271600061221
1.9634222451226	-0.00682907010266866
0.296696040929541	-0.00336405582245266
1.84484476322266	-0.00709079591820241
0.0301248134942901	-0.00111703050606502
0.626390320921059	-0.00444047524660712
2.12481098624568	-0.00932319467827194
0.388015449503755	-0.00365895427985431
0.296475361283206	-0.00327654751900843
4.20266689584968	-0.0118838736639283
1.19600428662022	-0.00722912165060179
1.97441954218331	-0.00743336969607048
9.76122083508352	-0.0172313668868343
5.00371584079409	-0.00958819992462479
0.0701411297997784	-0.00139958141891174
2.4796910081901	-0.010956884273783
1.17992170612861	-0.004776103815919
0.0162915723320098	0.000641815819408029
0.46862895964583	-0.0038357915684528
0.452199717346235	-0.00365869373994975
0.383597454475293	-0.00325412594895688
0.103539327139219	-0.00169407495722578
0.809638910101109	-0.00479517540218836
4.73416514816848	-0.0112754383029096
2.00985910320539	-0.00735619132808625
0.799627868653209	-0.00480150990516866
0.0584454932581575	-0.00129302754858591
2.94413512841646	-0.0109200313073707
3.20384830944869	-0.00857753065874569
3.62217737539372	-0.0109024944075277
1.29461967738841	-0.00564271098966307
0.582344857653484	-0.00343642962300388
1.27822996634426	-0.00547779491671897
0.637178418590434	-0.00451085892776986
3.84750342063062	-0.0104193232670754
3.19758333321604	-0.0103681795251953
3.45382244733343	-0.00959803199362329
4.94802205657647	-0.0118119734480236
1.77287188477209	-0.00760541719295871
0.659371114662795	-0.00456195940968714
2.76006140821617	-0.0117483310403714
2.94275031590341	-0.00786988622242798
1.86847622832831	-0.00792717696389612
0.651046654164516	-0.00392153797688829
1.04670143335975	-0.00503681970570009
1.17218734885221	-0.00418029727890738
1.43270332746653	-0.00681989730142576
0.0139917706882399	-0.000709322313368979
3.38969101853132	-0.0121363790537999
0.991593136914789	-0.00499040264708794
1.74872393920331	-0.00856620082305192
1.76404194298534	-0.00886536890932692
0.00421168510419451	-0.000312033441183544
1.65921715890819	-0.00674675107760581
3.45316505064204	-0.00958717676432631
0.688363022205048	-0.00502908276437361
0.900352404413352	-0.00463185458575231
0.466805267169033	-0.00355072302769566
0.0872288543225016	-0.00152545980450985
2.3921478328026	-0.00946076067511405
0.27903280967641	-0.00323960237610319
0.218018397025288	-0.00272274700642353
0.613839429645349	-0.00420542336610554
0.854379256054782	-0.00520633902352521
3.56185662619914	-0.0105617549730245
0.780193291947506	-0.00509283296229095
0.575381515702359	-0.004760099737929
1.31978844644317	-0.00651429879287075
0.134188869539201	0.00185663298724976
1.33538208513265	-0.00775028254892421
0.576758222739757	-0.00401105132745714
1.38373705582628	-0.00562906065442912
1.00104746630097	-0.00494065891095317
3.55208026457246	-0.0112272234793731
4.05506716791548	-0.0112329415727693
0.269254992415708	-0.00301924964035023
1.21689152634153	-0.00615040174324145
4.36331387182129	-0.0116626818107709
0.349259511693964	-0.00287415904895077
3.35447682984365	-0.011720697834093
0.787203676291051	-0.00450523506445313
3.96988243213537	-0.0119483702140997
0.0838965274838428	-0.00154997985241027
0.000383297939967041	-9.79229239625186e-05
4.8649957576173	-0.0125702710300999
0.384805793324012	-0.00333430112364023
1.01663256346098	-0.00522415205848584
3.0781687598331	-0.0105801966229519
1.87069624194375	-0.00770457689281975
3.61822057308749	-0.0108375738991013
0.566569938607109	-0.00389586923081687
1.92730388805178	-0.0105405806278237
11.1900490569556	-0.0187672458560846
0.693408614744844	-0.00381045827764529
4.03334212742701	-0.00931435820315976
0.486448181877799	-0.00391583812084352
0.30680231448711	-0.0027247075353348
3.4580438287757	-0.00906250341938496
0.216044887784555	-0.00253440951091446
0.865086903385503	-0.00524428746048618
1.79520510352234	-0.00606837723691131
1.81930691186917	-0.00659390854318382
2.57219019300434	-0.00956640768577094
2.64188348207981	-0.00856840572796401
1.00741513682062	-0.00572615589429426
2.80528350133664	-0.0100321103318204
1.50764569551454	-0.00715533154877884
1.49025468070181	-0.00595668291263546
0.17461612851514	0.00238502042773411
0.345124312646336	-0.0032436417008277
1.68204550580638	-0.00822496445948317
0.571774079848881	-0.00460084420663147
1.35770299708077	-0.00669521648350751
0.761651096706519	-0.00458859524253631
1.79285262464706	-0.00750202422766039
0.88471506566751	-0.00509125625750663
1.4259476083933	-0.00623239912129693
2.20195454597831	-0.00917104443415603
0.0250795880217415	-0.000836805868659869
4.25500428408655	-0.0124480567463489
5.32687053083766	-0.0150458232142916
1.01293979312182	-0.00548278741334299
0.63318607053483	-0.00382819757737367
0.791840430922149	-0.00533668135698759
0.82923228494853	-0.00601831747376793
0.245933813076159	-0.00253249062101929
3.69926254479639	-0.0111682071188021
0.261572002305821	-0.00288672382323621
1.71590976870343	-0.0076428409088433
0.838411349074759	-0.00482243318968515
7.29197781581514	-0.0138619890979497
0.198560073309084	-0.00257503922488611
0.00593066770813546	0.000494027700341603
5.36753929099292	-0.013566975344076
1.77075960135261	-0.00814544371126533
1.34919836771881	-0.00686464658293134
0.0742881574317221	-0.00152945986238662
