R^2	beta
2.66282595600926	0.00946330365849756
2.9357119759271	0.0108674382204181
1.27018638402001	0.00640131871168938
7.63156062448375	0.0189984291216293
2.25686240296154	0.00808444971107298
2.34238617390843	0.0112946198200294
6.27627141776844	0.0181077960501712
3.40607731893628	0.0113923844006867
2.40196025373528	0.00799292374067237
2.55086989134628	0.00986152603231922
7.64563883872009	0.017745992858083
1.85287827917116	0.00959931226510102
4.57191868367235	0.0140712844813345
2.87868173961909	0.0116623366649468
0.0721090725594427	0.00185429384113906
4.3210885303413	0.0153094761432708
0.902091683873537	0.00493871044802676
0.219000780354725	0.00296457043607812
9.99437843568679	0.0209428366345912
20.921962730909	0.0361295748819176
1.39644005376314	0.00581479690053316
5.09477129787148	0.0154164297131345
1.05342747060185	0.00628884462961917
2.04268990951699	0.0109440255592995
1.38631536791541	0.00804679392846435
1.29122870337586	0.0067573446833201
6.51126590544019	0.01465485957626
5.27533113923053	0.0134166690437896
2.95418760993508	0.0108904487458668
4.71834364958292	0.0150525523342207
4.65473156156356	0.0127867517929084
1.13546712864962	0.00574836657519192
1.5537172910388	0.00754876810058469
6.64914075557709	0.0183162218820698
6.31612110975277	0.0156295114408312
1.38086944382307	0.00849926897350054
3.67920633255865	0.0113873132850218
8.89380474982926	0.0227422972864944
5.59889059530191	0.0160740149067158
0.950762763745794	0.00602779427313338
3.07431139026017	0.00909970400677737
0.599055279894704	0.0046346029107896
4.24086778763159	0.0138255296113824
2.63407169210737	0.00986669936373246
0.18245927395662	0.00314992681208793
6.3349213247596	0.0172627232868503
2.24437194859714	0.00878759419175814
7.31066477006723	0.0176387405250047
1.52156813972131	0.00731306732160027
1.04733603586873	0.006982169653911
10.7385515749566	0.0190815940557911
2.30944158508411	0.00785628292548104
0.00690311939910344	-0.000464298115891444
2.19003967992871	0.00799400639950218
3.29272641389668	0.00921722250347884
2.51464330576372	0.00922100137236047
2.75689858475654	0.00950251009860161
5.87800263598206	0.0157646808472635
0.926870764645308	0.00621260046677929
2.9634965307463	0.00956267814634802
0.433668331150802	0.00395060138650464
7.18994603055852	0.0163619030643187
6.71459177583343	0.0154043631670438
1.2481968305612	0.00683266508336077
0.467150587034406	0.00458184273718792
2.82558637098768	0.00977690694177255
3.05430370865935	0.00959251154545478
0.0357177130194458	0.00105823267953284
2.02240334653529	0.00876444176408451
2.5878341425796	0.0111656673488725
1.94284886209858	0.00830282421837562
5.46816478298085	0.0149470469396673
6.89752124656725	0.0181811773072371
1.59324220262647	0.00721903918308833
0.00215997960581912	-0.000256717987475998
2.68454629696534	0.00983510802279621
1.04725615780944	0.00763235547549584
2.34178493576058	0.00852175260426317
0.720521238788716	0.00448350905267669
4.63916814348312	0.0140619680221714
1.83758010003202	0.00945693227228983
6.30022426496702	0.0155569596933312
6.1386660616695	0.0168399267626285
7.19008866627265	0.0149431337789381
5.09856327042144	0.0137868325751298
1.39803139006786	0.00723305880621068
0.00519768081421104	0.000502970815159908
4.8980125661935	0.013398129036492
0.20851335715969	0.00281495681752691
0.210142893884426	0.0029767401087975
12.746739077479	0.0200379389878951
1.79730955657401	0.00882883919864275
4.59649166719172	0.0130198757533732
0.150265903828283	0.00270851557145437
1.68530103246144	0.0074882633409715
5.07527430231032	0.0154492637485155
1.51426518105061	0.00654892609463736
7.80057491704278	0.0186029969897908
0.663976696786595	0.00577133568577634
0.53957171930055	0.00500743812563972
4.73801977342667	0.0153525773892188
0.0576444744632145	0.00156708264566255
6.90282492819026	0.0169485304750878
7.82957089257918	0.020712658579162
2.11466779245993	0.00832277867577578
0.684543889026422	0.00498403942785767
2.43022416303251	0.00833937401037805
0.567829627744726	0.00465225774396221
0.316623058881412	0.00336940395451648
2.15011016949174	0.00955476543883116
0.314795132034037	0.00350517077260098
7.61264311783995	0.0199487345977368
5.30826497674673	0.0148445967986568
1.18093231000979	0.00714144043728262
9.78430478636168	0.0177524511050815
5.71484185114711	0.016012670495272
2.43362021271874	0.0106923294810682
2.02294072611914	0.00871442610462721
0.533006774053538	0.00422956528100693
4.49540389177287	0.0132715861499676
3.46550329666495	0.0112708333868756
1.696485420536	0.00692083575458568
1.29814637548001	0.0073993715521788
1.76415251624708	0.00840194934873866
3.14407568913687	0.0104639837960329
4.5463641260993	0.0148156934313144
3.15025841055439	0.012343145093406
4.05671657873082	0.0115940730435703
1.8022078144755	0.00845371806102395
3.24755859196756	0.0123749628061661
1.54269610700625	0.00733238871143484
4.16626898520341	0.0106838591916576
6.09173802706698	0.0156535068884197
6.91488215971997	0.0166934152382408
3.99174185173695	0.0146273160838663
4.98392381950295	0.0132809432911143
3.06323545083933	0.0129317710500765
2.87215938990596	0.0118397419803201
1.19070393416852	0.00661319083326107
5.74764320367785	0.0141432551238396
0.685500641261137	0.0044271143777102
4.88880263443319	0.0148038782685246
9.06426911088789	0.0188751392959441
1.08596436978756	0.00641071658310203
7.88157604838051	0.0190651547342691
4.0859726332806	0.0126802338689388
1.721948403894	0.00778101182096708
3.91914679826059	0.0117789179418193
7.10161670235828	0.0189539552925019
1.82033697366351	0.00732976731856095
0.0625032059506733	0.00159123396383659
5.37832061810024	0.0173992019862258
4.16898116093064	0.0152808544358365
4.10649670892383	0.01209514769567
2.20412541039703	0.00937484860789763
2.40910727750438	0.0108509804739816
3.62943253721423	0.0107369112749817
4.93074338256808	0.0128819626169439
4.45973069717942	0.0122792632093791
6.42417347457782	0.0216574068232529
0.524661453169196	0.0048288770301803
4.56881707401249	0.0134900282017525
1.96663772029468	0.0106599408938129
0.0233930368677057	-0.000891820357602233
0.617062714487793	0.00396715375085377
1.09069025527963	0.00626498638988898
4.83278944032508	0.0147481321603318
2.67461664271168	0.0116644661891895
5.10512808655248	0.0116771938818749
2.14834554267404	0.00902485144942612
3.85179496660384	0.0123008098430109
0.0592320994539063	0.00152685945885282
0.231107898911346	-0.00266322736806236
4.38788448767223	0.0151555038930814
0.512605067304909	0.00382428093063145
3.3224922159389	0.00995145428948067
3.3551765608128	0.0110702205611677
4.38650854456537	0.0144396028774133
4.81198595437995	0.0129233495988099
1.27124246117226	0.00765193698357968
0.121646457964635	-0.0025474329908687
1.50797744364137	0.00692790362652649
0.491234204704181	0.00428212129796015
4.27605844836288	0.0166939739333049
1.96224288567438	0.00770589654474191
2.17625375192081	0.00829175854212874
6.01493137971481	0.0146629454870913
10.0445508344223	0.0253061676625478
0.926862343338063	0.00547434057167405
4.256204918333	0.0122074608410566
3.26716496872341	0.00923951312592697
1.84643289683239	0.00771968464500077
13.118124958771	0.0260378874747834
6.98328263268328	0.0186935081014684
9.35947913791744	0.0209221886111468
2.87495782435476	0.010301828459188
0.413539227475743	0.00441478807618417
5.4678885834627	0.0144594948592174
3.86499897360408	0.0119595612013757
2.03949425993872	0.0090489193388326
2.08849887864469	0.00956410978486175
2.91795780769297	0.00896378297771318
1.98683155729311	0.0103096416443867
0.343157923419059	0.00441651318067227
1.55524347280752	0.00624857410822123
0.456458398762487	0.00414653524571992
5.41243975973044	0.0133207616576991
2.2155403296474	0.00850578680284246
4.2093413819733	0.0127296981702006
0.660585541629001	0.00582896327734215
0.472145710502198	0.00395047607387628
7.58250874581276	0.0145058864159765
4.98840112444378	0.014935755663277
2.95473217485724	0.0100036518537306
2.78955569988801	0.00981242163916012
0.333993996559808	0.00394125257726737
4.28755103310053	0.0139091161316937
0.244159680402432	0.00309757390460534
3.0215814472006	0.0116158436504581
14.1278003858469	0.0303496391602471
2.07535556252337	0.00850983472707954
0.75494590349656	0.00513048133735226
2.77482908725089	0.00907927641590504
3.08638292950573	0.00922194394010317
3.47432871361398	0.0112346111644796
1.04241514488861	0.0065413388885081
1.90688190580117	0.0117961356448122
0.0663582113987885	0.00206250379589048
1.12395147895949	0.00623835829075215
3.52757311880798	0.0138921359451876
0.792478048041046	0.00538602346213243
3.72681355126011	0.00965059976109374
9.8375521494894	0.0175909930985571
8.51648373473867	0.0223064731293271
3.24514279071314	0.00986618995115488
2.95955197307167	0.0115007439492068
6.6553363492656	0.0191433578575597
2.82094811469931	0.00953045310539172
0.658150172463584	0.00594455203410998
4.82209070416379	0.0154477087264599
3.77145470015473	0.0114209225379713
4.70681264987236	0.0119293690708456
5.31659299324027	0.0142581715004289
2.49996495243081	0.0100091475860932
3.90513586471272	0.0126299614000966
2.88645737872031	0.0113301830393887
1.17045667162172	0.00609777012923211
1.30367765979713	0.00680664420596782
2.31257225641895	0.0107503895032993
9.87184420462643	0.0211415668357321
2.76397334578419	0.0106930018773841
1.21673075842682	0.0065001825094991
0.736165766314436	0.00570168690594082
5.90833183762476	0.0171593267377141
1.44125124761783	0.00711762488803792
5.77460480426835	0.0160028930067571
7.81063350352919	0.0173989857748129
1.18843361331485	0.00678975029356607
2.28697652488583	0.00896941434773583
2.15447188116352	0.0107087818376934
8.40047628169912	0.0187479633042961
5.22282468944766	0.015002800201
3.8615892003112	0.0128541433004631
6.2564869787024	0.0137477758912688
8.63684630130891e-05	-6.74436218359769e-05
5.29820326120163	0.0147956731916582
1.60330547103947	0.00606434248890017
0.0837794567553774	0.00192355103992276
1.14802593249076	0.0064507941317013
3.62983474568408	0.0139217380819983
2.09639611297104	0.00833045987051159
5.42262916346216	0.0154489554844888
0.493724297603559	0.00490877046343406
3.73101882592944	0.0131776884054105
4.062827010388	0.0125891832354783
1.0371520196067	0.00691226990248609
6.66646004301966	0.0143119270432314
1.58371815009285	0.00907657969298917
2.15944685016539	0.008571355018706
0.388200268686389	0.00360476020265145
3.67997637214459	0.0103440327313044
5.63845701976248	0.0135507301640791
1.95960033905627	0.00971860669872042
8.08632938414581	0.0205161995636362
5.22874971490755	0.0158548960237815
6.28142015364428	0.0137300439253126
1.32702645660259	0.00755801170570821
2.43285346830425	0.00797768501809057
0.534118003199774	0.00435632225612814
1.50965107609761	0.00743054887627804
0.00466053158566277	0.000399373448672873
3.9949744716178	0.0134493156218017
1.70000236478642	0.0078091219012655
1.02715173668022	0.00517151535262091
4.52183057932386	0.0144962089605854
2.63912153221838	0.0084807841115008
0.306952955556002	0.00404084478409981
4.63751192602392	0.0150265087020769
6.21477534847585	0.0175143310761081
2.07020224666726	0.00815604287642693
2.91417268634591	0.012079262562478
4.57375442276565	0.0132809604732057
8.01727229430657	0.0167884039613074
0.0708139378243377	0.00156319579239748
2.50325057250579	0.00866655478632946
6.39820238743151	0.0143677803814529
4.09081991965153	0.0122428483542359
9.251513888413	0.0217397531070206
0.36501804599573	0.00392479332112616
10.8732900451738	0.0205124402233175
5.55873423084699	0.0136503281357475
1.02468472866388	0.00604638481666656
1.81874222969516	0.00972505239026695
1.72507870658273	0.00839650053657472
5.15955916419199	0.0142086757844628
5.56111342321686	0.0171763331719557
5.2528756415205	0.013725321876445
0.564504017874316	0.00511308530457219
1.76336374519823	0.00871392520353409
0.00498823406048696	0.000382794251651509
6.6327355185932	0.0166863781957333
5.32741342854083	0.0154136426183789
1.96551009747242	0.00766711589785905
6.90935457505987	0.0167863788558361
2.11871801729201	0.00910401441916583
1.50235955852741	0.00647714596363149
4.08687208691174	0.0130161173848165
6.54308431786586	0.0175368526082711
5.75976136523884	0.0185677527737148
9.20216711846389	0.0183741057044772
5.77766106609361	0.0159596586914886
4.13645848585652	0.0151511092046193
4.36757581416562	0.0116455554706931
3.87736643196389	0.0131684452956325
3.47280764340987	0.0110388468118958
1.3470189207287	0.00766980387271228
6.37982282065194	0.0153468225667249
11.0907474933461	0.0276566462092757
2.17875624540329	0.00899709922325593
4.34736795894842	0.013791759184694
2.74808885522776	0.0106664549924048
2.40339576522431	0.0108296065393317
4.8953477244771	0.0116328397116909
1.21089601616667	0.00638589327685818
2.4914596862538	0.00892770740702488
2.08864593637978	0.00815418088031326
4.74730620424908	0.014388102937917
0.897287395728614	0.00604574215405278
3.70678628504744	0.0155984916581083
2.26214382659042	0.0101798362117977
0.930952865956673	0.00484341564696013
2.45408583979821	0.00775727034624117
4.7417881226003	0.014310279159435
1.878668829898	0.00743947122393386
3.8271643694377	0.0122342065628055
4.79511590682576	0.0155220473178292
1.01905126547441	0.00496174871952367
3.07168604377582	0.0128021043775991
2.87112311375147	0.0100886823591509
0.00549795551754319	-0.000459341728072047
1.18359211072586	0.00575341378527017
4.34356069429842	0.0135777238601889
6.92259280880579	0.0159606747976818
1.84453072479624	0.00832839536461394
4.0245625746198	0.0138292166246941
0.987726718781414	0.00665667789694504
12.4828794346736	0.0260681628484127
15.3544886688388	0.0275854347753638
6.56967260723745	0.0143025503691832
8.92453439033667	0.0211870625051868
2.10798457682909	0.00925857900828867
4.79552981632345	0.0129706164914187
2.21699200035191	0.00773379450679845
0.813163241273578	0.00565200164276914
1.89173277592539	0.00775411899065351
2.5398999707487	0.0124049189751451
0.475434559090918	0.00430712110869977
6.23681508096403	0.0132711840467901
4.95959273521229	0.0106173287441098
0.336058834878202	0.00361230776848533
0.756629860597156	0.00484345753468809
3.34843231401888	0.0130053982399114
3.37133369900797	0.0121666971347361
5.93574239310746	0.0171951523598965
2.04773026563128	0.0110838580828509
4.6759694102088	0.0147726910099341
0.692501842797377	0.00506451604051367
1.73492694141693	0.00789369919641264
7.76999989233053	0.0142179457801608
5.45628861835053	0.0147119221124928
6.14270283578918	0.0161447227272237
6.64455452627633	0.0161971241364477
10.3014261648101	0.0217782508274627
3.20799315044489	0.0106578259488044
0.529661555075859	0.00533156982062571
4.05187907060741	0.0130095152208973
3.51414161621404	0.0135116465197232
8.748573002748	0.0204851858928394
6.84578204380392	0.018766565692194
4.49039740612649	0.0123963701823705
6.57641133618875	0.0176878502195561
1.36633304740773	0.00669579822415454
9.51108156913334	0.024380156413607
6.93414384950791	0.0176973561862942
1.31443029663011	0.00732003365128427
3.68471634897475	0.0119020852107388
2.53552842104022	0.0102074301397274
10.6138568006194	0.0243913951957213
2.09556938721632	0.00941847567716702
4.21227497944646	0.0149835845507122
5.97873641669764	0.0133888570128323
3.33839433676348	0.0100148532534591
3.92490838432003	0.0123923259151478
1.28699056633262	0.00710119039842363
2.63456035966397	0.0111486363273999
10.3237785852883	0.0216869800797118
6.95901480429711	0.0165940378198269
4.19930551063001	0.0129166375954025
10.6904679590367	0.0225195889535274
3.57796988753841	0.012538740100983
1.06990733318723	0.00631420847047859
3.39132091643059	0.0149855391577682
4.14971515176788	0.0126969085437972
5.27236936363655	0.0154399604072228
5.57909911366108	0.0156138749267942
0.0263721687011416	-0.000980009835299076
6.18165489579354	0.0164485231422329
1.82440273575254	0.0113943974287668
2.59295589278222	0.010740611506996
7.38910336171277	0.0175396435692864
1.64783718405683	0.00933798327677648
0.551646772653609	0.00401206801493183
1.5270812486815	0.00745302563149157
6.44955282715047	0.0174575086316832
0.813267513117942	0.00438999349256951
1.83708483490482	0.00764302941883676
0.603618388337799	0.0046933500460358
0.735300631702625	0.00475853817055251
3.14511368766323	0.0102521121906001
4.92678922994615	0.012064824276678
4.63578845649078	0.012729400388408
11.5295538006541	0.023936223515564
5.55175725465476	0.013729380367928
3.89352030587117	0.0112383522286591
10.2207971316484	0.0207247919065984
16.1007542309938	0.0285061748464407
1.91068873055221	0.0100664987515722
0.766603592397456	0.00533883302457383
3.21755760712713	0.0120307612088743
2.77280930430281	0.00931748125172827
0.580237440416209	0.00516541317074636
4.4600092864806	0.0109417237106084
3.77081872570799	0.0122621844530791
4.39734905393562	0.0132039172085898
3.59307588908638	0.0120348366394256
2.91036300920598	0.010122024953322
3.02913538468314	0.010124608507603
5.35102604032271	0.0127902874328684
5.65575690822342	0.0124725651218295
6.71302024585813	0.0165534534185226
1.47196036817394	0.00608966129148708
5.68697174994204	0.0140470402929215
2.59234734063358	0.0113295265435666
2.75292952041801	0.00913653607246009
0.480427196141114	0.00512406831891805
2.04578505337623	0.00780110440292007
6.07229794145928	0.0143221592460251
10.0649899005668	0.0163012983435519
3.38922720258052	0.0102260963094605
4.55553299514566	0.0143105309499577
3.81219849014774	0.0132237147957655
0.0299354777773438	0.00103668306727389
3.64917382239603	0.0127356794028964
1.467785088528	0.00666114614306329
2.75862047734226	0.0102776426603896
0.411728261916099	0.00337764376091372
4.27817641581747	0.0142884629876613
1.32126005281104	0.00720011551227599
3.07383394923005	0.0088858675073695
9.26835344039349	0.0188635859074115
8.64304016945212	0.0178666839431496
6.57589947006385	0.016212395356697
0.729422094354569	0.00541150597189759
3.34112675413321	0.0113553523304191
13.1646499621709	0.0269718817803293
3.57347005113126	0.0123262844822824
0.647464385223733	0.00475227417397872
1.59485266041154	0.00869334425630876
1.53503888346771	0.00879171293318743
4.76659509295276	0.018457625151645
12.4274995006563	0.02082450032581
8.06768809193521	0.0144386207805535
5.91768345403649	0.0140845219320806
4.88323958034845	0.0162131064058688
1.79213798287653	0.00704425880348671
4.66345062964345	0.0130363872968528
11.8736718352601	0.0240553710878819
5.22575358328201	0.0118062974773684
2.068675153199	0.00815883303533142
3.29889137914406	0.010338797626311
0.292612196676993	0.00354811844163132
12.6457249137049	0.0221255703867953
9.1645867792089	0.0192795346854588
0.199757768462585	0.00276404742808131
7.80284741889887	0.0160621372617168
3.90442501204895	0.0137965836150868
2.27735398706003	0.00861511002539822
2.6652564163255	0.00870671709454937
5.01081021878245	0.0126549190781975
6.69800890645362	0.0172070857847674
1.13603294061971	0.00693567242339458
4.12178328544454	0.0114382804206744
9.64208307534857	0.0167825784673187
2.75445269139727	0.00879866692680062
2.58002700518019	0.00941756947363135
10.6631201184127	0.0239721514448124
6.01881962953705	0.0148213705939412
7.0414073599964	0.0170426705379819
0.406204413993708	0.00277918237184516
4.56064836053069	0.0107264926013061
1.32497118289619	0.00577587585269375
1.04947478358187	0.00586877638447375
8.77180595643608	0.0249240293232466
3.01483191624525	0.0114246544520157
0.662672663605986	0.00471743572323509
2.14840537775731	0.0111852163874885
0.981598010008185	0.00615565994763028
1.32038074830345	0.00667874788100194
7.18988009786746	0.0154978412286826
4.65823653722783	0.0141427158112107
2.27781665887492	0.00933853111893904
4.07396290490739	0.0118214423600051
4.47327471000981	0.0145013800424321
3.76024134104268	0.01443541807073
6.01036414744531	0.0137022491787647
4.89751914905686	0.0131184824306714
5.23292466714252	0.0151645243405331
4.38714804570082	0.0134275278355051
1.18874963763882	0.00620281944936638
4.65375320225182	0.0158986810031427
0.812048104235058	0.00527651703444056
1.39331039644302	0.0079268070876775
3.22448238258447	0.00917564975675651
3.33300517836498	0.0107926086146989
6.91138754716192	0.016348965849906
4.36117325420349	0.0144495764112293
2.39293340213337	0.00884814084260215
3.73929402717391	0.011603161221632
1.08617318494517	0.00758961715619985
3.67924754075693	0.0108970697499964
3.97230359781447	0.0123676757600886
3.72830969964455	0.00972604775947819
1.70163783309178	0.00704090708434453
0.694719562176377	0.0055113817997048
3.34322650964937	0.015606608522408
1.37943980711424	0.00707150424665567
6.15769685628928	0.0173668792695673
2.56683422209072	0.0104870519681688
6.66543542250412	0.0127983401659267
10.5902199248714	0.0249264235354997
4.43499993551781	0.0144780001111984
1.34059809433456	0.00654762482989724
3.52656608162036	0.00887301887029873
7.10201525898974	0.015399353719807
3.53828906231104	0.0127191509639443
4.42102259883831	0.0141226726026318
0.602072352773257	0.00541008358027266
5.78277017663314	0.0169459307423068
4.52506204894989	0.0144027674953029
2.81243341422293	0.0101263463660524
6.63019881945508	0.0162803684335148
6.24094948106419	0.0185752362517787
0.791169071155138	0.00529019586832818
3.10854156043205	0.011973824018317
1.17559277947951	0.00648079317748612
1.57357480229507	0.00765720699997108
2.98122012604178	0.00999797805609877
1.1158987585164	0.00615590636614367
0.237190124391055	0.00284605236173469
3.66208949046899	0.0113788659190967
1.47806208880904	0.00629283832367311
1.64990024223889	0.0087874205980978
11.2063651243956	0.0233160742106932
1.32809634494589	0.00813910217459089
3.62972835510672	0.0125513568205455
4.19245450689704	0.0148773783847023
2.55682539426933	0.00908829208900664
0.039752282729064	0.00118396621172706
10.910337937796	0.0245829139104972
0.195847279674567	0.00226560497595103
1.06842708370403	0.00678102277876036
2.86618357434477	0.00962993829287765
3.19959162806017	0.0103330313908737
2.06149051615209	0.00977145440041187
5.69369479756809	0.0128383402334163
5.02345851282025	0.0171562899990931
2.60059633175978	0.0108416198178222
2.54490163337319	0.0121548253826473
0.105635787532136	0.00218907967020983
11.4147765347676	0.0239312675808737
3.49380006414344	0.011021025085545
4.12030016155613	0.0116256305446952
3.41625904586142	0.0120903794954475
4.73369441736986	0.0118421518681738
1.2693951202582	0.00599797928140964
8.32306337239118	0.0219348268963953
3.02183923134236	0.0111627924378109
1.49856342162397	0.00699635565291959
0.622195926544917	0.00498910046156638
2.30673204135661	0.00835683676618931
7.96681029799691	0.0220861114230594
3.0836892944339	0.0119453219271152
1.78621544363833	0.00745113522130367
0.091131421606582	0.00164804570679306
3.70596530611256	0.0127058994616264
0.302180995042127	0.00319085901386827
11.0459838617521	0.019985938885884
4.33334218234344	0.0125289180922739
1.62470302870151	0.00694016409800454
3.72355266023373	0.0129707178087194
1.57282442606843	0.00894328535978799
3.24833584689245	0.0119665061535252
3.80519326625675	0.0125717354944653
6.53367274815304	0.0169957377356687
2.51434355618527	0.00922566534948204
2.67978538318364	0.0102146517018934
3.99393626898369	0.0108820522552199
6.94193868252076	0.0171317731444471
0.514152442558973	0.00390527325177614
1.39026260044999	0.00613552616334114
1.8680222132284	0.00802432310897716
0.027842630719155	0.00105819259829862
1.74002379773331	0.0119423633539748
0.202136859388413	0.00261937007398843
2.35991488935484	0.00989964349060062
1.83192491014808	0.0073321632228189
2.75760958437915	0.0101724921032757
3.64855113808737	0.0115428535063607
3.06056420857021	0.00953151033180282
1.0480644398399	0.00522083033317411
12.387979690492	0.0233667707225756
2.82769791178557	0.0105712733228884
5.01445995293784	0.0121202350879298
1.82275118870725	0.00817996799280073
2.97275136431035	0.0120474888218249
3.4754519397443	0.01025991824161
6.48485547106139	0.0164234646052992
3.91584222791375	0.0125403838850505
10.4132276671511	0.0210360568762756
3.0286781604867	0.0109151948108498
5.64317616620142	0.0151057861002958
7.43487612144652	0.0159313708072981
6.00520957882159	0.0141244006240754
1.99614603823983	0.00771221569823799
1.77633412721704	0.00827064162496409
8.80788884292725	0.020015355929661
5.51974122865406	0.0204951913911364
1.76846203138126	0.00751238652939321
1.88617109568429	0.00819946368527284
0.930476680308574	0.00642622415551744
5.37482082882765	0.0150419265294239
3.5362616033068	0.011400650768067
5.16002382401959	0.013307776143916
5.19309162204149	0.0151076573321639
1.50063034008917	0.0079568232495772
5.15272361916922	0.0145649843580955
2.15932180950832	0.00846958097888305
5.71929578574614	0.016071417134957
0.388871313836331	0.00442338210183933
1.80113068150801	0.009050654399685
2.0653221621204	0.00851658457344411
1.20717151345959	0.00631252854268853
1.63313044343385	0.00935428114116122
3.33967803572781	0.00988852227137182
2.07237127821072	0.0104568003152813
3.22901111770859	0.0120004352494826
2.10012114207176	0.00822953270209564
3.22815467991749	0.0114623058328552
3.88677216876348	0.0107302635239161
2.62675248761565	0.0112866862382845
4.96576778032621	0.0115963550917489
0.813677107899814	0.00540425729693572
3.47825304592226	0.0101050669550614
2.90462412146772	0.010408095357657
4.73939827858005	0.0119618722470452
4.20978374909414	0.0132164862694837
3.10371071964116	0.0134104115055912
0.0939776473852572	0.00204506493772175
3.38903159302017	0.0119241099511163
2.54040086469323	0.00910479082450359
2.7916439335724	0.0105687753469621
17.8937736299592	0.033676970560072
3.56005316594416	0.0120493895604864
5.73115185047294	0.0144106623591879
0.543138888121102	0.00450539903762034
2.20294862194418	0.010605304802413
3.39795090291222	0.0119063387280359
1.87599666627899	0.00919503861570134
5.07575900909012	0.013941465121283
2.4931821425558	0.0100452826785414
1.01568695496493	0.00613628339515275
6.70889114768379	0.0146316191673429
6.00578947750105	0.0195858120087002
4.41592394888891	0.0122193567498496
0.913289610419763	0.00618481840371828
2.48618006508738	0.00835633980044262
0.155015429533572	0.00273649334348756
0.0187086702780475	-0.000719326436088752
4.87689354389517	0.0153443394322197
0.372184436645729	0.00342267189505315
6.74041847518474	0.0153204809720466
10.0026801136439	0.0228749003699215
4.50953853528047	0.0138748644120883
6.95097669561991	0.0160932997189927
5.35786228394528	0.0128304171500301
1.74150306052853	0.0102146259726814
3.14903933961363	0.0120534248969308
3.59928078966354	0.0101003763382322
2.07730068843665	0.00924340231976126
1.1689599924775	0.00655186455871827
2.62002491623012	0.0101680591358607
8.50008174834461	0.0201672900841468
1.87219225119584	0.00795543214074837
5.19367788473347	0.0122992530494627
7.63754590287571	0.0170161027566858
0.613429011045717	0.00421841206575461
11.9075876137359	0.0245974430545066
3.8563620651479	0.0109581975446293
5.57900714667623	0.0164302424583245
4.94240115971681	0.0151094326441915
15.4339886637323	0.0264416509670181
1.69793785937772	0.00793005477330341
6.4981997513955	0.014766634910212
3.35720989073466	0.0103761983099827
3.08981759573035	0.0115644883715459
1.27600890842418	0.00764506145509866
0.342278338520877	0.00379680199345873
0.30972353492406	0.00356091987941718
0.504163364785844	0.00378428385893255
1.5213109819683	0.00799338181529866
5.42496259523196	0.0154404191300066
8.55107941800393	0.0186341974129251
2.39557472559615	0.00962800369086092
1.8553631997551	0.00897825195321495
3.71073264538405	0.0112310618426103
4.99983980845212	0.0149636125972404
2.43676938140792	0.00877632061019249
2.96892254057869	0.00997414429501123
5.86638047713895	0.0165039268078356
7.93105793976858	0.0166338295752081
0.19956335981101	0.00308028727550846
1.39781405714753	0.0088874203017087
1.76550837528716	0.00934987352715511
4.27737695864126	0.0118850107876929
0.848234664594188	0.00636003888900258
5.70053292135812	0.0143680562035274
3.72109957043237	0.0118202620025316
3.93243142146209	0.0118170512919322
5.48820234982379	0.0124404462465871
5.25683260675128	0.0156561584461318
2.71779095306003	0.0108371208609815
2.37815789790221	0.0107271865793782
5.11361598669729	0.0155929780954218
1.94417140814302	0.00736538985503712
0.615778122131406	0.00557736847474203
3.60125149502417	0.0106850501546989
3.50948044246362	0.0116627241004066
2.29267447102583	0.00776613991831383
4.07061555763101	0.012707945596265
0.816151020888104	0.00557734560861028
2.74747919902561	0.0106336668689547
2.38323115201294	0.0111756853634993
0.940518196994228	0.00667334246330955
2.54843662159935	0.00953866586803059
3.03440241132683	0.0108735411004393
0.373506186809309	0.0027004523791204
6.12773701130472	0.0132802644753261
2.47352067686925	0.0099602319264068
1.12823702579247	0.00773736049114983
6.91470984099694	0.0189010617740777
3.55649658570991	0.0135585192219159
6.74427970153368	0.0134031497925909
4.98538310579308	0.0142580827036357
1.67205562527469	0.00790610405658614
2.13356438996568	0.00795996302661828
1.77248212929108	0.00800509243467254
3.80335878670119	0.0107516325157881
4.83625087958601	0.0123293917158695
7.46962621813746	0.017756371920671
8.26811782932917	0.020705641335151
1.17665989829894	0.00653553737652067
7.16277875775697	0.0185017256592732
4.60934369342694	0.0155905482403407
0.00133834348623759	0.000199913163400484
3.14585964073915	0.0103818139937077
1.48544405216326	0.00968021045055368
6.3066724916889	0.0156658549751327
6.41993092309769	0.0175140956354216
5.60208297605676	0.0171153983490919
4.9231254020572	0.0116047532471981
7.2769453304634	0.019335514018054
1.43630640546588	0.00744710747771959
8.65307684687926	0.0178223855309807
8.51848646460544	0.020383038283825
0.381053453478887	0.00355241886059067
3.0917344973909	0.010663907886459
0.32376670976013	0.00342566914010915
3.12110142174459	0.00979320384786548
7.23544470863531	0.0175435397356565
2.11147268936483	0.0108524707765281
2.2782362843901	0.00961453480833394
2.46187413018963	0.0100120245768491
9.22628623265697	0.0178399534873223
5.43833971003575	0.0129745590643253
3.4864030334693	0.0112885562522898
9.75948636040305	0.0195882811799242
4.63824173256542	0.013434977011862
10.5022290694667	0.0236272002372196
5.42055363875412	0.0163464630728241
0.00987521129523048	0.000580400283983911
1.75705270043396	0.00757341771282652
0.609662422803804	0.00545093933477508
7.49971782889721	0.0167478158406169
2.86407275421359	0.0100511645730862
4.7844032182253	0.0118684708035025
2.12126232520815	0.00872307751794761
3.74698248306378	0.0126168764523435
7.8107442264122	0.01906429212443
4.8409693860781	0.0141494436135765
2.7942419346215	0.0108979532082064
4.02241491189795	0.0126145605705815
2.86807803195859	0.00944558371760816
2.34000779711142	0.0102937996552672
3.66027207835186	0.00972444430617017
3.99760474693189	0.0118907522877939
3.71899392678731	0.0111265877116042
0.0716999252934303	0.00167360836474744
4.1951431770115	0.0132150798507622
1.94775853843014	0.00797270142426599
1.75504409347914	0.00891874139716151
3.21754797505204	0.0111108840895079
5.24197188305724	0.0126499984394865
10.7054264204508	0.0218826286607039
1.72497478174758	0.00740271995405931
2.26584358337608	0.0086193513327742
1.73922539219033	0.00700056725191021
2.43794695441359	0.0117453060814771
4.35859360999609	0.01618600331919
0.101450435382383	0.00193771912014737
2.1170202947329	0.00770483654046784
1.97958473845173	0.0105594671684531
3.1659460050503	0.0090003610636981
1.61943021735295	0.00883100687003183
6.70155693903776	0.0180130508683166
3.55852304320618	0.0108948346394447
5.21914637622122	0.0133875472586432
3.2922762637111	0.0118923990237333
1.87131771391898	0.00872019781010334
0.728561926363524	0.00533486200326653
6.01209628349316	0.018596129914541
3.16390734755308	0.0144186814012445
2.44613533375422	0.00991755239056448
4.23993907029587	0.0128720952713655
0.995270629991673	0.00623513256243099
0.27759409247545	0.00365991447783878
0.636046148303462	0.00486861944908659
3.20762107924856	0.00856201664844619
3.89848727147931	0.0132576947092482
3.77099484496285	0.0130979652740874
5.78102218257954	0.0134977496198758
1.97630437828734	0.00871015067264268
3.06159508969587	0.0122502080434015
6.66959850020945	0.0156585945154617
0.482880562976069	0.00412521046586242
5.49524634778418	0.0144206216112968
1.7975669130159	0.00802097312794876
2.60398136977756	0.00855811207099349
0.00180560259121142	0.000267009297351546
2.54940969303017	0.00832715258197756
1.97903105431925	0.00970402603566858
0.0161881272189405	0.00076930136547918
6.48375806280389	0.0153956813712554
0.438561043196094	0.00438872872095382
2.44260643985463	0.0110341447013237
5.76057531522817	0.017500675290992
5.97923846107513	0.0147066838959997
0.952125483310535	0.0054050581562805
3.2224261706455	0.00953690892657577
1.33385948448235	0.00882947076960081
7.26165193779882	0.017604969746346
2.51255929874555	0.00827774155973773
3.12447426015754	0.00955153472076025
2.39893951266406	0.00954220782016785
0.785164987835926	0.00475052203638493
0.58476038638898	0.00446509315664778
0.570338162272086	0.00579340790597588
9.56202397383796	0.0178990251578348
4.89791552835146	0.0141255136015172
3.0973213295198	0.011170744082768
5.06493644173099	0.0144130398846694
2.49145592802326	0.00904612330990807
2.58227453733404	0.00818183581119106
1.16381978662903	0.0064984975998315
1.0714034765959	0.00598104622296968
5.4414920790886	0.0149862671891247
5.88661239261194	0.0175568807865828
0.191481268947344	0.00223711876204374
1.04544594449576	0.00698660053509638
2.49817305840563	0.00935134352145746
0.145116908889634	0.00203271953455053
1.0350288255206	0.00738083482190878
1.12805520199784	0.00743942876763876
2.00790681503086	0.0075057513699569
5.63249869515763	0.0140284795359532
3.04085243382127	0.0126656511692237
11.4685439653177	0.0244815522602567
0.121518046775803	0.00173803140843911
6.72376686993205	0.0166838652770495
0.192628653354565	0.00237886996381806
6.11962545094771	0.0162069844523495
0.962254527614925	0.0056665447211601
0.78805632953519	0.00584439800524919
5.58206455605777	0.0154451440060844
1.23932838297394	0.00558076366077492
4.13193169755442	0.0117659299105966
4.9774512354605	0.0124368111149642
2.63079508970133	0.00990758318105765
2.85473345537589	0.0136901788471422
5.09263670276606	0.0134369686420097
8.99671343532423	0.0231417804131847
2.58111318793348	0.010077612733613
1.9502199837715	0.00790558779334576
4.9705900567191	0.0142976995345236
5.46752905649883	0.01710108769076
3.70411207617625	0.0125163921284043
1.45936360234196	0.00584072369648939
2.2206905012944	0.0106154209413868
2.64677496904594	0.00846788093693538
1.73426673115806	0.00730585686550614
2.82722938066957	0.00916969839997356
0.0423011200705036	0.00133792794328709
4.48354289947086	0.0144529817386096
2.63224543430902	0.0102456170724097
2.64434645615357	0.00882279840931946
4.13806144205561	0.0112128712211635
7.14036372633009	0.015834392087346
11.9105455776282	0.0248827520823264
1.53845020068769	0.00444529028939955
3.86878965109326	0.0143229662773911
1.20874981790756	0.00609622920283019
3.67276710286862	0.0121857791580408
9.37682459378442	0.0188025116019341
0.997694863632615	0.00540486881233317
0.00219998002136637	0.000307838622196704
9.32488278729833	0.0236177667012478
7.82040067409654	0.0175809533274364
0.657928218907089	-0.00482895543255727
3.30244175220888	0.0114331458741639
0.646416512848019	0.00575290610060058
0.714373160651088	0.00465496274851738
0.419134295251702	0.00313185281876557
4.44201292392719	0.011796212490158
3.77612014982074	0.0146257221014325
4.47596999754914	0.0130303252028398
3.09890171678145	0.00967036182729457
8.00135049211979	0.0180006757310414
0.467960168621333	0.00388516694575771
3.63679427260103	0.00976261610732775
5.40047538199683	0.0126109092123524
2.49965620528832	0.00977351831726897
6.96671988689302	0.0153246731837386
0.740309499371166	0.00497182147728902
1.00244497636485	0.00548627496119799
1.36125627673383	0.00806627870289331
1.34748719056343	0.00768951070569841
2.14037073165733	0.00837621144174531
9.26439049439237	0.0180230354333608
3.69569837228057	0.0114726064540155
1.11946313213297	0.00639912448231268
0.942829050039428	0.00621495943961438
4.82837232586451	0.0146340265494311
1.41356409579258	0.00786478939487122
0.287777963524588	0.0036262177468497
1.09414285432523	0.00735497396703426
1.37451620089022	0.00644607559026041
0.351279167664848	0.00347573273369208
5.10500032587636	0.0154506096193433
12.3515933707646	0.0237692186812069
2.95900334186116	0.00971227137897159
5.25755131863656	0.0137085797064761
0.419475856272372	0.00351929300421554
1.51157389135411	0.00755776690460286
5.64669645323799	0.0136753943120464
0.513801829013836	0.00471548971794381
1.5160482901608	0.00685287540737403
8.95876076520724	0.0202850779115898
4.28633936576745	0.0132523368335715
1.74249305334459	0.00780248951456438
0.956914435560318	0.00622947805031277
2.68948588083635	0.00983979787186277
