R^2	beta
3.02446570226555	-0.0120840382731815
7.66478903014612	-0.0201619731575655
3.69022931408091	-0.0154739098643911
5.16089374964757	-0.0187218692808424
1.64367507125981	-0.0104453364880156
3.07769715928444	-0.0119015915089547
2.59433814510397	-0.0122555699052405
0.00117121760397392	-0.000300149040794081
3.14055552851439	-0.013289299272108
0.924311776802521	-0.00804183963063676
3.08360804582224	-0.0142645830385319
4.27524906218012	-0.0153658844033876
2.67084704480382	-0.0104117140309118
0.332321444001059	-0.0044070285509052
1.04108612006107	-0.00754080590587481
1.06153572526518	-0.00771563936805383
2.19175424425555	-0.0119519228699012
1.80569099532232	-0.0119199656674802
2.69910619966973	-0.0125575863005476
0.40905824255821	-0.0050898371962459
0.757798212708733	-0.00663671171388979
0.00231980158726846	0.000373338894256816
2.24355606395892	-0.0106018343027452
1.39937521061029	-0.00902740014799898
0.499424234509403	-0.00509587957783617
0.15585712427599	-0.00314822508438959
0.404395760972454	0.0040975027558533
3.01092951796989	-0.0121942615671644
3.67540250065977	-0.0135966634795719
0.175917561358919	0.00411344000352181
0.313726442376007	-0.00480013322730392
16.3896313576844	-0.029290739389642
18.4182166511466	-0.0305940296722681
0.0344147384002153	0.00152261889924219
0.148318629144061	0.00297289081362713
0.00222085774104959	-0.000373977860614515
0.0948967253951933	-0.00248474404164745
0.967216479956979	0.00844233245924017
1.35833374231161	0.00942340176520805
0.000650254707901852	-0.000208381855781472
7.15539396044382	-0.0190836113155477
0.589706078063446	-0.00540932801566473
3.74014749256956	-0.014492854611094
0.0481706072808363	-0.00175539833599905
0.388824336394957	-0.00472490808661052
0.0544464446469154	-0.00199133602806908
2.14864878197181	-0.0116022270196975
0.92362349862727	-0.00651412219026986
10.0398263558733	-0.0235451771149007
4.75066185193966	-0.017583712479839
8.87479376090666	-0.0231517345862034
9.49628607299647	-0.0252548500310402
2.62712721157195	-0.0105752513361818
1.33680707394228	-0.00929676580298395
0.808062053352725	-0.00652618317688692
8.13107092043551	-0.0196969888633482
0.18853188699754	0.00329128656956817
0.02556846215322	-0.00124232536182982
0.907191421362287	-0.00727469850159196
2.48647080326812	-0.0132563518031742
5.46337493540427	-0.0164495812440807
7.79930150744136	-0.0188200588985428
0.000585074593095368	-0.000207427058784647
1.33441071929962	-0.00854682027546581
1.04321682442261	-0.00842711978993958
6.5193952723052	-0.0194349150049807
2.28112200186655	0.012310989451511
0.0329907491776688	0.00165146103207186
8.50141993660785	0.0262072120820799
0.795975513943973	-0.00747153736232764
4.67096484055862	-0.0168293424942239
2.22659182085744	0.0116624530369481
0.245391900480113	0.00388331825611825
0.728407317473986	0.00717656958007131
1.93860030879272	-0.010358912571597
2.25252861659012	-0.00964853733932619
0.00277382149227143	0.000428019083479992
0.875499725094738	-0.00784347126405944
0.413561139827707	-0.00469474993459323
0.578042839166831	0.00740841330978073
4.12395183909047	-0.015390060220943
3.54686951359235	-0.0136901669982828
0.516607522767236	-0.00611128296849248
0.110303302466673	-0.00250030910369456
2.71388342570816	-0.0133369969951706
0.0256959384978815	-0.00133713966996202
3.05048321024843	-0.0139192770239353
2.10757485126015	-0.00966586396209912
0.886960100524238	-0.00686496432286933
0.424652481419949	-0.00598874474177459
1.37855085110661	-0.00910684266021702
0.175942315313377	-0.00335479604278538
0.389945891763669	-0.00449091850570941
0.922807975171866	-0.00824312163620267
0.965360601891211	-0.00869318067979975
5.96875762865301	-0.0182476496903883
10.2597985877707	-0.0254361752454873
0.963078745579684	-0.00754107287262688
3.67561687757724	-0.0173013751615214
0.731459007643838	0.00831263569120001
1.64730569463115	-0.0108944718507484
3.2360639283737	-0.015155237312902
1.81996984755736	-0.0116516836358702
1.21489217435779	-0.00884732914729837
2.78347750706476	-0.0122645057892452
4.54789070282236	-0.0169554689516839
5.89431639023675	-0.0179889957743852
16.7071458732961	-0.0302307652982227
4.31267180835306	-0.0192295911326466
0.713781085775013	-0.00608538583892437
9.71496336070501	-0.0248677339623041
3.4730210150068	-0.0146079727867184
2.92299264382473	-0.0160026207553249
0.138554286004209	-0.00249150205380032
0.0409416011514535	-0.00166792437681924
4.57557858314671	-0.0184586214572786
1.92858500131208	-0.0116504866394701
1.2694563935887	-0.00953166653008912
0.690910710537279	-0.00646906304067336
5.31701246452675	-0.0195276560038833
0.173752553423755	-0.00328153896961642
1.19351655077251	-0.00763933791016428
2.2926516944078	-0.0118241328852581
7.01887086281309	-0.0206665647428579
0.428579525205505	-0.00501470113364338
0.70536461221982	-0.00614178342314479
5.04536889894799	-0.0153529761529036
0.710409291963663	-0.0065684596670722
0.759094390782233	-0.00706316236182096
0.22454684601988	-0.00429767963259443
6.0004919974927	-0.0197088654859762
0.0621525291729516	-0.001912424082947
0.583875825832746	-0.00610146260336045
9.68850614310305	-0.0224747667329319
3.53135128752536	-0.0146027703267819
4.54403137831467	-0.0174895180368337
3.3306381328318	-0.0156915523605349
0.154074486364803	-0.0033040252586254
13.1654687974285	-0.0290210026203792
2.38607638055072	-0.0132326550568687
0.211335921242509	-0.00353718611150081
1.87002857871204	-0.00984504767960831
1.18806228590156	0.00805891115635899
0.167022251944273	-0.00306300016942801
7.41400437319268	-0.0211342991058296
0.0498940088449044	0.00172407675225762
0.00216209530445433	-0.000317392339863877
3.59654174156975	-0.0149688364389172
0.108387164336527	-0.00257938590029504
0.378227038675044	0.00588617453078775
6.35473368910679	-0.0194816208627106
3.77703756267197	-0.0135021740956321
6.25120578110405	-0.019036505727643
5.08729332601713	-0.0162595331093358
0.107440047546939	-0.00251404135817781
0.448500531462937	-0.00470878629985434
3.92189837636648	-0.0154049161847715
1.70290931794628	-0.010184532405433
7.10790075870857	-0.0193750113277749
0.311621776638341	-0.00449998958081201
6.5859876877244	-0.0177181739997208
3.76027045324692	-0.0152441538485403
0.570001439211502	-0.00556321812925089
7.44216192027442	-0.0195030156387556
5.95342693713297	-0.0184759303569104
0.128637407796205	-0.0023803257420198
15.4942029450308	-0.027667738396736
2.21726393068115	-0.0121402541458527
5.37336477681527	-0.0183564102251497
5.58061262308026	-0.0191850529634913
2.619848731556	-0.0138672017182879
0.00395360430339594	0.000454391083306891
1.2219691056248	0.00911640486571035
0.539869453805314	-0.00532951906056429
0.014576684987955	-0.000968514599505906
2.0220981295404	-0.00890845445172578
0.804109761765442	-0.00651411237500714
3.70162239172314	-0.0135282305311449
1.61162075736923	-0.00932626475228547
1.44939784115069	-0.0108130083612825
5.05025919519964	-0.0149111178983547
5.58290174516252	-0.0176496097598846
2.29332704607314	-0.0106774151836922
10.4590547855104	-0.0235343599733106
0.00177888869578882	0.000333045324571619
0.0290683355375269	-0.00133866178882566
1.18609124319603	-0.00888951264848356
1.44471904930731	0.0112669632576826
1.99998842580161	-0.0101650234437654
3.71603578934015	-0.0172239154175266
2.66760035866291	-0.013631538263027
1.77035089490248	-0.0105888850544768
1.59929579818825	-0.0101376686083592
0.0595530970434433	0.0021061711623855
2.00257197330332	-0.0112516668568485
2.37389074296377	-0.0104414689661723
3.78954430218692	-0.0172765355709452
3.77080268422792	-0.0165361087158711
0.321807026349402	-0.00418106311877253
0.790552889433107	0.00806869267907259
0.000373501136053951	0.000158610464950498
4.78157395097375	-0.017343867774928
0.780482335948998	-0.00720095672657511
0.216950155216999	0.00362426105588143
1.46071033912773	-0.0102405817322995
2.13364806647165	-0.0102062998835089
5.92756571773545	-0.0181527942242385
1.46171797851628	-0.00911702845210465
1.38054874359369	-0.00859755921572883
3.17633975969765	-0.0133282653795282
0.0244685315682155	0.00130120715105652
1.44820571321923	-0.00867027454113059
3.70342991008656	-0.0136136231824524
0.135209037027407	-0.00301055927312736
0.0874132311263403	0.00239364146210841
0.0103595585193037	0.000858732027779976
0.230248716978798	-0.00408778333378145
2.08948774442986	-0.0103703660991089
1.06628404408605	-0.00802122684741501
0.822797551435865	-0.00722693776793974
1.54990177940331	-0.00998568624107373
6.473680960947	-0.0183001198777417
0.532252565621746	-0.00650813290610907
1.14744388016557	-0.00871335571741873
5.26537860784434	-0.0187509490077043
5.19867955265487	-0.016088323482587
2.83839354303901	-0.0132892115260692
1.30386663650106	-0.00886116391538556
6.63818859659482	-0.0191550768673977
3.70589719169305	0.0152317299250433
0.0123289631077705	0.000901808651586951
0.910984936640514	-0.00757664410794155
3.8787945841931	-0.0160037266815552
2.84635689277955	-0.0120556051609025
3.01037690510403	-0.0139870764828387
0.45614356301794	-0.00479352633440192
6.26765656673128	-0.0173240142042144
4.93996770564708	-0.0171342531308838
0.63169023235318	0.007162582693363
1.95670275660373	-0.0104381897633557
1.57718938019841	-0.0109759526017115
3.29747418902601	-0.0132397320190367
0.334977496100246	0.00484697605437917
4.20043628315388	-0.0165890609290751
6.10644093418259	-0.0158083666785232
2.8547754067217	-0.0120523320251893
0.101794878706248	0.00275076687925649
0.0548422414967226	0.00159650497357187
1.20475598272477	-0.00822435455231115
0.604804994567901	-0.00623775581276792
2.55460148617312	-0.010724717754985
4.64712147481635	-0.0144147584326009
1.13336006745343	0.00898339503161539
0.454469637142976	-0.00484704208540324
0.210154407063375	-0.00369307605744335
2.62868158082948	-0.0106482140230589
1.3475903668648	0.0102511510030026
1.09500790479216	-0.00722154285907106
3.44676187285127	-0.014281531045804
0.166740232210413	-0.00337802107743489
11.1039744329116	-0.0240014454130364
0.151903202315473	-0.00304009431275323
3.948101384228	-0.0146786841223036
0.873158551604177	-0.00748820251932932
0.700057852125518	0.00718321558754949
11.1304233421309	-0.0291132612416705
1.91270094464481	-0.0107430048865985
8.08002894869218	-0.0204694086851801
0.271401960705399	-0.00458245098949805
1.8264945885012	-0.00999489589438787
3.5754625345208	-0.0160610713251223
1.17931447757277	-0.00907739753237
0.0422562319765722	-0.001635943699957
9.56718530426621	-0.0238786687937173
3.87587049278653	-0.0139866155575269
1.25642918566487	-0.00810118037501009
7.67596706991334	-0.0215555048036267
0.677127167590009	-0.00664753291427048
2.06796486589765	-0.0114161956222382
3.69788943848498	-0.0135483864659989
0.00576296471367848	0.00049942013173794
1.04279278636237	-0.00861352032383426
3.35433225789438	-0.0140110908486583
0.355751980038415	-0.00565646919190928
0.0995765660337985	-0.00268127040514685
5.52248741779792	-0.0191711415691135
2.93757468975655	-0.0138724280325522
4.68552764330138	-0.0142958706215207
0.14465059207705	-0.00284646334227109
2.72003774763972	-0.0130471343561713
0.306392494434528	-0.00499909426505297
6.30212685199929	-0.0165290567485739
3.788767209163	-0.0142069606118512
0.101336413401502	0.00252887286311443
6.79850298838998	-0.0195907957266438
3.6656541086331	-0.0151675605684743
1.71240280377932	-0.0120359195899469
1.37258587348934	-0.00857800805317876
1.92905057894613	-0.0100476434030089
1.49453665947167	-0.00820111811630173
0.582766192680821	-0.00545962682352345
1.94293292627825	-0.0116889205178176
5.48911803575816	-0.0171540645253195
0.000762521391253737	0.00022736979629005
20.3481925828952	-0.0286003543809756
0.994487075738375	-0.00779062117132978
2.20602426343619	-0.0109583848850054
0.191537104585006	-0.00374234208293175
0.736091792922806	-0.00652542274381678
1.70580434654998	-0.0104901442755876
7.85392774790704	-0.0209580837329625
0.375958475354342	-0.00422979625240266
0.303341248131415	-0.00350824879854715
6.60012210549757	-0.0184523898095896
1.58144105313285	-0.00989663787915577
0.0346622707289596	-0.00163159152042545
2.57355031700781	-0.0117164368575622
2.06763874151657	-0.0103425668789666
4.55628856935797	-0.0154004016800994
8.1302320792431	-0.0235457932089771
6.08318193634576	-0.0178973068764075
1.44873491898466	-0.0103582496958419
1.86651789634848	-0.0109100102968188
2.44557064445014	-0.0103680492985794
6.36098866677412	-0.0178225579828935
1.20944367574892	-0.00854743478204402
0.257997294832155	-0.00404094848169763
0.588719393725989	0.00595807676312474
1.47130174709217	-0.0106696082210867
1.31149704575918	-0.00953745427406987
0.860636622307744	-0.00768256620605023
0.808546747194689	-0.0067947642525526
0.526253773764191	-0.005199344521291
2.39757645042204	-0.0114328260993586
0.00565313452656696	-0.000488654404605914
0.00410647846830712	-0.000518797437219726
3.88642910744093	-0.0154685574939961
12.0488820459675	-0.0236722181924211
0.654736215779807	-0.0062533609096726
0.629313494043056	0.00661396589108725
0.0936769585217733	-0.00231213391714783
0.716811770081604	0.00601732471616909
0.214856065917895	-0.00357767759935948
0.825752354786538	-0.00746579791555451
3.63310097443126	-0.0142521617688794
0.586404946467376	-0.00604501417061093
3.70633231434322	-0.014785227821129
5.17395734027484	-0.0188643624349414
0.916394616803902	-0.00703183612407053
3.69262125358993	-0.0157144305545232
2.16507295696311	-0.0127101231032805
0.451582782793522	-0.00515659729614535
1.61860392900063	-0.00886531219918636
2.22837728461036	-0.0104331547815325
6.63717023106212	-0.0198336375092002
4.82432457760347	-0.0188796222530087
4.73474806866231	-0.0158613388064063
4.3306213201902	-0.0158130697967796
0.123642775943175	-0.0030360870371298
0.00633960246004327	0.000636991136430367
0.145433024805866	0.0029305422086328
0.193990891526988	0.00335102386041668
2.74342478874394	-0.0112709728196508
1.52919791538545	0.011385890716552
2.93849031692074	-0.0134829559726041
3.90107392524106	-0.0136333927173784
0.851848178837278	-0.00735050440580948
1.90061076540871	-0.0115506131608348
0.439492480885651	-0.0049336157847372
3.03312628688198	-0.0139557450219811
14.8665633891081	-0.0241709344191523
1.00820079375472	-0.00987963371893606
0.0136070906179108	0.000916526761288041
0.11417668462528	-0.00266446346783563
0.0240198312625341	-0.00131099268816344
0.109626691709547	0.00258496410431237
0.0442553977388192	-0.00167731784503096
2.32758458842721	-0.0140571062853126
6.28137998232491	-0.0177209901392169
4.39623648340732	-0.0145374505145616
0.188008858469471	-0.0035135432184576
1.25983195637949	-0.00837089157971093
4.83473272988558	-0.0164107462695384
1.25019218370247	-0.00907151201848188
5.33114052035257	-0.0164036550642224
1.25230957216501	-0.00795530452042319
4.12474425613864	-0.0163478559418733
3.13340837647141	-0.0141301050110866
4.27607625300314	-0.0167690421710527
0.284604893584784	-0.00430021288457503
13.7230831059227	-0.0274628919537894
8.20532750324855	-0.022110196864791
0.746675840932479	0.00694880340133298
8.06780590017284	-0.0217614313858431
0.973942739961735	-0.00802496993841255
13.1387580809358	-0.0230965209750252
3.40835046400032	-0.0135663649636592
2.22860563493806	-0.00987928636159867
0.00954589904786663	-0.000820112628889483
0.788159559641081	-0.00689447398505156
0.0210394318227927	-0.00115465539532934
0.492695641586179	0.00489618240014033
0.00213520552661966	0.000394902968269863
4.1346506606141	-0.0152164286776818
0.000963597365139965	0.000269616206492399
1.38982630018607	-0.00892712659795864
4.1202369030819	-0.0157576871099701
0.325948277343793	-0.00452538598457184
0.130956774213778	0.00317690113853382
15.3531820369933	-0.0259231196740623
0.739715698855837	-0.0072181528640326
2.61728863079152	-0.0132700753670679
12.9063322532981	-0.030529543987953
5.20619862163202	-0.0180658136852744
5.8608374497549	0.018699095715679
2.67178612509626	-0.0112769607437145
0.134957323378837	-0.00265002524128114
5.87819850872173	-0.0169736360922652
1.80557996267176	0.0111133449819241
5.06978524092171	-0.0155811146603828
3.08564548912203	0.0163710904690218
0.191600897301486	-0.00342158148610297
3.73069798539935	-0.0152044430005814
0.916869631048533	-0.00830964236612073
1.21653049097479	0.00871376941710467
1.5522782167925	0.00849935719400629
7.08805040104336	-0.0196360866512017
0.0386641223267312	-0.00163044927673719
4.39523413483986	-0.0154552431512261
0.371100833399173	-0.00435539434366815
9.74578622927133	-0.0200568127061154
4.12783927793775	-0.015241439105641
1.41050772765233	-0.00977113712774762
1.21960374643821	-0.00751802974593338
0.585868753774093	-0.00556766555893977
3.59994946805172	-0.0124969785512149
0.48775319569959	-0.00514938685109853
0.118605766558539	-0.00285198082807963
0.0339978076535719	-0.00152366695127932
11.837535942704	-0.0257997557682875
1.35204099916139	-0.00929126094407345
1.43858517965631	-0.00820836474428736
1.0357300886252	-0.00838994638953545
1.29524731143908	-0.00809366302750598
2.0298249451842	-0.0127456513802806
10.3928313826262	-0.022667252173935
2.00134700716362	-0.011464293433678
2.18846329539341	-0.0110204412893881
0.529566762056868	0.00664791439507748
0.0989603696700889	-0.00248215569968926
0.949863906321959	-0.00796739977032297
0.947047038254371	-0.00767162527848039
2.43547694702168	-0.0121446379967752
0.0507537337113644	0.00183353617274068
7.92988360315786	-0.0215996242901456
0.0727392992334992	0.00215852630603268
1.4574594028327	-0.00924988686626325
0.00954738571990962	0.000739437408786736
4.54386847983482	-0.0169742255521329
4.7703568033984	-0.0138396013956866
1.95581835163511	-0.0112929157972755
14.3593447273245	-0.028821097472552
0.41279874267428	-0.00453677919815301
3.11499197674764	-0.0137118100094393
2.64676548573485	-0.0114886015791296
0.0719960560830068	-0.00217868780692506
4.52217064466328	-0.0169782403885422
2.07795971914245	-0.01132364814834
3.77873906342586	-0.0146975869972733
4.0576383425718	-0.0151626893480934
1.2904184006033	-0.00820799031869037
1.38647203367887	-0.00813075273996189
1.89875976884627	-0.00967220828684973
0.80285389581235	-0.00643338451089008
2.23498901870274	-0.0116369309791373
6.0281958127821	-0.0190404254250526
0.171507299295681	0.00348800469817969
0.781879321083034	-0.00810845451557989
0.101852805662318	-0.00258676958200143
2.06548975596238	-0.00978673398340318
0.364621274242314	0.00519982904342577
0.00254955430087469	0.000388176420911106
0.537339644498128	-0.00534005906828134
4.51178521102498	-0.0154195304500379
7.0908489402114	-0.0187399994846709
0.0638054260270917	-0.00208940600537811
0.219924426184604	-0.00359374128989805
2.08855764306839	-0.00858547253169733
0.000438717342137894	0.000151845279127277
2.55514998715548	-0.0110772094483624
0.428641819848829	-0.00511171494008824
0.0665214261248243	0.00220493691015034
0.0312602543744827	0.00149353758829596
9.6945555372332	-0.0221539240269474
5.77133795794539	-0.0162322972599437
2.36729506261261	-0.011569142527994
1.50980787987693	-0.00954322004860221
5.21109047633436	-0.0156585829807432
3.6510285815852	-0.0140404336186799
2.68246048020813	-0.0143198951519597
0.882358234183269	-0.00761263626415442
0.6201568059193	0.00661673744548918
0.530763497764445	-0.00594710700541282
0.882509549976252	-0.00754256420682348
0.234984214847957	-0.00426835825820751
10.0547807708639	-0.0238473917753532
4.35124132584574	-0.0164125992282567
5.36109446970193	-0.0156418120295606
1.52184555368637	-0.00928776714566102
0.542380017348478	-0.00626278522015109
1.5911680627899	-0.0109245707411925
0.00801151186260727	0.000758908005554604
6.46510680159543	-0.0184793207804612
0.237394361509739	-0.00406587800168054
1.58944366826636	-0.00981783172672331
5.89312489472015	-0.0185220249755652
0.569852645382677	-0.00603081831716806
2.16426392691139	-0.00989869758868036
0.0468255312941485	0.00196605426704065
9.27158988547591	-0.0201872321360029
1.41803580874578	-0.00981132891551852
0.750060145478751	-0.00619561366532061
0.0131992940519597	0.000950423416303841
0.142496864295026	-0.00345391178679135
0.140168243336261	-0.00295239082883018
3.85974286205541	-0.0147726466173074
0.388753702015059	-0.00512541249266132
0.142072493281745	-0.00344471145830353
0.678987304153178	-0.00664825469486885
0.0231079375136297	-0.00114738342737399
1.01792642831993	0.00750202166822778
7.92676838389813	-0.0198754228798971
1.41821783852471	-0.00878410375653978
0.80542214075379	-0.00701504597344188
11.9650721383159	-0.02128435607815
3.05111981459401	-0.0140928494767694
1.1777895279958	-0.00830173995189303
1.53777472444374	-0.00986902965251951
7.11400770835443	-0.0205875571672032
4.72575923455252	-0.0149161251076362
0.480488540968657	-0.00493699108496355
0.179228434087205	-0.0035569630718356
0.167294727163391	0.00322380628106064
3.02254257425643	-0.0137090817700196
1.84615511138659	-0.0108263579607511
1.25492722827133	-0.00920354801278143
1.71328477058543	-0.0108711327347186
0.0616038584373457	0.00194718895464616
0.0316869817531669	-0.00131209720447834
5.40018820242087	-0.0173689523914517
5.24719620376887	-0.0156575142630364
7.91366032188541	-0.0217250073469462
5.64185870381814	-0.0177245369270912
4.74717692034915	-0.0149089088294148
0.969956977826531	-0.00696779062126999
1.84485364241193	0.0107273330455066
0.657771011667551	-0.00671872667397866
1.06959745298168	-0.00822423238383993
2.85886386511703	-0.0147737006770778
2.8826256808584	-0.0151295299289367
0.19952121115897	0.00343526654930326
0.700037122449472	-0.00660627958559937
5.51434252754602e-06	-2.07352717565607e-05
0.0919408145684031	-0.0026233914593997
0.388799847699414	-0.00449965093724419
3.95867734154169	-0.0137237166136352
0.744936891150469	-0.00679161818540492
1.0023052052691	-0.00783023179533261
4.5950868198113	-0.0136716080229044
1.17012994975145	-0.00773036733876131
4.36874219914065	-0.016176437326374
0.431772874945952	-0.00501222864702307
0.00410019921928606	0.000567447419101744
0.0709909561841303	-0.00205561460529629
0.57509982768509	-0.0062183106385309
4.36371854327499	-0.0167289043968572
0.49892902042479	0.00518179621062022
0.216386780319019	-0.00336913145645779
1.55312780944426	-0.00851349023911984
4.19701916154683	-0.0149243719401191
6.16572135299571	-0.018614735292062
5.44603354172541	-0.019829453892755
7.23643928802632	-0.0204060872416376
0.0321486986170174	0.0014537698417405
0.091169784928149	0.00236348475265365
1.79316034401898	-0.00995053735318215
2.2784118473988	-0.0117915319097817
0.376449265311097	-0.00476421200801496
6.86105791100079	-0.0224382745217143
0.52138587432482	-0.00653986117560364
6.48760270220262	-0.0190124675665825
1.24742585752224	-0.00875718477240379
1.19227298945876	-0.00710960591218313
11.7481250136631	-0.025193136339301
4.34653078616709	-0.0138043307789282
11.5564479957619	-0.0237242649895028
1.78665544802608	-0.0112311030265223
0.541227908516126	-0.00590079010277278
0.475102775412161	-0.0046306401064596
0.462523481444354	0.0056101977933801
3.90322218743634	-0.0165457570107696
0.241860158910817	-0.00409795176744188
7.90281909720469	-0.0191674590842877
0.803206128341799	-0.00704661355177374
0.826703988610982	-0.00759613065274451
0.702792712349907	0.00692478217706189
2.24519987042269	-0.0121840114037873
2.89373566970284	-0.0145336927282251
0.0171438521027281	-0.00101772211538609
0.840497943662941	0.00696755917606586
3.55881882021851	-0.0117952410825881
1.62725511928329	-0.0102627849320859
1.74928109751005	-0.0101752991753558
0.0314134300231903	0.00147531294034927
0.699935811687778	-0.0078707343262655
0.655374785645932	-0.0074596867297751
1.37385800448308	-0.0082342999359546
0.420245221641468	-0.00513078132170835
0.057309416350525	-0.00172407978216156
6.05598120974434	-0.0159638984059525
0.00408485726501372	-0.000492678981477733
2.79608996719032	-0.0137450710389668
0.519184324440295	-0.00582780800756851
1.75072641006849	-0.00932040262506778
1.99265073546848	-0.0109339865174873
2.80965739147943	-0.0127708873322281
5.28255224892219	-0.0173165627196132
2.75338355874195	-0.0131494116640106
3.27537446504558	-0.0126659099043893
2.1781643472122	-0.0121726804812639
0.330803503360657	-0.00526155849566789
2.14431472315621	-0.00989370938354825
2.03337345529094	-0.0108175880554956
0.243448657105912	0.00425819525650606
1.10128497514147	-0.00816558353913184
3.79218170540823	-0.0169317932047531
0.801024786287849	-0.00747457610040891
0.0103868175484649	-0.000775225713040144
1.03357919735463	-0.00685491598431003
0.443834243659863	-0.00507678941499619
0.508951495831974	-0.0055450816152441
0.221057646957983	-0.00341174404995966
4.20598168508827	-0.0146267071562909
3.04447191321969	-0.0116228839910744
1.29607546592739	-0.00872597704175581
4.40106421934151	-0.0154604400974283
0.422674728857022	-0.00487462526033441
0.561586217175048	-0.00618264224046411
7.19745371729397	-0.0222512431982893
0.285570202194963	-0.00428120095696702
3.55576251382665	-0.0143944509948401
0.281173770779036	-0.00401379885562257
0.29446896672959	0.00413400214719243
0.864479396195702	-0.00783033335842722
0.283156954287842	0.0043470771778122
1.1978439599483	-0.00806544093568309
0.361818992238619	-0.00567122376608862
7.44949913506627	-0.0164331758277417
0.0658498022221104	-0.00224568520060698
0.0830484789057477	0.00238653961408749
0.0941006590118747	0.00266689801747609
7.99854701785223	-0.0221686687648454
0.48699260682631	-0.00569015869688056
5.31275193875947	-0.0196389928530658
0.561533430316012	-0.00583715200109031
0.0673922439096791	0.00220267815368137
1.72471572778427	-0.00944005941048896
2.51497000887302	-0.0119825100689915
0.93175742871687	-0.00964179243906003
2.06894678824601	-0.00992842258998481
0.532838576538014	-0.00570826495590197
10.7603474607076	-0.0253565972490773
1.55152457163929	-0.0089754185829485
0.23980280061445	-0.00394827657519846
4.34436012969029	-0.0164185480374989
3.06592910800532	-0.0141510314614561
0.0375106092949927	-0.00143215182722618
11.3104292033947	-0.0255083011861122
0.0357407118579527	-0.00163081329462644
0.0558268158440553	0.00201375652762156
2.27489797308961	-0.0125412316124822
0.2265822871918	-0.00340523260698847
3.40582455708949	-0.0136186081633335
1.01474634120458	-0.00860408437197001
3.20442577862442	-0.0125466962277336
0.403139343531104	-0.00442511952459002
5.38991734153728	-0.0177993274928391
0.00371515701202145	-0.000409982321977633
13.2842399430079	-0.0257835765967721
6.081995176043	-0.0191527472676042
1.5351911158685	-0.00944335027593471
2.30428214544256	-0.00900450379987077
4.07110781115913	-0.0135478205733863
0.972655940895352	-0.00666659880603059
3.87074273757749	-0.0142505981485051
0.316392263436841	-0.0043927575953875
0.024090391140248	0.00121921312549342
0.214826154671698	0.00360783762341366
3.02056881210922	-0.0141742981807297
2.38967888197855	-0.0109006295776304
2.4130957328036	-0.010709383503459
3.07667036244418	-0.0139077396382473
2.00350052349383	-0.0113387870403928
1.05116374813982	-0.00801591332196767
12.4194939233118	-0.0257902486215333
6.2843609880969	-0.0163344495499763
11.2232917359013	-0.0241595422569016
3.50808590601828	-0.0146678872631299
0.938184353422757	-0.00830406369840652
3.73638724728919	-0.0135253431435493
0.448655734313073	-0.00500794074402274
8.5520103914956	-0.0225696130439359
2.6566914784794	-0.0117898238361135
0.0449267375924123	0.00155513810564123
4.65753526512308	-0.0164618586885751
3.73660742239246	-0.0139814337780789
1.05626991688421	-0.00778772415355029
2.79788858005242	-0.0155678669782097
0.415260036279744	-0.00518589519283617
0.969330291558445	-0.00787373610157243
3.84470554458549	-0.0136914930935508
0.429017759150519	-0.00473514800661262
1.41123093923305	-0.00772199699022185
0.035929256413137	-0.0013752806730349
0.908358332607802	0.00895389610061138
0.745758192999698	-0.00686365572705539
4.14413265624411	-0.0147543645569514
4.47221724523578	-0.0182987003351537
0.72982148378525	-0.00729840443549361
9.76451373719268	-0.0238377168629965
1.33889935177101	-0.00915589047958898
16.028080657931	-0.0320105558970849
4.26379372019744	-0.0136781047647363
0.38722004506544	-0.00426381322131702
0.274709270556114	-0.00425265916984099
1.07574970858457	-0.00863191932765485
7.43491740323895	-0.0194747988442499
0.143441254351619	-0.0030171146338422
10.0455201341394	-0.0227380743158538
8.04615308578751	-0.0237585064169735
1.11724104997864	-0.0078139427696242
2.23205178860352	-0.0108612664279245
1.30248113731129	-0.00859609775523858
2.92260168017188	-0.0119750871008652
3.1426767152463	-0.0141591095132435
0.0130575691045214	-0.000862878621456436
1.53829778106093	-0.00909512498814779
0.514168002270116	-0.00540912799714149
0.0478417829749426	-0.00182397563503536
1.36612419491358	-0.0100853372135689
0.751123757386848	-0.00652116665211054
0.0522916179969155	0.00170956580265407
6.28226952725647	-0.0182099891374796
6.58637335538398	-0.0172103208931148
2.04141753106443	-0.0114399511222163
1.46388027199666	-0.00923510171082568
3.11815173326224	-0.0134357476766365
0.444560997601734	-0.00514545781149882
0.822939782662599	0.00844829830697889
1.77215778214192	-0.0113106914697801
10.0177339104854	-0.025308162231269
0.36822803641842	0.00501871699032772
0.00714066758081667	0.000602699471728561
0.174441649698808	0.00389129009548656
1.09642958572243	-0.00793271564842682
2.06212181102099	-0.0095566027361331
8.16064463273835	-0.0199284081131219
1.90140221799226	-0.0106368483326956
1.32531251293392	-0.0095787589983101
2.67126871986078	-0.0113932418050572
0.865675492390034	-0.00788478589067108
0.130725295099884	-0.00300066344837864
7.55383858244156	-0.0197746090400146
1.58259811768506	-0.00860824720459361
1.73534446571021	-0.0105759662945211
1.0384113344837	0.00766503792497204
0.0203919374287882	-0.00118275253302199
0.0742542744704001	-0.00207315136858607
0.529460826777585	-0.0050294209390966
0.00448799175016604	-0.000600878652046702
3.35822631379397	-0.0134859970497164
6.11062092525181	-0.0206371292665245
0.646819387853354	-0.00679836315169119
0.782566651797458	0.00741827572877248
1.21387370616287	-0.00782050032212521
1.60100186013014	-0.0105531295257673
3.57288761603571	-0.0129834729331308
0.240693916821864	0.0045768297272026
2.51271555760723	-0.0105588200167239
4.89294652075584	-0.0163910282071635
1.00339343544369	-0.00759615759316717
2.03339363660371	-0.0134365892957752
1.69389522766952	-0.00901275132798185
0.00492119574674544	0.000615202091341381
0.710206318152095	-0.0060994210839888
1.0300837997305	-0.00752898634174137
0.153322720836226	0.00314678647851093
0.176242422645835	-0.00303375425814504
4.2454337609654	-0.0151078450779845
1.2148243200389	-0.00902651769782761
0.637204721606966	-0.00717372599090128
1.30705708737848	0.00888941111731481
0.11369054462859	-0.00276417737347344
8.46457486896184	-0.0210604465017719
0.921103158845154	-0.00759024550066075
1.83685911470025	-0.00937173126934375
0.578161000731245	-0.00559478358579382
2.02123086921905	-0.0108874554742235
0.881811188293973	-0.00865652799814662
0.00497581817526166	0.000568835361506359
1.83743270947502	-0.0107911763013923
4.55933788481143	-0.0159903539438907
2.2796196413057	-0.0102791013471519
1.87481449184715	-0.0119540207587416
6.38077471405678	-0.0161789673954508
7.96649735090002	-0.0185602460448303
3.18015469505766	-0.0131375369209108
0.730184197193103	-0.0068977062067259
1.13810517276627	-0.00872270201870428
3.27733845336146	-0.0135171861024461
2.15351702130619	-0.0103855375613922
0.515901516680672	-0.00653038947401072
2.24589321131088	-0.0114281173401872
8.39459535645145	-0.0229936953803841
2.52231882095606	-0.0106417396752455
11.4609753694828	-0.026220756713151
0.127566313239366	-0.00285505215642341
0.681190253377908	-0.00641425212353612
12.7755895741294	-0.0257411980950364
2.63724501460299	-0.0115422060258805
1.5819411978027	0.0117743065892571
0.202324119830312	-0.00355038507162578
0.00792156772575272	0.000766260434658252
2.27914249067223	-0.0129661845623356
2.66423842711558	-0.0116288141650714
0.37791418624719	-0.00524158238293166
4.11915132167881	-0.0150462308710517
1.68443109527341	-0.0113438841428
0.0867486641600151	-0.00242488589810468
2.35060026839401	-0.0107619817036234
5.96125039587636	-0.0174170932652877
0.456249393710903	-0.00465122959559872
2.60296860812946	-0.0127215683331991
4.24564380363273	-0.0160279913023876
2.30731632799451	-0.0109883103673343
1.97775843460022	-0.0098263693778389
1.30006283052285	-0.0101072944367492
0.00588532597135995	-0.000550984366714545
0.0739923823637344	-0.00195410494571245
2.01984168489725	-0.0102488609139027
2.93472354100154e-05	-4.97178647309459e-05
0.157666566052009	-0.00304596436341816
8.98006535140055	-0.0220087872610869
1.44830782893156	-0.00953923547737718
2.03056998039422e-06	-1.29517913079862e-05
4.69882513284195	-0.0148626705186381
2.75686528597961	-0.0124875796197693
10.9565083837213	-0.0254355725327905
1.09797675359535	-0.00785010958830109
0.218624632136812	-0.00360053626016064
1.51099315995105	-0.0100613136918074
5.26892669558739	-0.0159371444650999
1.15448682905616	-0.00805348941998323
0.262033810930907	-0.00367770207949287
2.29758192139058	-0.0127304816982836
2.1328996712242	-0.00968784271648079
14.748024260801	-0.0289633555559842
0.163898863165845	-0.00310620155377849
0.669805769392957	-0.00660764762697522
1.14646764769012	-0.00753653319402194
2.05274743381715	-0.0117699022164901
0.969453957004685	-0.00771299748279639
5.36206876015705	-0.0162551166510571
0.268841184029553	0.00355939050991012
0.112989661627399	-0.00297032089595939
5.07953527075902	-0.0171779553814172
1.16318122075501	-0.00808646004137541
2.68532325648003	-0.0116339219170639
2.37164229517347	-0.0118336347069862
7.70200710014189	-0.0203930630129491
2.5809831341659	-0.0137753218105431
0.417098824001715	-0.00563134697088121
0.208217986380674	-0.00396181282460935
1.5457428618427	-0.00908309589219638
0.053754470828939	0.00179382274665509
3.8411464477793	-0.0160090995891729
0.00209552398391395	-0.000324212497258409
0.647097258296469	-0.00640105148552591
0.769856871817706	-0.00636662914058355
0.314952833551188	0.00479865567833065
0.142351791987344	0.00302191280394029
3.06454062285424	-0.0118501292912924
5.62449799326155	-0.017233203440271
2.85995260674134	-0.0104830338826426
0.0404321053255794	-0.00153414103607783
0.000201919671971509	-0.000127041807048537
1.30135855988001	0.00978037537939491
3.09154336675931	-0.0117478192622065
3.87886013520218	-0.0142888470150887
0.0857966930477652	-0.00239634158552493
1.45023453586949	-0.00947463239622502
1.62751703371193	-0.00946583395569406
0.654775655369764	-0.00670598354097118
1.62578733603453	0.0113577220299442
0.676724491340218	-0.00744303280743948
2.73162380745985	-0.00970806392074197
2.57486254782356	-0.0108331474763147
9.73080531836075	-0.0218010585407514
2.11658360001502	-0.0131057106920207
1.01648343872514	-0.00823381059557708
0.637635320808153	-0.00646017339959331
0.512582500131811	-0.00620287157251317
1.76285381982995	-0.0101241806206092
3.93217346506599	-0.015049538964058
3.88737965171204	-0.0151696772066154
0.52341345969937	-0.00574021636680686
1.66715086351279	-0.0102495556226197
0.0239584708964222	-0.00100806046135731
0.00751007123758535	-0.000729461059988037
5.67095531969038	-0.0171658989940159
1.64538830818579	-0.00956855851223904
0.626308986832292	0.00675072772557749
2.55703688643579	-0.0129833185563786
3.42363974204999	-0.0124169293710074
0.612013890278635	-0.0060546310743234
0.918528545624716	-0.00857782088878202
0.681303724864138	-0.00706859783457616
0.638388132257073	-0.0059218234198746
8.10573075334446	-0.0242107000738769
11.049034593417	-0.0251406344193962
6.74635370525672	-0.0192369628633974
7.05290249203577	-0.0193402347911015
0.351499573491318	-0.00530283875044539
0.285144645437606	0.00416350098845493
0.35142978656187	-0.0046263311431017
1.50193662603825	-0.0095091396997231
0.02085702132863	0.00126025202952533
4.4890078049093	-0.0166462453511306
1.02306293557936	-0.00764591096573028
0.0344446440853272	-0.00142762537839325
1.87413663576203	-0.0116542890676064
1.79441535308931	-0.0101538013950374
0.963217831731606	-0.00764087975564187
8.11883223540964	-0.0209764824526867
2.72086413364008	-0.0116996085623587
3.09446221855525	-0.0126578319126366
0.437056998121837	-0.00546909039613953
0.0627644615128088	-0.00168000773886206
0.181661461981267	0.00346669640500702
6.22972146935441	-0.0179021531135837
3.0749520175024	-0.0141550130650457
1.24523246598695	-0.00750776157990175
0.62565597502945	-0.00597131832993863
5.75005408567431	-0.0174966632178542
2.70020342151948	-0.0144872444527819
0.0938592748654596	0.00217590734742629
1.84760528525799	-0.0117686581392378
0.0405797240011783	-0.00176339999143357
3.45177254990879	-0.0136837075155119
4.36676184626185	-0.014683803416406
2.69688116197756	-0.012076736688358
0.855528671156698	-0.00738089960130797
0.0935289359732727	0.0027553399961636
0.253162777260449	-0.00343646219566457
0.0135544732720786	-0.000940215075078191
4.38042803604909	-0.014719647879013
1.54835582464826	-0.00854977035274024
1.31548115399983	-0.00907423974379619
0.00353699742806114	0.000458401299766996
0.171051799724551	-0.00306728104123522
0.0317077813859465	-0.00128848034885005
1.36846548941857	-0.00968599423341125
3.12533418164987e-06	-1.36226919300581e-05
2.42197823905753	-0.0131103387528774
3.43807037754744	-0.015842825213577
0.362059748035138	-0.00480911601543185
2.42477126613534	-0.0129702502053472
0.00944146188187338	-0.000741959235739825
10.123532043328	-0.0212805789309694
10.2497715216956	-0.0232087906609195
0.0342702618575838	-0.0017102649390662
9.93251556593166	-0.0223350079465774
1.49981606821089	-0.00904579002634695
0.401218483846103	-0.00511436037447119
0.0124450397483049	-0.000939531966577439
0.609843012276647	0.00636678094713741
1.50430813406316	-0.00832497894635578
1.7206650177435	-0.00998115182288693
2.66338718400979	-0.011483950325547
0.345877071357671	-0.0044770872581366
0.00627003216886429	-0.000645096545868865
0.618335122526269	0.00631222321357662
4.78573461269609	-0.0167595855039146
3.04003421070083	-0.0115660085718124
9.38017491522145	-0.0189491017892358
0.229099738224957	-0.00369194748269324
0.0216730393169079	-0.00110653015260998
1.32000023682333	-0.00876213377002844
1.88838706304068	-0.0112955996021518
1.32478506716015	-0.00765113827319399
