R^2	beta
1.57969609011807	-0.404268853760128
0.530142182717787	-0.233954409123484
7.07719931547491	-0.72207989179711
4.21986945154941	-0.577855109023097
1.47318235692096	-0.38177355726508
2.12428861106769	-0.42132482767805
2.17953187054804	-0.358494343847126
0.00868083753405063	-0.0311810443621542
0.764265352019847	-0.242232043005289
1.32693384227271	-0.355960450880925
1.8490508831638	-0.380487871891444
1.69000642242135	0.451579097043077
1.00184162911775	-0.331330494220951
0.0216591013539624	-0.0409095212519305
2.53607510480668	-0.450928966512553
0.0190734342882299	0.0396662968629898
0.153374066451369	-0.121523783780834
0.282556724633878	-0.178232828666311
0.231593724855795	-0.151513017275249
5.15718474507721	-0.743615362279057
1.413456730919	0.372777989209743
4.59465662808761	-0.591147592079264
4.61205948148889	-0.601992496758239
0.694400521518336	-0.232657855629902
0.131118787880336	0.106578422577302
1.65053491827362	-0.436657720995998
4.89790561835313	-0.660818802221253
3.36173508489566	-0.485202155306432
3.47061434862326	0.608695104012926
0.257524725632217	-0.161702483746088
0.152832934632645	0.103529993403782
0.00206836824572413	-0.0151048657524109
1.49240002077396	-0.343320462415814
1.05386440989522	-0.299940397725308
0.420392574374041	0.20256312018299
0.620656407796303	-0.212123223292499
0.70638777512936	-0.231390962265223
2.84230576832612	-0.460292818210387
4.81257663934639	-0.505086598511141
2.80682038214632	-0.512748056897351
5.41820491162569	-0.784533863940486
1.07318269674345	-0.324903819247778
0.406662138332071	-0.155620883569226
0.769319871282917	-0.225162961964914
0.175785669274706	-0.129131107668547
0.742311438870236	-0.244047664621556
0.0309377839203556	-0.0546084212704785
1.94877906282602	-0.387499227103308
1.75112634833177	-0.371021540515661
4.42118917009203	-0.504629710375337
2.12340355520462	-0.487669465404401
2.09789867528174	-0.492269428101875
2.28338047849923	-0.416877486423338
0.23332019924693	-0.144744826806522
0.80826587813384	-0.227639370213026
0.76419752645928	-0.270536100375367
0.629742203043379	-0.22864762672369
0.0213878696434302	-0.0395955323309433
0.657507726338266	-0.256141980557741
0.00759369870894736	0.0249325488870645
0.124378586780331	-0.10570736606652
0.277930332791512	-0.14183937634339
1.99156807982429	-0.446382323438244
0.256637907821862	0.17350070955875
0.389309958796381	-0.166031938284481
3.69134290364813	-0.573794074298019
0.0782725422928374	0.0961110079311644
0.0992137664716807	-0.0941329415242545
3.09341158782524	-0.565605626302331
4.64718136450322	-0.671853173444527
4.17086878314361	-0.609584499870899
3.59009488206723	-0.556282501331303
0.152604875395632	0.139302362350306
6.11082501697834	-0.717344463842467
0.00689881330109065	-0.0247888038956728
0.0045994720812889	-0.0197941591560458
0.51084899110349	0.251367392330305
3.0565201640812	-0.619679770329756
0.864536863640917	-0.261085726154725
7.24921306912167	-0.772576984093964
1.31849911078618	-0.397723116449595
0.376820391233222	0.161582675983395
1.346440704307	-0.356129132392483
1.87036074850011	-0.434390358681412
0.292454474899865	0.195587019957134
3.1797284199648	-0.506626880396615
0.816262822278317	-0.297842830895057
1.80601274049883	-0.411806438882525
0.395612616687268	-0.229088495417249
1.27611820339415	-0.346323911859705
0.0140461213412719	-0.0401466953605776
0.172209471974841	0.10701192458467
0.12609311352259	0.116191055185348
0.0588666041628169	-0.0737175785517066
3.3662514891643	0.588093891952283
0.31375175404726	-0.17963059249282
0.507504540267469	0.247104608478025
0.998552979431351	-0.349351565165093
0.605446487775307	-0.222851281173348
0.0289111609036181	-0.0472149529805605
5.6507033602184	-0.657106754260816
0.101095263120836	-0.0824255524422299
5.37015036826708	-0.730235391524288
2.92650219136975	-0.542078605402098
5.12189666586949	-0.682020235854084
0.463026551652157	-0.190798203068416
0.196395940522987	-0.132770729195091
1.17256836864818	0.315926000109569
1.92175543309289	-0.34028755511631
0.538268218997717	-0.210224185150315
2.34312551065364	-0.440564039872027
0.217968933163427	-0.129889250501036
0.599679853559795	-0.224858184712773
0.245141314823105	0.141977066221936
1.19177412348845	-0.344658144301924
0.030968518436754	0.0528957025948281
1.77996084567964	-0.401133218386974
0.113806710969896	-0.102206592935517
0.613600966904462	-0.223422544028578
0.34661108426731	-0.180749003782167
1.85091728540169	-0.363117983950158
1.56222942573563	-0.349481883363844
0.0913452272046457	0.0861887836896965
1.71495866611635	-0.435569581375257
4.47400549368378	-0.642642924854952
2.74433987030293	-0.513353791487103
0.201493554367949	-0.119831632236127
4.91150333461899	-0.70707027565182
8.85224757610005	-0.87978860342807
0.104325630596629	-0.11344619272844
0.508392671193545	-0.216220190856502
0.704454645790438	-0.251888637575352
0.0029313374774843	0.0181155356998712
0.970084199278889	-0.31116803144497
0.969105506122961	-0.209429995291697
2.94229908853046	-0.549735692103708
4.18268854438681	-0.638110942039851
7.05583337071619	-0.7910796037552
2.27829481021712	-0.47821677993585
1.87545187381234	0.464671141876976
0.0244998238246265	0.0427308081779961
0.762353109327661	-0.243749217603364
0.634254887710641	-0.21736750914888
0.427845320392547	-0.185857924598447
7.72186092208548	-0.881085354734337
0.242690839050886	-0.124427066486646
3.46837640683489	-0.53894602885104
0.497687825813472	-0.188701876857199
0.111773862886509	-0.0833811555728677
7.78989124327087	-0.816354956002773
1.40498652547744	-0.346670280705872
1.55698263159132	-0.376073896057712
0.394131506676873	-0.198654009913557
3.2671056703805e-07	-0.000180376946282067
0.00585595833467894	0.0246437506919976
7.8571558027675	-0.772836662310985
5.52619100361685	-0.842594786839173
3.22094327035	-0.42228904939973
5.2426900086695	-0.622891438439225
0.599714649616906	-0.192616967537371
1.0940258345699	0.338231647043005
2.11453608533636	-0.443037245153239
1.12129332085952	-0.271226568035342
0.178238747814804	-0.119323959569732
0.188628548526371	-0.136000580830078
1.34913943584247	-0.398695386334781
4.19422747443323	-0.639171590403659
1.55264674745166	-0.345691162152046
2.78558410305809	-0.427393056910399
1.51226150946045	-0.363830389366945
0.168096231379432	-0.129940607652598
3.71558243809593	-0.532879587418604
2.16727764835221	-0.408581695405077
0.590306459742669	0.219386618762405
0.0191765495114057	-0.0468754833975794
2.71380066245985	-0.477260958955473
0.114208630754523	0.0986234063082196
0.0246521422381338	0.0448045866128023
0.0103935816442872	-0.0282971326043266
0.392836069852783	-0.149570501108993
3.75952126661647	-0.550348921203833
4.43303524267574	-0.625500959138932
0.830908206235352	-0.230905307313372
5.37645760354803	-0.470248442430282
1.86758637704613	-0.471298093303567
3.3846586119309	-0.622080733019504
0.0102544927862585	0.0340015430892701
1.57967519945971	-0.410666138182179
1.13130450373418	-0.263506285142788
5.37890803177713	-0.682198919128867
2.83750572264819	-0.466172004095875
3.09036787722029	-0.398339265362541
3.00481663174484	-0.55005861060018
0.00200303493816845	-0.013376140441521
1.21287587770352	-0.334012902501438
0.45372879440143	0.191210749886905
0.345359872597333	-0.164647980106612
4.02916241521022	-0.538803619916979
3.42128768191707	-0.513228398046115
0.894343871786233	-0.261238751660984
0.000200514816091522	0.00400800091523613
0.720908904145971	-0.273544935310789
1.05417147506652	-0.313686680200342
1.69561508868121	-0.350366386554799
0.0794397362857126	0.0816147895776486
0.135687729184902	0.118458164478002
5.23373861781966	-0.701648683970803
3.78301248111215	-0.554753686140832
0.398785599794164	-0.170334324270915
3.9366478748648	-0.603172128187932
2.39412842655506	-0.466079086815783
12.952107443339	-0.944842047496979
4.2618266137951	-0.551719508398094
1.107629707398	0.325413549830772
0.720554640615625	-0.23189328205667
0.240328890356459	0.128443529232682
2.10292672289345	-0.392032619237611
0.000410992913707769	-0.00589340055280882
0.574110198254172	-0.196140902288557
0.168530975458222	-0.127312325711652
0.380519899302779	-0.180039115065199
0.0774612640498334	0.0879469205695943
2.22488425551489	-0.438562332708116
4.35176916925322	-0.601406275151982
11.2826005446988	-1.02545038679905
0.293504372756422	0.176004520221087
0.955518200266447	-0.247823910849145
0.141304064624426	0.134457164878307
0.0480756572239696	-0.0643122174384644
0.413868138218671	-0.17204144522392
0.000419511913929879	-0.00560284475771386
0.619743186791674	-0.219976555414633
4.3221770210136	-0.473344520222477
3.00583702849982	-0.421066466522912
0.199954694294758	-0.134973088541849
0.968114270878528	-0.307460142317467
0.716700375171623	-0.204002816588537
0.23799579175641	0.154066380996281
0.130306570383339	0.111933481726207
3.43958420251846	-0.578943316291935
0.151325940620439	-0.108120814365724
0.298957763573625	-0.188888774342247
1.20814287336642	0.348238362981138
4.71240856689682	-0.606458686931493
1.2252583545052	-0.350167402224364
6.45024708691612	-0.646567184372687
0.362788329067626	-0.160320767408088
3.16416427460913	-0.667339484984732
0.266332391507966	-0.148713784479651
0.747277068899319	0.24203359148192
0.107988432255401	-0.0945172853554569
1.05312845948371	-0.28531392181467
0.375975539853891	0.159712662686587
1.31371467771237	-0.319365960496715
1.78069533266391	-0.352621104795538
2.25693130747773	-0.426216470938634
0.0184633985529115	-0.0413353242560907
5.31403895325235	-0.721837571613623
0.317124768938754	-0.173652915631567
10.616277525371	-0.808351780602077
0.230533029051158	-0.162943663278809
3.06028866864802	-0.552290439258968
0.460893581446583	-0.226521289517384
0.00076050153907518	-0.00665238143165975
1.88241946898427	-0.431391245308769
2.66455306090325	-0.514661637016583
1.79372435137671	-0.404096061722499
1.36841878495742	-0.376951380754845
1.30557733315402	-0.260222020461384
0.794213386577751	-0.277980540176853
1.17189207705126	-0.295988994605112
0.0270601404140484	0.0557750458854691
5.2278659467476	-0.601470813319556
1.54271195699225	-0.396429913805727
0.0736002867594937	-0.0757883195816506
0.604141584092422	-0.266662727836356
1.2653779529029	-0.309425108823245
0.200479956114867	-0.145148422956802
0.266725935196576	-0.16911347794209
3.56027592989626	-0.548268580568343
1.37708860462632	-0.362382529343035
2.13105218433252	-0.357741364335619
2.24227251097329	-0.408956285912104
0.605517618924323	-0.229348007926906
1.32571770041051	-0.367206808110676
2.57432863103706e-05	-0.00152060757220993
0.00188440571287628	0.0111294382559072
8.97027620126858	-0.683886211225097
0.769341615884848	-0.246001583896066
0.479559218408319	-0.221211366592983
0.429920652146776	-0.182412513178117
4.31215109501716	-0.56420690676642
1.32946683463249	-0.346117264784647
1.15138720427647	-0.317883517892566
8.05814836872574	-0.822453220297129
0.856648689034457	-0.267252835776132
1.91366336669781	-0.441756446901689
0.244135375242235	-0.125241622338321
2.0802449871233	-0.381564627249264
2.74748957749743	-0.536769414437102
6.16205012222735	-0.590210789204737
3.25888112144179	-0.561272071718836
6.09216851652968	-0.78267604107125
3.36847532931742	-0.573831307630481
3.21642286549498	-0.470346273199417
0.00909926998973144	0.0273561332786108
1.24155670328157	-0.332426189564228
8.1739613390929	-0.851626782750893
0.569060307560046	0.22276507766624
0.0958875549737175	0.0830278720315273
0.925183541016651	-0.326231528842835
2.7843031448756	-0.432927119754429
4.29838077243582	-0.61556820767797
0.0480311043606584	0.078155187702123
0.0990310176565557	-0.10720549716519
7.06156895918322	-0.827248052788892
0.0606087412183499	-0.0748466114271141
0.771415026966492	-0.278129993778363
1.26473512613592	-0.314808818476101
0.00436847212595984	0.0191312405195776
0.372390560670278	-0.161021516757658
0.124155867946363	-0.104891599197596
0.0178837114127995	0.0382166814103071
2.80173469219964	-0.404221220127473
0.844375103659385	0.298919011778535
0.000301487053252809	-0.00526680385519701
0.224695650112751	-0.150237964988007
0.172773198588942	-0.12510441576893
0.0182841170490999	-0.0500099497154173
0.11324718034058	-0.102753894943576
2.09653999764556	-0.388423398833117
0.328434626196845	-0.194462460720578
0.116943999701642	-0.10929373923018
0.365934484426615	-0.179111295368092
0.0242145271622658	-0.0497917702670551
4.52845067677537	-0.583894356605149
4.5646293968475	-0.621939842257242
5.97397535238108	-0.811399558654627
1.60942090064847	-0.370105880095351
0.0814254242022522	-0.0849396584912642
0.190264180958587	-0.135441024569724
0.0241617398352433	-0.0550438284066738
7.74503796399481	-0.757172260328183
4.06621112059819	-0.545228991858687
0.000985185644518972	-0.00858704559192568
0.246066954582332	0.135328607286546
1.98300740059728	-0.390047077031827
1.17041999559623	-0.320723992819866
2.22076264489131	-0.372939691494682
0.187089232524683	0.142675635856668
0.0320932970378656	-0.0618316701092971
4.28609141665013	-0.549777278176024
0.146029060177787	0.117259215360968
0.758699029347922	-0.247136086018847
3.90874041823075	-0.492327065246788
0.0178373192507555	0.0410383129704606
1.53065332009246	-0.344467425653403
1.21148716782508	-0.350842490469479
0.30911592090716	-0.198189311270642
2.34139489769816	-0.425087607467337
1.09206545100069	-0.280082094019391
0.695244123543314	-0.225572039260001
1.26131842351239	-0.309777957727439
1.94789469127465	-0.407507989968219
1.04175661687944	-0.332520104861244
0.00191924560918136	-0.012754942326467
0.0398685295650791	-0.0618519911289047
0.246930529147884	-0.151301651285169
3.53423027099483	-0.535329299974044
0.411656182028121	-0.179025688397533
1.12279373543098	-0.28804306847756
1.16306122000054	-0.280350902745266
1.09125758736151	-0.294836988218306
0.0678603786256458	0.0968118923255088
0.611238141011178	0.292387726985854
2.58300542905791	-0.420915378344165
0.166165845871531	-0.11899258051224
4.15862255369361	-0.57465120062772
0.242478426079809	-0.141627867844134
0.73657277964951	-0.249166116829188
0.0285133744784061	-0.0465406456671773
11.2562177243885	-1.07859626989936
1.81336985053161	-0.411928589317857
7.25601688072742	-0.708504743240547
1.27737806850972	-0.317613687951386
0.00158915517862044	0.012349002315465
3.73666603791083	-0.619256597253608
0.0934604423852965	-0.0799352028715161
2.57120316979737	-0.411204708526714
5.82588389491691	-0.581572088834994
2.3548123428779	-0.53041904074958
2.37270299893593	-0.458123474136213
0.609423929102876	-0.241109826641052
0.790540588005822	0.321154740170699
0.662825102934816	0.211351105523146
0.132480989110826	0.103671206892182
2.89148585180476	-0.447595389241482
0.0372335326197809	-0.0535586201752396
1.36731015978271	-0.389345287776287
1.25874515727091	-0.302154683232322
4.7179881716847	-0.746900055597911
3.72695218127229	-0.600335915286181
0.4670618049791	0.200546009264173
0.000819311655399079	0.00800327700821562
0.510732162292706	-0.224375215567866
5.57595290532475	-0.631683724520975
0.282558287076323	-0.164176626241298
0.236223222595049	-0.15213453182389
0.188510619555809	-0.12800717869592
0.00010708091924788	-0.00268032460916734
1.65440715342857	-0.363992244683204
0.27092276412027	-0.132442399142924
0.258539436703695	-0.138470878570185
1.43024573768482	-0.35346785440376
1.41771781949839	-0.365996598990494
0.00328970093467071	-0.0165177428839984
1.80602462100419	-0.331803205276754
0.699720052700252	-0.260903144531247
0.15738353835581	0.114484290397854
0.611459492892339	-0.226884079913499
0.426112869317706	0.230278884963691
0.0164814144915579	-0.0416618870947159
0.744493579104485	-0.250918745644879
4.08453013795741	-0.741107776571225
0.669256896200477	-0.236578172359803
0.723483951515847	-0.265512289886062
0.929421927543314	-0.252860743101985
3.32233340378215	-0.538139852502617
0.541103621952478	0.221190154618167
2.83303424323925	-0.425312526056006
0.000108444246650832	0.00305166243630377
0.624866247068657	-0.224603624277628
0.315254412319593	-0.130082516187126
0.329104170569266	-0.157866077782345
9.75752678938203	-0.881145373540732
0.0441956025423713	0.0555339182825376
0.13339035137679	0.110087711434149
0.731404278663891	0.22557474448985
2.18196466553597	-0.386642271444203
0.275307323484151	0.156056390393832
0.428471238774088	-0.207870108966425
12.6864702456758	-1.16155684181578
1.51087622886397	0.412562479774455
0.754712470021624	-0.262058621380432
5.38299398226743	-0.626208953238822
4.00303229376979	-0.640934814161478
2.90527293652455	-0.439971921781514
0.405525219924336	-0.194031725052541
0.467055231728552	-0.179004991280542
2.65359275745784	-0.380671064344581
2.83924278506167	-0.43007439890689
2.96735508550636	-0.542528803793028
1.23126084049376	-0.32194201109423
6.84019754756491	-0.761289609938286
1.36667062166236	0.312488480563786
0.371040314815327	-0.145469732012733
0.221360162088066	-0.146265239869864
4.82741188410017	-0.655358564287926
1.47803786035555	-0.335859439590585
3.77462021393243	-0.655937643334813
0.384683309221891	-0.203621044041097
5.28309049859347	-0.744278699069299
2.4529083550972	-0.451954142002117
0.00835970863778222	0.0247229333171301
0.00593586519531482	-0.0212535860533844
1.45227290177738	0.387616027256549
2.07214715283244	-0.443026421841591
0.363984415022006	-0.172029039879268
0.547351431681459	0.234933905572121
6.20818772856642	-0.709759360987054
0.64602155723447	-0.237132804427652
1.15867402205336	-0.349931663742232
0.10474099526278	0.102501315158203
3.06456477063224	-0.604359789949262
0.000783150402280447	0.00872206276330592
0.751432222140025	-0.253307171011317
0.991069303031297	-0.264145646052325
3.0469889559235	-0.511540772020632
0.0017672665963041	-0.0125553380289277
2.01876580042927	-0.396277616735315
1.70753054441782	-0.393472457597254
14.9908114852584	-1.24634175676176
0.873577494230235	-0.250840012297181
0.162173974822577	-0.117767417733411
3.77401184533426	-0.55997404602685
4.29927741200417	-0.483000131267392
2.60438030616832	-0.4622952075275
0.185321767295767	-0.150410733291376
0.0419769456157301	0.059029731925889
18.6652381308032	-1.04984391178428
0.485842535785272	-0.251173482638303
1.17977432327264	-0.361697176687368
0.680783901637245	-0.220697018884899
1.766553507153	-0.391923611358561
5.31648326781558	-0.759225819751257
3.9400074941311	-0.6501580973357
0.17329363472509	0.131533596804972
8.473050608451	-0.885482157546589
3.3125519773516	-0.596660140189912
1.60156366644979	-0.317891366863073
2.00774586088538	-0.52284601432753
1.38556230087417	-0.340622341672261
0.659173045619223	-0.250089723202522
0.00788441228154227	-0.027500561314669
0.466566910676924	-0.169608456327471
0.65649286080944	-0.226583079030441
1.36367453571482	-0.305949757551269
0.490796516445187	0.203979805095203
0.0288655251091073	-0.0513223019525393
6.58392529784788	-0.597240814998536
0.159207761811389	0.118543349530355
0.652078718465716	0.231051430047956
8.10214923226319	-0.714208942736755
1.38342461299512	-0.377560752679027
1.87143702614907	-0.436691564012002
0.00058354058321628	-0.0067911103714592
0.0614753825225486	0.0706708713369562
0.0291982131893978	-0.0453776815537032
2.2319648668212	-0.476703543987327
0.442451000811569	-0.195653670571596
8.40421002173259	-0.817529287644121
0.0354563912797214	-0.0658284358335278
3.34654701997348	-0.546406333420453
2.51115085587358	-0.453483443553698
2.52192918115558	-0.435441026982918
0.585523695414274	-0.215972359033945
5.14651011214004	-0.683668422779062
2.15938367600085	-0.443111007123129
0.0121329615550765	0.0299994192683328
0.301252234029538	-0.157450191612913
0.116423904483734	-0.105653699916467
3.26057184272023	-0.422673591594112
6.81141783182231	-0.689675989531519
0.34695542633349	-0.14358529872891
5.60402704345454	-0.715236330565667
0.145356203957744	-0.109322693760878
0.105632519076256	-0.0860347281822985
2.36103805725005	-0.407202957287296
3.43302501438228	-0.523657052764436
5.71754248280505	-0.621763857247882
0.668398643568889	-0.20444671288078
0.0369335923343852	-0.0692914545306596
8.61953646827346	-0.809920188724816
1.39928284734502	-0.405600489163347
1.55300984153781	-0.434438489498391
7.09562590125865	-0.867847977936966
1.49449487491624	-0.38434131898793
0.880565707851115	-0.287753201691471
0.00668287494286115	-0.0242146682210077
1.20829685958314	-0.305833064438536
2.25840971829218	-0.396502004477864
1.07793563524683	-0.292302832858567
1.91152870045593	-0.403969172886973
5.31909520588641	-0.680875161513336
0.853324515735124	-0.276782043608153
0.393889216001052	-0.195341315588067
2.11006859930352	-0.337597134024162
1.60778263551896	-0.328098863372192
4.2372237584879	-0.49770030770823
0.920519397826999	-0.274497358113475
2.2434092613205	-0.366387926243825
0.0805751600403043	-0.0802389561559858
0.0195800916055178	-0.0493621948177353
0.0655485774983736	-0.0715087215323613
0.633764366903134	-0.252273586414331
7.2229584400393	-0.811416939054865
0.14785271394502	0.120133111559166
0.698758401930165	-0.263843994114715
0.702466357573034	-0.201238928817003
4.84564557776366	-0.543000996052759
0.272206134787219	-0.153869758848437
1.55692356454217	-0.336306697777274
0.781683703890807	-0.239844722342713
0.127586359677733	0.0928359745439681
1.08894397601193	0.314799974087587
0.196927791765596	0.123817687678613
0.0337514706530904	0.0535330531658686
6.13549382514099	-0.703280856258171
0.141349495162385	-0.112175349335817
1.69440860908699	-0.394764993388394
2.33655146339984	-0.404358813939422
0.755295409047443	-0.249893362396007
1.35727795150697	-0.369962530390071
0.0317777292877044	0.0530047356743761
3.13197770857234	-0.524672755345242
7.67545714184875	-0.743461154210429
2.2472072368162	-0.372567257319328
2.83471600055396	-0.45001166076199
1.51810578132643	-0.35821191518425
1.21845117273803	-0.341351631814097
2.34971943548144	-0.438185263617825
0.0515476869680273	-0.076671305630857
0.319486104216661	-0.199198430581047
0.96237973387166	-0.287274546288672
0.6718655959737	-0.198768150447176
1.64316757994193	-0.396646923707725
0.504705170098471	-0.269945666830944
1.63023516186983	-0.345306748686199
1.23543603289275	-0.271192893798059
2.03421918823674	-0.396866696850027
1.72739340774505	-0.347041739060283
8.43129321052024	-0.866426912341984
1.03487060565473	-0.347123663733686
4.2500155977329	-0.457734706499542
3.9654297888484	-0.510424728719964
5.59124719854098	-0.683431871971822
0.571067865209852	-0.22246656281783
0.00362741334191533	0.0177381200307499
3.79189218547499	-0.602252753793197
1.3523278143012	-0.382616120349628
2.09171930045897	-0.45089119579279
0.381320551794269	-0.202472175462479
0.154016693191233	0.138739545934025
0.0371265916638591	-0.0502696851674928
4.12749445277534	-0.642227938114803
4.18215179467301	-0.553925598529534
0.0828689114682633	-0.07960050063985
1.31580780501101	-0.361584400386853
4.94266091058798	-0.59230320877878
0.0271797859512027	0.039319614543347
0.22258766937673	0.150347003319341
4.42423720247698	-0.609334019999141
0.195544817000625	-0.12317773756519
0.0534118912142712	-0.0589911805043718
0.828553153818874	-0.237685233115522
0.0215757503760035	0.0450035744445728
0.589175051068832	-0.209332440088477
9.46353480382061	-0.86334474924961
2.68561706605188	-0.510201076969222
0.392033380226106	-0.194213647184663
3.03593266798529	-0.456759164478321
1.78850479902047	-0.482345657695694
3.58730110407088	-0.51845972178308
2.13544819051653	-0.408476075870696
5.8364213798576	-0.627217175033125
0.756377405727437	0.277525591694426
0.686119980809145	-0.253893712458088
1.77037743007439	-0.432639849000472
1.71703437145692	-0.340008942946965
0.897069151233403	-0.25160695579028
0.430715697051466	0.243819116151613
0.0545117209159151	-0.073954647159612
0.804800984145365	-0.296152176736189
0.026997521075965	-0.0483736050043214
8.00493623172258	-0.721350551282219
4.80998930003326	-0.618626791491097
4.33899185714748	-0.572051747129068
0.608415109385554	-0.240518226125698
0.0167610229085562	-0.0423222875271371
10.0718886528567	-0.76848480473285
16.3300325049688	-1.09604352500853
0.0490226310631508	0.0781660355652768
0.359510086687723	-0.190420870247345
2.90392003560299	-0.559074818104259
0.514444738983175	0.232026295141716
3.86959713860288	-0.711269740367892
0.00691182009544359	-0.0239028174114821
3.33355838370079	-0.493805460662689
0.574405135450744	-0.239670284750773
4.90019720075304	-0.585740468188722
7.2720240772993	-0.813535622509421
2.38785718230663	-0.434028077480073
1.0074442940947	-0.296302729385335
1.2258130971345	-0.312436884487159
0.639629445064016	-0.285358578143421
3.40349769730661	-0.485999770444987
1.36151672235503	-0.297409108147209
5.65528434366795	-0.670883478277247
1.31487590269984	-0.372846141386522
0.648152013496464	-0.230201998726471
1.06472092628059	0.306476954592702
2.21979294134564	-0.428295108594252
0.00299225882395621	0.0162010264724347
1.21931895247471	-0.277746986275261
3.26991312248327	-0.474984773987377
0.000178115033129409	-0.00411401095050452
0.474104557177113	-0.183550196641334
0.281930113724909	-0.127447778770578
0.808521580536515	-0.219879939205783
1.47351809720721	-0.308674059853316
3.92478249676998	-0.615980668227843
4.16557901709033	-0.658034682667262
0.576152626355988	-0.20969999286785
1.19780370009019	-0.305705426661254
8.62795871343363	-0.775012147413328
0.0334400033084746	-0.0527218114897279
1.06905154865478	-0.308868099816007
0.269149993515296	0.160452688343575
0.999149091526757	0.305231703706522
0.0922465426182012	0.095654939569256
0.615770975502658	-0.216316798562231
1.40091355780276	-0.313522726316414
0.0286391986222533	-0.0494609990956852
0.0188439553642584	-0.0361063311342934
0.368774747532757	-0.160179375572552
5.77123695611262	-0.600026939044628
6.94865241491464	-0.737019021547795
0.044165047701258	0.0614081263088325
5.74188960893622	-0.624572228912807
1.00546207381499	-0.28966967714039
0.000372939046563853	0.00616949150862478
2.25580288796599	-0.360427861057042
0.046916528578672	-0.0645127296511799
0.0127748700925257	-0.0309988818385291
0.105841465284173	-0.0928890487895993
1.81727040672935	-0.475978194640461
0.00458447681757316	-0.0214305347985604
2.22052764069088	-0.403289366411099
0.689015843788885	-0.280023006560245
2.22015056895672	-0.46121835583338
6.28312888658315	-0.60743676061748
0.591135579115617	0.202909640001105
0.882154682656911	-0.276051001798656
1.00994051889734	-0.272715273043138
0.0439514496468492	-0.0606089465217743
3.28125054719174	-0.645180715897228
3.74167709050534	-0.567732050744793
0.322199419142039	-0.165949979787
0.0194793588858604	-0.035753091401734
5.66559426764646	-0.705554568138312
8.68183452661827	-0.741474862834131
1.7381564309539	0.416997782113937
0.0119995066259603	0.0275908486971083
2.53820311241493	-0.438588623679673
1.38927639157249	-0.353039173295365
1.10558893409864	-0.295484011517826
0.209685658755937	0.133902045336849
5.35060472362744	-0.566998205375047
0.0568014718379734	-0.06052963615777
0.0731702467629315	0.075020057975048
0.108797589170087	-0.0966514511195393
1.03644011294972	-0.313344537923091
0.4251592161571	-0.137134469209667
4.2439557788323	-0.62152645517681
1.46837486112331	-0.343979063388782
0.0233459261557002	-0.0479183405494073
5.00348320865137	-0.574022108111286
0.0784629721492111	0.082530859693095
0.674229618277244	0.240923879453693
1.66338053074787	-0.438883988523534
0.099016297749875	-0.0819715999328969
1.34662683529074	-0.321685337316708
0.922589849855314	-0.258103881070907
0.121868455314671	0.121322670933181
3.86510166554941	-0.56757001622477
8.23722321438548	-0.843743634636335
1.93566951005386	-0.454802157305118
0.461561303875178	-0.184630014552022
0.195494258849961	0.126278619386467
0.507514249608183	0.16947039827859
0.0898608495892353	-0.0729791596868324
2.32219410586863	0.398900633842696
1.71743531480424	-0.349151697070536
3.42124367208567	-0.458278101140602
6.73344684619488	-0.778585417794492
0.128481508030444	-0.102604977661629
1.44578581114578	-0.338550332961223
2.95744691950856	-0.463404847630827
0.0693278518625055	-0.0767831278724058
2.38910879993423	-0.418927264461512
3.87785697204248	-0.588491259031311
0.183923173426619	0.117804276449979
1.58124874520575	-0.368659541070332
1.09197741051598	-0.302670139549257
6.86308570889845	-0.608466072202147
0.965283259810192	-0.224830868918464
0.190325000327491	-0.121370860000747
2.01206703287038	-0.398346807273855
1.55669884636638	-0.355421870808273
0.00762404606605778	-0.0223270077260585
1.17321181969656	-0.265627921798229
1.79060197681067	-0.405474769866155
1.43422958579883	-0.332676800400897
4.66036438009425	-0.639026481758224
3.65913946809917	-0.573687378679899
11.2713994158669	-0.894713291632587
2.22582993592466	-0.430166991411576
0.577524723695443	0.212068366897987
0.845554919064188	0.249056205178147
0.728322033059104	0.278323655382508
0.510863355066403	-0.206639357010289
0.295020136818262	-0.166460630867864
2.89902390379174	-0.472966495197758
0.0493198952704669	0.0699204722684011
12.3066610487257	-1.10843543361095
6.7759757517394	-0.716386273264876
2.3958958831844	-0.414968408643191
0.792851020402275	-0.232333542790325
0.0953945875131774	-0.0873466089939208
3.95990169966821	-0.602134209815267
4.22276182682613	-0.523728295429982
0.100928361656339	-0.100352266059477
0.686299305667178	0.244435785756486
0.387756853196835	-0.20304838422593
1.65922211229553	-0.353159594238444
0.235150435385898	0.138114795414808
0.631184377730423	-0.229416158908964
0.420971668628921	-0.189998878636715
12.261944524874	-1.09330862358623
6.77488362490791	-0.607910587816819
0.0649819153429537	-0.0760373686872425
3.42998799423649	-0.470397081785508
0.0934495088252743	-0.10064736957853
0.931123343487353	-0.240035813878969
0.0205056693216671	-0.039746257355445
4.66139468528319	-0.669871160647158
3.03257339886684	-0.453320723827646
0.601603347643035	-0.247245605805653
1.6971050002522	-0.410959001710809
1.36249834356307	-0.353534132101107
2.21596172919758	-0.491279501286683
5.72379485258458	-0.560549069709932
0.0363457882323022	0.0591207670586844
0.0888867841968251	0.0744571411174655
4.84402509273864	-0.717767928720395
3.56772618634616	-0.543283801003047
2.27711319463672	-0.400961244617213
0.0244323978480799	0.0450702796186682
0.914788561130709	-0.275600790778922
0.0661801776763911	0.0905749357762664
6.91060584318614	-0.760203114804041
0.0450105375245966	0.0643311313005129
0.0620819225630564	-0.0650657946751229
0.843822226124832	-0.28710074642206
0.0676835396644791	0.082689817296132
0.0334878016061231	-0.0536961292465635
0.0773361639605603	0.0928194068080761
0.0400172847688807	-0.0633366555316324
4.34506185723648	-0.688876871652573
2.02665232245741	-0.419383424706512
1.80587776197927	-0.422922892439253
2.32930999471053	-0.50942938450373
0.762884541227001	-0.274965181888318
0.817237424739092	-0.26174301849545
0.185150462935158	-0.126286643979858
0.719412633093686	0.223284078090693
4.0116228181025	-0.636740420079571
3.99880796133577	-0.54239732084046
3.1873341111481	-0.432138330889633
0.836080143835122	-0.260070416949012
0.920808229512695	-0.274180091035007
7.03301773517226	-0.803348491002996
0.843802644331486	-0.256647963199897
1.61013760444266	-0.397540072625833
0.0323057170014029	-0.0491088191783183
0.0678573356937459	-0.0915219737441535
5.56466155866168	-0.626368449879859
0.0842494595660823	-0.101178156804696
1.78199626861629	-0.359641059915662
0.0506350183470742	0.0592106379661265
2.30815945585561	-0.461086621882397
0.466922226522153	-0.22454640190326
2.55080933003727	-0.609217729825189
1.25885520021946	-0.323272758415577
2.85486309857155	-0.563126820360087
0.604028195405974	-0.241044468419947
4.69660833381775	-0.646274661005705
2.63006472707767	-0.501379003773757
2.86832943988471	-0.489212367974956
0.0599810299577722	-0.069959072064905
0.262343698649425	-0.141798699341979
0.540332294897426	-0.243304905536556
1.1107652799705	-0.3251214897256
0.000471635798470667	0.00467323651511514
0.0364359779018815	0.0555347275480939
6.96004341872597	-0.65989093938012
0.349134659565805	-0.160121054098555
0.803238032728399	-0.284989542456468
1.45137555336581	-0.345502235019165
0.226155600695277	0.130856199043443
2.40365626632808	-0.482453879841885
0.247832102564293	-0.147742414162526
0.932554402998255	-0.295380542880301
0.976770800293411	0.340639196673816
0.0246770153050013	0.0436231480546443
2.18628177940351	-0.395021296326502
0.00331679180985386	-0.0160449659412513
0.00170309690374672	0.0109838425173767
11.1568805580476	-1.01476654715031
0.642408864452433	-0.215174327311433
6.74951873198889	-0.706240425480018
0.0497836572354641	0.0804622820503798
0.627657860397379	-0.24061735031763
6.85963536762847	-0.63431691643066
0.171584689228828	0.114814867115418
4.74801046060187	-0.650670537617122
0.121610542695776	-0.0906948396250856
2.08886555004887	-0.443041587829114
1.94968203692734	-0.469228875200941
1.20914068309383	0.373887132310001
0.000648328632510515	0.00783657743732097
4.43674984521639	-0.569378063324786
0.02491409785126	-0.0427776667524164
2.71651519662676	-0.521983801344952
2.29028091098135	-0.462601634953761
0.000738747852967391	0.00925422469790436
1.15705591690005	-0.288403041065724
1.42185743378102	-0.325094478590697
1.11126032753544	-0.279536048765729
0.559941417636722	-0.190824021769373
3.75597060010427	-0.529838568735437
2.48650337575053	-0.463986454556899
0.0598319984211003	-0.0635654503018594
1.04910119793173	-0.280372363548173
3.91653636753096	-0.520485132558737
4.42390280174765	-0.64506557146791
0.0405425443533686	0.0616080025113869
3.51126975193473	-0.613843501928271
1.26979931100215	-0.362124273440823
3.98231129145557	-0.494655168416846
0.0568249822438606	0.074324758477531
0.331535320293822	-0.153049511864332
0.0121501790780479	-0.0299674471468907
0.283506158606095	-0.132973810121674
0.376783128558477	-0.144560312576868
1.87207742944418	-0.411854201732409
0.311717200353505	-0.142819216289777
3.77062011247485	-0.661124722043556
0.984070319245958	-0.281041506097503
0.144360552351225	-0.102793903377173
2.50401924851463	-0.479793593430805
0.601889075089321	-0.275513454899017
0.466971224988556	-0.222908164629829
0.098526489987687	-0.103875504040786
0.108158876759842	0.101046710149449
0.580226591884962	0.228675767423252
1.02130670224943	-0.290945505541109
1.97226006158085	-0.402771136078931
4.64591048622621	-0.589235415066624
2.89620756290612	-0.554719901413685
0.0199796301081753	-0.0451549859468662
13.9034641603695	-0.95397663595059
0.594110702710515	-0.228107504876656
0.643744512967166	-0.209066523672797
4.23184695684006	-0.527275922667688
14.4398777349372	-1.08222778820264
2.17440498402705	-0.428780860540488
0.120608493828666	-0.0963426599011815
0.876365056127838	0.334304248293463
4.61268090476353	-0.571348420528597
0.18162349657086	-0.119217288232661
7.93752426039727	-0.761953486796571
0.371093366241407	0.187436651198638
0.154774657423617	0.108366203578017
0.421446889216968	-0.204899855090415
6.49237542559936	-0.738540967008873
1.11941481899245	-0.267304320759663
0.0879817072163497	0.0724617694275548
1.51904384891639	-0.388832335079586
1.69670328818281	-0.338350254844249
3.99138443759332	-0.61406374495672
4.55990854609678	-0.517419891345475
1.69471739669929	-0.369711385118913
0.0100574674310228	-0.0287053229166496
0.00761849570437437	-0.0224612740144038
2.6273228189942	-0.511798915812202
0.851943036559553	0.293735159767973
2.16582486691235	-0.395048864057985
0.00282059009450637	-0.015143909253844
0.0427622426603365	-0.0513028735073693
0.17165856112987	0.120260773236894
0.333381327445381	-0.131676006791363
2.44134339167267	-0.46495536776905
6.50312612535559	-0.925704573026036
2.64331303885991	-0.441810244237228
0.0378409345133604	-0.0609486717532759
0.263142893285743	-0.15441548242682
0.15174208624045	0.105628635056971
0.767748409979293	-0.291286271351341
3.70577844120128	-0.490740210896025
0.0800205981634271	-0.0787679089623511
0.305652083037213	-0.182151106991883
0.747713020945971	-0.234494431731902
0.189193883228536	-0.114639683524638
1.31650367570353	-0.296613066313021
4.56492608525959	-0.595771081897035
5.24900335554682	-0.651437314191742
0.0695562680434202	-0.0742672273837144
5.47589619217888	-0.667485792667512
0.447697483844986	-0.174741306685662
1.14619268883531	-0.307391295868567
0.262333414622869	-0.15009973412102
1.16696153219832	-0.299775090092253
5.83622436998931	-0.76290453271681
0.00585802373624094	0.0218633021611831
1.60291661561103	-0.391919518563053
0.0484365918472702	-0.0665823746375275
2.9891358744866	-0.466518052693382
0.222949426557332	0.146649190574676
0.0420981028454916	0.0618680461181736
2.523273562429	-0.44137852125654
0.0337150236486754	-0.0466991968674139
0.352076170688767	0.125935144874516
9.39330148178077e-05	-0.00298493942698299
9.80844560077882	-0.907201001220327
0.0388604491148895	0.0658519757543333
0.839741379373263	-0.265547524656997
3.16416937387247	-0.539545627449878
0.489944683165172	-0.170378361716161
0.186089089897743	0.106711336167811
