R^2	beta
0.304310297984425	0.0128345877759491
0.12919480954071	-0.00875886838716688
0.187001818156265	0.00954196217287725
2.585561961579	-0.0433829391206925
0.0398819124238901	-0.0042907902714524
3.25476015381149	-0.0462232861826214
0.378524496108234	-0.0137339958170534
5.58370606096111	-0.0449038702761523
0.750530136527395	-0.0197493760907808
0.499617828677453	-0.0180304900814033
3.59569346596534	-0.0433504597416923
0.822931026284411	-0.0195935038310806
1.32299621336051	-0.025477590708561
0.0116672063943213	0.00334400095203117
1.18255987258732	0.0257556758649841
0.479649087609011	-0.0166290308181131
0.549423905816524	0.0185203915521561
1.1515298282457	-0.0277672515637366
0.343183859136722	0.013357028726271
0.276839712745403	0.0127588885613313
1.158408903491	-0.0263384115097653
0.62865402831975	-0.021720785114607
2.43578783393071	-0.0352326976298816
1.44823459539191	0.0273276357777285
2.15118935424368	-0.0325407253453704
2.19333845552915	-0.0300342893170436
0.64982543853047	0.0166890109428608
0.845794065643494	-0.0241940619912838
0.0830478931429465	-0.00616392706986639
0.0823786649681906	-0.00523578091879795
0.00321077104055192	-0.00125258677636012
0.245602688472729	-0.0109942424086087
0.126745633515619	-0.00772908597337504
1.28465816211473	-0.0264715351609514
0.215529646067237	0.0104579496506563
0.00188178486821169	0.00107044622503255
0.276608790183033	-0.0116014648946592
0.621004707427124	-0.0169626800666465
0.0990744826163399	-0.0102185136655155
0.15734121801068	0.0101561809213204
1.57628286881552	-0.033533323376522
2.37029173531846	-0.0276752712932189
3.06197129665346	-0.046302022633868
1.16572028542135	-0.0234135568842899
0.064925176340363	-0.00581778320848436
4.28941341413185	-0.0479751206072097
0.00951788776855318	-0.00223353636451771
0.568322940787811	-0.0206756710541476
1.47106588831782	-0.0286144453401216
1.87270062463109	-0.0293794363543144
0.0403239815673887	-0.0051038772959504
2.16554267227374	-0.0350571958520612
2.49770747857501	-0.0324045725608712
3.77268221564228	-0.0514765395777041
1.42971380911724	-0.0315728669449059
0.00496085848828961	-0.00159996650131185
2.32081622156459	-0.0374498457584283
0.0162054123109276	0.00259147192906659
2.91535984924	-0.0388698631618224
0.900034166984126	0.0169359372817622
0.00457454823169814	-0.00147099153649165
0.0198100643882439	0.00294155760130582
1.00200036644715	-0.0239821945877119
0.00171369916900957	0.00107357387123052
0.48672845987688	0.0160352288681461
1.61087592625345	0.0289273614433337
10.397078658023	-0.06971864421409
0.179959282072016	-0.00961310442251383
0.816134904477795	-0.0210492099951254
1.33991525407553	-0.0230816842017493
0.817116795829901	-0.020674224168063
5.10583493342353	0.0569709227344473
0.486659730721303	-0.0177562133746778
2.38539974473302	-0.0371686839104393
1.08751105459217	-0.027589786325241
0.0283116415602494	-0.00402387367576371
0.0995425556605386	0.00676520639207522
2.29951127140985	-0.0352769726107988
1.49144916723841	-0.0250296578604576
3.12116014016893	-0.0449311669735191
0.294871052242134	-0.0126849512635215
0.384214867635697	-0.0161671932910853
0.112718581187921	0.00823573004789383
2.97936107773626	-0.045251124879121
1.30581551917969	-0.0207936011792378
1.09855521001731	-0.022580953382203
2.01075770876621	-0.0307775513739486
2.95651880474954	-0.0420982291173409
0.0864171300866192	0.00698424149374122
0.286478775519698	-0.01383175849969
0.174948953361705	0.00828937578901901
3.02667250512039	-0.0349772509265709
0.124396603820056	-0.00703995110190897
0.0489665576801844	-0.00478287691737078
0.423629840915775	-0.0151195395816532
0.150721169350626	-0.00744429978120302
0.0398048429003186	-0.00490202048264261
0.576420261719706	-0.016748975843083
1.26609412261029	-0.0327452243057039
3.11651617472196	-0.0412507798589146
1.171962375066	-0.0232130194035818
0.000126420438937252	0.000213314163203013
0.452569700791931	-0.0142551485893169
0.177357979969677	0.00873826180563484
1.33726315361299	-0.0332033190557148
2.58974643194578	-0.0343711530864379
0.16426555591076	-0.00887568690918553
3.68281321364713	-0.0443462155970977
0.109529518089517	-0.00896220623089747
2.34712259082624	0.0328574307113186
1.48512985493806	-0.0285546748230779
0.0210857050344096	-0.00482127683743392
1.93676166427858	-0.0307866707078279
0.994363141486071	-0.0301736175875821
0.182653537405441	0.00976253012619672
0.0704765271556554	-0.0062851240525075
2.82816597410105	-0.0351256312260053
0.123159861235963	-0.00700411158612257
0.904991249865215	-0.0246691440597238
0.438070313616388	0.0142379868429213
0.0903266103616785	0.00582087626758739
0.0172460525473245	0.00298640529184944
0.74350589985801	-0.0217219559960744
5.95313622170737	-0.0571195778196718
3.86513419998508	-0.0411586639841017
0.242103502407305	-0.0115934992003352
0.198620692624628	0.00933350786710113
0.380958668197502	0.0123264111370348
0.0071756741977901	-0.00230273666688058
0.213284702463594	-0.00987770591105162
0.31212767320307	-0.0132081992246252
1.70619550507519	-0.0347407683385341
2.1775277768498	-0.0362682956821162
1.50661765105262	-0.0265788902393048
0.0644181309470414	-0.00526380535867603
0.125451012432565	-0.00736445934918184
1.01073744585594	-0.0298995390247618
1.35455636250772	0.0197537508253558
3.13917923602826	-0.0402155721428585
0.036243982484704	0.00396119013579585
1.25508194874158	-0.0283274736334104
0.0399552727397696	-0.00386240777868144
0.0257201541563653	0.00397735262411311
1.01216190738271	-0.0275345097113557
0.742801965853307	-0.0241955786860422
4.19729288568343	-0.0472838611704161
0.146685724145574	-0.0094169042704958
2.53846880194904	-0.0573009623086994
0.306333757424528	-0.00986375992342672
0.265576442244809	-0.0102152578175331
0.0633757420182181	-0.00688423896111854
0.0424962105462858	-0.00471038392953433
0.156728513563096	0.00804344709840944
0.348386469326715	0.0120220954329099
3.08133512606631	-0.0399027134135324
1.75286643023185	-0.0290532703570545
1.26649806547305	-0.0237002598672402
1.3434390103329	-0.0254834694155251
0.020458112005357	-0.00315660452641515
0.423441000992413	-0.0168082574583924
2.03103495793137	-0.0415254123763779
0.0901298284423978	-0.00712150383411298
0.85419791320303	-0.021147956983104
0.730771843994985	0.0204091484908049
0.896215703415112	-0.0234555956111836
0.0284794289830829	-0.00317928021661763
0.804958451714605	-0.0202380944028166
1.45458696380712	-0.0272145731164641
0.0904041542692581	-0.00628981380627972
1.00636095099389	0.0177609266538094
0.150917571217689	0.00866697375100191
0.187180723316438	-0.0104133444765362
0.120718607967354	0.00782909019513478
0.340969892430519	-0.0157820072766811
0.589560801554965	-0.0170624146561222
0.693602132714787	-0.0202822433260302
0.0321716186720226	-0.00351040518588572
0.750648899528539	0.0202123276223138
2.60716729703502	-0.035796250013807
0.362714290829778	-0.012580393031716
2.00644608011345	-0.031438518873177
0.000607826846786534	-0.000529060281901571
2.15117709577645	-0.0376153528022329
0.399968588527608	-0.0150298789346133
0.0583937353170873	0.00605178227569288
0.43533278082736	-0.0153681082314607
0.464650961039408	-0.014838552353892
0.0795483106638215	0.00752724048891665
0.177525809726716	-0.0119511896456396
0.647219341146827	0.0182463304279955
0.19296899917969	0.009575540197383
1.33060782153729	-0.0262444632360981
0.0138167838360469	-0.0025635048570549
0.0185439540121741	-0.00259649692231855
4.74298830293854	-0.0558170791669942
2.02555135995216	0.0312880210896244
0.810388266010368	-0.0213620606569314
2.91647063940468	-0.0344182068230769
0.0296772265340599	-0.00359872298808109
0.537176241487853	-0.0186290553960887
0.0144264771019856	-0.00264134358080675
0.68837559573836	-0.0148246733986852
0.231340039699892	-0.0113406071163156
0.15702349485185	-0.00854688741361588
3.9864273408277	-0.0412259760918947
0.914248992784291	-0.0266173823189827
5.93744049912413	-0.0541103613218184
0.538349053874036	-0.0176099084228487
3.50027604094801	-0.0373497630625188
0.514788211716198	-0.0199802024513203
0.00438383244564008	0.00171819420756264
1.30067781105154	-0.0270287719496241
3.0699137826969	-0.0392659576123115
0.00105867654863719	0.000805904636832156
0.319628252208429	-0.0127033874098868
0.000657563637925465	0.000524570578514705
2.22365216726227	-0.043191796851298
2.39343529343516	-0.0315769959689221
0.119734133022226	0.00764332870843801
1.03988299918294	-0.0200090053050785
2.20140366068335	-0.034787457043253
0.42576024018228	-0.0126182599941964
0.249484607319193	-0.0124276696143659
0.779171645147179	-0.0188291452035611
2.84430625102242	-0.0417455829027315
0.679095276436767	-0.0186450696395263
0.176513645745526	-0.00973872523370338
0.893411933984234	-0.0229615853162561
2.4078706565845	-0.0432154960756878
1.36554912640369	-0.0320957645193493
3.94406841770123	-0.0563308161240978
0.160047227642999	0.00948472889784924
2.99835822773185	-0.0357773597619702
2.25085297483117	-0.038021820447019
0.153722461262476	-0.00792747660923365
0.358303685298679	0.012480584200442
7.20372721412039	-0.05845601214471
8.79513871678857	-0.0706851731549851
0.101771021005741	0.00667696106418991
1.77197222685647	-0.0387506547766033
0.676918837848193	-0.0211223071769383
0.92337666983458	-0.0191309673936316
0.369864580629372	-0.0139873346100508
0.183532337439912	0.00839511493632716
0.985485592455538	-0.0255086977269682
6.85754777730141	-0.0709116095222165
2.5032143711768	-0.0399323700621717
1.47848794358481	-0.0310240961970651
0.746483915535977	-0.0207442660216219
1.34694293301554	-0.0246951422022694
1.66979922247008	-0.0253395064633246
0.0353489423210361	-0.00431557163296931
1.46723906072293	0.0258778865312337
1.06148747750018	0.0248527499290923
0.223372002710766	0.0087306288931612
1.08509349358246	-0.0273047873888811
1.38154432704264	-0.0249374818775934
0.474211673639202	-0.0176336219430501
0.0504310152922793	-0.00495899430675703
2.24551118154738	-0.0306112092555851
3.37335139171074e-06	-4.10733257440688e-05
0.26429740265684	0.0106966825770781
1.38131410472831	-0.0327821601471694
1.37798372265463	-0.0248645795882465
1.56483279295424	-0.0285324346731384
1.84683330704744	-0.0354289685021774
2.70574850717474	-0.0458058303329232
0.598626425595824	-0.0136933026315982
0.00427478795187141	-0.00125050054518229
0.0168413443909163	0.00252085049567834
5.77786283059168	-0.0461180935256303
0.0211231306932728	0.00322436323476051
0.356828921032196	-0.0169929933143703
0.176111383952755	-0.00792608111866913
0.21212010264291	-0.00932368922644184
0.44238963355894	-0.0165229825603812
0.392291027085747	-0.0159612779449896
0.203005359044574	-0.010785164271946
0.150277290589646	-0.00768777618375378
1.23898057299591	-0.0299714902404415
0.373376071292919	-0.0146986286997648
0.0441424344686642	0.00557100646012522
0.345226251440044	-0.0139262382239399
1.78275738131039	-0.0327383934624476
1.43705357121467	-0.0251053106030306
0.450383161158154	-0.0143056993848877
0.442939686385886	0.0171487155591507
0.141809965053856	0.00654989181562237
0.19091163954619	0.00948941476058113
0.487986289776808	-0.0177546318512621
0.0338381438434652	0.00414487984944432
0.660752928846729	-0.0175622556847208
0.825281676222227	-0.0211566409532891
0.13660504068283	0.00815417216640884
3.45390993827725	-0.0492574237836894
0.278064004932692	0.0106447269777523
2.53400439601945	-0.04125840163556
2.86431061410889	-0.038960241523801
0.493197072804291	-0.0166681925733406
1.48922439009005	-0.0282283942960459
1.04182534313658	-0.0237961167196923
0.0173330357750761	0.00262842563188652
0.0162600863672478	0.0030650238816258
0.990945243441395	-0.0228592680608432
0.749660923132598	0.0206684255463436
2.36634084472698	-0.0296739999621503
0.215654535634688	-0.00921737614456955
9.53735641714944e-05	0.000221393951431882
0.000969044333591855	0.000811676897596319
1.76535480387313	-0.0362700343341842
0.0210225139434303	0.00329941364208557
0.85004752366425	-0.020610267512871
1.83494336247423	-0.028626391455622
1.96866058347237	-0.0350293314181506
1.5815353088783	-0.0359767582632828
0.340015685415562	-0.0140578979657037
2.45618105828937	-0.0394311505177449
3.22803442881498	-0.0467275634941528
1.17814859757619	-0.0294372073489946
0.00615548462333738	-0.00166330897829986
1.81058431178246	-0.0382366526967531
0.171870916536663	0.00922225151660557
1.869506820293	-0.0328153208601272
0.935698045790107	0.0234538556219772
0.491335073333875	-0.0187783568483534
5.46818862102276	-0.0559775756674707
0.326849509628586	-0.0123950466748055
1.01082624224612	-0.0235060007820474
0.202201453549037	0.00983057851583352
0.112305232468392	-0.0071898046946114
0.102806810503817	-0.00625163597439808
1.91056449075497	-0.0268012304573962
0.647322639655346	0.0170840024747057
0.17015754824188	-0.010073329830157
0.273126663745668	-0.0126578060974351
0.552898424681127	-0.0154769783489125
3.49619252706423	-0.0449043417783391
1.87944686141934	-0.0328218580229211
0.822349892433446	-0.022089493646857
0.110292713662493	-0.00708217373620962
0.997045190492971	-0.0244741886990804
0.0661546483284016	-0.00519814921470364
0.3670075627528	-0.0136168399467182
0.0536667619831691	-0.00437239068385486
2.32873836388196	-0.0307211241643416
1.36427803379969	-0.0285562106608676
0.888904184498697	-0.0225233909924895
0.301699354873792	0.0122369664769178
0.239037247935319	-0.0113879581196626
3.17711015442734	-0.0443668387402702
0.88316996724075	-0.0203478327915148
5.0589723539257	-0.0451500729793708
2.66912310125772	-0.0422206746684625
0.000600772423292479	0.000501699739397884
0.0293846799771014	-0.00329866534065434
0.26000140688591	-0.0129324804065643
0.589376613169725	-0.0188311554613729
2.25687120193395	-0.0322753795792343
4.90089489801896	-0.0534145423584292
0.066569941201517	0.0056310982067424
1.51749913680948	-0.0270066271156238
0.248435702114259	-0.0120471719802891
0.0451500768053821	0.00437847973810877
3.63432422681513	-0.0380609243301502
1.09334826300365	-0.0203857628914612
0.214791762906572	-0.00987840996587733
0.893520472792228	0.0199157865896345
2.5476583650913	-0.0386171336194381
0.347822605805626	-0.0140734405434673
0.740974606941033	-0.015438464721657
0.0896332886863876	-0.00691055226449647
0.643689466897472	-0.0215153223901439
4.39091435413972	-0.041429461332033
3.91862986057173	-0.0483918022807019
1.09079448238422	-0.0217870999132897
2.18868510930489	-0.0307001463781146
0.0441126848997722	-0.0053389397356946
0.576907710500051	-0.0214090717580337
5.19160269422913	-0.0500480686960562
0.466581097185049	0.0158767738144339
0.0210889200188821	-0.00358828215393448
0.239597219769598	-0.0100851285842251
0.0790566459770719	0.0057186834046764
4.07214435092292	-0.0497806742660653
2.85992600567875e-07	1.13837847697204e-05
0.0299679025038443	0.00427093982779138
2.19274717935691	-0.0398152168628345
0.502851065752052	-0.0138257366563766
1.12825846440615	-0.0265952329857767
0.000662379576718262	0.000501643030043604
1.01188594456986	-0.0187311352724175
0.880693767127634	-0.0203886649054028
1.02835631625086	-0.0194004562849131
0.495616084797268	-0.0140695560708628
0.135909805539703	-0.00849324667552797
3.0677205358122	-0.0478850974229027
0.0163682226351491	-0.00237667370342228
2.72675865298377	-0.0360195572993034
0.576097898137035	-0.0251120536967951
1.13694852176565	-0.0254269947603586
0.0709468841670051	-0.00654799187698207
0.395377593241279	-0.0149202876011378
0.531965837019209	-0.0196874877853423
0.118761372075815	-0.0078820156821188
0.113981557926594	0.00688626987103434
1.06676348866631	-0.0329567635780774
0.107527356859516	-0.00806959884779889
0.308264070204985	-0.0137602979193305
1.30952079795114	-0.0275610603620998
0.0851457020293137	-0.00804303640568198
0.0077502176340128	-0.00185476067533668
0.523279182176854	-0.0170598827394048
0.685992392814819	-0.0174632766174657
1.4626637136186	-0.0379280307253612
0.495062651314026	-0.015398113105643
0.00531152368532965	0.00181045286208449
0.297335751909388	-0.0127334237587535
0.37650536857917	0.0144259237813851
5.61202782690052	-0.051113551705352
0.0122965769946203	-0.00244597785571556
7.47728538942781	-0.0718344619678287
0.869207743755667	-0.017906607255581
1.55176447597697	-0.0260701671909446
7.09600909525225	-0.0627863109077745
1.10268931988024	-0.0288247295884893
1.18763582012708	-0.0259323412196579
0.620024219244886	-0.0202418990312414
0.278979413774674	-0.00977773708703225
0.201970959705063	-0.00903741619304383
0.0286602726018096	-0.0040021834010369
1.19308212811049	-0.023262374261575
0.0709690877942048	-0.00676229723663103
0.00117775473107349	-0.000822370528156757
1.05880268476544	-0.020510378522207
1.11169369849325	0.0302850784376945
0.27451996867443	-0.0115964768941039
1.78038621950078	-0.0317545824443692
1.95864816229207	-0.0381506600648221
0.010440499484917	-0.00238318707675068
4.12704469140806	-0.0569225375955126
0.860923204726434	-0.0212167576537869
0.417753793140606	-0.0151023379048901
1.21982916176951	-0.0233834175067177
0.413163662745719	0.0140092201872233
1.00838246817512	-0.0239712840956889
2.44547251243073	-0.0358354589183411
2.89533525890852	-0.0327259429612064
0.278576484951798	-0.0112602196441936
0.745760385691314	-0.0190000618139621
6.24882762460753	-0.0685155672228021
0.674524445818364	-0.0218245139703921
2.50845562245282	-0.0417269768411267
0.984844459738164	-0.0232785649552058
0.0739107651863341	-0.00649932146908968
3.9242818659338	-0.0490410837546389
0.769139270338457	-0.0248104989320862
1.1529616811842	-0.0215007570935412
0.0767072639113531	0.00641146411081141
0.908786990990393	-0.0236236099387249
0.257875445955934	-0.0154788755207287
0.229192170869196	0.0103776535122581
0.890750856246624	-0.0194618838692526
6.06020779739491	-0.0585853687086643
1.01320264119652	0.0235891312822286
0.191031464858515	-0.00858010973329422
0.605980071370707	0.0158960953693041
1.76134754039588	-0.0261097477054084
0.0781115870045231	-0.00599351481415157
2.06506164273235	-0.0290492383207314
1.90605212989125	-0.0371959005383889
0.00824027915512832	-0.00193634170981897
1.94103067143572	-0.0293511118972175
0.126482939127983	-0.00712756080356389
0.321944627589791	-0.0113559005135288
3.65985643763862	-0.0465724503618645
1.58408513386195	-0.0281706882772994
0.946579859085446	-0.0247622689370542
1.54282124308352	0.0246133141024735
2.89297908477398	-0.0429486574341776
0.011976691775597	-0.00237612856144707
3.04643907779819	-0.0404801269954043
1.48034918845568	-0.0332416557949707
0.059169927543698	0.00606769367851472
0.132638483752077	-0.00772106398680486
1.13751399257921	-0.0216801726913419
0.0822751768395437	-0.00677989099400362
0.109928966146417	0.00793677087275907
0.481592710286836	-0.0194701042679565
3.39981294321726	-0.0427152145938822
0.691322712831323	0.0154743355863897
1.3791350372568	-0.0271287531774189
2.62314609926331	-0.0349148147044577
0.001295490128872	-0.000803143182982477
0.0399981247287384	0.0037988777969618
0.188261598117308	0.00915570287345792
0.0919336825107327	-0.00768563924070829
8.81537394275978	-0.0777171284927183
1.11734243922101	-0.0284424643984264
1.63417828771068	-0.0375335710038138
0.416693512185511	0.0168058310909274
0.0988636986078775	0.00899397931160223
0.682775051328705	0.0188266882548412
0.0894684695576391	0.00566394996955624
0.0973813129128832	-0.006479488588272
1.62986764382413	-0.0294308776235815
3.65026786790328	-0.0553458281806751
0.232574138976415	0.00863532804522606
1.40592642960801	-0.0245610667704888
0.115354028003158	0.00807879632064907
2.13859889168886	-0.036024823291172
0.983563477907089	-0.0192512818587914
0.21844842509995	-0.00973099012344941
0.153701453601286	-0.00915498122327234
0.619662591938479	-0.0165159137969015
0.0294969541141677	-0.00387429117310975
0.533401404331698	-0.0213013765577896
0.025201469555004	0.00381627035667941
1.41547101648398	-0.0251494632792379
0.275641955147343	-0.0112303649405739
0.179872038862669	-0.0106403399357007
1.42771346319032	-0.0321599432004069
2.09357786202952	-0.0351926426543263
0.259729550747573	-0.0156516292966109
1.38810805902516	-0.0286249988200654
3.02462958408509	-0.0348070522394306
0.00127806619205531	0.000679640914248981
1.46514347530758	-0.0305586530895744
0.0517286807677515	-0.00529866716180579
1.93285402467303	-0.0361005907841587
0.229939053273539	-0.0110023880182679
0.0298297628526185	-0.00341745838329184
0.00342524822682633	0.00100720048086929
0.089790017753365	-0.00652171064123196
3.4832936783098	-0.0432856839814937
0.412108303055323	-0.0165055112179781
1.54213322447111	-0.0296386662476639
1.51610710820896	-0.0296430869350777
0.711575730277442	0.0200603675108242
2.18011646092168	-0.0303133388111099
1.24208340422454	-0.0296094163931936
0.790349940627956	-0.0184947611083219
0.557450484372216	-0.0153139335834928
0.745602873725863	-0.0230056038934031
0.0123854856389587	-0.00261682033446127
3.23035728673846	-0.048370370905149
1.17886447320931	-0.0255011296255847
1.04077323646812	-0.0286505108870992
1.3577363647753	-0.02652831235367
3.98741610815688	-0.0391039423636175
1.99648744253076	-0.0294947392193701
2.77277818471794	-0.0443993956309815
0.0126115756924915	-0.00250162404440431
0.128073042142163	0.00870339946384431
0.0129669165982627	-0.00290858122954315
1.19888848942058	-0.0219019831748316
0.117426707979421	-0.0077323091080379
0.12594188825073	0.00912545963411145
0.0158138500461286	-0.0022721174517449
1.04958800272516	-0.0212266920720092
0.563300354558041	0.0146727452054148
1.33890815666895	-0.0314562668697718
0.607021559273756	-0.0163469621479423
1.0723311013167	-0.0242329261130864
1.49160080371845	-0.0295346098692359
0.987235758197405	-0.0277871966751776
3.46965716992288	-0.0359521757031442
0.0176965707187871	0.00339450666132894
2.2934412550565	-0.0471306590655237
0.996240378369042	-0.0193007377068329
0.0343032589185445	-0.00522994901126759
1.56670187117026	-0.0314621994798146
0.021644253161997	0.00336600324853838
3.71286311512452	-0.0535617325864634
1.02970900326352	-0.0203403556323975
0.53398031580719	-0.0169219023976033
0.570298743943946	0.017587420628778
0.282423325329742	0.012448358568572
0.269911462538104	-0.0144884072905891
3.00730563926043	-0.0420397577056232
0.322088411360364	-0.0130315483446385
0.226156296506358	-0.0109770394914453
0.948091244590458	-0.0218050485889748
1.14800154961387	-0.0240983445871427
1.22019430562981	-0.0254898698364854
0.0488140199697481	0.00493068055340727
7.61239523231777	-0.0578933905811551
1.82400764270196	-0.0326584209058591
2.17902589957993	-0.0347033038345726
2.52952902315742	-0.0434043418882388
0.0343762799261957	-0.00398982426883461
0.569091655691719	-0.0195755865855107
3.63142358999151	-0.0417642947717618
0.629366117845751	-0.0187216089343678
2.78726906532414	-0.0342089297799175
0.409275533732191	-0.016788230266004
0.965478145985975	0.0222055101782854
7.40877449093139	-0.0839520330934277
2.90576240038948	-0.0396350389731535
0.137023238237044	0.00953117305514053
0.0698286396243781	0.00562057481874357
1.01087587621743	-0.024453056655672
0.196434058698419	-0.0106163550312039
0.510153007982887	-0.0199915480514425
0.263997544922604	-0.0107440099394885
4.73740942923632	-0.0531188669176853
0.0525426778480878	-0.00525200202727125
4.44798368799301	-0.0446058704432632
1.03769193188486	-0.0278014916871985
2.16294668214103	-0.0341041036091489
0.733207966473008	-0.0183554112979062
2.10347721230558	-0.0316216590654413
0.961938027270266	-0.0226851941328355
0.611382156853422	-0.0160331331222924
0.836259631969521	-0.0223781497762923
2.93301172769909	-0.0506775434051968
0.975706731902357	0.022282491093892
0.981597484972467	-0.0236138277114066
1.06670267510225	-0.025768388172175
0.625325028226805	-0.0179019804412939
0.701966219878197	-0.0186463945143422
0.372054677830926	-0.0142100421838483
2.09053342436883	-0.0323325803219376
1.24790971410293	-0.0261026686369327
0.00444258041561645	-0.00143755270729474
4.77515053021489	-0.0546946984395309
0.0120214863051515	0.00261262656619316
2.38018274131594	-0.0373401816183278
0.522122607141735	-0.0208245609097711
1.0952391424766	-0.0286533341791777
0.0702524682213536	-0.00601779336478363
0.233217656025905	-0.0114878285097163
1.28280870763059	-0.0302924510071355
0.785528264837867	-0.0221267414419183
0.0792626879597562	-0.00759318904360386
0.43441217130785	-0.0146095806864068
0.497045530894988	-0.0180512176262238
0.295521636215289	0.0124975802001253
0.0535106651330641	-0.00767168589355885
0.0174457535794586	0.00347483431598342
1.09236017565054	-0.0207465715149855
0.888968752704058	-0.0224423280976337
0.558176620748001	-0.0160576791059985
1.74606782785201	-0.0298506414687469
1.84852262946626	-0.033404152270247
2.59695527857054	-0.0435507735989789
0.257350092493383	-0.012710228932176
3.22906306562492	-0.0536281002786631
0.245204809318262	-0.0130929623598695
3.73898866052832	-0.0426438671170863
0.137658005279746	-0.00894826141652965
2.52146117919963	-0.0349155382685053
1.41702243639864	-0.0206206530605865
0.643822267532185	-0.020802141457809
0.0808041196275088	0.00731758060847725
0.115456953091276	0.00856109731861265
2.31360020279844	-0.0376922825276433
0.000830495443435173	-0.0005459225343895
5.28984055161647	-0.0525176329386107
0.352217098886438	-0.0150961340375319
3.17869538237367	-0.0465190169366751
1.17165327242425	-0.0231798243169799
0.354553195376762	-0.0149208890012581
2.87002170087064	-0.0457840854252446
1.27918836859747	-0.0285213988994742
0.0725410439091444	-0.00644706947610323
0.000232108096670828	-0.00035519622958085
0.256038334653181	-0.0126280722154367
0.490268202824297	-0.0154469485411567
2.10795547013988	-0.0338017783974996
0.398662896546258	-0.012450648999571
0.0119484274342889	0.00227625212471757
0.0372569838879724	0.00383364927781511
0.030962821195463	-0.00428012342114844
1.25361823528981	-0.0295688397431815
0.660861151611739	-0.0199677386625899
2.29891239036491	-0.0301020263122953
0.0299596483028885	-0.00415608425798007
0.0559075449226105	-0.00504325721357773
1.07128522488453	-0.0259822040298027
0.157426337544446	-0.00953340848642967
0.971538005679425	0.0195461901526355
0.715352695981482	-0.017470091763481
0.318671035915553	-0.0127352089771693
1.34318379325143	-0.0259023905201969
0.452300525676641	-0.0159144623310064
1.11758416893328	-0.0277160276681404
1.79224347360665	-0.0270844367272356
3.87010188898223	-0.048939683355188
0.548040276589376	-0.0175214269030521
0.000141879845842243	0.000251409446186949
12.5205311091348	-0.0819789205079632
0.855975173369508	-0.0244530448994661
0.113150079075058	-0.00931135090447669
1.3129465448552	-0.0281043481669558
5.50438977168726	-0.0719751164416578
1.713718373136	-0.0301888028228783
0.169745902340633	-0.00927168207955032
0.207451011236614	-0.0132766809217203
0.110300852159957	-0.0069019348320853
3.50712797754247	-0.0391644418224117
0.139391526383703	-0.00808255812573286
0.293429118047576	0.0110571460553195
0.324491906278929	-0.0151815028496729
3.12871541897883	-0.0496619186913701
0.0195567221806787	0.00452054119277794
1.38195964144033	-0.0277041750161558
0.156151830867816	-0.00854232454858371
0.178223362000987	0.0109457463574216
3.35740728384177	-0.0531102401461251
2.82993719041237	0.0330743214424788
0.878948379786294	-0.0218598353897854
2.18832584859826	-0.03807884621335
0.213924647802186	-0.0104997017681586
2.71755882358593	-0.0303679348205263
1.041666102693	-0.0288841914753904
0.00766115788023949	-0.00185487912366171
1.41302590368787	-0.0279610259396121
0.141929025438496	-0.00866780365691525
0.285008207687604	-0.0126146290947761
2.73876711814053	-0.0370935336172623
0.152563646120938	0.00828726810272097
0.725473128908547	-0.0202560189660616
3.07190714416946	-0.0492531714912501
0.040438914151671	-0.00471566499031702
0.0292720078314726	-0.00290036844273878
0.195415183784353	-0.0100735137342546
0.275125293306011	0.0114870815348615
0.0420515686842806	0.00354846633570654
1.17555960187456	-0.0263749221425611
1.24105895563331	-0.0345071547868725
2.68117227726867	-0.0414059878348686
1.74481111142474	-0.0294475409681769
0.427281036511189	-0.0152517351285783
0.901845106871006	-0.0248146000482341
0.353213540061849	-0.0126505354310938
1.54976507312011	0.0252194674489681
0.457697621745452	-0.0154791381855625
0.446600827659992	0.0174346914483453
0.847379989535416	-0.017709575426452
0.10077808683765	-0.00682704795137176
7.3541654942193	-0.0640436031559878
0.0545361920834402	-0.0055251136996854
0.0604967564705072	0.0053840696739333
1.56729949321152	-0.0232484467131265
0.149894172701233	0.0081449537804057
1.52611069444973	-0.0271778983447229
0.0643080633718264	-0.00571691990139806
0.000171715843536405	-0.000246337209024183
0.0903914946148444	-0.00885034162226877
1.50558771614977	-0.0261132157516897
0.0012395369667089	0.000828020959071722
0.00129010634644748	-0.00077103775278838
0.53913364046047	-0.0173993671502914
8.84847188131916	-0.0683984443309543
2.61591995812316	-0.0358837977982138
0.18093355597144	-0.0100742740131012
0.35682831018595	-0.0109061511336028
0.0875334454407753	-0.00851227409458401
0.795019794100122	-0.0297897307113748
1.51487770258794	-0.0224726480407013
0.652095707963941	0.0159481067501359
2.07761336045194	-0.0416469745719921
0.000260695155781711	0.000354660474980866
2.0809192238647	-0.0308769266037371
2.4291259113885	-0.0365187404455875
3.96354131961309	-0.0505656352984629
7.76260005011856e-07	-1.95465728371253e-05
0.00409127198703809	0.00126876840143486
0.254485333912222	-0.0111944247376945
1.02660353543441	-0.0281279955872602
1.51069141693488	-0.0353281205304987
0.00249450464340736	0.000981921661799288
0.0657734475252491	0.00645019282225559
0.00139322276559111	0.00100739673338874
0.643865801216707	-0.0243740313135122
0.920171076782475	0.0246213421782234
3.2189235668136	-0.0372229614145362
0.699954916610794	-0.0192893191104366
2.42872651216576	-0.0398556978334482
0.616244229049766	0.0228529089651674
0.385350735828238	0.0132453643687935
0.840872024175964	-0.0191922275996593
1.49410532862464	0.0242434856999996
1.73176928657044	-0.0298747438189198
2.10136813409851	-0.0372933157858143
1.39638446590525	0.023080098028672
3.24309386622985	-0.0399762515921245
0.84994120642089	-0.0198434182564469
0.13012782038763	-0.00843118189473412
0.0186738734858294	0.00308306640136843
0.254164949432005	-0.0128349309789048
0.597927292904524	-0.0179459426451293
0.75934445496292	-0.0202126812779244
0.66756272431485	-0.0236828169770331
0.0070109327460453	-0.00152221332174307
1.23029241137246	-0.0273962543909363
1.01872527120151	-0.0236202765081875
1.39516726172394	-0.0299555676021851
1.47842889894346	0.0288823789589395
0.385683501246436	-0.015968715327968
0.168791922612521	-0.00804013388340722
1.43450324830871	-0.0269456505993273
4.1003506844945	-0.043006943789008
0.722864121212044	-0.0210298251079905
0.0251579057688376	-0.00372106945401141
1.96014712894239	-0.029565951040065
0.221999120800294	-0.0101004312334184
0.183731085351799	0.0102462584821812
1.10322153741727	-0.0278527071214505
0.160961378366676	0.00889104576976687
0.773312662217144	-0.0221710627819698
0.752709668552507	-0.0225313218369872
10.2440009215269	-0.0841281244255306
0.480668139784495	-0.0189200878576903
0.302963513775455	-0.0155707557866914
0.208459742773569	-0.0121659321996014
0.0554946938588473	0.00573123211031792
0.978774692485173	-0.0265564864038291
2.62906716893064	-0.0324452725267964
4.14845072437048	-0.0457983565486822
7.45680679275173	-0.0674969642738938
0.46000008303518	0.0137223621730247
2.734978605789	-0.0343637483489015
0.322851566701158	-0.0140566275520576
0.0532790044962199	0.00512723618523307
0.0245025132492878	0.00363703376711659
0.468365194209199	-0.0160555807048239
0.0317066788894268	0.00440301075281883
0.0122523547338228	-0.00281247858931027
0.0922620282730118	-0.00819487171455718
0.332147669552834	-0.012000423119568
2.48518109395846	-0.0354526599286384
0.0613494323364949	0.0050151464639095
0.139430800483245	-0.00818287225583667
4.41481646181091	-0.0511810824006084
0.630000639209309	-0.0155761549551601
0.12529340788061	-0.00897258634627746
0.785039360211402	-0.0240890873664677
1.16462605001823	-0.0296424135724707
0.152729117018819	-0.00939886529844899
0.82927645000871	-0.0221933471604413
0.710214144156396	-0.0204086206393248
4.78710620452175	-0.0631207845436714
1.84096958349883	-0.0340662810775617
0.716480181318612	-0.0203352557292324
2.18905594837059	-0.0293218713924609
0.612133679516279	-0.0231223164097309
0.12699736480177	-0.00729756029809343
2.25075227512566	-0.0449382426274926
1.08207973035741	-0.022456122090379
0.104336429434312	-0.00652017976459631
0.731439706135946	-0.0210508888667937
0.498952972441292	-0.0143450943723084
0.0558633527628923	-0.00509838455277493
0.183073760045701	-0.0116189577173539
0.662159802014516	0.0159837381601243
3.06191861365849	-0.035988003409757
0.153753084121134	0.0081240964059405
1.57437558434815	-0.0255842513443977
0.952987378784087	-0.0214560323385847
0.00382404528575894	-0.00147418431716366
1.15201632537186	-0.0244857429269501
6.55117107862001	-0.0625596104681736
0.165128376916974	-0.00983044764971054
0.115253637377004	-0.00765007086969961
1.59436000499031	-0.0329279727437656
0.0426495683558628	-0.00557904652177187
0.00793353241587781	0.00195644655932133
0.828801805992603	-0.024257121927143
2.68783807945074	-0.0388936065516157
0.767059343642843	-0.0183115275379391
5.79399820040714e-05	0.000206801668712756
2.70189605696125	-0.0460398585409633
0.246918459555752	-0.0120667196643332
0.177240715497125	-0.00944873966111806
0.764787181506659	-0.0169719762957707
0.424331272956374	0.0147286445072804
0.034007652041834	-0.00424159694228441
0.41798124976883	-0.0167347673458118
0.00973539339576477	-0.0033412701746727
1.29074679244662	-0.0266572913732719
1.27233162669582	-0.0374418468927197
2.12541908035037	-0.0339553318795836
2.53310065712139	-0.0374985277865167
1.41006663438412	-0.0289505183555835
0.00606060453647915	0.00170489209852541
0.0895812142292176	0.00647218610685791
0.93213067631336	-0.0233858019578852
1.02906614125837	-0.0302012544118384
0.455487016079277	-0.0151490999294684
0.0111909037478262	-0.00232905845363093
0.146475797877041	-0.0088904688304316
1.21660817594691	-0.0238041750065885
0.0242892331588704	-0.0035853709655931
0.324105406519841	-0.0138427235285873
0.00169843752001808	-0.000818616215651676
0.528053981626388	-0.0146421003130673
1.39106754103602	-0.0316025194690131
0.043899826868606	-0.00426980175126675
1.46377925601657	-0.0282099258863603
0.635007551546535	-0.018994257628066
3.774462655886	-0.0496344444797312
0.484497794576409	-0.0171390453772171
0.214930222993875	-0.0108861325186121
0.216991660873427	-0.0110650862623657
0.132598303269378	0.00919601088242947
1.19908580300592	-0.0263105634409439
1.00281425407729	-0.0220870566398862
0.150586963921762	-0.00824578286914391
0.00810821402323505	-0.00212627752569256
1.81036363008734	-0.0361969940558505
0.843871121827706	-0.0194536283134172
0.370682644203585	-0.0155194206502665
1.54612517321829	-0.0240502354922093
0.904290536006638	-0.0211019872456336
0.252069036128284	-0.00986080403371144
0.0617398491394692	0.00415908595159522
1.3515930360346	-0.0236198189136683
0.718057212581068	0.0183515992735847
2.26966143095559	-0.0358639084222972
0.0210338315020197	0.00288929571279429
3.03205371338047	-0.0398746823298771
0.495312851772247	-0.0152585174153989
4.07629849753841	-0.05632459644785
0.0153902595143307	0.0029102729796758
1.41892145729484	-0.0259764109390626
1.45372845460011	-0.0271093267493897
2.25248087897118	-0.0402114877449075
0.484229495392373	-0.0152861747475132
0.47737250452943	-0.0148566258130031
0.000484424189125518	0.000554680266154193
0.68971488821162	-0.0186101291577808
1.89943982622255	-0.025960953691584
3.95012117615246	-0.0447135967714363
1.51927822384502	-0.0369279806344935
0.0796327310340768	-0.00684237202126206
0.433999031157303	-0.0146973359301046
0.685710841482382	-0.0191911774403386
1.22363478767565	-0.0232039109819119
1.63096471920867	0.0260615956924051
0.0114759429471945	0.00219372389619125
0.0935243710458143	-0.00770722869508921
1.88631716755557	-0.0335595135105635
0.0715377742925334	-0.00614789786721438
0.46928478716008	-0.0140977336812956
0.501454841652377	-0.0148192880236031
0.388283246907846	-0.0144673731573782
3.41926110927399	-0.0440286923067789
6.6641969332131	-0.0632003143511039
2.03725968897765	-0.0433519413485863
2.8534024362305	-0.0480107381835186
0.00325416006818819	0.00121354966731697
0.0849991956040136	-0.00577844856175276
0.28649948197753	-0.0116230411110941
0.274297670563415	-0.00920056811369719
0.995300594957105	-0.0205977351772181
1.36519411744128	0.0300586421053181
0.0118037815805386	-0.00230367975985216
2.30114549892222	-0.043223754466997
0.584957429168668	-0.0175829038349523
0.46930860220897	-0.0190133921081057
0.0265314138256424	-0.00449495395088234
0.356829272030194	-0.0129509867050408
2.93469116861347	-0.0457889884569695
0.411056109164733	-0.0137142142532392
0.275222186924904	-0.0126361127615565
1.38901278318054	0.0288442475867371
1.61465411744446	-0.0224002155170184
0.562958961511687	-0.016820418394829
3.21776227671236	-0.0461904523360521
1.03728880183818	-0.0278225571849236
3.81458253833628	-0.0440004627621374
0.00192265157933175	0.00101199366464403
0.514378808262954	-0.0173176404761674
0.672112303575485	-0.0218189421922419
1.88840054041462	-0.032483895740176
0.00106002408391916	0.000752010443228351
1.41262873145716	-0.0261129236157091
0.240469459031206	-0.0121676195429076
1.16211487816436	0.0235749087354672
0.381644810984641	-0.0156391341918151
0.08720972111823	-0.00699114070755483
6.53397709679323	-0.058913454145657
1.04617250090333	-0.0214635570080948
0.0873217643189747	-0.0074805710645481
1.03005658470879	-0.0279101114178477
3.93137546698627	-0.0558016936888681
4.77567478669184	-0.052571036717451
0.755289423467955	-0.0243748201547799
0.234857215233447	-0.0120675600432266
5.28667487669	-0.0566437566559034
5.35645268835537	-0.058842175737789
3.98253834428685	-0.0449492906055305
0.0573932463993625	0.00507804862291498
2.00165218869023	-0.0312453234876922
2.14792978376953	-0.0277057081534003
1.99951736269591	-0.0393149841424833
7.53184112998101	-0.0708553519180234
0.00634387687778699	0.00197928066284053
0.86874202083429	0.0193066476981794
