R^2	beta
1.30390413514124	-0.01523010846114
0.901664772167817	-0.0153816401812521
3.53213689534038	-0.0311329770797407
1.23202930117243	-0.01757809595442
10.967386106793	-0.0581761838996358
1.76973373234906	-0.0241698503985502
0.032943401908249	0.00334040465661391
6.01201410327272	-0.0464458527159534
3.08818992548742	-0.0323953390368798
0.611832752354896	-0.0124573436126803
10.3653872411674	-0.0497007136269009
6.13011436110063	-0.0442373741055522
7.69898264343324	-0.049662915644454
5.65590763809197	-0.0364174552182968
4.18866353112447	-0.0358171392331999
1.24231000576174	-0.0194473829530162
12.4316628043459	-0.058561475478305
3.95558302244097	-0.0316335554525935
0.136851763566412	-0.00661108347604504
6.73870884404499	-0.0381440420996574
6.25413172334713	-0.0414708125680502
6.54717963869672	-0.0410907932027233
3.60662308027671	-0.0326813255654071
0.602601944997505	-0.0134618331392806
11.8602857586222	-0.0514448262401396
0.164752889805955	-0.00689638916103144
4.52154548232821	-0.0355384696993733
0.738683433392431	-0.0141303553076226
7.7064819509857	-0.045998784176028
2.48941986986994	-0.0234800914449717
4.57047377236141	-0.0375546179863514
16.6090456646011	-0.0627117674297369
1.57360457554732	-0.0227688713473053
0.719263065598037	-0.0153580046492083
5.64959509517075	-0.0390158635791781
3.27001212942571	-0.0271918000578188
8.76138506201417	-0.0528526875672253
3.8066737181058	-0.033184047717026
3.57705784796972	-0.0310489674351667
8.68475209280837	-0.0487391301474634
12.6440812239849	-0.055203287954868
5.95775642010646	-0.0352401243369727
0.827208966990802	-0.0155082509391485
5.61965544960016	-0.0426423741322042
11.2962440406312	-0.0543712063624049
3.47739075021229	-0.0326728341808904
0.407727660187868	-0.0103304384570681
3.81525715745127	-0.0325797381795782
0.00556972096296573	-0.00124420289361103
5.01092219640299	-0.0331823472731138
11.9619483029676	-0.0545772452929744
1.86062613973965	-0.0231614378477856
2.7834029080594	-0.0290938023947309
0.252384518898973	-0.00883211116163779
8.26801369565911	-0.0467614711717631
1.80601997965446	-0.0200574016779956
3.61654663804962	-0.0361680024583434
4.88901943719648	-0.0408304806881868
0.994004651273542	-0.0174784585444492
4.91674695742086	-0.0337824518410451
1.43699653845142	-0.0232989735483266
1.39505904205302	-0.0204575094039802
1.71808163080188	-0.0210413654817194
2.69258354736244	-0.0267336320199918
10.0183393823301	-0.0539097604914044
4.71492325980714	-0.0378474890661918
9.69201170054825	-0.0426153526931364
4.2647618538523	-0.0330019747209184
0.808367936721158	-0.0174115938229029
3.26533929357435	-0.0287959287381138
0.834789168722222	-0.015671436509262
8.86583805147556	-0.0583645592791154
2.27970490962729	-0.0250008747885813
2.98264077871836	-0.0276171540264933
1.28861771888027	-0.0190627171503865
0.900494426099263	-0.0168161380284828
5.36570043025393	-0.0427165426751454
4.5287448457262	-0.0397403263889688
1.88752730366323	-0.0214686590550341
5.86396890801897	-0.0416341262583852
5.91872728196638	-0.0362955419896904
8.98971074627781	-0.0536114823199871
1.36524969859243	-0.0203525926029198
7.28331159142637	-0.040921393647831
4.15457624533711	-0.0336736989664947
10.6059727611243	-0.0506919234110641
10.0866775292525	-0.0509474003520475
5.97454174826251	-0.0405385899640125
13.9892729218587	-0.0580273420791712
0.623477261378428	-0.0139837578527107
11.8152569772422	-0.0551643212674727
0.447624409317432	0.0115450371531348
3.06000316300823	-0.0262913059634243
3.88128448230933	-0.0367157777808525
5.10611712148251	-0.0349279196240898
7.01594954203756	-0.0394536226028681
1.65234821952898	-0.0217630903242217
0.0308902000009808	-0.00299091306681251
2.98873646962809	-0.0268328787769345
4.86712466280808	-0.0416524716002448
12.1660001576241	-0.053304268465704
0.307920663570314	-0.00867510938325538
6.41029497565058	-0.0397969762086164
10.0561442321916	-0.0480351244436772
3.0344104681055	-0.0292788563718024
1.31447377641461	-0.0200538582008453
0.332853696674373	-0.00997599762535453
4.07538427133063	-0.0285562581433924
12.8186769646765	-0.0603013384227217
5.92010760357199	-0.0351700338094414
2.10049835949326	-0.0251312796623529
10.6093793816885	-0.0454903585734487
9.84626792235048	-0.0503962499428549
0.933301906742801	-0.01629172932682
3.91287555254068	-0.0288288115359403
2.39913807354384	-0.025462699961985
1.67011065548974	-0.0220901356808915
4.28952757490761	-0.0385097470911446
2.51941325685831	-0.0241806950676177
0.946966776983803	-0.0195046708945291
3.36117419332984	-0.0333252244417639
0.843242861009105	-0.0152480994421929
2.7765459072947	-0.0256118954052985
0.0111501566342626	0.00177681319467075
1.01794493642019	-0.017350722999406
0.706807959638322	-0.0126507892144004
1.3545756037199	-0.0190060170514531
5.56630065230316	-0.0375907483398338
9.34494023979198	-0.0464382074203928
9.20492173711818	-0.0492530807109019
3.69228529757831	-0.0331396413875791
13.8128684162935	-0.0528546206124919
4.76093968015717	-0.0345581883271566
5.28306855785065	-0.0351458695239928
3.39334767655715	-0.0303537220314467
2.97553666408483	-0.0281364389688012
4.11421694129678	-0.0351496679749607
5.5126116429568	-0.0369664536676871
7.70749598601869	-0.0432451214989472
3.25037956034642	-0.0333579870370963
14.6255176498148	-0.0636698996535665
4.70965067592402	-0.0342733512812093
6.53636560191362	-0.040342736869928
8.10007203435097	-0.0560459049151236
1.27625795544599	-0.0178524409837592
0.287325171642918	-0.00970629132390254
0.168085739681398	-0.00684755604149611
2.59713246804884	-0.0297726212083037
1.93380211516579	-0.0228755913194001
0.750518325617908	-0.0160013085635813
3.66864320363308	-0.0327553404873695
3.54226193901494	-0.027791381111308
7.64374617861937	-0.0421615908866732
3.99014713871072	-0.0298798021613156
4.04861771279471	-0.0350209463237685
3.89247642740505	-0.0336552735906451
0.373406097813496	-0.0107195003488278
0.0277071950770482	-0.00332465249731515
4.47033785602439	-0.0378437196742216
0.831540494581491	-0.0159755901730605
2.09180604764762	-0.0218605775771684
4.653314921234	-0.033954166192484
6.24735551362251	-0.0397420568942941
2.17818967389259	-0.0219230258451835
7.12353348670433	-0.0388052789432173
7.15366991470796	-0.0423973501675364
5.38685190819316	-0.0343128150182055
0.853497308462756	-0.0163853465020865
4.91539011599756	-0.0376137465732755
5.62972556503806	-0.0339878369211191
7.01570868462945	-0.049089408959153
6.5115358878965	-0.0388307682153169
0.740585352366666	-0.0127197374021675
2.86246505724055	-0.0301446711999818
0.238754553144498	-0.00790269319153428
5.61480703210991	-0.0361698422224636
4.71600423068145	-0.0345711759182521
1.33505020915809	-0.0215911091925884
7.58246518280782	-0.0421120026257637
8.91642107683617	-0.0506439090646611
0.207385420623773	-0.00749501462571321
5.85300234075953	-0.0345988799473562
8.61347171347578	-0.0491770695067624
1.08883967347216	-0.0169840098155457
17.7029250240255	-0.0636601441685849
2.47207775866162	-0.0282500398872209
3.58972850271254	-0.0329982034404707
3.66316751324675	-0.0358837930058615
7.08385922770858	-0.0423931248247467
7.66172941189399	-0.0400272047695114
0.185375009118411	-0.00713241883086063
1.93972939400396	-0.0241858591857645
2.95025440020034	-0.0325111163160307
0.343240481386068	-0.0105742510125062
3.61386410720511	-0.0309450446945184
0.863931204307214	-0.0160530825476923
6.48347407310904	-0.0475642301891661
2.11266155009434	-0.0205809536842976
5.92874344337514	-0.035255100790254
11.2226784221562	-0.0575621391217087
2.37224535382008	-0.0265914535313128
4.18764513034206	-0.0353048501398852
1.28562936063145	-0.0189072430345092
0.410196562737614	-0.0124542151471445
1.96477698844804	-0.0211140210392275
4.77654747957696	-0.0344530466712666
9.70191213252509	-0.0472584243165902
1.51594289013071	-0.0202102296717721
0.607229650566269	-0.0135489811248656
5.58041114419139	-0.0356938260378402
8.53367849411633	-0.0439707882304618
3.38382176453068	-0.034701535910952
2.02780005663477	-0.0226361718054091
9.59172972082986	-0.0473588538979388
4.62004690162815	-0.0397696669978962
0.514054145034484	-0.0116666514327613
0.0135262435227631	0.00198854459669533
5.8388233450643	-0.0461054503642419
0.00677760832417554	0.00124413213534029
2.32890866050033	-0.0213474650606335
4.09854004125307	-0.0299336806456986
1.30217784822642	-0.0186468428960058
16.516065084694	-0.0612431512739253
0.13698703820223	-0.0064870682842269
0.0512673192848707	-0.00369138279139093
2.70365275941199	-0.0237831256941136
0.459324865037359	-0.0111744137295712
2.06563107078267	-0.0190108909528218
6.97481013705273	-0.0434015306410205
4.41138390620848	-0.0355151274336924
6.24503597078701	-0.0451118937374678
8.06845771334671	-0.0472854680203252
13.2476694372047	-0.0584418921847662
2.59144775229322	-0.0297543868620793
0.142559049855582	-0.00575180404824159
9.54084719755766	-0.0465371756950964
2.90292464184738	-0.0281813546826553
4.88596019690498	-0.0380132677159571
7.40701937321271	-0.0454299824818462
2.75431486666889	-0.0291410458921547
6.23534877160816	-0.0398448233293348
1.95018629565804	-0.0248376160081241
4.01606701363816	-0.0328864764952874
15.1113019576531	-0.0514182370924673
3.10394784056331	-0.0299384894654653
9.06239742037446	-0.0438715660066211
4.65139985995546	-0.0318104311307522
14.1213268018894	-0.066277072632985
0.00219353263907983	0.000730614543664281
6.18016524274429	-0.0452681342181898
6.82031770325308	-0.043331421918108
2.99013846460713	-0.0274450377051251
13.186334928013	-0.0603289739588157
1.10478795417112	-0.0179345900206985
0.477900654774812	-0.0113213978195674
2.82561405744878	-0.0273949606714066
5.46302682881788	-0.0384951919081483
0.136962528684019	-0.00610827399888836
1.82353049186763	-0.023152556146429
2.33467954920396	-0.0273094285663799
2.97694488515566	-0.0249792919606526
6.54566673178542	-0.039898472246116
2.36638819705187	-0.0210857601604388
0.956157511218353	-0.0151649938394919
18.0075254652565	-0.0563094039622596
1.99579795914286	-0.0213193143633615
6.55211471959674	-0.0424510040881088
6.06468945617446	-0.0430908139868625
1.39674336442427	-0.0202154996490144
14.0053657250301	-0.0642625023817153
13.0328093442368	-0.0591127907466077
1.7659199872878	-0.0229671737521564
0.1341235411503	-0.00631038000441926
11.9688476963429	-0.0575748982829389
3.41572688351676	-0.024941002352208
12.8324545592967	-0.054237112048666
0.000712889840909235	0.000421134380378169
0.395300433219716	-0.0118062166139727
4.64907997681936	-0.0351816456528834
7.1887862323539	-0.0412030451686311
2.48998679707716	-0.0276482082136913
2.73877094955311	-0.0286228202336524
2.99245433187833	-0.0294546292520254
5.23634086853504	-0.037692846464002
1.48430998273102	-0.0254392985884378
1.12436556591567	-0.0169838100712068
1.71435670565425	-0.022487606878418
7.29141625319227	-0.0452217296916523
10.3147668108905	-0.0479864871974419
3.58029341100271	-0.0316471105508629
2.61413341733945	-0.0234472255755016
2.96545747052939	-0.0277397253422644
1.21058214716214	-0.0183985723552115
6.93453359867141	-0.0442357884016946
0.728719219001951	-0.0132939099486463
1.47526045433849	-0.0198933611479648
0.0477834919222011	-0.0035479663432952
7.82464474092147	-0.0476358907960079
2.63843257282241	-0.0301395839499237
7.68431964802523	-0.0461406505310014
12.4483730406788	-0.0616000293932078
0.0773117924883503	-0.00471103654414486
4.55422533680362	-0.0324092454168016
8.39117802785106	-0.0436954686990182
4.20931057133179	-0.0378118378792028
11.5978796578731	-0.0492199085572808
11.6523466488893	-0.0599962770678506
6.93437323814779	-0.0415807917529252
0.603649618618757	-0.0120511666372615
9.87960280933063	-0.0472416048825174
2.93722370092258	-0.0275107513211243
2.7170714759276	-0.0255123305439274
2.81932699771467	-0.0293843451097174
4.30482072160723	-0.0292761498377274
5.05493230392235	-0.0345082254971513
2.15881092623194	-0.0223725128186837
0.446192074761901	-0.0115076036489153
2.0858010152101	-0.0285734572904393
4.61005140156325	-0.0321352637991775
0.707436086722933	-0.0144951343253692
0.0710182083438624	0.00507015470322196
4.96087907427956	-0.0350385137913146
2.69126837174817	-0.0318145885533422
3.74097113886045	-0.0309572381280713
7.25539561989424	-0.0488849850049667
3.12771672916177	-0.0291274168197416
6.34094875680505	-0.0291057201536744
2.75824766601672	-0.0261035018453252
1.94732558347716	-0.0239804993144803
2.24781620501874	-0.0216375563412969
0.0865305269492726	-0.00543372128005854
4.27197402240719	-0.0363475020223012
10.3109048967835	-0.0450434443687606
4.47975895067567	-0.033929455167905
1.79075101053584	-0.0223022497374613
15.4302662507159	-0.0661049888494178
4.69812395331157	-0.0356637216556138
4.68089437013539	-0.0300149458350141
5.89284894552146	-0.0373468707944248
8.23613969888104	-0.0521575437951281
7.13639212416864	-0.0386814383070373
13.3861949384071	-0.0620953087876963
1.93601733445223	-0.0301449727475023
4.46887693450861	-0.0334673032227807
9.62050055011124	-0.0483238749244571
1.9861754462369	-0.0256043800632968
0.590338919682036	-0.0128148684481856
6.84477011098937	-0.0404939167847936
2.2731707599204	-0.0242555598242166
15.1372438519277	-0.0611337575497061
0.100764389453975	-0.00518416087160262
0.0302122657065757	-0.0033695753013839
2.21878880588436	-0.024538982333137
2.87886714524058	-0.0264951807652228
1.98727609641637	-0.0244864142879612
3.55160372158302	-0.0364876383223361
6.02464060108714	-0.0348209209755679
5.97080762117634	-0.0463432131670787
4.28597233311446	-0.0318070825264924
0.016519005192073	-0.00208661758512775
7.19073327264427	-0.0438565470458901
10.9662451309275	-0.05222984698651
12.7792435437041	-0.0540933883101114
5.00180769930871	-0.0352371635869068
1.97014193850684	-0.0227103158844336
1.39357162806458	-0.0176736767335419
16.8298559400438	-0.0655822405801043
3.85861454127599	-0.0282147040199224
1.17581062467705	-0.0185076776359435
6.99224356796003	-0.0461080160116964
2.53604647072463	-0.0259393144186302
12.7482026542382	-0.0549112379510407
1.66590667219852	-0.0202737673786559
8.49676394175684	-0.0498645849183106
5.91563783830761	-0.0413781820332485
4.78347866023572	-0.0298207904705193
3.54758114867189	-0.030040055671148
1.76071995156776	-0.0255971383373238
5.38724743025145	-0.0322353613049401
5.95982868423584	-0.0415672560411012
5.1267242562215	-0.0332104815694561
3.2381802059129	-0.0284480002575045
5.33593696397908	-0.0418185760321152
5.25037323786342	-0.0402113462891058
7.85189811167506	-0.0478425697219795
9.65519430623257	-0.0524861499823295
11.3626876539379	-0.0510382347947984
15.4277494931096	-0.0569307124204361
16.1795714320835	-0.0590018749547239
1.08691890017573	-0.0179420578860293
0.479931230720039	-0.0113255130252153
1.59367335780695	-0.021738903093264
2.30879444440566	-0.0240160908773264
21.3685537674494	-0.0702823230508154
3.88882150800774	-0.0313087377758035
0.448230686360156	-0.0099460511175202
6.71549738972783	-0.0439702776830412
0.0282032219778989	0.00318551064885772
1.71751590764623	-0.0187861149887107
0.511497854739401	-0.0117010903886864
7.55536943641	-0.0418038799801361
10.0557800399723	-0.0536248963333033
5.48050942636793	-0.0427806319413353
25.4496482624682	-0.0765954829937676
0.0374416416339599	-0.00314510302744077
1.12568169511505	-0.0165038875242247
5.09587233773426	-0.0361667239895432
0.390263743394149	0.00946239962221017
1.12522920434156	-0.0191648380871783
6.31829946744563	-0.0407624262113224
1.00792025243969	-0.0205017844896493
6.29617864437714	-0.039966565027241
0.501395221495748	-0.0117449855087907
9.79755646691608	-0.0476497967928458
6.82108104030392	-0.0506231748996708
4.58173533439315	-0.0348311896202518
10.7601614337835	-0.0556118212350582
0.359642865585626	-0.0100318150096906
3.30012128509322	-0.0267245509757159
2.37805147205849	-0.022552651876257
7.46062922895052	-0.0491363746049861
2.8784143719479	-0.0316756575368322
12.2170278996392	-0.0570970395208303
0.0250001674215339	-0.0022408734369934
0.656711178994646	-0.0132368301435373
2.20440241688698	-0.0267750549834969
0.920245183804057	-0.0159969966782307
0.5417532671155	-0.013047480078908
1.61710637283789	-0.0195206693589957
0.0714359384104219	-0.00452213641945978
13.2513859362792	-0.0623189103512723
5.16954857684205	-0.0373187232616881
5.3548036102103	-0.0384537944125029
1.15462013943453	-0.0171898581539698
0.326983220660348	-0.0097648426982186
2.33124497304167	-0.0274072619060417
4.04905236872137	-0.0363767544855066
2.55840043450948	-0.0278609248819973
1.46879817092504	-0.0204351174384217
1.57964276803431	-0.0218738469882494
5.44713979970842	-0.0342190754192303
1.80178714413544	-0.0235117722499241
0.544007865324543	-0.0116976514598281
5.03811798156092	-0.0344850071166624
0.148403263745053	-0.00521563576012595
0.661734384577157	-0.0149293584919087
12.4213817620546	-0.0568468475483008
5.30990771481437	-0.0361434767260007
11.5167836513826	-0.0529243086736091
3.52535005431599	-0.0340500521306575
4.8826692567608	-0.0358176736370549
2.5743521751709	-0.0224920454455427
0.325358303462363	0.00935522608806662
11.899058144236	-0.0522321527346146
2.57125412905488	-0.0251958497161905
5.93570843702249	-0.0436144602192356
5.38802833793473	-0.0419577537756535
4.0122553289289	-0.0304043171013934
0.509118212200777	0.0111868355556145
0.113886907784558	-0.00579256797646245
7.12106862002525	-0.0397902077597642
3.56470424464549	-0.0300674720042879
9.00705136382742	-0.0510679763099021
2.47457540515175	-0.0259118912501215
5.05339350346848	-0.0378075596849415
7.17278892056238	-0.047830947999918
4.71524882268254	-0.0392341619710205
10.3048468753564	-0.0550890733919189
4.75347965351957	-0.0363881640186399
1.1706163914822	-0.0196612752764947
1.37313972253061	-0.0189107996103214
1.51093318470134	-0.0201138441712732
2.48237607238536	-0.0275532475709266
5.16654376828707	-0.0428552772521651
4.54426131344987	-0.0392271311967732
0.131266980109386	0.00653703366652076
4.92641125605956	-0.0364536655088917
1.18292706640262	-0.021063900542738
9.85030774715535	-0.0563782670076194
0.000282248764738734	-0.000324288225679579
0.331369360554711	-0.0114825141877933
0.86827063237423	-0.0155612812666861
1.60849226680114	-0.0201149450412183
4.75221570154905	-0.0353001132908943
2.0280307411954	-0.0297033163603582
0.676341937604269	-0.0122982445327106
5.84777733532877	-0.0387608163721001
7.1218302775403	-0.0406800956418721
2.29033966059491	-0.025881669504797
0.353583443356706	-0.0107717958047895
9.04501873497791	-0.0483965513408599
4.94272219505425	-0.0347925988404403
0.0408685297458338	-0.00365466473374033
6.10380908860285	-0.0342065206189515
5.24911600451114	-0.0315003467251825
0.0125387907762542	0.00195033031149053
4.01985116137459	-0.033850569899946
5.15420697917166	-0.0442393479481231
1.7533974523413	-0.0218930599895621
1.18000570089616	-0.0212972021083084
2.11920269503336	-0.0279274378322943
5.35468856841358	-0.0432643734208437
0.626588280197564	-0.0141255544865649
4.80757927248645	-0.0412012004974893
4.66825919466507	-0.0383897378313012
4.83234453228627	-0.0410889339073207
0.10267000531854	-0.00546161610312634
6.964511198864	-0.0473107620520733
8.6653872180549	-0.0422985553868924
6.14140775503742	-0.040022219249316
1.24756828725083	-0.0206962018122403
3.98051537737533	-0.0309407947504217
7.07857844146702	-0.0433675102836748
0.449192528628993	-0.0117438120351934
8.45755543744571	-0.0487981433418344
5.48155156712414	-0.0335778013835758
0.218030604170767	-0.00750099911988393
7.19271326600153	-0.051079783408493
3.27268344139764	-0.0272148249457833
3.76885804664935	-0.0321591991465906
4.326893722188	-0.0332042834771483
4.13432559533732	-0.0294384176543343
3.0213952030603	-0.0287164252028747
2.89794050601463	-0.0259468274578613
3.06593211426789	-0.0316331400796097
14.6935967455725	-0.0664940053620362
6.35290155520368	-0.0354587095996052
9.44630069978342	-0.0494745904874606
11.3345306428786	-0.0491812384803445
2.86915998213123	-0.0251027017351448
3.11811211071396	-0.0299868766620536
2.74155345699853	-0.0236491152842116
2.63550592557358	-0.0287214509337839
5.04295962273015	-0.0333750072850755
4.23283702193641	-0.0313046685185045
2.36040880495616	-0.0219355660791554
14.5552771929039	-0.0549696019255181
4.72982146039755	-0.0328696362440866
5.90956174006375	-0.0362721700273531
0.440554795583358	-0.0106571949065751
0.0978685713069776	0.00571336377421148
4.01504072372055	-0.0296069463546629
11.6734261323905	-0.0513253200379959
2.00154471095425	-0.0200293986359801
7.79518308928045	-0.0498382313556623
6.56089598390822	-0.0344743157133846
7.73169264515961	-0.0469849191645656
3.78375041164248	-0.0286118092420321
3.90629968746701	-0.0330218663208768
12.9746887005942	-0.0518780782784821
11.9935202774654	-0.0536653134088942
3.42153717257488	-0.0339625540412411
6.67210839662297	-0.0428435895724662
2.60554335605551	-0.0262585213082944
1.65045821680292	-0.0240075632452639
8.9235271251131	-0.050350595174867
1.20561465801838	-0.0171855154592302
1.3997553445614	-0.020439966088634
0.435842463758365	-0.010523614155224
2.8817428133359	-0.0230097518646798
4.62882585238424	-0.0354843948855507
2.75996922342831	-0.0289665579224721
0.0319587959846392	-0.00347539555786109
2.06174212838566	-0.0240644778944139
6.99594717738989	-0.0455349069882193
1.04848003299226	-0.0180940626046613
2.52826194131924	-0.0253412296078557
0.763710687523656	-0.015002523228658
0.093714049385306	-0.00516062745767132
5.62196839940117	-0.0395338092546327
4.69717517060948	-0.0326596007560219
1.56917213431105	-0.0214175680771045
0.0174422646142849	-0.00233578794139208
1.05951323898049	-0.0153941022986776
4.03118678686006	-0.029093927382822
0.00610950250211633	0.00139213912210188
3.86671750669948	-0.0323751067178422
0.913876956437216	-0.0155124534127066
1.34551993923999	-0.0192400107651754
0.751302116006039	-0.0148233822219076
2.6414550336824	-0.0281117396260652
3.04641619958685	-0.0325222152481308
0.763705111830228	-0.0152270490628369
0.181863521406165	-0.00717918109623939
5.52882407207208	-0.0415094889122361
1.63771376324016	-0.0219130180745773
0.0346646062818239	-0.0032341928420252
4.44292548676269	-0.0324025041020972
13.9520443641695	-0.0648749558894888
4.37898747843067	-0.0367489500514639
0.80776163474835	-0.0159372576867088
1.61042658682345	-0.0214893955593392
5.24771006710935	-0.0362383639362389
3.53021994878204	-0.0360752284668404
6.16935654734514	-0.0434066509251978
0.969521512699673	-0.0176265786029708
1.07121996176187	0.0163907965955401
1.15284982648929	-0.0165441686687082
0.921367230553682	-0.0144567905729129
1.09146000630899	-0.0205053105611877
5.00283476020856	-0.0352264995017787
3.8674377376724	-0.0330739362345804
5.6586608768196	-0.0415229364744325
3.87462117767992	-0.037582823200684
4.51124728508913	-0.0359667521456315
1.52987003628623	-0.0230295332057465
3.82301171084445	-0.0301910838735589
2.39374845051513	-0.0225808745674607
5.62255313166482	-0.0395959871700077
2.59560912395139	-0.0251843890867672
14.0346654715835	-0.0659691564203708
0.99638929841756	-0.0157922199831025
0.988889361225307	-0.0159125123793346
3.28597061282962	-0.0279014846821327
9.83061744466828	-0.0475658497354468
11.1613042323368	-0.0605871278604948
3.49607066898028	-0.0272453955746141
8.2139509629597	-0.0469146072123903
0.382171042216054	-0.0101396366493803
0.569539168127579	-0.0134741058131042
6.22651190722778	-0.0401817377008541
7.83236042622964	-0.0482614901076215
0.292425748730447	-0.0094466045369265
0.395829650132844	-0.010331808466523
9.42463821556574	-0.0448518966584492
0.333186841412442	-0.00930966302778041
0.0240911786757705	0.00262663554054575
13.2028252502543	-0.0667047500152402
0.0394596458837192	-0.00297575998401442
1.56977498369628	-0.0196634241271448
2.25087061430969	-0.0235087768748517
3.34831373089705	-0.026259577017983
0.71588651666382	-0.0147945097902306
3.36324862905186	-0.0324238814483414
3.54227776845834	-0.0335474786604432
5.02838618076444	-0.0314439252315322
2.49095519390679	-0.0252971225040956
5.04270852532496	-0.0416087908993769
7.47311113484823	-0.0429306198048008
6.24043495771242	-0.0429852931169468
1.18822455444926	-0.0164700733635834
3.58498500584026	-0.0309078013131542
6.06904680285864	-0.0448206292376221
0.631682917566399	-0.0141256482116522
4.06503907757604	-0.0339181764267291
0.278099825015878	-0.00912359226794386
8.663718465824	-0.0477581658912693
17.4334658379645	-0.0668591786495836
5.95256642269597	-0.0379622779759046
5.76868646481802	-0.0377941734914568
2.84209172257456	-0.027358785459606
4.38340942369612	-0.0402434746528328
1.42798713193424	-0.0228802749364183
5.50143229759622	-0.0413974819391015
2.49131402607923	-0.0280274987892075
3.92141944315994	-0.0316261250866273
5.96797450629104	-0.0440271926702108
8.88028235226783	-0.0418340013685715
4.6615370468909	-0.0301736955827083
0.0877274192761542	0.00436864609631741
0.228163676942034	-0.00839726442141156
12.7164538026486	-0.0650129161813531
3.56581582671313	-0.0319984943218492
10.9260325274359	-0.0620391263345462
2.6980777908888	-0.0296649615863241
0.768593495852983	-0.0138702169170372
9.38688960904102	-0.0593207695748844
3.16100585546419	-0.0258042584685027
2.44084327853896	-0.0268131929463449
2.92794313295526	-0.0348006780245155
2.15034603207361	-0.02514618834999
1.21997119075943	-0.0188050221946905
7.8070695520158	-0.0429509770523747
7.26265740273212	-0.0400348538022218
1.20301574079233	-0.0185303930460895
0.21266881338026	-0.00633971945193811
0.840375949309415	-0.0147689775651546
10.1807605899333	-0.0535126483722106
1.32688329287845	-0.0189504555820814
0.705365735611652	-0.0141137498855944
9.5861266333275	-0.0497327316359554
0.586235361683377	-0.0122217519754694
5.85529875336324	-0.0401582598269524
14.794650643983	-0.0587193949561009
5.24425180922442	-0.0378683482085696
6.50505656173351	-0.042765664934039
3.19614708281435	-0.026764679160693
2.23799737726912	-0.0269215585831367
2.9418622035036	-0.0233314901333082
1.65471481071561	-0.0220187947363154
0.0131013393759945	-0.00191330626492429
14.5488108618048	-0.0647158692534425
8.51735976465636	-0.0436639106740298
0.484090701006273	-0.0132779192489274
12.34245675911	-0.068937236132761
2.06105074861295	-0.0214220883722537
10.3390117571892	-0.0661027933510764
5.08029320592086	-0.0405798940677622
1.72483174366931	-0.0218561564422914
7.88434517911695	-0.0388494799056346
1.54550494488031	-0.02136257587793
1.26122137756088	-0.0176556104007555
4.32016702153921	-0.0399566073122155
5.41231196899961	-0.0481638843699171
10.0918238154615	-0.0548980313403682
0.78570186962487	-0.0155196780744235
0.835448651453912	-0.0175083526562177
1.28085600030203	-0.0198703607266981
0.21167390672449	-0.00862807993881109
2.57177618267752	-0.0280546198934036
3.84234646128825	-0.0359912937964915
2.54841491215451	-0.0264400909923714
0.870802270283395	-0.0184109573032649
9.03197644096339	-0.0520168784733116
5.66084543417372	-0.0433975593593998
2.31334393294556	-0.0244392853485055
11.1185756720056	-0.0593413029111557
9.51193856659065	-0.0496235523330357
2.74188904215016	-0.0276050954179403
0.162336222938453	-0.00765086702336629
0.0323606569530068	-0.00311437655035091
4.59283441417077	-0.0378754473339456
4.53601125515235	-0.0348895938257868
2.79372542311314	-0.0245515261547467
7.14859633956749	-0.0393442620745598
2.25241802661455	-0.0267299139397225
7.25731924312005	-0.0450753984269694
0.568927320035441	-0.0127383885469093
0.672169104591519	-0.0123505279984647
1.07861505353961	-0.0195858376028552
8.96044512428417	-0.0601963814770255
0.646076104900873	-0.014539311079844
0.732803295507888	-0.0129910663882008
13.659251657934	-0.056654391738189
0.343244597785731	-0.0112762539650758
1.05703036685022	-0.0181370208786636
0.964253171893965	-0.0181989225338733
9.54094057665293	-0.0597838204882191
4.57678711306256	-0.0299821333348174
8.63439132521504	-0.0492628353239852
0.114791419712476	-0.00603893973047784
7.24605865577476	-0.0440164430899273
8.0897364436308	-0.0496190030661084
0.185588471176142	-0.00672836144698876
2.84887728461811	-0.028518494479002
3.00766054766411	-0.0258701227317358
10.1856010182643	-0.051255632414259
7.22515164116031	-0.0395172423049752
5.79036127331601	-0.0463613120389332
4.38669271575834	-0.0322948108774692
9.3764309958287	-0.0553536988441959
8.72154841139596	-0.0486456223247097
6.70548633241724	-0.0440247378204688
0.677272829240847	-0.015221561121339
2.54282172294439	-0.0242148244489534
4.26889274050548	-0.0414368419834002
1.24156674585987	0.0218346168627609
15.1333893529248	-0.0579816224341099
5.41268241241239	-0.0333751975552831
11.6539580466946	-0.050119497893831
4.33114336760902	-0.0337638295655945
1.20801947825669	-0.0171056217138882
5.9755379410594	-0.0380299012072301
1.67830566019705	-0.0230638523844908
1.62382280412813	-0.0220011392880365
4.7713017600982	-0.0358128141610049
7.24507789375875	-0.0375291926128696
4.07680020615562	-0.0350037950006727
4.30551492987105	-0.0364931458263908
6.87063251235404	-0.0463990286016231
1.09226274732659	0.019920935294875
6.82150409494396	-0.0423364545012897
4.98817986790345	-0.0350107648461691
11.9704835764876	-0.0609887842016263
0.112475668857804	-0.00578904778834659
2.89288133129973	-0.0292525964135258
1.52859127843042	-0.023543098455612
6.3061001051042	-0.0432510758785783
6.74347637259768	-0.0399313483893006
5.05851438050552	-0.0393101018409222
10.5563423174937	-0.0503978935387133
3.51830726090112	-0.0356535326939266
0.424860037143615	-0.0101850834637271
4.42908333486518	-0.0395350229404664
6.00926738383427	-0.0478873106301272
0.350061169358902	0.0108405770705226
9.41330892550537	-0.0466210749810959
1.01099718600858	-0.017517254999427
0.000353349378915676	-0.000304581647937174
1.75072341130164	-0.0199206946713229
8.16378971257653	-0.0481330445768209
2.27374431797398	-0.0276794875552873
1.64159074772601	-0.0225776366704134
0.747203074667112	-0.0134210141751363
5.77156781226936	-0.035100017610983
1.39162471117226	-0.0202352195300998
0.180074397240869	-0.00626452903209135
1.17472647678285	-0.0170819452433099
4.93362636523196	-0.0380116082321675
10.0056935071416	-0.0509681163044931
1.50482554223572	-0.0167058583011669
15.0795652672992	-0.0668208899106904
5.36420746591053	-0.0342820383324848
3.40516410107193	-0.0307890260583194
1.50790830285184	-0.018953527692353
10.8483453843699	-0.0517270040662481
4.87186945201933	-0.037340038507044
1.55432269271048	-0.020867052153026
2.88560842546685	-0.0253235863125201
1.67900401266071	-0.0214699133354036
0.106700024729984	-0.00500789446256973
2.01563027867651	-0.0225432542181836
1.71448799725398	-0.0228778688075318
9.80254455169933	-0.0488949296646619
1.1569080620567	-0.0188079275029713
2.0588250911144	-0.0245724239664395
2.83485313261396	-0.031203656949831
1.81369727232558	-0.0237858113873414
4.93210782011111	-0.0403777210606293
12.04881562643	-0.0589959120820021
7.61626554897295	-0.0428693167754439
12.4952105459258	-0.0525964711915591
8.102357822415	-0.0446229755850521
0.451664423833372	-0.0126736361733229
10.4618334217883	-0.0530966269903241
7.65276738352689	-0.052797647105179
6.6875271222622	-0.0404951599939383
3.64010621741203	-0.0325858260639671
0.0594326976728161	-0.00465217698656345
0.350065921780104	-0.00981984268382659
3.39749345428856	-0.0323612896996113
1.09045103170403	-0.0157544409284088
0.071576472217563	-0.0042363921583411
4.78819462791765	-0.0313307157055273
0.927618399899665	-0.0175656283903318
3.07127458286196	-0.0314191905398389
6.02169481848569	-0.0363425291211007
0.391924369327183	-0.0114363707374431
1.25653438233416	-0.0199640623218447
5.32344878569309	-0.0342063927424686
1.4301290736021	-0.0179918588590806
5.68056364510856	-0.0409060621730699
0.0857310362849729	-0.00445531547235292
1.7620666917854	-0.0222986570078451
1.91405004146002	-0.0238525228602897
0.346219898408494	-0.0107132068753052
1.09530661565124	-0.0188221536891718
0.015381637132352	-0.00218311722944161
5.07321241033763	-0.0401721786223628
0.426281083656846	-0.0128813426499428
1.40572288469849	-0.0203720129057854
0.083766682072653	0.00512451779609336
7.37235188246124	-0.0397885307396776
3.65818305328378	-0.0314880751254781
5.10223324600412	-0.0424571486479331
11.3172463128714	-0.0505963939465466
1.42712712175389	-0.0187193286482489
4.21722191740777	-0.0309099929368908
1.5480116603645	-0.0215117959557568
3.69872987593443	-0.0320220634774581
0.0805912833936054	-0.00472471066302409
7.20012762704949	-0.0444050264361759
3.19870886744697	-0.0303248243505857
6.39078169840422	-0.0385664463907232
11.2256689169885	-0.0508743662559503
0.0677245601953927	-0.00382744974120113
1.10169121293928	-0.0180921264046427
0.165431834093676	0.0074923044791718
2.63027539521816	-0.0264882205167435
14.0789434108359	-0.0546277441976739
0.0944743477665877	-0.00609500134577743
0.891063399023831	-0.0171763831678808
2.19507603141971	-0.0223717351508362
5.68646870616408	-0.0398756861390998
5.12540782177344	-0.0379518261071264
2.00805393335657	-0.0202583498311536
2.9696824086234	-0.0293307243778822
6.22914846454526	-0.0432169805876642
2.89844814812697	-0.0261595809200978
1.13696425838114	-0.0165969289164563
5.37247078156002	-0.0400426487338314
4.91263439602053	-0.036221267807246
1.8272959377564	-0.0249970570092403
0.196763363474264	-0.00701295848558423
1.06378375176751	-0.0171622792554487
0.321408480937643	-0.0107107369811455
7.35273499726827	-0.046019192985136
5.60121289351404	-0.0416076215327618
2.09280940282375	-0.0231216932545454
12.6701317993883	-0.0618898784076861
6.0290576603947	-0.0372106154953029
2.33169935097409	-0.0248178551301568
6.82940545132895	-0.0405710967448838
2.77790966662218	-0.0279692172690798
10.5664147658466	-0.051816177286197
1.13104659409142	-0.0149470316192936
7.96452378388815	-0.0552418276876903
3.12817129034427	-0.0304115343777096
0.198932846061792	-0.00705941368235305
0.0744468396901661	-0.00465005733021059
6.64685305924496	-0.043151877335771
7.64967330686475	-0.0452275742883093
0.36494815127923	0.0113363417472348
1.15799898188466	-0.0171929033947102
0.565971758216784	-0.0132142983570456
0.0049318334692205	0.00113313792938545
1.74956723366325	-0.0224570929226794
0.39961822202606	-0.00913164126861573
4.49001685661066	-0.0368713948063547
4.76504342207235	-0.0375220480595603
7.97155397785641	-0.0448205318231218
1.02192273635018	-0.021426381375079
3.34988997695958	-0.025279385770965
0.502497015538934	-0.0129069970488366
2.5806105914833e-05	9.07828741905503e-05
4.14402261574011	-0.0353538645153846
6.53687779924336	-0.0466940063653693
5.15326819824728	-0.0375469918660244
0.0600116391938725	0.0043109192353342
2.96807340420377	-0.0301443836610908
0.311640873417617	-0.0116901949343996
5.33116252023628	-0.0355016437433085
1.68649440748463	-0.0241895148678268
6.24950315662389	-0.0381817981612114
13.0984098666555	-0.0647473886107736
0.941319137372191	-0.0159973637754694
4.12241590046138	-0.0359344339742979
2.90867993510785	-0.0259266518596056
2.57309204293152	-0.0249952552992336
4.01463713679024	-0.0321920234172969
22.3109734837986	-0.0775223338549293
4.46448901756352	-0.0398113627199835
8.9370821882403	-0.0484853743784088
1.30046341331629	-0.0182343112034125
3.51885232438285	-0.0310237605382795
5.17530544940648	-0.0380205385993642
12.1850731417044	-0.0571359084911659
6.84313918306859	-0.0466121923859355
4.00765540675206	-0.0348585135322103
14.0106130924643	-0.0565966079056738
0.742727029748561	-0.0151996985455514
3.80484135463245	-0.0364366873143366
6.30514603823189	-0.0459108598785127
3.46768383849409	-0.0330039717143124
0.51693391417446	-0.0132806725983306
1.92230003988126	-0.0257013969875094
0.000161393518511767	-0.000192727687917332
8.81450677784399	-0.0501973556275673
15.1298821051439	-0.0674790624592475
1.9245038963952	-0.0234878452242631
2.03059986606789	-0.0201511667884294
2.90426180808068	-0.0262603638359222
0.56784117371516	-0.0129109460808322
0.730152687038758	-0.0144816969330512
2.99151141136811	-0.0273567087573882
7.22571329501051	-0.0437634093869959
1.26177458764356	-0.0177003740165306
4.27927602354775	-0.0376559710216184
18.2492113088782	-0.0653682604349387
0.208955427229056	-0.00804207448568243
6.30759357974515	-0.0419774443603671
9.99990292432383	-0.05495942243251
3.03014799061848	-0.0302468487679878
6.49665869223258	-0.03673960608234
0.816851921344442	-0.0146382793305995
1.05151076753903	-0.0166657437357223
2.59964595197287	-0.0270959294468254
1.13454938854559	-0.0162485895245171
0.643227518768564	-0.0134734018144287
3.24588667226805	-0.0283422695455455
4.65502944622033	-0.0281609668708889
3.54219281109633	-0.0342174366354374
5.83239734155982	-0.0335641245647863
7.48640503838446	-0.0462099022050119
5.25712208392298	-0.034367773957749
5.48522834156423	-0.0452136208084359
0.622115526697412	0.0115252421966419
7.96578270022872	-0.0457087498224893
3.30855195861981	-0.0318302475832486
1.95348799540836	-0.0235759250400176
7.68932506148306	-0.0377415592338557
10.204920811778	-0.0510480058394215
7.37144910732709	-0.0434239761189176
0.00979652762966858	-0.00146486850826694
4.67618065768992	-0.0346308721635191
3.90240960681669	-0.0302150148328216
5.51965484563113	-0.0412993110636537
0.295179930737	-0.00744362673638801
9.11400435116114	-0.0400951830780682
1.63888317131595	-0.0204012955352127
4.54725593744184	-0.0330996049856753
1.65779713651403	-0.0205456257981959
0.275479782769603	-0.00947564784619062
0.946592909601954	-0.0157578176361487
0.00413269153102297	0.00105267171073454
5.81685120462235	-0.0483455868783754
3.70219287989163	-0.0320460264671783
0.306633862193544	-0.0106095224866965
13.9835057014641	-0.0615850314471334
15.0947642183469	-0.0761909579494604
