R^2	beta
0.586013944977211	-0.00352639501903158
1.15903730928025	-0.00461990860100378
0.436645437417768	-0.00247118374615755
3.69751962396939	-0.00845305733264153
3.35592589193003	-0.00676908141167595
2.24285135761824	-0.00763916154755181
4.60717399815996	-0.00814421706225536
1.9049544952282	-0.00719109698318728
3.71589946070594	-0.00859936606650689
0.211448626260941	-0.00204371172876539
0.0251676595955175	-0.000736731161931088
2.22198124135354	-0.00661789335290536
10.0115912411153	-0.0173657855772567
1.43519282065808	-0.0052452899031344
0.414304543611659	-0.00299545289931029
0.470715814034323	0.00272395632624754
3.58894462335934	-0.00805548812465823
8.14708987016033	-0.0104565336509515
0.0837680991297948	-0.00122001433234371
5.11496796028191	-0.0115644331799885
0.93887979533072	-0.00362164019463647
6.40158526976741	-0.0129104447979668
0.162306335192696	0.00157120534935125
9.04161548575003	-0.0118499946101809
2.62642177470656	-0.00822772670317297
1.750439646539	-0.00569130845940254
2.03583038857215	-0.00617122484882079
0.37664738831484	-0.00321955409399772
0.610834754301007	-0.00350458732980634
0.68355928783466	-0.00382379109374972
0.671965612220208	0.00387894140513005
4.13164132269416	-0.00871555165240401
7.10781702463846	-0.0122275721926647
0.0378114735620647	-0.000925865007649554
1.50493088788747	-0.00633849773435041
0.670993842988738	-0.0043652646389315
5.2712872915991	-0.0111814009367627
0.0259344139388069	-0.000809233748259454
0.217665636264332	-0.00199048881502976
3.79059277215235	-0.00761624028972435
0.224418221807158	-0.00203153816660901
0.729040035223149	-0.00407878004514749
0.0178267138534083	-0.000620683772004346
0.740458733873069	-0.00364054169065289
14.9032084187246	-0.0158526619467033
3.837395077752	-0.00833739033778385
0.000191685063931355	-5.76702215479471e-05
0.374486435644987	0.00244815675994906
1.14962364384368	-0.00562061643795673
1.57762133688788	0.0061892200491051
2.83507157381064	-0.00800132232880922
0.132613388104842	0.00167199896041168
0.291734489443778	-0.00283085001770895
0.321003619163344	-0.00234877653571363
0.572861951335115	-0.00338526442446855
0.00265127764899649	-0.000231377350371173
2.38561554479339	-0.0059427345318241
3.46458064217072	-0.00770396541944791
0.0339311959039123	-0.00091358105915001
0.230539425202697	-0.0023700350113705
0.738385251734844	-0.00344124370352086
3.02513668835025	-0.00777896904189085
0.0091130221048741	-0.000478592175301556
2.9692934215535	-0.00748394884392824
2.84037944030144	-0.00693692871635053
2.6176503285301	-0.00711799309270706
0.595733431587623	-0.00422223341436998
0.3148792488985	0.00297396493294197
1.51297509651246	0.00540128796013345
0.00482644363989549	-0.000315007949293452
0.0121908435763656	0.000539541691605702
3.3248913209895	-0.0076516261847734
10.5403332306022	-0.0154388109427874
2.86019059206539	-0.00823635865596753
0.0439746185397232	0.000977225305225746
0.10696864516719	0.00150648728090613
2.12431524247787	-0.00664004406616703
0.41785831582296	0.0029541930640223
4.85454041540846	-0.0102372202669868
1.44068375825033	-0.00528726360784421
3.88376308037173	-0.00863332949667714
0.190229563935442	-0.00197031188002556
2.1905247284261	-0.00753113201862214
5.09230401131362	-0.0092592724928442
0.906587977621603	-0.00454398734143647
5.43505029685618	-0.010861754537019
2.36705084295803	-0.00790605053247974
3.66482380584997	-0.00892859479813647
3.77712197721582	-0.00957443696501027
2.14090872244839	-0.005051410848747
0.157306961456802	-0.0019935260487007
0.288958906420655	-0.00253057856250388
0.640991974224568	-0.00386649006098127
0.00746309630878927	-0.000438448859051322
3.46395050511357	-0.00783938335476237
0.208677635824987	-0.00175632458485703
2.04819065685882	-0.00661765911843239
1.24283487565397	-0.0048463122741385
0.252161667149657	-0.00224325186280033
2.87413958470348	-0.00716856826946924
6.10584370903717	-0.0120861562689544
3.81514932384394	-0.00841617479264008
1.17201407742149	-0.00521618858214866
0.346039030342967	-0.00257519903508781
0.184464835518417	-0.00174097861775122
1.44276153111786	-0.0064592730719178
0.564946975479025	-0.00328131588649944
1.01217969143988	-0.00472864418143551
2.65560849165661	-0.00630031079784201
1.09517018664359	-0.00481825312962033
0.419910070296648	-0.00300801467928038
0.642345165312164	-0.00344277823069631
0.327769196004153	-0.00234944034014816
1.66201962897323	-0.00569920314928809
3.72042234010585	-0.00924045476658313
1.62180271226771	-0.00553207139056091
2.53656519084734	-0.00806346766322087
4.95892441869316	-0.00850072649166387
1.60435028833178	-0.0057867305017027
0.014547338105342	0.000561642841109461
0.920492044065453	-0.00428131809692466
1.85065130073091	-0.00501219045485974
0.0707218098479698	-0.00104052785215885
0.674007155660647	-0.00422328715446692
6.12600566657816	-0.0109894451312843
6.00342826433695	-0.011535523860814
0.105414019672184	-0.00147622234260378
1.33882224363421	-0.00472916334039639
0.602242087785706	-0.00382306068170753
3.75082677047789	-0.00834365410839055
3.60271333826453	-0.00775262199382881
0.267298696864973	-0.00285573629304138
0.306372651233357	-0.00239479541431301
0.00182432229765028	0.000233392141586846
4.63110932824487	-0.00852520350355481
1.89587096279616	-0.00580410066975541
1.3627555458285	0.00483450579048581
3.35970140252519	-0.00784746025670887
3.36054899005906	-0.00824022453401144
2.36552930804396	-0.00752173167536863
0.135715981435732	0.00182025582107625
4.56912772642897	-0.0112679696778275
0.650815249772281	-0.00331624370433406
0.909206023170276	-0.0041865111948448
0.480751684786112	-0.00289097080204027
0.790867399056013	-0.00441801799694756
0.220908333465791	-0.0022850141270784
2.53856344409362	-0.00732038877076884
0.000851610146924555	0.000137563772325605
4.58267047507221	-0.0099484806809735
3.12006467336782	-0.0079503018090043
2.19299002127631	-0.0062897047721599
2.88027382981495	-0.00749234772217946
0.0120009245424522	0.000575893649523396
5.47554072773655	-0.00822187795029329
0.234409138550388	-0.0024199419505961
2.41054611888683	-0.00555152958418376
0.0388910445503552	-0.0010462887587034
0.00300835498614323	-0.00028455357239768
0.0390442695068873	-0.000734504564523025
0.463348606745999	-0.00286039425433554
3.63286816605442	-0.00932572919477369
1.93110683610129	-0.00676824930930495
5.52166829205986	-0.0103772062181355
1.22019841547429	-0.00434503396799798
0.0350502561826945	-0.00076804329662861
2.00925605585999	-0.0065530587493445
0.00311733422929012	-0.000292942537071246
0.00926713746188797	0.000436041754341158
6.17613766107892	-0.0118321178565897
1.26495894262091	-0.00557727904279714
3.29090280749064	-0.0087387385787011
5.51622298225804	-0.0101184560942354
5.59018339417381	-0.0114133970042791
0.120527415318314	0.0015708563870846
0.579584418149417	-0.00324048419007059
3.31828550753463	-0.00705790363396077
0.0421909168902495	-0.000905416054129637
3.6262439829759	-0.00800968451061385
4.23990065354818	-0.00939695060672517
14.8088081770259	-0.0169502621231
1.58752358351654	-0.00667365227681757
0.342725441322612	-0.00317909479724245
0.133223063755427	0.00205003372460144
0.424119921677479	-0.0033680560136102
5.89583837912365	-0.00869243430491255
1.41591112635046	-0.00613020632485528
0.11838093824187	0.00175098716892552
0.682592886570834	-0.0040024366526788
0.147321052113584	-0.00157700400466806
2.37912392231188	-0.00850517125148658
0.06334230866162	0.00118310909302687
2.51240058847842	-0.0064264966101266
2.50960111505985	-0.00616085427940489
0.487410920731556	0.00324441802575177
0.284348566544255	-0.00220573934830737
0.117822871629319	-0.0015687746606746
0.0215465936275945	0.000613612509724645
4.30791882467369	-0.00865102740700982
2.84219443709791	-0.0085609868087506
4.48412017787219	-0.0106634677586845
1.03572299327174	-0.00398889466290017
3.89478815202475e-05	-2.77883495490252e-05
8.04221557863704	-0.0129677504467749
0.0122243333318855	-0.00049066772867248
2.3527775284857	-0.00669202162153909
3.5416062385037	-0.00868135924000595
3.61363734641726	-0.00864613118237961
0.191391439353259	0.00193854911999949
0.00876316791711229	-0.000406738245451564
0.502152322480704	-0.00327038943255713
6.85514446701289	-0.0123095790151249
1.89450469092271	-0.00601043052159218
1.57459763865901	-0.00503412156643179
0.0299479444510328	-0.000749390368287143
13.3311128596211	-0.0192318167117096
1.89685466991663	-0.00577682531101865
0.532001566635175	-0.00324071334806668
2.09539341405991	-0.00659399108744685
0.00194302497221424	0.000184347215208664
1.41298868957281	-0.00560689461924541
3.59922608264554	-0.00802690648490526
0.244332719494416	-0.002095090885929
6.74616858526628	-0.0117755588659466
0.751106303627747	-0.00376914963040007
0.251847875129538	-0.00222272348038323
0.742863043078246	-0.00391327493837683
0.543072839045107	-0.00459952532934658
4.22005591070783	-0.00905099688556008
0.122822567089447	-0.00157535161538324
0.627582707379057	-0.00320871369980306
1.28801967696155	-0.00544422676205299
0.0200853088570751	0.000685644168349514
0.155732688530963	0.00188053032658176
0.904166055034725	-0.00559234767769284
0.541428124898851	-0.00236324394853667
2.2740546530045	-0.00665915043284481
0.087377950838283	-0.00142427543801917
0.0709903531232862	-0.00122684176727739
2.05042235171044	-0.00611174057100889
0.239407102848808	-0.00201687409102265
0.207070519273734	0.00202150489356153
1.11244876624206	-0.00474452785174547
1.05050453159041	-0.00395897737263564
3.20465172957156	-0.00812241200979295
3.32334672640374	-0.00802400492005499
1.50732783860844	-0.00582190943427285
0.476755290920347	-0.00297206079523463
3.96687740006063	-0.00951795363426521
8.82722351099673	-0.0129043783994282
0.570533151500224	-0.00378113602704736
1.2407765096002	-0.00595480866650726
0.199157658401437	-0.00185730252446576
1.03530952819588	-0.00435839110300561
9.51689459108459	-0.0124346041104736
3.60349629301186	-0.00835320924538681
0.235502013346336	-0.00233468031252325
0.84764244238016	0.00462721402066454
2.73226662177118	-0.00871925076306991
0.864000560609741	-0.00400731274526485
1.34113685003815	-0.0046428247962126
2.42980563901167	-0.00719552589616098
2.74631878381587	-0.00822282554482839
0.34430470056654	-0.00250647845232633
0.587160046822007	0.00362644295512929
0.27020757867155	-0.00194480785470834
2.42586092622879	-0.00677257688945249
0.0506567292276401	0.00107117328972612
1.82281795953515	-0.00710092440774453
0.926457532410234	-0.00577721489809014
0.00332378486871954	-0.000300807651613197
3.78384246882178	-0.00943113758283646
4.71384437530772	-0.0103968405198928
6.43426445804799	-0.0112102660932194
0.125352663839497	-0.00146446892068908
7.96845980781167	-0.0132177660483226
2.61993616400381	-0.00562452622679564
1.57000256342056	-0.00564608641094851
0.426237252595943	-0.00283919235958347
4.50539073527835	-0.00939622499117228
3.51013320869418	-0.0096759567964517
3.62410467206127	-0.00859448229311426
3.27601596559663	-0.00867811817847459
0.361904918967367	-0.00299611795420539
1.28490584446493	-0.00580754230424097
1.48362702965423	-0.00497074415227115
1.81237881348822	-0.00549924179539104
1.44084566755302	-0.00516260679611742
2.63113480540199	-0.00733732972684584
0.910561549570901	-0.00427848989359852
0.0484657427185116	-0.0010543064560869
0.346531821092917	-0.0024001810484264
2.32667152669278	-0.00664657534526871
0.0256517300509812	-0.000822414836566071
0.469636071933911	0.00358173562673292
1.33192896184036	-0.00445521369882325
5.02453252581041	-0.00949365634708644
5.44219922375829	-0.0105126615998784
0.357737255107697	-0.00287669958693503
1.41467974315738	-0.00525643734616341
0.142262867085072	0.00155630116907154
0.000230330931195658	7.33143781315198e-05
6.16796874595598	-0.0116721241307558
0.134845812779021	-0.00183380464944088
7.7855355653961	-0.0130011044208758
4.56122083451721	-0.00882302364378017
3.8794001644111	-0.00934953404632959
7.14714810177607	-0.0108978487021258
1.43066099950621	-0.00562974405531244
1.94510499879533	-0.00654310506976882
8.21585726865032	-0.0125909234093242
1.36410636779912	-0.00548102737425386
0.282802000688264	-0.00292599746610972
0.00206848980194358	-0.000210165500993535
0.452220810061659	-0.00308169989161252
0.211380189610818	-0.00237812644123276
5.51917173701741	-0.00879074008976331
0.316420486482867	-0.00311563623854486
1.70698291693547	-0.00571988286254983
3.59502616113141	-0.00887476289588062
4.5861906237304	-0.00946153883243763
0.173583047922589	0.0016315136504832
2.1384567453562	-0.00736864339420613
0.352327470512917	-0.0023152049211062
0.938976811196706	-0.00360534753415115
1.19508243841421	-0.00485128330600561
1.77259774799982	-0.0060080752446894
7.98690395764256	-0.0117935609448543
3.32393118408949	-0.00720140461543538
0.672250480508641	0.00390710675425284
0.0354386195763101	0.00106468295184017
7.30799288990105	-0.0127765074438925
0.106652402969413	-0.0015674195584994
0.959294833124448	-0.00526866275378391
5.34837518661535	-0.00813838038990839
0.20655410749932	-0.00249479396573498
0.0159647866271345	-0.000561344549613975
4.94227071350103	-0.0115428584527925
0.0889552465755011	0.00139233445900516
4.77483877559177	-0.0110338472675603
4.90533404218073	-0.007919052677252
0.0125466738143032	0.000528237448677142
0.750390988053516	-0.00372138032574019
1.82902356098082	-0.00632217849201689
2.33878731055393	-0.00726192312002016
1.96869127880104	-0.00694117830859662
2.47821085010733	-0.00685856566769174
0.364809291373523	-0.00295682859552784
1.71191676790637	-0.0059120659462421
0.875896050969422	-0.00330364439729242
2.53208044155064	-0.00719251500960717
0.00535280403307333	-0.000396519620464088
1.87355319326537	-0.00542177758046771
2.41863965309947	-0.00612179826655231
0.0602178108701498	0.00122756592032615
0.731555283415209	-0.00450532034049047
2.75561212314416	-0.00728245370810356
0.053203370961301	-0.00104671700330377
2.03863928304044	-0.00704316816301503
6.694306669809	-0.012142988254732
4.18052868537048	-0.00977017177387653
3.46590003501851	-0.00762628957365859
0.865523174181268	-0.00411909088957602
3.66986519552863	-0.00741424516595648
0.387430256875202	-0.00292705714555631
0.168529874437211	0.00176766334421392
1.35001431658207	-0.00583047605073346
3.63954954285978	-0.00975820291384073
0.481912470977124	-0.00395169509133901
2.15588172683014	-0.00683750795538646
4.00731185661362	-0.0106915235357657
2.37260679072734	-0.00711316957029495
3.10886717558982	-0.0090621053327122
2.03874712626431	-0.00625099627589478
2.70771137978648	-0.00689826515205443
6.31465849367077	-0.0110777166600393
8.32216048720828	-0.0151708900657894
2.82188600321784	-0.0072017819066862
1.08136070557568	-0.00433318958044214
10.08637276408	-0.0151066682680251
4.59982996858353	-0.0105450215651904
2.06467759202915	-0.00643485141517067
1.06868215805736	-0.00458907428355372
3.96253936679971	-0.00946183279862784
0.00542339555706856	0.00035642217775142
4.11636213264674	-0.00877693829035307
2.64898960790645	-0.00743840838863307
5.04708879059127	-0.0108799772116893
8.28462961717725	-0.0132189998069644
6.28941352410193	-0.0102566529921812
3.9823685817181	-0.01025416287178
2.31512925557709	-0.00650164807160566
3.01601884251873	-0.00688279453514941
3.64927852555151	-0.00927288212293547
1.92836143096795	-0.00575959603235718
0.462301180169125	-0.00371501112864757
2.90281496073402	-0.00872967345070991
7.71368231009189	-0.0112056521211324
3.89030485491617	-0.00753220638403131
1.39808120524289	-0.00543273633638877
7.42598169267251	-0.0107031621471189
1.03014008690186	-0.00460398885058607
0.092575367851582	0.00154254437120052
2.42202696053337	-0.00743023463476089
0.0562439732343902	0.00117492339836792
0.098573894970644	-0.00133277469659375
0.0901364267623471	0.00117034331059583
0.777126337830565	-0.00442259676054357
0.599984052584103	-0.00360857893234187
0.0522324766079818	-0.000922940306618943
1.98536847976105	-0.00608520137542138
0.706755003185066	0.00381645043321686
2.29189393230411	-0.00615112486007368
1.39141240246482	-0.00511403620481596
0.439910998291363	-0.00295295470137162
4.80456799536906	-0.0095725831049677
1.67231270681334	-0.00626993343653383
0.991483403599647	-0.005117018281041
0.522790900691375	-0.0029674244196513
1.6553883647603	-0.00583136841335682
1.19301001968674	-0.00470450467963613
0.0233570969412771	-0.000799617013942189
2.37588107081144	-0.00603615595937012
0.0508138085234043	0.000989553577620427
10.3773703196262	-0.0130055401321264
0.0623967634482224	-0.00116075755542376
0.433250171138329	0.00289475982641113
5.52196785465011	-0.0121971029746795
0.693472489782933	0.00439336232875788
0.478413408773947	-0.00331035717017816
0.000424262207106076	-0.000109665732713465
7.08919393195902	-0.0123744156542525
0.308387291774373	-0.00260959403953175
0.912637253491684	-0.00467688751353437
1.69246893610993	-0.00572747797512379
1.37028178116801	-0.00509853201092423
2.37685176352727	-0.00679465844105479
1.0294015935839	-0.00527331973450625
0.500440603413558	-0.00313482992088783
0.399375488461806	-0.00322497225021335
3.90478940043527	-0.00839899876867273
3.66563578187987	-0.00755520883049026
5.26988400487923	-0.0108987057382385
0.115068219335651	0.00164405608815223
0.131415042679277	0.00159644392659851
5.20254901697313	-0.0108843702198114
0.609945684603036	-0.00340013617608096
4.32689717894908	-0.0109361395988235
3.41887564760449	-0.00747068762625188
3.792364367391	-0.00903419622806779
3.28785764614664	-0.00828430560701009
3.06709575963598	-0.00841535356104129
0.633883645494885	-0.00379916663214458
8.36751038389828	-0.012735745977889
0.135389267875071	-0.00175482955181052
1.10429715315488	-0.00486498521136302
0.776115654842556	-0.00390016593798193
1.56629035820707	-0.0049970111044002
0.387702947148508	-0.00269154167467286
3.21561267404059	-0.00749675000250823
1.88555318649888	-0.00641051171597647
0.0119465394889798	0.000556860783315701
3.55077482558413	-0.00783703234818141
0.172494063079105	-0.00160433452578256
0.00474988508036087	-0.000292480711495008
1.74177894504958	-0.00578222911713718
2.11057699731256	-0.00666583518066139
0.0139349841022875	-0.000550684111844248
3.85844343127108	-0.00794720664842289
1.23491083008441	-0.00435574234824874
0.694987000390814	-0.00443627069291292
0.478464437347343	-0.00324907964779922
0.00165797079817425	0.000207417919971353
1.9816877478314	-0.00690333106985317
0.270105112073183	-0.00256433416977042
2.49667796733551	-0.00713630505626819
0.220805945805452	-0.00246653999124874
0.000401485556363757	-9.69100312299936e-05
0.230020959638924	-0.00158753172965287
1.04275627443801	-0.00463103339473308
0.202935995998901	-0.00207701467729957
2.91920509880641	-0.00717214209220192
2.91027104985112	-0.00846939726309066
1.01308262124612	-0.00447334822613352
1.02068489754005	-0.00464631633190799
0.799693410488772	-0.00386628556796686
3.72827770165056	-0.00941934920750837
6.32971840106015	-0.0107656926985977
0.366996814279944	-0.00234444306140852
0.000325305935629475	-8.11494874144701e-05
1.44932804727796	-0.00509355158705429
4.67230064419099	-0.00887163122236166
0.116839344437423	-0.001644311685482
1.21612947427892	-0.00464325715214748
0.415769343367379	-0.00314902175309523
3.42595399556037	-0.00834309771423067
1.91353367866237	-0.00724951424356085
6.54678192376417	-0.0117410626847343
0.00145449382462348	-0.000154225688127964
0.124925751370929	-0.00139108711196683
4.69505043042489	-0.00980068776399383
1.97443715010875	-0.0068389048148997
0.039649506143723	-0.000921171985673417
2.49148868000617	-0.00627653250651989
0.142765115598413	-0.00176717036402611
0.321349464702041	-0.0025033530571319
1.56694053212431	-0.00575735853904996
0.0692513009601276	0.00136117655327095
0.24593986092422	-0.0024665845951282
2.76810813462771	-0.0091857786934576
5.54679529418551	-0.0110891398367078
0.222565375018245	-0.0019519397911748
1.83155770347295	-0.00658717622774695
9.05340706474159	-0.0129676965646918
3.60489712366308	-0.0104709930050428
0.878124963724951	-0.00460522745929858
3.17616176488527	-0.00776870072041024
0.296032190071555	-0.00205865084993956
0.426413397965456	0.0036371463739428
3.24358077079015	-0.00820472991206826
3.73193064237322	-0.00960029702793568
0.561823251737121	-0.00355272739651719
0.978723254478815	-0.00426055430972005
0.540208412651389	-0.00378389345648629
0.176927806626287	-0.00200577983629995
0.01210844087138	0.000485751885129897
3.15493428391053	-0.00777796965877669
0.534595816222832	-0.00349341033641642
0.836350589729313	-0.00388148622886119
2.86320643204239	0.00887750481020856
1.06328498582889	-0.00443554677459183
3.29632949023289	-0.00790294247469127
0.424773030559118	-0.00269961624043968
10.0315480943953	-0.0133682956628477
2.26517611291406	-0.00702704763114705
4.09818053946553	-0.00755816741876791
0.00782166645600201	0.000460594505693957
2.33524010673988	-0.00696697428555763
8.61143485309817	-0.0125178592044342
5.3185242996266	-0.0107803593017522
6.1201913423737	-0.0124943102196129
7.02073880775151	-0.00959055831014195
0.269575390506644	-0.00226896885344524
7.72659459048686	-0.0126181153590306
0.484995034541269	-0.00296584228229543
1.2856317916994	-0.00450522389807385
1.83156212513032	-0.00641281541242541
6.92257225891301	-0.011462657376534
0.197988783399451	0.00185191946037715
0.163798146480377	-0.00157177245679434
0.00587144993182171	-0.000360876688217075
0.174988427867265	-0.00207642626752141
7.5176799260508	-0.0130009303298702
3.38893137619704	-0.00766428673031939
0.121051854561912	-0.00149670568893634
3.40220458091579	-0.00826574938837795
4.77939391417258	-0.010179147927914
1.51094466403244	-0.00498028764385946
0.12898419090679	-0.00150354367863135
0.98978410085321	-0.00393206641803956
5.7663596301018	-0.012527842400028
5.30319649297042	-0.0105918683020195
2.61649541991182	-0.00781405053427467
0.197024547371293	-0.00213559887018049
1.33891307431296	-0.00517722193866347
0.127658376415192	0.00174219423942956
0.206545013153437	0.00200834410631952
5.2327198554583	-0.0103000340589589
7.23777973180244	-0.0127745712770188
1.58447316412768	-0.00587847772500216
0.133868796992371	-0.00139302245121747
0.809078461277274	-0.00409560642350149
0.042746141098285	-0.00103413905063989
2.40860288998642	-0.00665796397503654
0.451538510848417	-0.0031956186518303
0.390074858432228	-0.0030108876758139
1.25702035001601	-0.00543022212756467
1.87704194596231	-0.0060981614138637
1.67532224686649	-0.00629831906984495
0.00959076175147643	0.000574671761969027
1.14328638055004	-0.0049242990063038
1.77208944269454	-0.00586363768897783
1.9455608133455	-0.00535904772565739
2.11107862446014	-0.0067161066678517
0.28855847236161	-0.00227167413861849
1.04388692623082	-0.00458133155783465
2.37857554959324	-0.00672648708593392
1.09127805245387	0.00443824513535384
4.81565138857193	-0.010630210476136
4.77518075703796	-0.0093207287067814
6.01341890770155	-0.0126091273823282
0.8309304650097	-0.00402472350504221
2.08580895655646	-0.00593902653934992
2.23842284858159	-0.00700196608659888
0.187846201225476	-0.00171113226083757
0.909465133330331	-0.00362705722659132
3.16449916647086	-0.00684941343548543
3.46450991760047	-0.00752595667062272
4.10443350785291	-0.00843190075333711
1.35756283251562	-0.00505688137344517
7.78380600710995	-0.0114322475297265
4.42183263176554	-0.00852517346288608
1.1491979875835	-0.00435566406426633
2.93327017863659	-0.00681705708397107
0.887016239455	-0.00463192066458515
0.358912192399691	-0.00250081666495871
0.728255365191857	0.00430639425727988
3.42319292707058	-0.00753241521266216
6.86907396469557	-0.0114367005061604
1.51843460956946	-0.00507730423644254
1.30080518684587	-0.00479182231697935
0.781217844651088	0.00434354997042957
2.36889911391919	-0.00644138932684151
5.8596132404956	-0.0101537070628565
0.384200176560596	-0.00240164026487613
0.0138805131802944	-0.000529008798667276
4.09678559103621	-0.0086688344562827
0.126353664346854	0.00151330407162205
0.160340058953282	-0.00150797934611141
0.786865425010534	-0.00414829226908177
1.67053225402213	-0.00628297453053953
0.00267971594713053	0.00023671220235978
0.519487173113366	-0.00271998562156208
0.000155722368875916	6.01473037946381e-05
0.153330085180422	-0.00147074038640251
1.78383712195548	-0.00573750545682543
6.99363719375198	-0.0133557319746048
1.07815109739509	-0.00499835241249565
0.0205714329167962	-0.000783456728475211
0.0777973119973832	-0.00123004160697903
5.14934209665928	-0.0106559007867662
0.446438797156658	-0.0032052330219387
0.571327225870948	-0.00329181955999074
1.09633865543674	0.00529394454382617
7.53860923045825	-0.0121666913965795
0.612338690612127	-0.00370564745087048
0.536947283427919	-0.00367755276579064
0.00720021587871132	-0.000383852840223691
0.600592168333186	0.00414985622597543
1.52207305113568	-0.0060980486009925
0.897952196468074	-0.00334445066987932
0.207456534716301	0.00230529256105884
0.77151616953782	-0.00409326106701551
2.76269435500394	-0.00804488855572854
0.971278419046231	-0.00399299938258405
2.84292380970424	-0.00817576064381786
9.0087699703192	-0.014110867984303
0.402015145632937	-0.00310721298473959
0.559338304382746	-0.00328565816750551
0.000131247606035785	4.82182342638195e-05
2.23198880193223	0.00728456306048584
0.0121535880432864	-0.000550333974202486
10.1054465162562	-0.015666234444473
2.75350589960038	-0.00742053203330696
4.19699115941406	-0.0081437974978482
0.0337849186571061	-0.000973111035886632
4.59313668163637	-0.00934150536428773
5.04053303866937	-0.00941756491539161
5.61703746112787	-0.00946881772129535
0.139059177083566	-0.00159685936090069
0.173977893936509	0.00161930111040553
0.561718404760848	-0.00335065955909361
0.0250566001157116	-0.00082234357257695
0.00109595294507854	0.000147131476720519
0.513076259671236	-0.00346067498382559
3.85694893113408	-0.00877175476837547
0.79864953383303	-0.00513636816765939
0.175633854156098	0.00215451434088033
2.84470825378528	-0.00630385674591332
2.08628457953185	-0.006915497180612
5.78012793525964	-0.0106883972609194
0.36792787776558	-0.00279266389456621
0.230161230253739	-0.00212645347252141
0.325734706139782	-0.00260108126105863
2.59010617669949	-0.00728020790146983
4.71371428489107	-0.0101269217263678
3.44034691847585	-0.00946743697937869
0.430664370358311	-0.00283718086109347
3.01782396443018	-0.00800846623727756
1.16365853475049	-0.0043080036772317
0.122459490081944	-0.00152514185454471
3.41829389115427	-0.00942180508550782
0.454773462788025	-0.00255746530287134
1.09184421121979	-0.00460487825820932
3.51409456284058	-0.008608382594927
6.95389685197498	-0.0124724359407688
2.58254602822611	-0.00750056284684004
0.352758883941176	-0.00235106137352412
2.60364259193443	-0.00754681138350848
0.832840566319246	-0.0045383028111851
0.415132211229974	-0.00285925267186273
1.36448316011938	-0.00483024431685419
0.238595436783681	-0.00207041933772773
3.28757004912098	-0.00787898254886434
7.53083209717565	-0.0113671897293982
1.63102163453598	-0.00644878963174261
0.703429483651437	0.00381476656795056
3.53029972481651	-0.00761008827965214
2.66669038593103	-0.00747665928188279
2.31383920548314	-0.00675726492217831
11.0526537988959	-0.013849363625629
0.354987880794874	0.00278429387760988
2.48472398088603	-0.00717941602725898
3.95412218910041	-0.00875993929967349
2.71638937942626	-0.007563514456071
5.25762075047635	-0.00903866951863511
1.70729204168451	-0.00640854587297741
0.866518876413076	-0.00347182235120155
1.41064745117784	-0.0052377624492878
1.78579475574615	-0.00581119584875106
0.310859264231297	0.00287569012038638
3.10497567852386	-0.00841346990324592
0.355842704474029	-0.00286469840347111
0.320554886054499	-0.00230028352788119
0.423542422580061	0.00272605998363881
1.06953655395069	-0.00405625685873671
0.452855958561772	-0.0025421322613004
0.025389708963916	-0.00068403024675096
0.634657936138361	-0.00357346609551149
0.0699887069062459	-0.000963087590816785
4.31779559396648	-0.00834132364558639
1.09454435353553	-0.00502840638191821
0.00145581621568438	-0.000153549897626967
0.135475288530406	0.00162375705921377
0.00664164231462716	0.000375338659490126
0.108360545489378	-0.00158973580916375
1.03103714705717	-0.00403204386141257
0.302091104251517	-0.00234939719042773
0.00252188710251266	-0.000242331946697414
1.44714822061392	-0.00474179728937461
1.48091430624963	-0.00479260410700082
4.88576609546917	-0.00997404084768303
4.97414160817647	-0.00981401105005422
0.185186934311416	-0.00202206883301338
0.284513092824113	-0.00265555821666899
1.33912298327942	-0.00552035003520044
0.0744223503977881	-0.00148770695281686
0.0522566114769705	-0.00108337342270383
1.05095839559036	-0.00432752306619056
2.986650819848	-0.00698893829487514
1.5166305048742	-0.00543210183268413
0.0325187350312277	-0.000778291620319424
1.05830219070675	-0.00461336972012261
0.258766905057272	-0.001978614373242
0.968537983941234	-0.00495717666348518
0.208850478979181	-0.00218987761024348
1.40848013961901	0.00664067669831385
0.022565482138845	0.000729357947444887
7.70277977799696	-0.0135414087232012
3.54991853187021	-0.00853853765155293
0.112711700976336	-0.00131402172315803
2.46458317271181	-0.00681673972489537
0.483891283464406	0.00307185647011613
0.65189703297393	0.0039886217507256
0.143362094828035	-0.00157215692942052
3.24587035307431	-0.00735553185055032
2.83473873459575	-0.00680385069240628
5.21542587921334	-0.0104291494020171
3.45912227856127	-0.00888027909375939
0.166362190784828	0.00176768221457673
3.89364083055048	-0.00947408211874529
0.78545220430938	-0.00376221544550597
3.66162130157133	-0.00848997046847583
0.21350519680381	0.00254944228791234
0.722222678136242	-0.00347712607540811
0.0530426567102191	-0.00112357226958326
8.10856519400699	-0.0127688156389748
0.651599859263384	-0.00329448957942314
6.76536945640604	-0.0112767422885534
1.64371600878881	-0.00629411624700946
1.64627118325188	-0.00564881128960612
0.40167565084561	-0.0029520963580964
0.961304171805347	-0.00426569941760942
2.22176567553175	-0.00747360466708867
5.45605601208573	-0.0087263327581018
0.0627968499811063	-0.00129475298843527
0.0563429384143568	0.00102579330811355
0.0200178755228732	-0.000805254124605503
0.0948840683562277	-0.00151655772208848
0.0186287040109263	-0.000587852184805397
0.665053018173916	-0.00367251612644362
0.275764144056436	-0.00249388905158161
5.2180888421194	-0.0103471084755664
1.07661632266216	-0.00447674592874398
0.0146236368059111	0.000493583933956065
4.88651305078276	-0.00933158039667069
1.40109679440357	-0.00618530654276416
3.27483348331664	-0.00828234520542798
5.17049692737108e-05	3.44939983042975e-05
4.0639690440883	-0.00838934260947443
1.6582718756495	-0.00535257045738546
0.791685918291527	-0.00402928370584193
0.690873467704663	-0.00403701176270621
0.29064753109549	-0.00236155044972562
2.60682893533596	-0.0065405004565678
3.78827524098196	-0.00839483006382043
3.45983579478204	-0.00827860865810344
1.05681079195758	-0.00399706249870868
1.15363545862418	-0.00478325482393792
1.77456791618901	-0.00569381562559953
6.05775461784855	-0.0105164165611544
0.0660222249361609	-0.00131488254008695
0.545706531811838	0.00370759601238785
0.172310708753986	-0.00166110119336071
3.4005365363548	-0.00884781229670517
5.94467644581636	-0.0130275901060535
2.31695734492968	-0.00679766634747046
2.15920765896369	-0.00769468788114496
0.382181041960812	0.00309069327339267
0.595672136423782	-0.00325174903904217
4.9738679123335	-0.00889607268268565
0.137353841202742	0.00173239355339944
0.150096462820246	-0.00210245157565997
0.102375579433892	-0.00148704454382278
4.7677293541186	-0.00909960886486163
3.1467901369292	-0.00889485828939479
0.164650810501505	-0.00200740613289769
0.24688003967465	0.00233720274366023
1.61774937673457	-0.00539692888373143
0.0370942858198432	0.00088120706174384
3.41943627825907	-0.00835418478239856
3.73897279181439	-0.0107474170918865
0.00685240184423427	-0.000379644013709671
0.0328246033886134	0.000832609965023212
0.581293048158539	-0.00338384508209461
0.597630476520356	-0.00344699473129511
0.746185561086831	-0.00375108001368526
0.0369185000215698	-0.000993735911286247
0.517639521674448	0.00312451995482842
3.58854582282181	-0.00901497622815477
4.12875500931312	-0.00925600275995756
14.8849952577112	-0.0177735413691038
0.94246983508631	-0.00447177002476819
0.73320533058746	0.00430804499847015
0.591217977191429	-0.00378246944448769
4.05644685823404	-0.00810619086008963
2.21065475271263	-0.00725004553409953
3.59260174338674	0.0103818165057056
4.60392364683183	-0.00859915621490234
3.13091915528367	-0.00821275167977655
1.53639588053206	-0.0061726282471493
3.33203968987511	-0.00712278968332704
0.695270824293052	-0.00343617008229735
0.315996750800518	-0.00253062192500126
0.0672173610596923	0.0011081903582084
4.52182572572183	-0.00886638495699451
0.395810936746417	-0.00355600387833791
0.53659850159884	-0.00339294317533005
1.28008382886373	-0.00549810984526101
2.31383159991226	-0.00780736170005747
1.49598350127463	-0.00629568111985126
7.78884362812122	-0.013716207263258
10.1708662274186	-0.0177010567598545
0.806445509659559	-0.00445940305574938
0.0050696760878356	0.000304945664501719
0.517510337347539	0.00298718276413915
0.526254126302609	-0.00305323763234105
2.77408680350182	-0.00698546038489711
3.58491323290242	-0.00810035538457869
3.88497684598782	-0.00811392842767929
0.154900567248597	-0.00193951396673064
2.88508221244897	-0.0083006256966881
0.900793563482672	-0.00436888150492199
0.306983576652518	0.0022934716313612
0.0356722852037361	-0.000890412341292463
6.40354783887543	-0.0103941510911236
0.590555460967467	-0.00328025063464451
0.882997718882548	-0.00404952774775762
0.0195263321307998	0.000684340881272126
3.60714385354229	-0.00766743223427059
3.6182653146536	-0.00805514608458087
2.02055277545825	-0.006616907808446
2.79448701859892	-0.00805350948632117
0.563369564343873	-0.00406613976285726
0.131755390608586	0.00176730659125017
5.32025974909589	-0.0101952084331086
0.227200263893315	-0.0018705969677226
0.00264411901437575	0.000256143325231879
1.63232102099399	-0.00586962322332113
0.552751064271295	-0.00351794920911241
7.05524523274116	-0.012319956961514
6.34168023973125	-0.0104963364795182
3.65402731999729	-0.00867350957604053
0.00735468034324487	0.000411759188238607
5.44881691199883	-0.00953733951527495
2.03754548106958	-0.00652238033101567
4.24769993527972	-0.00951989210688418
0.00282272829260103	0.000259456336886579
1.62136074075551	-0.00542415716016682
3.37824481118105	-0.00800520514080789
0.000129093193705485	-4.96909644382253e-05
0.604145241907157	-0.00329027264342575
3.88213093568336	-0.00819402004788052
0.112846243267335	-0.00143743346021508
0.230669030324271	-0.00249313858902553
0.000738513963991949	0.000130841173810598
0.0725716325272944	-0.0014304305981522
0.462184533967485	-0.00272930298459876
1.10302154985717	-0.00452755421024625
0.707561452758713	-0.00378711409715335
5.09010411207125	-0.00948070188124185
1.46865470449762	-0.00434225202733897
3.95464639636147	-0.00960262569997558
0.503653523325303	-0.0032034753278169
0.637946715042456	-0.00345037568778384
3.46738296180519	-0.00824528387253718
2.50036097678618	-0.00728394087663189
4.28684133078334	-0.00987840518189423
0.0270625667216562	-0.000758947881116734
0.03918970587627	-0.000832301352029239
4.19677320808478	-0.00986766660483315
0.37575410731392	-0.00303235350146988
1.17332333583865	-0.00508657313739108
0.179434216598342	-0.00165346159052718
6.52760845701838	-0.0126021994746924
2.89070171544292	-0.00808777066414678
0.927989467312152	-0.00442799558347135
0.00223743165973651	-0.000226609665024104
4.05497148232243	-0.00906316764790609
0.271180104672976	0.0026295850001728
0.134515072712832	0.00151015826852145
1.17012469508508	-0.00512868649951038
3.82083169140033	-0.0091396814631169
1.62610943513606	-0.00562072137505248
1.29059566871904	-0.00507239912371902
2.66286434516177	-0.00719433356958765
2.49946835239869	-0.00792881950521611
0.222834495926712	-0.00244058311520498
2.69985989388575	-0.00896103688590539
0.348654399892615	0.00246148712436773
0.00223512308739155	-0.000206193473049682
3.5012131303238	-0.00805982247046211
2.85913943477298	-0.00701744025577888
3.19438205920556	-0.00827445887412715
2.03089619599765	-0.00685111202951141
0.00986598395769809	-0.00045066322643869
1.32565404177941	-0.00573784661298853
1.08835791820285	-0.004283644993035
9.93401472178596	-0.0136009118135425
3.5470890507553	-0.00720250964354432
0.00942084764243301	-0.000453529486964231
2.46899870425997	-0.00634382545295432
1.11090800115692	-0.00471991335516574
0.765914195026778	-0.00449598249501368
5.99315458964306	-0.00972486554869017
1.64227849178629	-0.00469749336985548
2.05002211594883	-0.00629970154057498
5.48405043388801	-0.0107985389087006
1.6184913469532	-0.00560398829509853
2.58947765559966	-0.00834150668430028
3.4777500128849	-0.00768689444130933
9.64988750482129	-0.0163918849626729
0.474822921260821	-0.00300228845053928
0.62291159380815	0.00363467005248732
4.95553548974525	-0.0106457622883676
2.2367419025758	-0.00641499929211629
2.14170943765108	-0.00625589442300732
0.164066894466795	-0.00181498975785597
2.88711685390007	-0.00764294825979507
1.98671621565237	-0.00637794278140112
3.93535064714174	-0.00829711770155011
0.10210660864911	0.00153953856068092
7.88080354084147	-0.0143275095459316
0.445303052473446	-0.00268538512801758
4.84374171014218	-0.00909558294104012
0.522881950616655	-0.0036164104740979
5.08499531690688	-0.00933352700049607
1.75226405502549	-0.00621319142740696
9.28633209930586	-0.0110985518437875
0.0108456598533685	-0.00046134309490747
0.312996773651747	-0.00232606121367923
0.143339959044317	-0.00170595538149357
2.13514142988818	-0.00628357338562253
5.45963644759012	-0.00872494319479852
5.31825673081064	-0.0103681158832413
1.4524122317201	-0.00490885200795209
1.39853769893004	-0.00566656807470257
0.0123265336238748	0.000492449271654678
0.0719009588183648	0.00124253980552128
1.14248357783026	-0.00586789035993576
2.95462010381866	-0.0072808607031214
0.89244809022666	-0.00455107665682293
0.873533690908261	-0.00452164667881998
1.03879169138527	-0.0048060680338909
0.213539840101561	0.00223985888715388
0.726377464491133	-0.00422230331580529
3.24067959894782	-0.00787324191784584
1.02312527510664	-0.00433574352097402
0.180515367232791	0.00246961193666372
3.11242870563703	-0.00830810077999249
1.6516122317757	-0.0060037876023939
1.6574534134678	-0.00542705310444979
3.76373714060654	-0.00799675602937239
0.329885858559659	-0.00239486730140409
0.6712600581486	-0.0038143002430297
4.7443807016926	-0.00886911180751437
0.198186991674667	-0.00209300998137182
1.90902719651959	-0.00663931760657159
1.97601501374985	0.00673077555177978
0.346206518859473	-0.00270673632058414
