R^2	beta
0.231514795716749	0.00408226729877457
0.48660964880567	-0.00722110422921502
1.00325039944892	0.00889630205376694
0.903265701222354	-0.00893443862086525
0.286180229708032	-0.00560122409083027
3.98001445863146	0.0199743800293282
0.00116243048301355	-0.000285506282755113
0.631667103050833	0.00654694734987604
0.607742872114617	0.00634750403127444
0.0939274063194142	0.00271679678976398
0.0544421570913212	-0.00162184169947695
0.328966216225451	0.0065770263154846
0.859811796766785	-0.0089700768482612
0.106537208933021	-0.00314692788888982
1.43978669226878	0.011602106328722
1.03226782209062	-0.00879920106450216
0.133159991728712	-0.00341841428345496
0.606440932568398	-0.00644278093661906
0.0058597886311906	-0.000831390980205516
0.0158504708490454	0.00117376170301302
0.469905672482689	-0.005257164236256
0.144856198807529	0.00354607368828421
0.275777136595131	0.00405486433455778
0.556608303305928	-0.00665408434020697
0.0397593912193997	0.00168005103278344
0.0499201142309574	0.00216356223497202
0.142937578423121	-0.00355892238191041
1.46725620077488	-0.0102777436748815
0.0316258815750216	-0.00191435811819815
0.0864894670990041	0.00289112459552858
0.0261206710532461	0.00154821480013686
0.0277619661962243	0.00153446562761358
0.624424847870063	0.0073101950384719
0.139728937382252	-0.0041095530122916
1.950996356277	0.016298062382212
0.411978808105258	-0.00645064213231139
0.454857701923298	-0.00537768875077327
0.86525210688712	0.0102750722854034
0.425637387730215	0.00739971252159007
0.0107709073737931	-0.0010165197431953
0.436575736243943	0.00661266250882243
1.74263637654542	-0.0126991354175232
1.52672023373263	-0.0109225672692417
0.101251359253244	-0.00284386809238168
0.11801863979872	0.00333702496983059
0.238350473597124	-0.0046542186240861
0.948685056312603	0.00961364175947573
0.0435487224387104	-0.00199552002417203
0.196434784651951	0.00372399778941031
0.0340342183408191	0.00150025856858041
0.0283569033120974	0.0015717610122523
0.0692509505866165	0.00237525068221269
0.7491282465346	0.00829189871787196
1.01014404780876	-0.00985048054819905
0.0185090173914962	-0.00119333640500333
0.64148676511302	0.00836527113569728
0.0978925329044242	0.00342314149703713
0.254691675467104	0.0047376501771872
0.164717411606691	-0.00378924685448354
0.780189239352333	-0.00971061643387531
0.621222663480377	-0.00778456156566158
0.515468166292112	-0.00621307915481896
0.16518204943492	0.00395443505475413
1.00972368762353	-0.00996537299704876
0.424302521986647	0.00644620758707588
1.23690633375217	-0.0114509455818145
2.45217016464266	-0.0141545894726883
0.15783363745084	-0.00307521085207476
0.0972111935818099	-0.00326357760958406
0.211584691673439	0.00455761952388201
1.19749941611654	0.0117151441839695
0.0183090370820644	0.0011152417613001
0.517764062756057	0.00629050855340316
0.57178646498139	0.00684224653648495
1.58310383973621	-0.011479380375706
0.32652584746357	0.00558516035408464
4.30988235711457	0.0192479051805517
0.398164670252638	0.00652446912313656
0.126705542217216	-0.00359502654663386
6.31129118389886	-0.0235775762429926
0.143205174839487	0.00399521165564885
2.8330160542971	0.0183568105996623
1.5055538687025	-0.0132130506215919
0.115435114350908	0.00328882824877578
2.00800886679754	0.0119119647658194
1.41283806503855	-0.011207132021062
0.0814350604980389	-0.00208674524218642
4.32336963480898	0.0199347066899484
0.445688382527316	0.00594976979268078
2.38794201534171	0.0150191820331554
3.10067368419636	-0.0149290066747476
1.40720582238223	0.0100805702425456
0.52137395093658	0.00675581781071701
1.17872675957367	0.0093770476139504
0.0673004195454071	0.00284943251550845
0.293498920441164	0.00475257838799163
0.455380019342895	0.00762215584531736
0.111151023492861	-0.00285506279072581
1.91569782665729	0.0117176665177092
0.0192597720264188	0.00126682092711411
0.587093856175229	0.00780732799849838
2.32386058919356	0.0152702022380192
0.907031520206864	-0.0072205800306427
3.76920585217568	-0.018637284959193
0.000250354095441274	0.000140846541885297
1.04414715949816	0.00965583959699036
0.14868348572526	0.00360598353706001
0.259629585908046	-0.0046086502903193
0.73684271643641	-0.00865545134192655
0.0871298669963588	0.00266088697604034
0.154207176195282	-0.00361730775430446
3.0355068239668	-0.0163961634973591
0.0349793123084152	0.00184914428432673
0.425089114059315	-0.00637388422610117
0.787280168971877	-0.0070068783192198
1.24402573716439	0.0103533977014147
0.000918076642616745	0.000288831335033769
3.00154846146626	-0.0165772556151532
7.28740096839767	0.026397287421024
0.498382334686727	-0.00637740186783609
1.18634582485023	-0.0109762024354508
0.184565975285637	-0.00454568675566468
0.17380550391388	-0.00426849559564607
1.26011441310169	0.0101330348045547
0.203221033080636	0.00428196983196246
1.86580631009623	-0.0101771633313542
0.435910034082996	0.00765307892774801
0.900354557651153	0.00974916102954942
0.00243411723065415	0.000493688474007918
1.0633853151932	-0.0097686209101714
1.39453912958262	0.0130851383117151
0.595835478983224	-0.00586358612259076
1.3331649835539	0.0111492525102949
0.61176504499295	0.00855801718505818
0.554323956239845	-0.00827426440124184
2.49900169079559	-0.0178877676247005
0.457675657045017	-0.00652776561278099
0.994407045646184	-0.00958284555776735
0.0263669910511561	-0.00151923748272511
0.892196536025693	-0.00798133338083956
0.0210548565254509	0.00150514924520877
0.241908682013042	0.00464221348594754
0.147781181752903	-0.00354744878916023
2.94893266905521	-0.0189238570025345
1.77501704051017e-05	4.12359905767871e-05
0.0282506640010886	0.00152062534667488
2.26862339088691	-0.0146406038094951
0.000576562186857926	-0.000201244081255203
0.0501529150458391	-0.00211105112127267
0.00361495868530358	0.000525319618073814
0.00160395148869419	-0.000358132651074503
1.24894546622351	0.0108991993654497
1.04448807017397	-0.00882646659389099
11.2042240126945	0.0326078827500761
0.259481042660839	0.00493876151292046
0.00259641131990281	-0.000501199101804529
0.498059081395227	-0.00669603953661326
0.035914179476675	0.00171540050307522
0.952005102848962	0.00956193164270648
0.283568617733921	-0.00531007280570217
0.894658367928587	-0.0074388479608121
0.0040898115529233	0.000605852032388823
0.38616665820343	0.00546011513815979
0.364229739701177	0.0056141867852073
0.0153919769401675	0.00137665814944152
0.550766284173746	-0.00637650286778057
0.0147191265047845	0.00132748752869117
0.149478027189514	-0.00413332824408595
0.295588271536068	0.00410598384344323
0.0772072988664196	0.0026149225243679
2.52396254093579	-0.0153265864420566
1.60736122435415	0.0118393540406779
9.19269696840433	-0.0367000269405331
2.96335993387153	-0.0143412235159959
0.825787228641767	0.00874470340755334
2.25490831594002	-0.0156717497856843
0.615850207670139	0.00698675685853042
1.1643964246674	-0.0110098713173544
0.513215820237023	-0.00624657474813524
1.91479474593836	-0.0133869868903589
0.378147958888439	0.00557524730104907
2.42936979705757	0.0149521536197657
0.831590229479901	-0.00761601961665409
0.437162086604976	0.00535553228258562
0.518132368898001	0.00665353203277055
2.22741459971777	-0.0152054699177137
0.251457442753776	-0.00468755862329926
0.9953765226632	-0.0118399687413503
0.00171349196497722	0.000387588017817209
0.905050718967758	-0.00933771671036262
0.085209988211242	-0.00350017559026378
1.13953632152275	-0.00903705256096807
0.761846765136924	0.00786017751140159
0.819937854374975	-0.00814205216028903
0.0336679632043378	-0.00145008361454537
0.388260666028951	-0.00610779767760239
0.817945141615854	0.00789567850431734
0.769529887179076	0.00865395030625684
0.712242267425224	0.00836048519972662
0.426239598860652	-0.00639069628696635
2.37382338954531	-0.0124495873229899
0.549476136222253	-0.00694257949227959
0.0153630564462639	0.00109738945545076
0.667178864500704	-0.00797738881626626
2.57745368809694	0.0166235189967069
0.0232093598853982	-0.00125431571194793
5.51739212883559	0.020880123817043
0.0153110881739275	-0.00113210193188861
0.617753762118942	0.00762771042389755
0.000208824354916475	-0.000173396271276485
0.50280873305434	-0.00686255480730457
0.0766502642744799	0.0026608782238835
0.223780876238545	0.0045550003033186
5.23933578711626	0.0213850545301199
0.750090293244079	-0.00795187152543064
0.376057186135206	0.00550537207420343
0.263881518443497	0.00463006056994479
3.03658573544062	-0.0170581833532981
0.450996680234745	0.00648242092664276
0.101547189842913	-0.00319759907994202
0.00351540098682321	0.000546013750463303
0.00564565068463115	-0.000718335736678649
0.876207547888	-0.00932161536948257
0.19615460760167	-0.0040418416566383
0.587360693983115	0.00806691231033872
1.76099077126813	0.011955311159351
3.10159072957354	-0.0169854625599616
0.267152576045842	-0.0041842370275731
2.2742869896841	0.0146950556401527
0.145321718470713	-0.00362819811004521
0.224736112042204	-0.00421490788375146
0.130317124814095	-0.00379825852566596
0.0300353039723532	0.00135925774567277
7.66681383412891	0.0225154355835727
0.016616091455426	0.00127329848916448
0.429596862297784	-0.00606288052825236
2.73023680770041	0.013790390642761
0.870545076444447	-0.00750541684372098
2.32979872015563	-0.01297602686717
1.59127855403919	-0.0124401364484038
0.479581306121635	0.00691545831488234
5.31928941903593	0.0205129160510553
2.53800462262899e-06	1.63249387293022e-05
2.65891047314422	0.0194909463970084
3.64456046258285	-0.0170825309996336
0.0602028753445717	-0.00221440212579928
0.0845554797609113	0.00291443267656004
0.036317405058086	0.00178576269692032
0.373215696249225	-0.00601653269001394
0.0084066422848205	0.00096618181419237
0.588254364622425	-0.00744832879980148
0.27639762131017	0.00515076539727111
2.30251380861063	-0.0165176287617028
0.259494868328793	0.00475947777289962
3.58422070672275	0.0177620525076564
0.0170449070408318	0.00128812393407986
1.95939224482315	-0.0131065405499975
1.71320272654097	0.0119018151651795
1.42771170998987	0.00983875011832092
0.27554850069673	0.00518552302282618
0.453278320894274	0.00794114635504762
0.0570585489728701	0.00194614306183722
0.318057501175926	0.00488165411827185
0.00604864235759693	-0.000732476981473624
0.767012791731257	-0.00781912371961644
0.00367662811330389	-0.000593768312174714
0.0890758465446116	0.00265764796172147
0.416355520300501	-0.00609833580714574
3.14539435745136	-0.0159928518724833
0.254323007774803	0.00490065564906875
0.702216029599197	0.00716353695808662
0.732873819926773	0.00827795905318694
0.492575674767451	-0.00617943926402426
0.00101529593103196	-0.000327687840611467
1.06907900445187	0.00978471344319892
0.99147301647296	-0.00941917442428842
0.579356956706167	-0.00792230808579015
0.148570322135275	0.0039973863584582
0.55837229076761	-0.00856061023008129
0.928617088984631	-0.00987409947512085
0.0288108788633543	0.00178623185837537
0.885435795705655	0.00843794347132527
0.50510475876038	0.00679533861057956
5.04878409824216	-0.0205178340714327
0.639967477852133	-0.0070260304752527
0.265444358410148	-0.00573143280077725
0.259453106925583	0.00540565880284708
7.03782058782589e-05	-7.9986556540089e-05
0.207392738642992	0.00390464742203438
0.195261733310516	0.00375380471908916
0.0765368901451137	0.00228045489551426
3.31840459786226	0.0181936087753555
0.195811473520307	0.00474020702804114
0.00479363493510182	0.000693211551123332
0.504960820521739	0.00726091655835133
0.0592144553803731	0.00219996659005741
0.803182083507365	-0.00872972608510269
0.0499919730387623	0.00210844602608317
0.202741295005747	0.00436475459449781
0.510772249814131	-0.00693173207454525
0.761420648763813	-0.00865632764389745
0.544179678966275	0.00556352564723676
0.0707405010719278	-0.00292707279671268
0.558864590246208	-0.00726149149991692
4.40904018291095	-0.0189867905907077
1.36273224231887	0.0136561900166827
0.918892668163571	-0.011126699098429
0.706081491848413	0.0088076172720778
0.000525890861840869	-0.000212015656203315
0.00125059083002693	0.000377343528255553
0.101292072574051	-0.00225483721523077
0.0695573247972841	0.00220442019155422
0.0387710001822044	0.00185802609332925
0.417865653400262	-0.0058679937621949
0.0165739762548465	-0.00112641494298558
0.0820708001155386	0.00265550904998419
1.1900729946226	-0.0108533432921798
2.40725132421452	0.0129208482798904
0.253709672900504	-0.00527372053441016
0.609032221809711	0.00674299228647604
0.53596086944441	0.00741826961582889
1.1114460985677	0.0101569402239698
1.37651476647574	0.0104185784908015
0.0152026614506998	-0.00135990013799467
2.35432624011491	0.0151497871921752
3.03799762512723	0.0162193382493773
5.86597963234693	-0.0264987296471634
0.670796634648232	0.00908577531053439
0.738606020035897	-0.00899223208145051
0.143596627918818	0.00376116956895298
0.0133514181946112	0.00118104366311796
0.286956514639407	-0.0053962877326818
0.364030718030849	0.00565875161397896
0.631465991433744	-0.0069607219891371
1.46134088405305	-0.0094448476374288
0.76342103286641	-0.00798202231358971
0.317157109451566	-0.00598371152893823
0.244697591050512	-0.00508644251891265
0.0685109286366675	0.00219884552069148
0.172188139543962	-0.0036932222494654
0.140385232863588	0.00324508142260732
0.673833481127779	-0.00703482269186126
1.49380917586644	-0.0119045986241386
1.6753645809075	-0.0132017178267167
0.0544432296654506	-0.00226639751981141
2.43602020919313	-0.0154002978421816
0.0543701581550335	-0.00190771209066005
1.10843604589978	0.0108137953070507
3.98972909313805	-0.0207888024306422
0.00894667203700336	-0.000953777250647043
1.98278632502983	0.0147761568321672
0.155325702139856	0.00274299121306462
0.816053589725072	-0.00833278551710805
0.0681736358441181	-0.00286795132720214
0.035113984297197	-0.0019282557572319
0.747553578745822	0.00818247268835228
0.292559873952792	0.00569630313647827
0.183780357912924	0.00402093856363423
0.0052574479057727	-0.000629038596902511
0.204629473721309	0.004468369238682
1.31242642702575	0.0111606987714375
0.228772161710921	-0.00416360246210494
1.83195158982006	0.0122907610651976
0.286586450126727	-0.00493952248494167
0.381692252068371	-0.00558478561490999
3.45265719416841	0.0187778170200803
0.280469358647925	-0.00501994078284161
0.191904967545796	-0.00392485598981092
0.871971269706538	0.0111934028310985
6.1875537174598	-0.0241093591992386
0.136883632823917	-0.00319861983481347
1.51384955464764	0.0125374565156858
0.0405235707353295	-0.00173854946892583
0.118151343950301	-0.00313569180206848
0.477512806369076	0.00655457133762277
0.835492371716827	-0.00880167948371421
2.94888190771681	-0.0142779209715232
0.0769178829995994	-0.00231520037857381
0.0089680693145042	-0.000965002399533489
1.18422254659539	0.0101431030601823
0.857795559932566	0.00841031886077956
0.170897899571488	-0.00393969833594948
0.957769111995881	0.00840104233050514
2.14397486996123e-05	-3.95520020375317e-05
2.64245484624452	-0.0149427107433187
1.5983902718039	0.0117882400912509
0.157456790452617	0.00363009992006935
0.607123543822366	-0.00714221945520532
2.26102575142566	-0.0126821809567433
0.0459700255842213	-0.00187538613514802
2.08881957275024	-0.0134093652152165
0.749071299777373	-0.00748842256467166
0.144855136761885	0.00360062856736702
2.53257977049998	0.0180542526697021
0.0427319332704066	-0.00202308783657792
1.42676509771296	-0.0102803374284672
0.00220038758225946	-0.000461626413252222
1.52188021172559	0.0103075301525159
1.86139206677452	-0.0141653338940117
0.808221668676953	-0.00896475702223064
0.254268979725922	-0.00456302822744728
0.0369792069385526	-0.00196559048631729
0.0414236270679438	-0.00207415096789123
0.303212746115765	-0.00479924758608384
0.0173088026341454	-0.00115830832082232
3.64354202309354	0.0191437750322797
0.102357092000256	0.00300538262649015
0.0315682786695445	-0.00147929253727394
0.870132752634602	0.0105092621908221
0.739797234970541	-0.00960119568300135
0.34366448061309	0.00557583193830257
0.00547826502470223	-0.000887975161084482
0.122994071959899	-0.00342055185814518
0.52996679983208	0.0070929865880199
0.208429096814228	-0.00454202449979977
0.22440533979443	-0.00490355787794803
5.29411491100243e-05	-5.62441080496033e-05
1.78799298530943	0.0133800052475944
0.477667697068444	-0.00567521952753293
0.671762753394596	0.00692041213011745
0.467610231061921	0.00759268673724049
0.111797197901486	-0.00343933163108511
0.0463553756517944	0.00192003720819539
1.40148821357165	-0.0130421328730535
0.482043088583739	0.00778877364785004
0.259627672955542	0.00462525726156888
0.770816228478346	-0.00842859890018471
3.13028109711426	-0.0162668191620093
1.38887657443025	-0.00894239311186319
0.108133111929854	-0.00310535880662884
0.0487741401058901	0.0019867054225115
1.79839531591342	-0.0106034507943965
0.930945113747302	-0.0067869377879791
0.247709134963339	-0.00467377923125942
0.495779900840988	-0.00601006224266724
0.251050515252589	0.00541343376634799
0.937469658324708	-0.00987794996317602
0.411572717019271	-0.0064324568592582
0.925224222079921	-0.00977923667265596
1.09885543972751	-0.010399415440194
0.377157560287095	0.00644250691229304
0.240430919548627	-0.00456046179770363
1.44332476700506	0.0133192998673006
2.55326130115816	0.0149906512111877
3.4582278246831	0.0179445629223569
0.309798898533604	-0.00526185874241522
0.121736724615671	-0.00300105034842972
0.959395161014076	0.0100381842433221
0.253752137740581	-0.00428824207831248
0.000552474574974552	0.000264372506610414
1.4992322212517e-06	1.07017328973901e-05
1.29210924457674	0.012884933161719
2.87128099255777	-0.0192616417594956
1.24072777220989	0.0124610988403415
1.00913382166555	-0.00910503745935753
0.239190793312575	0.00546604540978858
0.453691969347079	0.00620150570783988
0.365953923159161	-0.00638045850594327
0.0640360041022668	-0.00273125275625327
1.56101446226843	-0.0147418311851504
8.18404044938412e-05	8.17851751184506e-05
0.53772456700112	0.00738090234126927
0.00140655052877751	0.000451425223278355
0.189327484002003	-0.00451959785868527
0.618888329461556	0.00736476653876024
0.120321335871448	0.00341532888080891
0.272135032828767	-0.00498110333280778
0.0954791928185103	-0.00342452855197744
0.371406621840069	0.00595679684246545
0.878452370984261	0.00841424486604593
1.2442643311668	-0.00899770063756733
0.141254213538941	0.00390544912455789
0.0307808533402132	-0.00199806129873876
4.865442315935	-0.0204867464036995
3.87690654611116	0.0251189786691635
0.290240965516	-0.00585532568709122
0.115894127081165	0.00332053458336414
3.16907558962509	0.0154337694129309
0.170693335346423	-0.00420341295292198
1.02552092218699	-0.00936330241723539
0.939698872540874	0.0102258863725558
0.96376534382717	-0.0110550464830275
0.150945821504011	-0.00360394172692738
0.13897617741569	-0.00319129923693826
2.97064567486314	0.0167702188812811
0.142062565673251	0.00398340707930596
2.89121857789659	-0.0154821968699492
0.00399881045285089	0.000569208046402195
0.192569790425805	-0.00386558290812554
0.855134505336204	0.010842855507365
0.058213389308353	0.00233456529568531
4.23823076339147	0.0192464421091013
1.72310367270095	-0.0133288528869759
0.106776323320435	-0.00303443581788246
7.6868975329706	-0.0326145391535721
3.61739936856247	0.019856118815871
0.0568046363190716	-0.00247106247997658
0.0348896434394238	-0.00178395108613917
0.0246791260901247	0.00173444857586469
0.0230695798330259	-0.00148440345737673
1.21183451679806	-0.00864546641728087
0.698985070536609	-0.00857477860174683
1.26606726803731	0.0097406879706177
0.580439631732095	-0.00704101900417466
0.722931592106438	-0.00840364617169812
0.0036200200228105	-0.000446594116909713
0.224008438783369	0.00450542101023676
0.019272245063103	0.00128171570957714
2.23416577901301	0.0150229489476432
0.571120872091909	-0.0071888192910171
0.815909338333881	-0.00843771088072863
6.26486104714957	0.0202080208181294
0.144168256429124	0.00385231803451737
1.91485651240495	-0.00992484608752827
0.0636293677653441	0.00273313168909013
1.13493306758152	0.00965952866111386
0.0213433927821877	-0.00142037764163827
0.00426216553178258	0.000754338931929883
1.53348200037415	-0.0136316745203951
0.000880454515732151	-0.000279524447518454
0.16721534963584	-0.00476470928264353
8.32096724187951	0.0359259872744354
1.32576966049208	0.0112244238835915
0.268706715322773	-0.00482087991227994
1.98976238470575	-0.0138907518361377
0.356635799053771	-0.00581927849716622
0.0798348275567094	0.00304624248129292
1.6245395097984	0.0118063804363176
3.19809487629828e-05	5.95152885695729e-05
1.87926508975159	-0.0117368343652689
0.278243841963627	-0.00539757051548118
0.245165325410312	0.00427831299043792
1.80520571010378	-0.0114044576440446
0.277695309391809	-0.00537613308143167
3.85801854610967	-0.0158203737533081
0.0293975323086269	-0.00155868193327853
0.00887938198436127	0.00102211630658522
0.90335434701754	0.00957270354445086
0.876044317580581	0.00926581358498862
0.0273806209024618	0.00188535233738616
3.37719428993899	-0.0168909319081201
0.123808319978062	-0.00308134386789169
0.207407622910767	0.00419616923808678
0.41310586794101	0.00528933190068174
0.851229194412722	0.00847540575140568
0.0320082331424146	-0.00163778526810128
1.34013696896081	0.0109056307122129
0.16812302643494	-0.00441168788926436
1.15753828145286	-0.0107607455247865
3.14517535019649	-0.0154545189987429
0.171319654182679	0.00395802493746109
5.16996793852448	-0.0207771392488419
0.0824190238221672	-0.00280835276564567
0.00305191827775813	0.000572385772085197
0.236618844369535	0.00439750932201455
0.00137034301568533	-0.000262380948287618
0.00710857913579705	-0.000834913816025023
0.0039530751352371	-0.000685184428198135
0.67633202259922	-0.00871475856745248
0.500526814492546	-0.00632714908636307
0.354675652573037	0.00598716746130374
0.299351449345745	-0.00584024527866373
1.27202347009071	-0.00984628155314271
0.135852094726984	-0.00383488457781174
0.453072740700472	0.00691965098596295
0.0271205468980291	0.0016838365476231
0.00131892598621186	-0.000381436709277366
0.208434177648607	-0.00352964241633539
0.623253942509378	-0.00726724358361668
1.17291876773466	-0.0108488383779436
0.406755798943556	0.00558965238060791
4.36220805454238	0.0209024343783291
0.0281728081206661	-0.00157587806752845
3.48284666071154	-0.0192230450077852
0.908744612989782	-0.010059905905001
0.274376271744831	0.00532896698041584
0.607363730283584	-0.0079013307041275
0.415753916975829	0.00546796322812625
0.157730370799983	0.00391563169777407
1.41176045793157	-0.0128452697347682
0.00409752076242023	0.000643371679714355
0.279722533971715	0.00495132448205897
0.524297132437884	-0.00835173404337712
0.158434126867588	-0.00443753332716795
0.422745332127929	0.00621903986416389
1.4957449293879	0.0116960392577799
0.663899240564225	-0.00714876581938356
3.33936319416993	0.018004589669253
0.00484528126720896	0.000630060092417681
0.955761433849196	0.00904771628942112
1.87677325185254	0.011621237357402
0.0760381948767262	-0.00262025545851402
3.85272096233687	-0.0204546036092516
0.00301827384631622	0.000418901909363326
0.0473735397398644	0.00182621387854172
1.0835058844851	-0.00842987827335309
1.47517695518254	0.0112018542310484
0.322748582082231	-0.00461505187618305
0.0227842084245531	0.0013318190187618
0.659372955694909	-0.00826310962465635
0.00184839887609037	0.000432480974888307
0.0628726310307356	0.00242665073363094
1.27475181281567	0.0104156077112416
0.756180707707365	-0.00800363654944597
0.058282320061347	-0.00215458230645511
0.325593607915585	-0.00521547213532567
0.221039508957204	0.0040638689229401
0.583673892046467	-0.00663579549547241
0.393469395432138	0.0069553629123197
0.00812719343968839	-0.000962659816328077
0.470555486361355	0.00657086497537305
1.57234246547399	-0.013399451817169
0.125425987658567	0.00299423669482164
0.504150194683313	0.0078127949510585
0.0738137574224282	-0.00280305859020861
0.356772229284584	-0.00633470630352414
3.04560333853288	-0.015521298348779
1.2857813454488	-0.0131050196976776
0.858673215505208	-0.010628018649105
2.37061986672585	0.0153471611721012
0.53877111424868	-0.00580273581927951
0.036702276587306	0.0016317547273842
0.435507653018548	-0.006260187174277
2.34487430994337	-0.0147432146891766
0.251614122167568	0.00546456573062968
2.05366811690933	0.0134019194719377
0.0180644287066719	0.00123769540073356
2.69318631133082	0.014965174384128
1.66259047793811	-0.0112286299311804
1.1107766000469	0.00925014064288768
0.064876470302623	-0.00216121185825908
1.30442154501692	-0.011536680860998
1.50392100511798	0.012936211187047
2.22042041324456	0.0156651326720667
0.168343609286623	-0.0035508926764071
6.14305717322136	0.0253233082923503
0.806684594000939	-0.00747864429344451
0.0401540113082797	-0.00217789007959819
0.0293873673389834	-0.00183055466154094
1.09847939228937	-0.008476464010741
1.02178102603258	-0.00893598916698816
1.41751686813306	0.0110490529845791
0.87160598074272	-0.0107094296467071
0.25167142601264	-0.0053085828611143
1.35753794533091	-0.0103761182713484
1.57329857816654	-0.0109826192729468
1.14589246054813	-0.00859674772295976
3.81441149714115	-0.0210834605418785
0.371434029994759	0.00619940185116488
0.20405242729397	0.0037258525299632
0.156361760352921	0.00349910823303674
0.00458555218956859	-0.000619094506847301
0.0251221409800833	0.00165130580553652
0.150650637025025	-0.0035192149032545
0.278951263080472	-0.00532258657623256
0.0606130415581523	-0.00249472674865848
0.0328450685260042	0.00182000912335486
0.993380420544275	-0.0101193827825969
0.590473974492371	-0.00720552745932725
0.000770814589195405	-0.000237671595826976
3.25433220042128e-05	5.13041260556529e-05
0.106844804106912	0.00367884661621299
3.06373125840476	-0.0156926804132924
0.00121122354981658	-0.000359859387286071
8.39570400827639	-0.0349158639178066
1.24854748488254	-0.0105043753580488
0.789717492895553	-0.00782195322026537
0.216037336169096	-0.00444614522289479
0.535402498388254	-0.00606298914823862
0.743725645873736	-0.00790340729061611
0.0180051839193071	-0.00114935745948156
0.0457510354472745	0.00182210485974929
1.19814876395408	-0.00947016031132134
1.20024735300651	-0.00871526468668212
1.47340657831295	0.0125332479897538
0.199940619136758	0.0048657452843945
0.0344592503254377	-0.00163747553350177
1.12569503122655	-0.0090988834193993
0.102523476374616	-0.00284689345670888
0.0554346758748906	-0.00207779887582204
4.31548504947058	-0.0205228420569326
0.0182592954914254	0.00116171565079134
0.529322788025012	-0.00692194173393063
1.43774215773562	-0.0124264651783656
1.19934261941768	0.00960158312897968
0.436484931116338	-0.00556240151700535
2.11980381581158	-0.0138190666808213
2.45729317548714	0.0150781109559511
0.273468901774336	0.00489951420453654
0.0182219189450948	-0.00128585055004212
0.634736894334869	0.00786442188199712
0.960468192258198	-0.0102462167065389
0.127127353166867	0.00331093118042075
3.66606778926604	-0.0229254624844491
0.164649416533867	0.00415680401854432
0.00655203799612658	-0.000749381801737371
0.141692731608089	0.00281292648762246
0.00496534586104809	-0.000728155565574779
2.16091273211957	-0.0115949133217034
0.393650711074836	-0.00555079136810645
2.79193135446448	-0.016021875530676
1.25228847872929e-05	3.0517856419711e-05
0.0834519132725267	-0.00267096346711762
0.700772525275308	-0.00713390911275763
0.345855967982221	-0.00591915677758747
0.0499783629042143	-0.0025270331889078
0.65436173063861	-0.00841789152406909
0.000999832160752873	0.000289727074583687
0.897378760158219	0.0102043591369488
0.330424262737344	-0.00500844422844424
0.223832466603574	0.00427212128382004
1.34419336533189	-0.0138212581657611
0.0221102797974586	-0.00126698726175502
0.032877142240222	-0.00181440703641867
0.0771055862736304	-0.00290871770778738
0.65839450101638	-0.00707203042602599
0.0484083267563561	0.00230135640522939
0.332317672499042	-0.00518325073445092
0.0955166134658821	-0.00262464450414404
0.0666149335616843	-0.00254470095907195
0.74216989191207	-0.00754989070546081
0.175580832122139	0.00390104672362585
1.50962777667814	-0.0119427837062254
0.379449956137186	0.00544786827495356
0.128153246672679	0.00332917436878968
4.35491586150244	0.017871775158867
1.98604058208076	-0.0122371911827111
2.39114046655861	-0.0196283946012601
1.15275069270089	0.00968031411812675
3.63259087994605	0.0196119673613649
0.827122522356542	-0.00804173719981159
0.891863060730208	-0.00986160752604195
0.598991406867727	-0.00604314408365241
0.280636475893226	-0.00474155501976109
1.01248167576103	0.00948460076398258
0.104254783102453	0.00323554621303632
0.272863999736447	0.00677095456274622
0.0844147913187903	-0.0025272977849823
0.00316469306623833	-0.000640232967699643
1.1859392028528	0.0112528380029507
0.00365488469571677	-0.000625896221768589
0.684164133905955	-0.0087820248353158
0.0804787323216907	0.00264933878959611
1.09658268017048e-07	-3.13328789176054e-06
1.40489986685561	0.0117276716766443
1.43049136059073	-0.0125152657427252
0.440390071451701	0.00497117662263397
1.75039767072225	-0.0118225788492385
1.16770238321403	-0.0101708779842012
0.784812527195437	-0.00810994762241217
1.51042619835996	0.0106225957023905
0.0202183866466628	-0.00146316992836484
0.686462412384524	0.00954976545325788
0.214253710734549	0.00453214404275989
0.42908270690584	-0.00576508883634444
1.01623246557801	-0.00916081862855766
0.191111700923674	-0.0047961512261518
0.307141954696916	-0.00509494101414205
0.0556349354601214	-0.00211657330748162
0.638729284892212	-0.00682638467792179
0.16168131271913	0.00379173144576094
0.246796877235645	-0.00571028902759571
1.87304744326189	-0.0126815591320814
0.313448129936721	-0.0052321175787282
0.150872569839913	-0.00350320844792076
1.86982443694015	0.0119526364063461
1.950125824674	-0.0127122305986157
0.349466458561587	-0.00601537020998073
0.336200965589811	0.00539630143321693
0.141627259133962	-0.0038478157403107
1.03062730284222	-0.00988552163248385
0.2757962959927	0.00464917449268616
0.83918094199572	-0.00769455794438476
0.010915436612597	-0.000862852805120202
0.575786823699196	-0.00647502614937123
0.412772448605653	-0.00626087312507287
1.90245451733149	-0.0119744932250999
0.00139026150561965	0.000343967427342144
0.000735820024322698	0.000260299401395114
0.000586492857610949	-0.000237340563526795
0.431380629752991	0.00521822838675819
0.253213449636911	-0.0041836954182309
1.76833488602619e-07	-4.04394256824233e-06
0.607989547674061	-0.00747148713969719
0.0531629996479348	0.00232821735292767
0.276588777576535	-0.00496590096245506
0.223637218402546	0.00454925418738902
0.361909770521173	0.00575030949427277
0.0259017749901125	-0.00144345162589973
0.0321967076917386	-0.00185741530216493
0.579890435033571	0.00762168254950521
0.339436806241096	-0.00594453187649752
0.616372455598174	0.00666246185118158
2.89221841094135	-0.0175898170614809
0.0903708840922313	0.00246292082759384
9.12083704950295e-05	8.06806873880457e-05
0.542920573456312	0.00661220098664998
0.261402744170819	-0.00521284700708522
0.319626888164982	0.00526406879955622
3.10956487188059	-0.0193766130981915
0.0973928150390525	0.00288090910246964
1.02190936830686	-0.0108576025575966
0.388122511185835	0.00557605894998225
3.5294615555155	-0.0205173750411869
0.520780221699884	0.00632133901540579
4.96975315230401	-0.0194930503644361
0.486219339873776	-0.00621066487354668
0.243162304185118	-0.00445238446827146
0.520439594263938	-0.00795835917211725
0.452256370536377	0.0068321548230621
0.0341065835317372	-0.00174771836735661
0.261045007292397	0.00524465588884471
0.0213158317569167	0.00128232845352266
0.52050204004042	0.00664612913469628
0.287957414453753	-0.00433133394700169
0.784781894043082	0.0101706808840102
0.131160737248669	0.00319364167472927
0.485397902341313	-0.00742137291207047
1.13352055878534	-0.00903332401244179
0.0512995089815692	-0.00247690480161369
0.0343180441250861	0.00155686753697622
2.8722708424152	0.0146888960209838
0.0978293278631827	0.00322853091903922
0.259886553131171	-0.00441436564975954
0.0417345999387213	-0.00202283072667024
0.727685825027631	0.00838448527685224
0.538796226887245	-0.00715625192354947
0.788485895433245	0.00943287109360573
0.298107712067209	-0.00618393959043975
0.0170992848066481	0.0010157401745701
1.98972248606377	-0.0150784999913119
0.552382254517157	-0.00775498036571895
0.157003450497025	-0.00364828622301953
1.04910327379355	0.00850925230936706
0.437099087777962	-0.00690018491381295
0.129017806677945	0.00405177569434345
0.129507031565411	-0.00288454451123286
1.33535464828208	0.0103623297448981
0.714336276527998	0.00837753642811936
0.376549907028464	-0.00491574343593822
0.0214611031409372	0.00143740010510851
0.00182332141444989	0.00037741148664773
0.051156638421163	-0.00240934768267345
0.419187006629615	0.00686866227773604
0.746687358672005	0.00850685210361372
0.17998648332	0.0043061136849659
0.428805232071945	0.00615365937018401
0.347442397466378	0.00534298136619792
1.57859482660895	0.0147817598702259
2.29238669458767	0.0155502586849389
0.150424612184464	0.00381039848126073
0.168039164257201	0.00391684929106161
0.337626920465203	-0.00583436381113785
1.65524735716717	0.0126165520060015
1.11896423372872	-0.0098460367908922
1.25445116968077	-0.00919056082033207
0.266303958397298	-0.00496467922058861
3.23745521601272	-0.0174765888796872
2.20571656713829	-0.0132545475792008
3.38895234575899	-0.0166506579653345
0.121501984303749	0.00346882299868315
1.46717842354693	0.0116987236982531
0.0988439149602802	0.0030964376881778
1.01374963045516	0.0100499735047405
0.386112326897548	-0.00546977534782607
0.0914338882241767	-0.00307754076035357
0.0495180623469602	0.00298052490228673
0.0929189069955022	0.00290267791835284
0.213148066485344	0.00434384358229244
0.342277907165939	0.00500865706439793
0.113324343634566	-0.00358008666942305
0.0279246068762308	-0.00144664090339055
1.6487551035706	0.0116608672957437
1.64627597802902	0.0109731947032033
0.136801896001799	-0.00353314115612505
0.0359723828108006	0.00209960527867254
1.42187176235483	0.010307945891617
1.99160864250818	0.0156404715961229
0.388688781068117	0.00684471478381715
0.518839814161619	0.00644981275358819
0.00262478974956538	-0.00047780729293415
4.17802076557697	-0.0211763424628274
0.209142690838825	-0.00459749827180958
0.305765996321126	-0.00550602461050988
1.02936498280785	-0.00958509491343158
0.710949906682649	-0.00695269368102379
0.0902647597735866	-0.00256720762443349
0.292836902371572	0.00564773532685614
0.0714335473324813	-0.00213364508427269
0.254422681690794	0.0052317576231357
0.00226113620347767	0.000489751204787622
0.199164265480059	0.00429915728333882
0.142941768046378	0.00306223549260711
1.46589792708187	0.0107926697411966
7.05471737805723	-0.0256628613150313
0.526490458418729	0.00697485766017069
0.17749439004939	-0.00372204566107323
0.288886666168365	-0.00604885506475767
0.233512524800686	0.0050942590304742
0.24421309373329	0.0043662939581232
1.62547252516172	-0.012558233058445
0.0138380007537628	-0.00112856866877125
3.80783513283332	-0.0201151828472501
1.82833515809573	-0.0122358890207155
0.880297161959036	0.00948697121272485
2.56706451380455	-0.0142449016556653
0.54595254853936	-0.00557268697929862
0.640852828599946	0.00834281601101096
0.726785730681445	0.00708340041379848
0.344136579951304	-0.00446037392455462
7.08197031629356	-0.0260898985083585
0.113245858837814	0.00298304404763266
5.71999897732709	-0.0216778692142927
0.0325479055042141	0.0018697975306764
2.21640185938564	-0.0124745580972957
0.311531340003607	0.0050821951585837
0.148168305724803	0.00417540693734346
0.354681774876658	-0.00640621496212694
3.82176078516882	0.0204955605147399
0.15921104657928	0.00422259694232921
0.22200721174694	-0.0047169459840325
0.319445714046005	0.00468433717932245
0.499311481042788	-0.00725265477121883
0.350747470484032	0.00512184748826246
0.0104365313063892	0.00102309941352619
3.36931672452088	0.0142715944302879
0.0616908854520462	0.00229725840135554
0.01930233661471	0.00134392854253298
0.486216033842435	0.00625757402279474
4.28904394011949	0.0173797346441619
0.746989945510902	0.00772115242528308
3.54993678565856	-0.0179088458617757
0.028441071336446	0.0016575319207221
0.670233860360561	-0.00799275846558898
3.49384810436364	-0.0175796233641434
0.340536652724259	-0.00577414635920024
0.157088586291361	0.00316170913141728
0.167724271577185	0.00383595980871347
4.91437346592829	-0.0234770074443854
1.54171390817555	-0.0120064233518288
0.450184189996824	0.00641432636005662
0.74456200133799	-0.00890532505531566
0.0567627490944435	0.00217757767492434
1.04601314149389	-0.0101839063340938
0.0968261430757803	0.00299622024749485
1.35536170422305	-0.0114165312919368
0.196142108469353	0.00382598823939684
1.28861803159263	0.0106675677724728
0.325662910307804	-0.00650390538217373
1.6167742685421	0.0113050883386025
1.78802693827745	0.0125199271460401
2.24205469625934	-0.0118568974725115
2.7136129982048	0.0157242516119683
0.032482257270137	-0.00176025916773449
3.64508931492001	-0.0169644114520504
1.44354818768079	-0.012177438810197
1.50372317352166	-0.0108674199324256
0.124582933862402	0.0030621776203217
0.621278318129505	-0.00773908845139815
0.449070159184344	-0.00688179786996129
0.718969035768851	0.00771514147993975
0.392171635522057	-0.00624911499883004
1.2708822393261	-0.0122863688817389
1.59138180601768	-0.00987405279029067
3.93424224814648	0.0194717493425209
2.3064466345517	0.0137591876980132
2.53994745130832	-0.0169083305872504
0.0825569151941843	0.00328932257513669
1.00798926786931	0.0095921104460779
0.129527171220732	-0.00380334017562953
0.619019581871194	-0.00658041904000125
0.0968110202477366	-0.00284713719934024
1.27215093451326	-0.010481918865747
0.126335997284811	-0.00363255061487356
1.5410945444042	0.0141334549009234
0.478707698643029	0.00760695650070051
1.15852275415309	-0.0112368993059542
0.347354804770333	-0.00557448350450104
0.897627189625135	0.00737597068414351
0.0334168324453871	0.00169531919295139
1.33370004217679	0.0101076795914372
1.97266985393691	-0.0127861222833581
0.00433594588418431	0.000635589922411835
0.0115708397365503	0.00106105944702391
0.0660709040167027	-0.00219263686774301
0.0997343122184299	0.00252347122733226
0.555978393198999	-0.00830256359308332
0.379875683518549	0.00551706497446102
1.37830774770268	0.0102236781854026
0.224932198572726	0.00436766160224495
0.303444387462951	-0.00487992260316149
0.0737801482837946	0.00220765098517788
0.989473363960363	-0.0104711460199898
1.23043252875162	-0.0116001243209961
1.15047378297417	0.00855702703249838
0.844904211476689	0.0101690730773768
1.62357246910758	-0.0150135001648282
0.356262401153918	0.00635760873390659
1.07128721068998	-0.00867386578683492
7.23510850640494	-0.0252680263052818
