R^2	beta
3.87951721596599	-0.0336970435667953
2.28809235147926	-0.0282837007321393
0.00496560230671687	0.00121852787576942
1.73616599495168	-0.0229108537051974
3.79574019607499	-0.0328756461109748
0.733330350897357	0.0190488094009174
0.562841480029592	-0.0175436801846353
2.70274077692804	-0.0350004792923371
0.26090858224098	-0.00821525555554848
0.666691955820255	-0.0145696908541946
2.82003721523548	-0.0325111100732687
0.255220879448693	-0.00794681073951572
2.37508662398623	-0.030995107104261
4.41624784238124	-0.0361603414675636
0.580517960001063	-0.0109952912673471
0.128700313525	-0.00729616198526383
5.9296455088546	-0.054834636372137
0.0434428208856086	-0.00406736303761691
0.553927105348824	-0.0132295905739576
1.62378094553385	-0.0264794630691164
1.12463402337014	-0.0202091103971333
3.34423720108307	-0.0325075925114527
4.02277476499909	-0.0478470159683911
3.9528344541329	-0.0472479089318144
2.9773486202866	-0.037484333573592
5.88848934434087	-0.0492298930680996
4.28057377262973	-0.0411191789627043
2.99168384165239	-0.0333752020796634
0.403188874922937	-0.0125157234624739
0.330360569047821	-0.00995366417883836
0.455736844020999	-0.0126285339241188
0.21510966560659	-0.00966010659089745
0.0367523064290422	0.00334466134043009
7.89664319987104	-0.0549924240423545
1.03325977521479	-0.022232566028941
3.09426564821227	-0.0376597810760626
0.61094974600684	-0.0153181683644779
6.20824125879157	-0.0466883072418887
6.62020846060232	-0.05149974902353
0.0369094997907636	-0.00324370338082052
1.77656539695798	-0.0232239410806855
0.0781316435175412	-0.00547752663284354
1.78910147291202	-0.0251878952515784
3.14314986687639	-0.0338685791842807
0.21448566518076	-0.00976909780932094
1.32348511736898	-0.0215014029183956
2.75523598149476	-0.0347213757901543
0.549656919551451	-0.0117950782729405
1.08104250807591	-0.019686955168834
3.04085206698007	-0.027398161621867
1.45972367066065	-0.0217084905488658
3.90371269138109	-0.0402539872230411
4.11146425368331	-0.0383976889104916
6.54357560000756	-0.0528449562317111
11.0298057224773	-0.0687432221168062
3.91957823979117	-0.033651833113296
8.59241346569389	-0.0546875383217927
0.253108561871389	-0.010625363845602
3.42199540603526	-0.0332285059967882
7.31303147928175	-0.0476706685425194
1.20160776774556	-0.0215801857933587
5.16610908144009	-0.0387791635563685
0.65507693543501	-0.0140229155389241
0.241413302618785	-0.0117733834009795
1.00342864282867	-0.0172928622087546
0.0542725461630168	-0.0047467400060572
0.320475799471435	0.01099251812893
0.165248992640997	-0.0079393636968934
2.54418002883828	-0.0311815845499159
3.71068952635915	-0.0358530530768518
0.127408183683965	0.00694975729194557
0.0173790436621635	-0.00263175042677202
0.661293570296029	-0.0149633251453558
0.12428105946119	-0.00580673689931197
2.15655023977357	-0.0277485862890874
1.32088001347084	-0.0219783184082295
0.0022568651125029	0.000907229379281313
6.16327632672981	-0.0481635711837885
0.277757451174676	-0.00986003746173224
0.0284099282873751	0.00391730516492827
0.783307974400004	-0.0148790245682109
2.89789532808295	-0.0299691335878172
0.159491831539639	-0.0081884501429693
3.56479040607656	-0.0388505444436742
2.14710137137102	-0.0280500099711868
1.08139376432238	-0.0205149751229952
2.4432827470733	-0.0342771029793224
0.645621185834654	0.0156349028343316
8.99420216316138	-0.0692756726673407
0.38732370653198	-0.0114129426824824
0.00940434898098847	0.00175529053698837
3.50780465048218	-0.0292460738875223
0.265208655811965	-0.00931421640260468
0.775848300269702	-0.0169118839408675
1.57405610940373	-0.0266056779547276
5.5904924476099	-0.0548139919504175
0.410122624525454	-0.0119865993794465
1.34687038964133	-0.0266101760171784
1.7113109076435	-0.0255614486469037
5.46687498030847	-0.0518152205013385
7.50598547652157	-0.0507610289475243
0.0125307246347804	-0.00202169474348631
0.0146059022234865	-0.00209151802903915
3.79914297885843	-0.0374481385936208
1.24223194230095	-0.0157451683664042
3.57227149570497	-0.0369603575436792
6.63606192557731	-0.0533888585470471
2.06023402749204	-0.025099008268627
0.157170060866972	0.00763363665181121
3.83054465774311e-05	-0.000129807758879153
0.145853122544691	0.00716359904569545
2.29197927436639	-0.0296118873303942
1.22825925992182	-0.0239968045108366
2.17622111768198	-0.0326249435629814
2.23659506009509	-0.0340285675657439
2.73128808026523	-0.0310052262533811
0.000160025704205532	0.000269753546385949
3.73954034981348	-0.0440408309271395
7.53347799722041	-0.0540712734300386
0.00425844329303695	-0.000989369840529051
0.00104738949863046	-0.000645452145401792
4.80203189588519	-0.0354414268966244
0.000263794773369707	-0.000334353272227664
4.18610440091341	-0.0377030867007462
0.578256239504604	-0.0141726590681489
1.99476592109971	-0.032153322442121
0.560438074007538	-0.01645037961979
7.62370306054139	-0.0483052152600604
1.80577827094614	-0.0293195034231646
4.53839429454047	-0.0411984582353035
0.364879941186084	-0.0126802000168809
0.00413506798469478	-0.00128600860127113
2.78585490699193	-0.0323158668557195
2.96097444860759	-0.0309231812986071
1.01848577424072	-0.0194875482085378
0.129829771165995	0.00658895728611684
0.679824576653537	-0.0156596705344733
0.640879544857164	-0.0162044814042349
0.164982491038167	0.00815267844757751
3.41273971436782	-0.0401363031925536
0.929518733076009	-0.0146674128911434
0.173783788592987	-0.00767931517631946
0.987030042345259	-0.0176896142931194
2.43785949404931	-0.0313649404930295
1.42211717957084	-0.0237972085830046
3.87542568939459	-0.0344039627277052
2.54057830329119	-0.0355846421499539
0.337942636231679	-0.00974865076370493
0.113340865934895	-0.00741547202082773
0.786755806781415	-0.0189453432677189
3.65466608070349	-0.0364233691173205
1.37366571349014	-0.0225037493381356
1.83723922960558	-0.0224734871540984
0.0894194965747803	-0.00592953910345421
5.22107495641108	-0.0432133159112803
0.355471738551558	0.0114985605015539
0.00011939506007862	0.000216927546138988
7.12701834299433	-0.0539462440900967
4.06079776444904	-0.0375813665204208
8.22536181178941	-0.0630227126042958
2.5559015710251	-0.0321873493420139
1.72892863717464	-0.0301432493821725
0.135551939053293	-0.00723355354401671
5.44041682967065	-0.0533501384549041
2.4792876717038	-0.0297394472790806
0.4759579531091	-0.0141554170828982
0.103382850361573	-0.00616077785884773
0.0071197885367782	-0.0013673441351245
4.04319527447266	-0.0344450713676119
1.62949516537345	-0.0194288699592781
3.67616154210255	-0.0403912198096862
0.395933025470208	-0.0101928392858791
3.33077571483296	-0.032464194465135
3.40553303988495	-0.0303979577899089
0.462803062441107	-0.0132031288980851
3.15340460982555	-0.0336059344969702
1.77111971803831	-0.029514033541941
4.36262352402033	-0.0398071883356829
0.000234744993606976	-0.000318498733880997
2.41924782755621	-0.0334757089884831
2.59990923029138	-0.0339270499775251
3.4625713126641	-0.0360896024040203
1.80910433862348	-0.0295822145599997
2.43653620758727	-0.0373562766253005
9.31185769024919e-05	0.000172905370835651
0.736413808906386	-0.0164303942978094
0.683154294493531	-0.014866016876198
0.021772756447515	0.00267695521940757
0.907018602336251	-0.0173131537925688
7.40528964280887	-0.0572762029543476
1.33593707497017	-0.024765410487875
1.5863513857112	-0.0209164872102764
0.349531698036849	-0.00964241946129073
0.435089698707985	-0.0150545038868167
2.76417240113829	-0.0272253110035081
0.802736561113539	-0.0168129106933891
0.00179891649434964	-0.000842278711691238
0.588180606386299	-0.0132788168855986
0.446730905243803	-0.0114818222844017
1.76280590519047	-0.025900296453257
1.76576893551067	-0.0269472798093866
2.51581166614597	-0.0315449079820497
7.18562123909463	-0.0618785581527073
1.12008114429766	-0.0218479747002672
0.0598845854881752	0.00415988424427624
2.01758785169222	-0.0243926652949696
0.271595016512565	-0.01335761618264
1.4047691416865	-0.0253582570334637
3.62379398434868	-0.036218954260864
0.0540957346972461	-0.00440509548731876
3.11978173248447	-0.0318788942264106
9.31754128719595	-0.0641179249601765
4.04570671437029	-0.0389083931379105
1.65243629525801	-0.0173405902404839
5.88247322055368	-0.0516101739717897
3.79839914027855	-0.0387680988262844
0.00115159795307931	-0.000689494457101475
1.22814017466054	-0.0205936644574075
0.199898880523572	-0.00800371055237322
0.010482704601008	-0.00198026444614969
0.633486637982248	-0.0159464717874075
0.084598647532614	0.00598613888487888
0.0605389312749535	0.00407673221432621
2.30502662329723	-0.0268742950209215
3.55472495390443	-0.0370024013501666
2.54448611564361	-0.0318453972266051
2.08345574698649	-0.030410883530085
0.911095139210032	-0.0193746681541002
0.666197743288788	-0.0175394483941037
1.73936864288399	-0.0261689132592967
6.76677018023657e-05	-0.000170415558041994
3.37020537239312	-0.038901350655939
0.765009056335176	-0.0199599983156326
2.95206820219078	-0.0315910104171021
1.5262248388509	-0.0288616966552881
0.170314772266271	-0.00986227700055202
3.53240295630575	-0.0371179466052924
0.401269325999046	-0.0131573987084039
7.17790890851182	-0.0488260984647282
3.47309986332658	-0.032367462855447
8.99643216393535	-0.050003920891582
2.77495071599809	0.0347781293023262
4.07310311356776	-0.0411695763373983
4.53192775089683	-0.0477174574273397
0.714291335839881	-0.0133656679208313
4.31419806459887	-0.0459137759335246
0.122864787706738	0.0046011893565923
6.21683963105061	-0.0557463939453266
2.19676894936641	-0.0312397033101511
1.81368327593331	-0.0230675183308235
3.08952469667001	-0.0335423150082248
0.601357735545671	-0.015571727043345
1.20274731509811	-0.0216179831432169
0.138443264007398	-0.00639467807330424
1.86504182272629	-0.027528569631179
5.49062719915951	-0.0401841367669794
2.37680646379295	-0.0284895866627951
1.88857131274845	-0.0226835562808824
1.76932125820263	-0.0230956057676789
0.183318631079643	-0.00781135359039366
3.71297474942088	-0.0416143416372963
1.77423820296625	-0.0269015405673993
0.0231756022484108	-0.0029532252832502
0.0976764263651782	-0.00652479990156575
0.353178979221302	-0.0113414432893534
0.836869776059514	-0.0181359857134354
9.12060266729583	-0.065470613084926
6.41833547003584	-0.0419592116895266
0.106289740603506	-0.00545305954622295
1.27536902144375	-0.0181993262847315
1.53823784964084	-0.0260553800674223
5.56660773360216	-0.0467542373148696
1.22417901362788	-0.0203847646807836
1.99223804080922	-0.0220461021181752
3.9138427952787	-0.0382486173172836
0.00092980889983105	-0.000496195721971122
0.287109205467655	-0.00866803510890602
3.15660537435556	-0.0339784251065331
0.421461358587255	-0.0121517401815678
1.74169399263706	-0.0235863064097927
5.34072201473843	-0.0382885367593555
0.208417102174558	-0.00930648812069278
7.42863255929446	-0.0643401081738362
0.00452674684724239	-0.00118184539538547
0.667097460707702	-0.0149564889256659
0.473252007817173	-0.0137431383768577
5.78268534458206	-0.0460968519262463
5.01096762303155	-0.0446445053239756
0.000768716261440814	0.000482987210313072
3.0703807732612	-0.0335329143509318
1.92389143451742	-0.0258658636356602
2.04055475809054	-0.0265706391832535
1.41161604336788	-0.0204241628879329
1.06741411628566	-0.0209656097712722
16.2434060544346	-0.100116444531335
4.76806186095198	-0.0569312160309129
0.530376029098824	-0.0120357718552702
0.633286457063842	-0.0156375432617091
1.20764030873413	-0.0254231673683085
3.20994370236804	-0.0358444872537799
2.51835764121215	-0.0328496963425732
0.0440375552956004	-0.0043181228922425
0.00759382044963907	-0.00184065002720965
0.883251272861765	-0.017823612238274
1.0393504425159	-0.0224541082598973
0.469343170159468	-0.0147387129841539
0.435977801213741	-0.0113010521715341
0.0936829003097332	0.00608868896044154
1.43803162342481	-0.0267337233638804
0.0766096228235957	-0.00530094217596607
2.60378818433225	-0.0289677065323562
3.83026748349577	-0.0393778915185316
1.07141008436674	-0.0234002366946066
5.23309434029013	-0.0404531238726511
0.122611011810512	-0.00619481215579654
0.000330345635210892	0.00030831172549144
1.29213976395228	-0.0186972480135354
1.3670666416843	-0.0191804287718389
5.92532187009913	-0.0463433078348267
0.371761636274033	-0.0110244613076622
0.697609438248247	-0.0166349873262422
3.8121960431091	-0.0288618539053014
0.592555703434661	-0.0176050391776575
3.68174587184902	-0.0370763172401379
4.30440341042431	-0.0488711696209741
0.0113294669975406	-0.00231471256366629
12.1284475052904	-0.0598968396846216
0.314004662658908	-0.0102825678821351
0.406116821304793	-0.0109270071584821
3.20437661196131	-0.0374687759011343
3.00262117625937	-0.0397305065073984
3.71012442320544	-0.0388791090173914
0.773130658499689	-0.018854307522685
0.263529153410165	-0.00895711297526876
0.654085639723671	-0.0142680282320411
2.10469237647227	-0.0258165083156133
2.09341050313991	-0.0314361758164319
6.35527666737882	-0.0452904902102686
6.26859415210765	-0.05542702713384
2.14141559860757	-0.029104255820459
4.43678788682537	-0.0361969044623325
5.92806227420235	-0.0429794281403762
4.25479892458726	-0.0436618042229468
1.58814730220822	-0.0220691526248212
0.861774410489337	-0.0154426174246161
5.6070442245264	-0.0467665870303465
4.02463359095687	-0.0331260886705896
6.43147927006205	-0.0516298458925659
0.235862854850409	-0.00992479450679182
0.58495588901285	-0.0154034125417437
0.555152509449071	-0.0142506711240123
4.68810974875871	-0.0380509495453828
4.04524467475055	-0.0401542830372373
1.39675700611125	-0.0225904669988138
4.32172102806904	-0.0381878193106675
0.0321377367717026	-0.00363862027052806
3.47401883814302	-0.034597220674788
2.45245137424703	-0.0293907833707801
6.48631173606367	-0.0633901890494173
5.70359452509203	-0.0423094947661687
5.26673282300357	-0.0476630399253458
0.320495842890086	-0.010371873423007
0.483324145474892	-0.0163256922459655
3.38555057755097	-0.0292152309660327
4.57261907235089	-0.042052607644386
7.77435932182248	-0.043087138598954
2.59402002311557	-0.0284513334284422
0.131935299132557	-0.00725803223285622
3.2767588067798	-0.0394890251112364
0.668221326015761	-0.0166379870852722
2.391166467787	-0.0284702758104474
0.0137513224950572	0.00231471532033818
0.470582257363621	-0.0144837110940584
1.93838324948227	-0.0302524494010064
3.1537888175664	-0.0419065186647789
4.22150691242	-0.0369453809894935
10.4116940124647	-0.0538215235636353
0.0231818642990153	0.00298308933620145
0.161685197420134	-0.00980593754126337
3.21846911914552	-0.0339882993709839
0.813758525837884	-0.0196273154452294
0.431841649715873	-0.0112512826825774
1.45918900772824	-0.0244077140799783
1.93346748428222	-0.0244636816263181
0.281143227254878	-0.0101469900531211
1.10812631716216	-0.0189084904328622
6.29734329609701	-0.0521019918973934
1.29688466217666	-0.0246083294577087
2.68669217714311	-0.0317668416337464
2.71802265155799	-0.0301215642039883
6.70822048397354	-0.0565876328774405
1.63629558984785	-0.0273560157682856
1.14958698858023	-0.0221062147139229
0.356396022954014	-0.0112779503667536
1.52274409693888	-0.0189560526184959
0.0122765092889691	0.00212041091115
3.19822757541891	-0.0451220220254472
0.696729968840153	-0.0158563586670248
0.139600805217937	-0.00737146532189576
0.146335155646207	-0.0084204347027562
2.15830145048812	-0.0275666269697885
10.8508646126813	-0.0691668427614143
1.51694859071716	-0.0237009785214316
1.24629895882394	-0.0191784191184718
2.92327339163205	-0.0304631218760404
4.84466877771923	-0.0495228998247951
0.613572446174054	-0.0152903204535535
1.35280518362094	-0.0200281948702948
5.30732391136549	-0.0474906604856963
1.21617926932493	-0.0157884867552847
1.17863161659761	-0.0207171437641445
1.64194397940122	-0.0279687677620995
7.03948312395864	-0.0453101493513634
9.00647294114882	-0.0663706168074501
1.29635692038977	-0.0207714993085386
1.77330783034347	-0.0266914203808296
2.38980228707572	-0.0279368141933976
1.64126439044093	-0.0249196377634846
4.40205696494735	-0.0460374763000218
1.12749009857023	-0.0252211839943836
2.96712891180891	-0.0357971144480864
5.70831345184433	-0.0468136427041609
1.92041623824073	-0.0236248108469643
0.667904002119328	-0.0163384239503935
2.60573081058261	-0.0295579325681728
4.63774183550067	-0.0382194321208859
0.581371553242014	-0.017992848278715
5.29200099860538	-0.0531613672598172
1.18152815011918	-0.0230054662951184
4.08691942074315	-0.0487473412055101
0.336358855652232	-0.0129440009778842
1.51266462626998	0.0223273421464939
2.86334240468418	-0.0283409208263704
3.70879759021353	-0.0365089507075801
2.82872475873472	-0.0257709500332392
0.339524938879806	0.012125426107533
1.31182694455695	-0.0206472680325579
4.31750497462559	-0.0379688379331012
1.59242195570955	-0.0231503855600467
5.2133146947592	-0.0491764114113322
1.2826258365067	-0.023423862300914
1.36720570936942	-0.0218051434182263
1.88992657738979	-0.0251209836722274
4.76265518697954	-0.0475457979279591
2.82440919578001	-0.0299224631199956
0.626141498141878	-0.0139780672518318
2.27672929048224	-0.0260656108799683
5.04919298048568	-0.0424825436117688
2.9467161675151	-0.0315074613301086
0.0989499434398325	-0.00514122802192231
0.830627935064267	-0.0182154096379577
2.85287947245378	-0.0278391759430624
0.214264859665964	-0.00804365766189953
1.68577521462457	-0.0259696327861933
6.37232587653066	-0.0488921453346022
4.2646359575929	-0.0369142429056306
0.0964343048125117	-0.00662969315669509
5.09352958172857	-0.0470517956800386
1.00543455599753	-0.0167155947692308
2.09070169741642	-0.0258912326580642
0.168209934505857	0.00866967735228017
0.586009423574573	0.0128317284023273
0.881854997567661	-0.0187543623198409
0.00420926742821289	0.0012845860192365
4.07043134144521	-0.0379232360105046
1.64188505367066	-0.0299180010419033
1.59384407640845	-0.0233067221606675
6.63730473520028	-0.0402787296575043
1.82440233013553	-0.028007928465852
0.0176237682819394	0.00263900387704463
1.41043729682302	-0.0223640274103937
4.01241953444051	-0.0389082786853117
2.63281191896604	-0.0361230049990945
11.1708513770811	-0.0801596414676893
6.72321653272652	-0.0435515449404968
0.0211112004273017	-0.00257839068308141
2.34581304028118	-0.0283037513677807
0.011715317022024	-0.00205524026515116
3.9144978145078	-0.042392277057984
1.4589529774032	-0.0278492040981454
4.95898498817851	-0.0467327924807371
1.59053557315587	-0.0205819599340919
6.17012890381163	-0.0449146900294086
3.8457243630078	-0.0346073684765688
2.18736788843022	-0.0315907833288645
0.16364814579925	-0.00946249853922969
2.66791252763867	-0.0276061100134674
0.886989480660762	-0.0178191597211902
3.57637868941504	-0.035005838855167
0.282759959720886	-0.0129012995710482
2.16673368825899	-0.0273240447790036
0.0491236145450591	-0.00433093477121013
0.0823568136662937	-0.00495207955222257
1.96790356906302	-0.0292288115169897
0.40704012861386	-0.0132055873918339
0.00970475298036398	-0.00189706895932357
0.0852360389454094	-0.00593676943280589
4.63980951810165	-0.0356968871861971
1.36959360726908	-0.0257961736255032
0.0183377267221821	-0.00242193520410722
1.02697887637513	-0.0188958170180319
5.34211291108659	-0.0449479330402817
2.17808212200565	-0.0235720113581479
5.6305632773162	-0.046258772135326
3.79609672174294	-0.039806253344443
0.654996617925166	-0.0163706663176473
5.31720871866353	-0.0467815131043822
0.0303983932545708	0.00344795352072527
5.16369383984864	-0.0473338544401241
1.09666074481298	-0.022666980833414
1.17646513743994	-0.0185174815292482
0.0993124412875649	0.00691873067516379
0.0791387902394839	-0.00493397124427035
1.39652446681092	-0.0260170229759153
0.163917918532995	-0.00813557317594964
0.131292643674669	-0.00583448670773447
5.63688026857464	-0.0498889066395866
3.51355398722897	-0.0331880166204699
1.10031235186378	-0.0237584161695901
0.00680013183439203	0.00194714294234137
4.48780341428185	-0.0422603105984298
1.67526027539829	-0.0218163170239723
1.27780611614148	-0.0264122634905299
1.25847614296016	-0.0230404491378565
0.104483135134722	0.00596965908146002
4.46705411547884	-0.0384166298993494
0.0488849239215398	-0.0041159020578413
3.70709112160261	-0.0472862670524574
7.90389605499518	-0.0449993328843611
2.46417350528184	-0.0319051128279621
1.23608572746421	-0.0249056736289478
3.88167678560682	-0.0359691154867424
4.02474265015012	-0.0385611339151717
5.0748133247797	-0.0479835741354016
0.585512413728302	-0.0144680105965954
0.417765818428579	-0.0124745761719125
2.00647160695534	-0.0313475905318207
4.49612378784258	-0.0489455046674067
1.91130827466474	-0.0256983959920831
0.0058631025108585	-0.00149235925834782
2.99693535772622	-0.0342394461539045
1.87071165629769	-0.026211556076823
1.91728395681853	-0.0248894204796316
0.133852883612273	0.00810834204427158
0.0109800304255521	-0.00206134895414825
4.42144789584474	-0.043466877293002
5.8548476656765	-0.0523562717575761
8.99979403461868e-05	0.000188249967419294
4.09963739636893	-0.0454903758967541
6.85338293535515	-0.0425212302029988
3.33359554396349	-0.0338546907286846
2.01112472017029e-05	8.59595792784672e-05
2.3834979062079	-0.0323921079515357
2.60754555829515	-0.0329197916256235
6.68549305001935	-0.0462657613391258
0.397545400438122	-0.00957483621060624
1.88043972213193	-0.0241656478400734
1.42270459267422	-0.0232524477205888
0.586390746405224	-0.0139244713121006
6.66928034325878	-0.0556023647719139
0.994039109453998	-0.0206566255034392
1.21378025697858	-0.0244908903695507
0.282217546892517	-0.008930472990394
0.990812847541174	-0.0187238292063217
1.82560815915267	-0.0276874553654464
1.11933103900524	-0.0203081045533344
0.777612118494026	-0.0155000363991856
2.43438916844967	-0.0387647623428597
0.85726750998917	-0.0166450848233629
1.41298336832248	-0.0243375628427115
1.0756947139446	-0.017254457378613
0.24880625316821	-0.0107331280446231
6.21459811658126	-0.0509847811787648
0.659020473642314	-0.0178196682914964
4.46954041138006	-0.0455773637427159
4.39365991277852	-0.0413802761156383
1.27939331825744	0.0210869563761102
0.737567983853889	-0.0177895502411324
0.900395082094296	-0.0194986743895061
0.917209722506769	-0.0207319971529017
3.44004762102259	-0.0375733206698042
7.54781375357941	-0.052635323985504
0.190338962400371	0.00997641771586858
0.845083704736845	-0.0196825622234095
0.090678545982929	-0.00543133296929784
5.07358926683739	-0.0438057280465237
0.240058857065399	-0.00743201716149279
3.54439121477831	-0.0438009973053454
2.33093210196106	-0.0314514232282347
4.40213427897707	-0.0406115794032766
3.49441706581598	-0.0326828785766198
1.99193667143288	-0.0252307446159657
1.06724801986315	-0.0199208620428413
2.94392804334266	-0.0320828166924449
2.64066441341215	-0.0355241708699935
0.000814882683595941	-0.000668413387598899
0.592971841321038	-0.0131698907241557
1.51389200030524	-0.0220300534670077
2.14572040831467	-0.026732924007094
3.10516565982959	-0.0312154033112156
2.60707626046832	-0.0381925859357292
3.37573613274434	-0.0383495106654098
0.341253996435137	-0.0109316656068237
0.0150699258073092	-0.00243599049062292
4.07727597532524	-0.0294050049162596
4.60437374883697	-0.0360879205368009
0.657855525945285	-0.0174122609040858
6.54940562878303	-0.050335389241102
0.634224530870435	-0.011923472096266
7.64231580683324	-0.0644605133411513
6.8710677996589	-0.0475534203750368
1.65251643549544	-0.0243498929981423
1.71715906414035	-0.0226283886872857
4.40285962160869	-0.0427478388616976
0.0333081300536236	0.0032065503075994
2.36438192700656	-0.0281919032743696
0.147299386317908	-0.00755367301459242
2.46768685612585	-0.0333270782115703
5.76923027571413	-0.042808353760771
1.06429002801046	-0.0250391664893143
2.45018782669529	-0.032357467726559
2.24451197777784	-0.0344804891387802
1.77903903077211	-0.0246109420655616
6.20078473950586	-0.0524390969999959
4.79069145005038	-0.0447585234603052
5.16452185415201	-0.04918913797718
0.457858671967772	-0.0139329726617675
1.01150080167598	-0.02021139561397
0.695384683361024	-0.0160317261101978
2.51810522415879	-0.0298719181533546
8.80962425886643	-0.0554211600027654
1.41146675269006	-0.0223242477619825
2.84650807897013	-0.032785470760465
2.57598217512336	-0.0381774571736556
9.25416818379424	-0.0561465352504609
0.208263618924529	0.00817423371272294
5.40533893240122	-0.038747591321696
0.290447395333151	-0.010384741080025
0.953557754440152	-0.0180603542167151
0.271148153363998	-0.0107783730477051
4.94738680721198	-0.0396282927958769
0.882828156152566	-0.0160843746991139
6.21619878724609	-0.0504134889020094
0.207893446894275	-0.0083681969682294
0.0498514710998505	-0.00435196205728125
0.820786598424185	-0.0165074571198555
0.206845511342048	-0.00857880257252665
3.16886194982019	-0.0375082300810675
0.00489721778111301	-0.00153548247200771
5.06216311408234	-0.0382172566775642
0.225181971375619	-0.00825596970897812
0.67104007963563	-0.0133491663273915
0.63601684313159	-0.0154540034438219
2.07984450905181	0.0301018049796375
0.0233039507676367	0.00299697970900481
6.02483863073697e-05	0.000172973651975331
6.06585177868055	-0.0464016492431658
0.00067445077056649	-0.000525496831990943
1.67786584838067	-0.0270919139648093
2.27736999459113	-0.0281899455237717
1.16518640141889	-0.0206902917273885
2.61692395799599	-0.0289709365250565
2.23420158411962	-0.0297074371438548
0.912758361776814	-0.0206365889851265
6.08768224558465	-0.0532411894048825
1.15158103373022	-0.023853450083634
3.63286145024451	-0.034582907079132
1.57043018000279	-0.024941537847715
2.23009252434805	-0.0286498194526754
1.70216200602531	-0.0257006797453606
0.0897086447589256	-0.00522902342910673
2.58533585002199	-0.0302116263317955
0.506069095198485	-0.014883101643471
9.45920623425673	-0.0607839872040689
2.52990654427125	-0.0300400371679368
5.4731948947233	-0.043095802783737
2.93743208215687	-0.0323632485593371
6.38836720410484	-0.0443989985533763
4.6632209349327	-0.0341848054631289
0.0571951417086971	0.0057107806486606
0.968478697684568	0.0220407896375203
5.06238512233966	-0.0401782714186917
0.259693722379067	-0.0100719083240556
1.39959476583908	-0.0225826253370304
0.594364543822919	-0.0144628294760062
0.925588683669645	-0.0165170411825908
6.47593473152909	-0.053556572624526
2.01146998284476	-0.0281142438064925
1.50428708039381	-0.0227657837741478
2.7974413758241	-0.0315001132893436
0.903938213096928	-0.0174925682901933
1.26672203237863	-0.0199897840261525
9.66504014869975	-0.0612176261695378
1.91478864150212	-0.0252109319745062
0.167802482694444	-0.0079494964338862
9.36101902591132	-0.0624267463776668
0.303418234166477	-0.0105324287518468
4.49284930493012	-0.0363795161832688
4.97765303280727	-0.0427120570583788
0.0420752639995378	-0.00358415688591464
0.0269298515069446	0.00350615393990218
0.000567968794579471	-0.000428215523301812
0.501254284186725	0.014324811203735
0.12992817454868	0.00728556855576422
0.342745712063237	-0.0119107328424526
0.48135869057495	-0.0119512726479941
0.457640570108921	-0.0151113347042237
5.09723616392803	-0.0423324918164733
6.60382867307391	-0.0454344495150451
2.43567526616373	-0.0280595886082284
5.71283206324156	-0.0468521067440262
0.0451273075968399	-0.00488690522854704
0.180570226880993	-0.00957664830402844
2.16643759105586	-0.0275616072457935
5.71361440821145	-0.0491236646261268
1.11764972675947	-0.018288855065412
3.65136511444105	-0.0343451252444114
5.6477902252066	-0.0418301878301109
4.95115473935226	-0.0449152770861435
2.29601641441084	-0.0289783542436357
0.189054804009075	-0.0082236107631476
8.64457005584971	-0.051673259508559
2.78978478936094	-0.0323488712451946
0.548641152782324	-0.0141815778335082
0.907226884419075	-0.0164259435616521
0.649768251622212	0.0136561596997339
3.68695235982752	-0.0415640487596895
0.24240140909842	-0.0110102557699998
1.38647075818083	-0.0230817825287165
0.807780764704424	-0.0158916414195246
2.6240006222312	-0.0278006203772633
1.40922630138868	-0.0206198502108308
4.21750816446626	-0.0458686991002954
1.13702442425214	-0.0199882019266482
5.70297409942003	-0.0514606856478182
8.40331343857468	-0.0575610033970101
4.34392838222885	-0.0372923688185028
7.09346367636711	-0.0441411176075872
4.99081148873896	-0.0420754409206312
1.19861242895308	-0.0195965180536175
0.00457410354005084	-0.00152603340281151
5.7192640531848	-0.0474058024152326
1.54417670637468	-0.0218959724443013
0.120965949956059	-0.00625375650573299
3.93248418904555	-0.0388816455276679
7.64711345722598	-0.066317596699313
1.58694251473634	-0.0247541606909348
1.01906984134734	-0.0185798161752575
4.5218155575695	-0.0418421233314125
2.1279066022355	-0.0287902013442235
2.47110069938158	-0.0250350498698519
1.13264958147156	-0.0184695850057341
3.46408492344793	-0.0391431822651089
3.07201586727976	-0.0277535144484197
1.3743344592663	-0.0259583060927785
0.00268791892345543	-0.00106742165712252
11.6292842779029	-0.0656385963653683
0.782971773845517	-0.0183744812146946
0.794685412204821	-0.0163991342279777
1.71798158254869	0.0278108886617891
0.180229324035106	0.00932562484443408
4.16491337419155	-0.0375938665905341
0.405571402263009	-0.0114409159467417
2.81530187927438	-0.0287165913654794
2.15383069424611	-0.0290620069970673
1.54308407860732	-0.0265547163407242
1.78811326182072	-0.028647229893231
3.73796586597286	-0.03678624694567
2.13240821805664	-0.032513308361016
2.77378338187465	-0.0327134862651273
4.75789711156832	-0.0421891695797658
1.30272087761091	-0.020685890852142
1.34432371935945	-0.0192746533002528
0.789040233159323	-0.0166505598017237
1.77151949213266	-0.0222849740288144
1.31579718938702	-0.0184709265176133
1.86803223501693	-0.0228484474580927
0.0103562902597478	-0.00212387009778726
0.209792083664028	-0.0077857417394358
2.05547486616865	-0.0239331614930135
3.66389008540724	-0.0347992564413957
0.884228656583065	-0.0215165023117905
4.88445415503217	-0.0388428664763786
4.07211311134671	-0.0387496187884228
3.45416793835896	-0.031984435418516
2.09713987433632	-0.0281186496057987
0.725263399016477	-0.0174911729122485
0.00852313466087893	-0.0017734002989211
3.68925804660198	-0.0304404966089366
2.65798858669713	-0.0263316117952473
0.0583425404299662	-0.00473304782641502
3.7680982186448	-0.0459203630184925
0.718579237229348	-0.0140006611136931
6.05479328554675	-0.0523334821334093
7.88248876811878	-0.0471411516737046
0.545782490786047	-0.0130084253219502
4.84755566473735	-0.0410907219330292
5.32226563615946	-0.0450344741313892
0.87468900068291	-0.0189865559374897
0.561551598453598	-0.0138514767257491
3.89893330026652	-0.0377502610354907
4.84517427410995	-0.0520532014001628
6.85094985217993	-0.0467315186691981
1.88912913093318	-0.0272975052017233
0.00112440084998324	0.000631961573316469
0.943346323553533	-0.0165241150392101
0.539977850956511	-0.0144891476521118
1.96658979829181	-0.0313390699011193
1.00835028305561	-0.019901455208527
2.01077958879864	-0.0321384269375345
2.70166096785892	-0.0312579472366879
1.20923401426457	-0.023719795413046
2.13849589085665	-0.0270090805411175
1.3642701204852	-0.0248460804926831
8.15594359793281	-0.0595578057267436
1.40730067521937	-0.0193073109138919
1.05185490728646	-0.0197530007197504
0.00448533868925175	0.00134577647800317
4.17006281138337	-0.0426081152092698
5.24404720496994	-0.0469767404005484
3.79424060030725	-0.0391945945333444
0.525700522254958	-0.0139627072984463
1.2547259675085	-0.022523174284075
2.48861253918979	-0.031470852386555
7.01284105446928e-05	-0.000176941288142697
0.879279802453075	-0.0171726933087064
2.39535593674937	-0.0317623085942092
0.412982661504384	-0.0108986230456068
5.15045902388394	-0.0424346128386779
0.0879693002463398	-0.00613371373324037
2.82297275523224	-0.0289852166301135
0.667632468288257	-0.0209494267388903
10.9035546839549	-0.0662613951261734
0.804547258366526	-0.0177576897686698
3.20013980491531	-0.0382104760798133
4.40369710229224	-0.0324316780210577
7.24402401836029	-0.0561377953047605
1.15399602414336	-0.0205034521374198
1.156278949245	-0.017889403185533
2.77056032479997	-0.0429729741062711
1.85876746977687	-0.0214120653428161
3.40366910751203	-0.0341480439862337
6.80237100933911	-0.0418111899538854
0.324633533095358	-0.00997855899332006
1.07901798471859	-0.0171463355933797
0.250624713570921	-0.0106702817471138
4.08710699242871	-0.0423939155128055
5.10126874203012	-0.0329705825856163
1.81777326771167	-0.0277537829112569
1.49863109516399	-0.0215322667325699
1.9467852790785	-0.0299523801116589
1.74033519932751	-0.0300025499424115
1.57078555720414	-0.0206107539020197
0.981717700539576	-0.0204347661331172
0.547902636245197	-0.0129440718602878
3.14259972465993	-0.0277939562216946
0.176172762586921	-0.00908862464933241
2.67258585596244	-0.0308697384525832
3.19714809426977	-0.0409133748683209
6.89000950047488	-0.042340976018343
5.72059466570778	-0.0449136874105267
0.810680521254271	-0.0186540942621517
0.0211264941680112	-0.00270190500901855
1.88962766832748	-0.0234008138659885
1.0251101087645	-0.0218503471826065
2.40117882473266	-0.0314749737750952
1.09564973694018	-0.0220618513933178
0.0328226870444249	-0.00354859278341872
2.83799153217082	-0.0323035548713425
2.17761989874109	-0.0260432833176609
0.0339179451576424	-0.00374615991743908
7.36672207510016	-0.0516922423663069
1.43567283273298	-0.0201591045659604
0.155480705619564	0.00669827570555824
0.131781152027797	-0.00703379195373863
6.06571961986434	-0.0477321689275036
5.39319958770711	-0.0460244390919089
0.0462336197562625	-0.00354494187247681
0.378048493088089	-0.0112586566336319
1.93018533188096	-0.031038938424462
3.52792123400634	-0.0379816871272049
1.83465811922631	-0.0256179825362421
5.19854322947859	-0.0404731194698293
7.11663142170251	-0.0540537119964982
2.29895364737696	-0.0329764276660493
1.61847096357486	-0.0282871564349575
0.141278238382068	-0.00785205111075271
0.318776673269073	-0.0111910928511349
0.0655716128325343	-0.00392085715602524
0.369109453191069	-0.00941978754453023
1.22539441159319	-0.022961251231778
0.761883245958542	-0.0144979841683915
3.14463018876088	-0.0367869198309056
0.743803529010494	-0.0155464014065247
0.493125764223068	-0.0118402654567595
2.54133046867774	-0.038003972279218
0.000627281769076593	0.000627523895858132
2.02116565267373	-0.027350674157371
6.71519520896173	-0.0460071609815694
0.333892264529758	-0.0110339110255668
4.74636836118899	-0.0438110248699019
5.0298771101933	-0.0391867520815474
0.42922441712794	-0.0139615482494695
2.87146289492722	-0.0340610369755195
2.18803906203911	-0.0338822982477109
1.2052307738474	-0.0204563247810349
0.48700972530054	-0.0146689782785887
2.71453776225282	-0.0347647770251681
0.53466056764848	-0.013211539968038
1.40951859561013	-0.0239381874901204
2.13782796761219	-0.0291973195606447
1.36334317073119	-0.0207488857368334
2.04136249755394	-0.026957549708377
0.938633219221049	-0.0207687921021327
2.83290742359586	-0.0312822917670955
4.91211650703779	-0.0508400160239696
2.89694787822979	-0.0407807605282208
0.486945016076576	-0.012395038583217
5.40065734506238	-0.0415063981487409
0.195717562858973	-0.0103871226265579
5.88488938969733	-0.0410778432894442
6.11871155106926	-0.0570183461915148
1.98312046326122	-0.0257062935189776
8.34188461104862	-0.0550798936333986
0.251500182384803	-0.00837294908061142
9.09835362555907	-0.0539396038039099
0.0450960247879308	0.00436530850092629
3.27840167890401	-0.0326441974543611
1.88786024281592	-0.0298193927705489
6.0021065205418	-0.0506109018900027
5.07814693607566	-0.0385815006983035
1.88305480601942	-0.0281607383877013
0.00656660876229945	0.0016570555557579
6.14679160675665	-0.0469459549002928
0.960072920792978	-0.0165397373898031
0.0385136649218541	0.00358716673352932
2.05990060213174	-0.0286572845446698
3.42151094469087	-0.0392686980860137
1.76332554625905	-0.0317023967842252
0.168739794824266	-0.00830905091001513
2.0790607945677	-0.034641768931067
0.677994111044797	-0.0161296663829188
6.38523578353236	-0.0488607055116126
2.41796402835358	-0.0366628928691878
0.422203424451788	-0.014417540374426
0.543627467171418	-0.0139937709152149
3.91651285151668	-0.0414849625215788
0.085322470978733	-0.00713904285202119
0.000707681027685672	-0.000530643660117737
0.0177221202734387	0.00263191927637683
1.32588519237515	-0.0260562266635175
2.77725273667847	-0.0262102866003366
1.07264066819566	-0.0241713305919911
3.64503214656842	-0.0493167924463178
2.19894170025686	-0.0275012903566653
2.20960482663705	-0.0326865750684367
1.37314383500431	-0.022847758064716
5.40389469548354	-0.0438788289068626
0.382896521453598	-0.0114166371881247
4.85174092360387	-0.0320064883089
2.87370893030522	-0.0352601588638261
9.5801017426824	-0.0557427564477292
4.05189583688803	-0.048385883028706
0.97363117848605	-0.0176850942879008
0.00554606366202371	-0.0011841780097336
2.47605066534351	-0.0364243735736201
3.48312440219647	-0.0406403088048291
0.00951316826474594	-0.00189628160590376
5.99480536260068	-0.0546965571945047
0.00991881507388278	-0.0023857765610381
4.98830443981933	-0.0466957561403138
2.00756731969257	-0.0250425064428496
4.18602679238238	-0.0363204473793208
1.29442946259643	-0.0225431219291507
2.36695911850834	-0.029909997978071
0.860503484556266	-0.018090366481334
2.28011523835939	-0.0251868169039732
0.223190832415421	-0.00827547286301319
3.62656065237975	-0.0405289490898117
3.83254392852951	-0.0379797762480506
5.84210514646371	-0.050580680155002
0.978878129120778	-0.0211996654506213
3.46816961346321	-0.0317766164314034
0.169301491494417	-0.00676317034516404
3.03415580972303	-0.0347003016456798
2.29246013026251	-0.0329447308944716
5.11955402046518	-0.0422320870510149
1.62524921233696	-0.0248876290366264
2.42048014620337	-0.0307739360740134
4.76879993763884	-0.0496119731399372
18.9627802854672	-0.0784232314115256
3.20160284922932	-0.0314248118067964
9.69668200445447	-0.0592645441705482
5.26111384667594	-0.0484084375434467
0.00245254525136417	0.000861612410729225
3.588814459254	-0.0284767871839795
0.253836741821021	-0.00914758421187097
3.42285444386627	-0.0346410674530136
5.17836049136712	-0.0502350569690439
0.359658994621234	-0.0116388086000974
