R^2	beta
2.23200324955362	-0.0110385282445349
0.242198689371106	-0.0039059861036757
0.568843329536102	-0.00552081740267328
9.16136969636469	-0.0244810880335542
7.66460097088386	-0.0217382339431866
1.27299583899568	-0.0114075443915976
1.15629730192783	-0.00827409352086251
2.20174903923502	-0.0128164813581925
2.55033254979677	-0.0158963975507157
3.6712984782567	-0.0167808186197804
1.75079874059449	-0.011778820639448
4.72272308361748	-0.0190093351845173
7.99282048937365	-0.0240858432847798
3.66273384265812	-0.0169710276753858
5.81105485373358	-0.021565449010395
1.75793540489668	-0.0143286110150383
6.16059799534575	-0.0236425876697581
12.9460705335911	-0.0330729066641337
1.65857656156979	-0.010616018339955
5.03590932674175	-0.017945457104866
0.877950911152166	-0.00736240646003854
1.39849755637098	-0.00911028394869514
1.20429477718203	-0.010559405733725
0.0456555329229869	-0.00150305283215335
0.060544645937166	-0.00219593947825131
1.2808234713558	-0.00962126422807091
2.66989624890094	-0.0158389181709945
3.70791961667203	-0.0162689835585675
7.6045022414572	-0.0244585119530895
2.65258780410475	-0.0143573897487299
2.71940573050525	-0.013421178286583
4.05046874479589	-0.0215048409023536
3.00811272490264	-0.0150213191306156
0.0107978426401913	0.000762754583238007
2.01165001996652	-0.0102072585918271
0.554922486666081	-0.00691511200024604
0.226330739832125	0.00321500367999457
1.72371708668327	-0.0120108144886236
2.57045023626015	-0.0127529106763057
5.25299941457275	-0.0195909174598713
0.28160010921155	-0.00458823311632305
5.19446031373299	-0.0204562946483824
9.25469157342568	-0.0260351529671612
10.5419304479514	-0.0283327686401331
5.76583212650727	-0.0205615659468631
10.4777313615367	-0.0270616525849209
6.41549440132588	-0.0267825938611508
0.588671567308833	0.00715485419017293
0.122025981687467	0.00261502459720136
0.828300409687194	-0.00800689091550246
5.50613956347005	-0.0220884199847314
1.80976961376435	-0.013240123941768
0.747314805641231	-0.00680611435593578
2.90329348156492	-0.0115996271942548
0.323680103993954	0.00547780899179083
1.47131540303997	-0.0120084185619083
5.4528592117797	-0.0194859728800094
7.32380642910709	-0.0259579115446796
7.14075888891907	-0.0228750355740126
6.03275291710405	-0.0199205239474723
0.686536483663815	-0.00627231308544098
1.65417999224757	-0.00933641480978948
4.38494975263524	-0.0208576694820921
0.0231029033454423	0.0012066381707574
1.5215517977898	-0.0115802416126292
0.00250181850521822	-0.000377311779822674
7.3421410636551	-0.0190771294541589
10.6671604943647	-0.0360257882007068
1.82302312635015	-0.00894146376813225
1.09259676188265	-0.00954739391413679
2.49193383897597	-0.0123605806839689
0.0297974787177381	-0.00143791866415781
2.04620147716856	-0.0118456365934822
0.00165183592864891	-0.000336190061294317
2.35985034917505	-0.0121879157916295
0.100369667620773	-0.0024550349524507
5.52089274227665	-0.0182557615721136
0.34689648680049	0.00528121546273202
1.92940777338693	-0.0108820078459421
5.92821947120989	-0.021903014527692
2.19770593023807	-0.0109548571628714
2.48757967615281	-0.0137711850039253
1.61174810320379	-0.0116329669279404
11.8515144043825	-0.0253448057985307
2.7582836899976	-0.0141789939450721
2.77158964905741	-0.0141619328113326
1.74469091792611	-0.00845806295241758
2.3355765332001	-0.0129279094618302
13.8425826444022	-0.0336628710180807
2.19605377667756	-0.0114318651567588
6.09158080704159	-0.0219324010240529
1.25645752026825	-0.0103774613055275
2.2207030955248	-0.0123781579001636
6.56243347182534	-0.0245420995761701
0.0661640287779127	-0.00163674474395907
0.159962184767966	-0.00286420387026679
1.62372289008171	-0.012780480050937
7.09469956145025	-0.0255875930974089
4.33565688826173	-0.0133598940261815
0.0390625677703441	0.00180208730795745
0.130460657665925	-0.00280607684215322
0.605975730946546	-0.00619482625900113
0.0202001637465093	0.00113745596541271
0.00143145571879901	-0.000257737046660783
5.00538355930012	-0.0221071584812402
1.69435967691772	-0.0118189508451558
2.73542634790215	-0.0133320052547137
0.0211593375257097	0.00099145171270261
1.25473401989063	-0.00997982619788822
0.00410936124338545	-0.000541196345225184
1.17028224987228	-0.0101070393709234
6.09090946575651	-0.022239504013338
0.534596310198301	-0.00588406828244187
7.44018692678197	-0.0217736723703118
3.36086984998816	-0.0126771571474113
0.449420887581585	-0.00759486744601791
2.3878102382017	-0.0145302999034123
6.4775861513514	-0.0166770414879861
0.793739685347934	-0.00662915879972825
4.06200578616788	-0.0158351450500621
3.98171768743499	-0.0177018698492558
2.72532638044652	-0.0122119270087828
2.65272830216255	-0.0141522518684017
2.44966179762069	-0.012348614513902
1.91453851581242	0.0102124518524661
0.236721061633581	-0.00370003871282586
0.924716148202239	-0.00733756826744073
1.44605520122348	-0.0107362401033955
0.529944179190987	-0.00534153709880399
5.6300041984204	-0.0188466007905234
1.75095975899629	-0.010779470274789
3.57647279085596	-0.0166551549216395
0.45988225380234	-0.00673724444235462
2.3419589449405	-0.0113412833852253
0.10441777593779	-0.00304165915085721
2.53862145864377	-0.0139111436315459
2.94239013567078	-0.0120594899319162
2.88512387435338	-0.0166715619286962
0.0234724146633312	0.00105237186629209
6.56961069583002	-0.0220211919589889
3.51852157535985	-0.0155830204873792
2.27653957000955	-0.0146755847965599
3.22232499091626	-0.0169203306593209
0.698878421267925	-0.00825362606804722
0.72559213075636	-0.00741570616434455
0.79991241576793	-0.00745320847993913
4.59622471382082	-0.0217849158840788
5.3461353934213	-0.020569837718311
1.82145903772917	0.00868304433071743
2.11633681672705	-0.0118540573216461
0.461334919658997	-0.00495397136279452
3.11717595905838	-0.0130503859548156
0.000544260107245983	0.000185495837313714
1.36050608155391	-0.00993686765648748
3.97326435162437	-0.0174111288965985
0.541930091103456	-0.00535955634832523
1.92718170825702	-0.0116552004598192
8.30750162862227e-05	7.4213367747421e-05
0.42291351471626	-0.00618717707603949
0.424549644953973	0.00587719026202213
0.0452260371047266	-0.0020986159056371
5.48788422661996	-0.0234610497668807
1.08227498029617	-0.00964661336238865
0.221293216803273	-0.00383852962615039
2.97355069939928	-0.0177852972587315
0.567820771290404	-0.00578118855464054
2.22821983165098	-0.0151453148097501
6.31184112583208	-0.0199891521478472
4.99259575455386	-0.022185866911319
4.00605877839683	-0.0190003180467839
3.07383325224999	-0.0134575826115489
1.99421610691233	-0.0107933514974408
2.34777179451655	-0.0120459373185143
7.00789093820127	-0.0176760762518458
3.31619671509472	-0.015996901332088
4.76894387903895	-0.0196921009639421
0.494418609097818	0.0051279612711681
0.442559501242367	-0.00550714241377455
1.9863396993331	-0.0154837962748235
3.40962064733369	-0.01756378892433
0.0568158155226221	-0.00206894523958668
2.90571376475631	-0.0138840736363445
0.691021801356195	0.00621337810644461
3.43514973705161	-0.0188575618642176
0.487952933137484	-0.00587712388166091
4.77899254697345	-0.016167042337619
0.376707929386397	0.00497708094166804
0.00473114526283094	-0.000523183097416151
2.07907317442312	-0.0107964501476203
0.149858416499625	-0.00264419871392299
2.1155044920264	-0.0126138256425094
1.17639844312765	-0.00904410765794435
1.08153387004246	-0.00856970128281187
4.50977839293208	-0.0180533505893207
0.147208759187026	-0.00343131890638326
1.80689754122103	-0.0133412784973108
0.16212994774497	-0.00316344082474108
10.3141947807002	-0.027734665053572
3.33766911406936	-0.0184823749299898
0.00744521307782105	0.000591954052075372
6.56918124820923	-0.0250522090926088
12.6091729994904	-0.0327689863920052
0.0900275077875737	-0.00234760756729909
0.968206612652882	-0.00941019323818747
3.16218370958752	-0.0123983242636407
1.81459336541649	-0.0106088262900511
2.28990805810869	-0.0101614089362427
2.27388694326848	-0.0134903161080747
4.45068273305423	-0.0163156160331082
4.82118727126422	-0.0182660882696127
0.017845389687667	-0.000960253879709393
1.75864585607887	-0.0140675964006425
7.46410719105151	-0.0227630770633556
9.91747540724428	-0.0285155975319434
7.40690190915071	-0.0231383371083496
3.46146353869691	-0.0174155395301705
7.47102507759608	-0.0243752843087253
3.83487567051936	-0.016213773662575
0.420520574998406	-0.00445884526381887
1.14355026863751	-0.0111316795871815
10.0154038553106	-0.0265363583232106
0.0842118266399719	0.00251977017837147
1.33195861900992	-0.00859388575101861
3.81604738806302	-0.0201083385561841
1.81947087439138	-0.0103947035678282
3.04840989275025	-0.0167100282974816
0.415365774278421	0.00499332622953523
1.12273882274219	-0.00833220608895426
8.53482773911061	-0.0202123010784073
4.66466932686042	-0.0173495665090565
1.56069520420306	-0.0107736411501257
6.21395699062007	-0.0211204663632756
0.546727055646509	-0.00625575538585454
2.85536075496934	-0.0122103589590615
0.667826890889603	-0.00614584025924649
0.12197592580812	-0.00274654482685346
0.0387588644182273	-0.00132181324901986
2.17289450868825	-0.010543980988142
1.37944484597587	-0.0109031716445077
3.26305197605596	-0.0155053664153389
0.0295047026315818	0.00139413427891799
2.47514371923217	-0.0118861114920188
1.51267604845325	-0.0101440683130969
0.106326341781508	0.00273117339627826
0.181329103657889	0.00370161140830031
3.04644076774226	-0.0154995245961361
0.219669319608775	-0.00386889436593539
5.5609138264211	-0.0193966888465796
6.36885349373151	-0.0217007259493546
3.05462327207899	-0.0165731237181356
0.117564881221396	-0.00337555909660355
0.0619745555996927	0.00204248439415168
1.06126739623996	-0.00956572974276923
0.885390226162216	-0.00814783436577599
0.0118825409378772	-0.00087109805809849
0.0140704468579942	-0.000933058270550776
0.206322741462436	-0.00378720667310013
0.0188279111980821	0.0012495428986134
0.773196326269203	-0.00811066860513664
3.9602177959416	-0.0168666029804571
3.68934378390279	-0.0158183199579802
2.93748960180399	-0.0142539074861528
2.68583789430247	-0.0150821637895036
1.44620654605764	-0.0112167584238249
0.790169273478674	-0.0086089814246214
2.40514238317238	-0.0141290013290029
0.534962144397005	-0.00580240566935719
0.355974465921	-0.00598334294259574
0.210159881599015	-0.00368413393681366
0.865272453778641	-0.00839811775733995
0.250660454860203	0.00348354943928952
2.61674170192929	-0.0136282068283482
2.54544233452349	-0.0154832272389011
0.935295183717202	-0.00875081700349132
1.56475330150899	-0.00996560568118593
0.139406848633967	-0.0029846405161985
1.56163771217447	-0.0132758373953393
3.26080107498415	-0.0154557221538875
0.912718984533568	-0.0084509696594478
2.57790164677044	-0.014837580840638
0.375288530487853	-0.00396882676582977
0.0350167523412389	0.00139530573296352
1.06839289353281	-0.00960050684121317
9.56258126886395	-0.028022975052307
1.32009762403307	-0.00848892453945953
10.1472592891539	-0.0308958403980492
4.64153781574533	-0.0171754804829214
1.27862851940957	-0.0111975415474646
4.53836452706465	-0.0204935623291924
0.0619326022145614	-0.0027088618184266
2.54472491556308	-0.0159852181933569
0.970564189344571	-0.00975663066964907
0.0449078744294003	-0.00190594376173813
1.7993829626846	-0.0144821714851718
4.28868570089743	-0.0155794497977517
9.33390168097851	-0.0238208189941443
0.0318175548994087	0.00139459199151447
0.253557152638348	0.0040667376298617
6.57860787126659	-0.0233533385449661
0.332591931772554	0.00410597121284238
1.58251773877156	0.00913357055969037
0.00171068843665638	0.000325141948115139
1.78127243966843	-0.011239060254769
0.00283743322244295	0.000407329369625977
0.489751722996187	-0.0062566042038791
2.86017370825632	-0.0132068240224981
0.10297970394729	-0.00252363809021838
4.01616793780419	-0.0153258346461857
5.39507004806051	-0.0231389935636621
0.623771556928813	-0.00708899557192306
14.8731058169281	-0.0358251056127821
0.533475882336716	-0.0058349750636329
0.0191812661274381	0.00120611681528588
2.72546977224411	-0.0131999126047372
1.06331818343224	0.00596020980170221
0.290676758115891	-0.00395679143289071
2.37892519949951	-0.0122432368980311
0.479967383931388	-0.00617706269857218
5.94585498711829	-0.0289594266479956
4.06197414564849	-0.015691651537065
0.495809780151164	-0.00662576287948253
0.219072103878743	-0.00333606422800336
1.26217024570061	-0.0122359450788689
0.0229827688967018	0.00146146378997938
1.08102488619652	-0.00860981043283432
2.07219959410905	-0.0130471520927253
4.64881651546676	-0.0196087839781395
2.78624140942928	-0.0142425497312729
1.21880430633812	-0.00819079963361024
1.12063798607037	-0.00965706263514413
1.03603196826619	-0.00772194873968201
3.10676875882778	-0.0141547781435006
0.000241595356084565	-0.000121019764985692
0.0866051349918097	-0.00195550513913985
4.21822871487509	-0.0182287759617469
1.07668449374259	-0.00871550423793687
2.86075739846321	-0.0133850258736127
1.74751006133803	-0.0100882580494046
3.3228057933727	-0.0171110204903781
2.26741565049034	-0.0142842422258265
0.717290455114713	0.00687737087643116
1.27517069721084	-0.0103119714433078
0.0200251724879699	0.00115141082985596
1.97399613532678	-0.0119689319853992
0.0854554461392112	-0.00246292831718557
2.16977237116684	-0.0131770948000168
1.92194839428705	-0.0143213395853807
0.805237712849222	-0.0066350338960101
0.561290916523151	-0.00675332173087779
3.86514552925744	-0.0132944630756598
1.53727914317138	-0.00945251396461681
1.19669306522336	-0.00877270792336845
3.81193374582982	-0.0144387790206413
0.9599802090472	-0.00894102620095645
2.73222415277519	-0.0178366377443182
10.7384692940863	-0.0279893851506712
1.3173233822982	-0.00783673519198507
1.13340008697312	-0.010188788585547
0.0790831276314238	-0.00241341794752696
0.0915721911001856	-0.00259653532371723
0.125408553427996	-0.00290250276564929
0.564149441021902	-0.00573495327398859
2.06859304187268	-0.010458743168993
1.03597911768758	-0.00786109445142621
2.72674957924337	-0.0141986726971685
1.1382257096222	-0.0097298821647801
0.05628270880178	0.00170078693982461
3.04227411886258	-0.0168724611353027
4.8033405983627	-0.0142556026507291
0.534336830899655	-0.00584485077128427
1.66754896907864	-0.0114503210975013
1.84681383484764	-0.00980851686080329
5.2071834359896	-0.0182702230157684
0.044384174674435	0.00182561457727777
0.949103677579371	-0.00756225856461817
1.52232446409781	-0.00866460376106634
1.45060538526823	-0.00868646586522037
0.413790789514915	0.0047137585433243
3.90822941326836	-0.0176460757177942
1.31812303926177	-0.0113212840721358
5.89021894396341	-0.0237991283059372
12.5843924033437	-0.039051159318005
1.30754910583893	0.0103280986420654
2.39569782630474	-0.013199324289986
2.51611134821787	-0.01398262797061
1.64915009571549	-0.0123270942090323
3.11215801189661	-0.0154272294105129
1.32237771452315	-0.010016567333925
2.83825022528016	-0.0156987627748083
1.2439660940477	-0.0107529778983392
0.332429871571561	-0.00521445515153322
5.67251027340564	-0.0201845288846384
1.39163243544671	-0.00834592995768716
0.111906701429559	-0.00282448471286232
0.948993195603467	-0.00765807067384762
3.30314597001586	-0.0149514301916665
5.32209989409886	-0.0187178433489527
2.53253789835694	-0.0149030748146156
1.51403108052247	-0.0124268551527107
2.23623762599183	-0.015595430919159
0.0155671972789414	-0.000902041745541902
0.195667432480521	0.00349566670611809
1.06423324401662	0.0080498915546547
0.590539003492741	-0.00608348115906733
6.51023453842919	-0.0217809375232677
13.5469474723709	-0.0326943184173321
1.60901891322441	-0.0119216374598689
0.747760714521189	-0.00767351231811496
9.72563121928544	-0.0263771728360365
0.0286051267237885	0.00142065360941484
1.90326636787007	-0.011397203824889
6.30335462131068	-0.0217467205765765
1.97130509777581	-0.0112183792329098
5.11957895434998	-0.0177683744324762
0.946612625229888	-0.00735465345627147
2.85333344309337	-0.0165789303231806
0.223236674993893	0.00386802752236248
0.3332320966507	-0.00544032785502349
0.799826882360407	-0.0073000148792763
0.702751698881143	-0.00695755471966138
3.81238691261866	-0.0182501315592704
1.41160874599188	-0.00992897204637693
5.15257593757273	-0.0205731394233393
0.0621306898931823	0.00208807648634873
0.110432029692054	-0.00317733214147894
0.302165528394837	-0.00467085558446741
0.376197907080335	-0.00484370975723144
1.83389197684406	-0.0113747626540311
1.0036414016989	-0.0103990370042689
14.6996388987421	-0.0316837680242703
1.80242316248763	-0.0120908391684966
7.58379326789638	-0.032350738486044
0.00645276839256586	-0.000732988503026918
10.7453822414031	-0.0274997715989054
0.146215515288175	-0.00310907003361527
2.18517636268841	-0.0119188785920725
1.28643436783122	-0.00947845286716974
3.05275171406778	-0.0149097460751416
0.10498721599329	-0.00223662080268357
3.45606199939934	-0.0157814411908638
0.116568313540552	-0.00249610110491395
0.393002223821636	0.00622906295749806
0.630037795988164	0.00565569840011498
14.2769455917903	-0.0359806875877041
1.08807886397629	-0.00747131826125032
4.49797631527949	-0.0212312011972989
1.39062205127234	-0.00963540949974807
0.759362968713403	-0.00543419537954071
2.36067050296658	-0.0111097595111315
4.61854547120496	-0.0168846509445069
2.75352504686052	-0.0126894428400108
4.80344663510266	-0.0200188115648023
2.01255772849241	-0.0151194422691784
2.59597701779782	-0.012129251260414
0.242702435581832	-0.00401719632601009
4.52335845500602	-0.0176191736525625
0.674830006270108	-0.00721695032172226
3.47232602644108	-0.0157670911481231
0.233852502045132	-0.00442070456796429
0.312104895980742	-0.00450443757045403
0.507105928671889	-0.00654323965352136
1.07890543332244	-0.00846904072630777
0.867592543760568	-0.00732489050991736
1.38109617134344	-0.0106937845404211
1.45538166904498	-0.00965871315049462
1.77257728293988	-0.0112823315938721
0.726884384868136	-0.00658903099041011
1.34381330096853	-0.0109342132665838
1.1810319295213	-0.00900249045511441
1.50832818969559	-0.00999599662844099
1.15782028878497	0.00798268378764375
0.247388501570711	-0.00382614249473066
0.410401737703025	-0.00632762665209515
4.90598949872829	-0.0164418743837079
2.83489099755979	-0.0160920894429362
0.210359324975513	0.00332418656977638
8.26661773058918	-0.0240839245894434
9.12713787644541	-0.0259666111807563
9.16319985864515	-0.0277597205613698
0.038353944736919	-0.00146898335736123
0.561098588335987	-0.0064058691578463
1.53662682535949	-0.0115380243036395
6.40148347016017	-0.0216128706932818
3.72807312564518	-0.0197756491652057
0.724595936306962	-0.00719410561308132
10.7324621219413	-0.025259409703941
8.02792228832415	-0.0260400464643131
1.23570363827064	-0.0106159467612541
0.18315443067532	0.00335091416157826
0.22720814688353	0.00564548508284633
2.90752100434782	-0.0140721102997015
7.18658781449721	-0.0237028925281817
1.43820725965399	-0.012714789111224
1.83620680759018	-0.0107450135194531
3.52895815938437	-0.0159509697185922
3.8049266271773	-0.017047165682731
1.54134935622563	-0.0115098953251581
12.6476168856927	-0.0276746919171379
0.245384757474359	-0.00384751078461238
0.280830893610286	-0.00435372670859964
2.91324945159411	-0.015108116468951
2.29780818888677	-0.0127307717771686
6.56063391679114	-0.0234122494367086
0.0476180967427266	-0.00199975872189355
3.16134124725249	-0.0150928876048878
0.00337945610448837	0.000463814269519886
1.2812367932299	-0.012262582516789
2.79927262726609	-0.0145518755228889
1.92583626611833	-0.0120403009877462
2.38726141246454	-0.0156131634651961
6.72291433999987	-0.0221961617214313
3.46940807653679	-0.0127777727664932
3.72098665143905	-0.0150427319162743
1.58886118515587	-0.0102877865057785
0.469655675227281	-0.00653598730888935
6.23528226753233	-0.0235561445897786
1.68659695483934	-0.0105498537586576
10.4222284315383	-0.0260360640303462
4.78620340802645	-0.016982473545956
0.0377715504020403	-0.00131246590639773
1.2113476775391	-0.00876539571698938
3.44834867067109	-0.0138369231710431
4.99273771857738	-0.0189793642593605
0.618375838204788	-0.00731984262251534
1.14749963173224	-0.00926816371788511
2.83674450460076	-0.0155475327498078
0.0718244071057534	-0.00190307404647335
0.0338079831455834	0.00127845870708527
1.25175610755191	-0.0110316361935359
0.000465845721584448	0.000173434002577943
1.53011570538004	-0.0107468764547723
0.379050606188114	-0.00516672425799053
1.16495678264395	-0.00853763710018811
4.53428737149621	-0.0206043878320075
7.38078794251515	-0.0250827395656008
4.41467819849106	-0.0169389474495335
5.40692413794946	-0.0199097122796772
1.72421400768328	-0.0144758919427374
0.0031403240053481	-0.000423439952449916
1.12695542613778	-0.0100538835196341
0.543337110987536	-0.00609352035849572
8.68871485905269	-0.0241635345077661
3.43654155508765	-0.0162537076634853
15.3688626594053	-0.0382308135201918
0.371175610390552	-0.00513191436950216
0.233144131991608	-0.00336655692556926
2.05419574850584	-0.0135062891944944
6.89382183688927	-0.021223003285432
7.08193594536063	-0.0219898125872991
4.25703715023529	-0.0179826470725718
0.619050700972597	-0.00672161765376427
10.4230270389756	-0.0287461998304678
1.75816636768878	-0.0114381072572595
0.488991576378583	0.00657662166802987
0.922926953950273	-0.00782681852350718
0.894342829011129	-0.0081189839837689
8.75123379317307	-0.0267747424617221
1.22948359298466	-0.00962504423209929
3.14039188581711	-0.0153934041936492
6.44216090273113	-0.0228816190856278
0.813596989279069	-0.00859377875880402
0.0102630382120569	-0.00102318444710725
2.24162317949458	-0.0134959684654124
1.10855266109198	-0.00770608420488601
0.625986947921967	-0.00626633537901516
4.65566039657553	-0.0188688121278611
6.14715184774102	-0.0251990133965116
8.60439871939776	-0.0259180821026128
0.215299844890599	0.00409418420325783
1.96929631298308	-0.0168350813180782
6.00212829620874	-0.0230572550911068
4.88014741835556e-05	5.707391151763e-05
5.76170888234838	-0.0264516843764066
0.719363007258109	-0.00649351427225009
7.06517411185324	-0.0258896063841238
0.509911822008368	-0.0069566105175253
4.34876168957923	-0.0155999964461163
2.23786921086982	-0.0124507212768573
0.0749765285928959	-0.00189882665349218
0.42397532948495	-0.00539811140797777
2.30237773288614	-0.00875266195332534
0.432493194039109	-0.00533356866665205
0.733606624213875	-0.00652624035702746
0.0952906035364137	0.00256439092882216
8.18043046447216	-0.0283348018582895
0.00341160889686477	0.000392142542208721
2.28111182393651	-0.0112686691519509
1.8616651815528	-0.0128970186176029
0.631168193969131	-0.0077560598794225
1.03119473549695	-0.0104434302430693
0.798604886876178	-0.00647862946704361
11.4219601353742	-0.0329582356399783
0.833648754950493	-0.00720356496916836
4.8235770608286	-0.020132855714571
2.0347758158936	-0.0105742671948033
0.299299580847917	-0.00384785459944906
0.00628945054225758	-0.000716711447162537
4.87072823892169	-0.0169816408400688
0.565322439774463	-0.00504246101018159
12.5537996409888	-0.0334354593065751
0.269235088043221	-0.00357429094572831
0.118872018373782	-0.00236506819205705
4.22918992289567	-0.0169957315413404
0.190366863294472	-0.00377643742813889
0.593246012647616	-0.00738948305165242
1.31904646280182	0.00840719330044558
2.3999449405551	-0.0111989396656216
2.16686610297603	-0.0119912976641846
0.255921484483598	-0.00321951549464861
0.0362599556639075	0.00128857518338228
0.0161944350614831	-0.00102094986342818
0.00487669141839761	-0.000519488729986279
3.50887010876294	-0.0157920268585503
8.04885819189718	-0.0257390389456094
1.67031788314175	-0.0100165684171111
3.06084164578232	-0.0183516758977544
2.98636454307613	-0.0159711670980082
0.577283365785383	-0.00571172492795347
7.41400560952592	-0.0233358275700449
0.942480943176486	-0.00762332799426694
7.29281827520027	-0.0201700290065202
0.151552279603118	-0.00332413435149259
2.24565141480075	-0.0112695865849679
0.168281053263217	-0.00345186181560229
2.82941382743529	-0.0133526237224794
1.78007596758339	-0.0113864842414405
5.49864125555688	-0.0201136132304238
0.410265108974872	0.00401853464097433
1.44261687148406	-0.00925161096159396
2.27337836554522	-0.0132384109459891
0.00124548079176097	-0.000254567843524611
0.143666080559419	-0.00385126906374343
0.123775194386792	-0.00266125817543491
7.95661925073724	-0.0286839759288249
2.94013450238781	-0.0146639876784179
0.269490280255551	-0.00441359650271071
2.5435000846304	-0.0158050748987944
4.0013154464486	-0.0173914127104573
2.07061210781245	-0.0119808661159265
1.9390597605679	-0.0114284884290224
0.161189067219048	0.0033217380068329
1.59086238320563	-0.0119975204886292
2.41899229605427	-0.0131575285079291
4.47422416419207	-0.018594051345706
1.83550894138689	-0.00943929182866239
0.00234648695430708	-0.000431604150167635
6.97067880983909	-0.0260504478768556
2.96080302027703	-0.0130999829690805
0.274314270205996	0.00405554965449967
3.0285325862723	-0.0153139588100671
0.316371054577223	-0.00436946071148853
0.640765962981978	-0.00827651968082112
5.73823170706927	-0.0227917802310043
0.0111037863953621	0.000878781893555197
1.29482199829813	-0.00948693341376643
0.112324983412273	-0.0024673792622678
0.948476220686316	-0.00751767927543231
0.877146248258668	-0.00784078457313011
2.10572127180575	-0.0101429388254237
0.413832060122651	-0.00578264342722696
0.0717538389561926	0.00214274815761177
0.5549366070941	-0.00523872280302015
3.0328177820928	-0.0148908135597173
0.0233110627441455	-0.00148640469149389
2.36844121441454	-0.0148656455719636
0.153123369714819	0.00281719416516606
1.82185542834582	-0.0121485167322737
3.15946684406547	-0.0157750957691025
4.02863025039937	-0.0152770775542117
0.0654633632364645	0.00210237526755541
10.6642126742674	-0.029844309624806
0.345709073453742	-0.0049229336002251
3.4918786487634	-0.0122580526185171
0.0279440256134808	0.00152203488340196
4.20719359650077	-0.0164983824378481
0.442163034786651	-0.00711258261611478
2.89421309097622	-0.0123122108351068
0.716142445298003	-0.00613873685372575
2.9182077710863	-0.0117124254637917
8.43125697569893	-0.0255664714203004
1.00094592003582	-0.00981358233175105
3.99465969963119	-0.0181794789597459
0.793834354460863	-0.0082061595642243
10.3420754983952	-0.0283389579797651
0.41300321543706	-0.00604602214855891
0.324106304259798	-0.00477699610970861
0.019513899456718	0.00101596010987582
0.00428776316330032	0.000447255978854488
0.88978300550341	-0.0083832310350401
0.259120672012329	-0.00339114459918324
2.56374999084704	-0.0154442069902159
0.863405056692174	-0.00696017088433208
1.19500350901868	0.00852734163539782
3.38012519086079	-0.0144035514283962
1.78511334069305	-0.0112322966956089
5.01065444204104	-0.016003441444772
0.193410831606133	-0.00349588662893297
0.681229221771086	-0.00768962735041277
0.628372726908101	0.00711559354003274
0.161234574992442	-0.00341653130584529
0.515811407366446	-0.0058492475189977
1.51000596657114	-0.0100432359078682
3.18995846165809	-0.013862832297448
5.91040907963586	-0.0197561608863799
2.72275950103155	-0.0131182500823127
1.01244253706572	-0.00770311066821832
4.43640609089958	-0.0138969135944087
3.25501178361379	-0.0121459436252361
4.54471217228795	-0.0180176194705455
13.9291981343722	-0.0333093359251181
1.66131446483492	-0.0107319373310506
1.8297420102641	-0.0114554440556049
0.295976204887809	-0.00421194443539661
0.288507613501533	-0.00466987127364363
0.0264214200883702	-0.00132934290180757
0.409822634833743	-0.00499977371169079
2.7462919526109	-0.0155230984948833
2.02436572493633	-0.0119754471765016
2.69895779745037	-0.0138429396874934
0.361786845688065	0.00401318599548648
9.77880249397782	-0.0260764929618733
8.42792106091233	-0.0294192380265865
1.35602044384951	-0.00869010523679303
4.49821487298724	-0.0175594876713621
6.84975028936025	-0.018570941955777
0.147361222640388	-0.00365909549562772
3.77552316564276	-0.0169498334050639
0.0675138113450427	0.0019533312707154
0.080222297960419	-0.00234499104923159
2.64595710279637	-0.0143927710988587
2.03502688553769	-0.013365315762253
1.03445870484935	-0.00837452548108614
1.0026346959398	-0.00771764242239327
9.86522562994096	-0.0306996247192152
2.72912855593864	-0.0121973635241627
6.17965499293538	-0.0202869927850409
3.40731732835175	-0.0158773621350899
0.920480880542963	-0.00958156397646668
1.43752471717679	-0.00923685824214753
11.3630934862721	-0.0362439385948425
0.193187051683244	-0.00321478335441143
10.9622643019468	-0.0325758611096513
2.78384189569001	-0.0170056492883772
0.559165010135284	-0.00587227059529582
0.00899018158866327	-0.000905624271602065
0.332972432059423	0.0044655604453473
1.40092769440966	-0.00881862774606653
6.10246655493233	-0.0220878554443896
5.02448322870436	-0.0218563310121819
1.85302755195297	-0.0108395253982939
11.1215697671065	-0.0291569286819229
0.488584708374879	-0.00569242180977018
4.08504995865674	-0.0179822371238111
5.9624017485347e-05	8.32094606744319e-05
0.534005975773118	-0.00674391280479718
0.0145966004307739	0.000766969550793092
2.01879933366045	-0.0119776485764673
14.1039057504623	-0.0348144213912244
9.37337845542866	-0.0273024484802599
1.68303305738573	-0.0104005788143625
1.02161097680145	-0.0108864898206023
0.00412888824917493	-0.00046073853177672
2.57888454143319	-0.0112229401725362
0.521021182465472	-0.006190636671131
4.29589209348983	-0.0194403793430038
1.12452358728591	-0.00910976031450702
1.44722213531054	-0.00981358221023317
0.100814322443886	-0.00294286565184974
18.1975020696587	-0.0409943179806136
1.47330199282114	-0.0119001401489654
3.98565328506819	-0.0187452466669823
0.00322066508496384	0.000456696990199542
6.4986684329752	-0.0275363236274603
1.61925813487341	-0.0109741514306404
1.56837284408781	-0.0128044467470941
0.000154713367093337	8.72817591190851e-05
6.29988498518514	-0.0224474513820622
3.54827967515491	-0.0145815900092047
4.41165688267016	-0.0154564691753458
0.47796288712511	-0.00530003491244924
1.84495138310388	-0.0123898911878546
5.21038708168896	-0.0175740481931676
0.814531592399126	-0.00692429084077378
0.456666957179934	-0.00482634902255461
0.0717534641300326	-0.00204699876680419
1.19161932345048	-0.00866547196810073
0.317577105474937	-0.00445330053317787
5.72247773644715	-0.021375186395041
0.0977406536409278	-0.00305869359298596
0.236753720048507	-0.00366671594654516
0.197251141545999	-0.00311913845104327
7.89544918039379	-0.0234125725075061
0.384623356865272	-0.005366390506829
1.21539604297475	0.00942984884927461
1.46428369092221	-0.00980064952922251
0.617054577160336	0.00592008527725926
2.01897559774266	-0.0129681568209538
7.12052909650491	-0.0236951268323439
0.401397216601	-0.00594486859656697
0.728111384896898	0.00768758277140924
4.1947065638351	-0.0177402346532818
0.0377790571552992	-0.00154099143031713
2.7545001101986	-0.012396412045133
10.1089440134871	-0.0243941688536152
4.14299161651305	-0.0160978477718167
15.6914581458515	-0.0393793330891501
0.49555254858458	-0.00570859609791933
0.321890028785426	-0.00485170986270938
0.143430994944611	-0.00315404596895022
0.367706483359971	0.00515537321221342
7.92473082115899	-0.0234696302617257
2.30619245246931	-0.0113638205041251
0.235392208770757	-0.00420285554411515
1.99553837384253	-0.0137442810388521
2.81477002179224	-0.0125345556564913
2.7041470610562	-0.0123101996457818
2.2350402455232	-0.0121399781163146
11.5643286184849	-0.033567478364911
3.96888934673482	-0.0169706806283702
7.18923706649202	-0.0217870428743194
0.132760770521636	-0.00265463451678414
6.44380445674073	-0.0223046920773327
1.8976145124005	-0.012220659824456
2.29487785694785	-0.0107392370626787
0.456522957569058	-0.00653407375447027
0.00729507673658426	-0.000761063362966436
0.918055948643456	-0.00685384493965311
0.0647078631441158	-0.00204796901107242
0.451176758293514	-0.00578383986526893
3.07305211994279	-0.0165422433772895
0.00110239226366475	0.000256568935706352
2.05878021781497	-0.0124574195163967
0.150819786747761	-0.00371699699232009
1.14049939923395	-0.00920656289025946
11.4099612288564	-0.0283616832686799
2.48540619200171	-0.0158591959176723
0.0584780507364919	-0.0018469576800526
1.36638585335859	-0.0110168915000728
0.596103679025645	-0.0064000647817818
2.02637392981708	-0.0147915533215918
3.2189342480771	-0.0152098308458279
7.09112166764031	-0.0275315710312114
2.12458610669248	-0.0126621837845621
0.0523581604585306	-0.00196316905347707
2.17032669801655	-0.0120591203494472
1.03358046071892	-0.00858358872159746
2.07473248083772	-0.0131569349302116
1.31146563312573	-0.012140041614453
9.26350665109335	-0.0283831091300798
3.26134574444929	-0.0156594164006597
3.8617869164539	-0.0192517960536259
0.315705782732198	0.00529820120707798
2.35293600868494	-0.0118909483922268
2.13743166537519	-0.0135804332883791
6.16622592599736	-0.0206417259971887
2.37795373436777	-0.0112642256905751
0.0320430512790704	-0.00180598028380882
1.32900273482762	-0.00850298312350608
0.188460582916804	-0.00304705774490385
0.375763604573375	-0.00522054299926475
0.00609583919852132	-0.000599637004847853
1.90700342321153	-0.0110162034906528
2.09082676343605	-0.00941887113812591
3.68209134255626	-0.0187785658707652
2.74823657923944	-0.0136590586730608
3.16495515938579	-0.0121641060068847
3.49537690525447	-0.0156705344726821
7.85338313841309	-0.02298074764727
0.401649045918632	-0.0057948847060087
1.72122268438277	-0.00853853990379175
0.591611783378713	0.00625564342333449
3.32842720061485	-0.0164302375114606
0.171859554792614	-0.00453491577528358
0.15084841660847	-0.00345088384455632
6.24949163247767	-0.0243556740583269
8.45993373426018e-05	7.86222540496526e-05
7.01807550177177e-06	-2.01985848474976e-05
0.145211706510103	-0.0031361500710305
16.3692439657562	-0.0520618382914802
2.92937421278338	-0.0151153355103222
0.0223667280451035	0.00124683727202986
3.29673986753627	-0.0157797183860654
4.95588741996333	-0.018843171631088
0.691032285479028	-0.00592144936539429
2.09721487716731	-0.0100695918673769
5.63611791009381	-0.0215651064026425
0.161337418761493	-0.00252977531759838
1.48053756755779	-0.00987900991564314
0.563039328622334	-0.0068448104910783
1.55729394203974	-0.00776027884050753
0.0386193881362772	-0.00119935985048306
6.66660677948644	-0.0192324181181541
3.66415307460073	-0.017306708591408
4.66456914373769	-0.0197380442949446
0.570502984742736	-0.00674628086001091
0.958946826322772	-0.00858274203176128
0.260982904885626	-0.00471635423147713
2.40070890575982	-0.0129481611356234
1.13995622302705	-0.010384954670223
1.16519451116298	-0.00924872415841072
0.522562671970646	-0.00715174007827277
0.966976174072409	-0.00790513371839735
1.59192250963632	-0.0103399741113612
1.31293246945686	-0.00866983883562973
2.08276049266674	-0.0125657056349958
3.4207751219131	-0.0169413330348109
1.2987351238289	0.00914333732233786
4.76491418812715	-0.020387279916529
2.55759996621033	-0.0128793281270395
0.147355682456643	-0.0033415603860846
4.106425651819	-0.0189824842160767
3.06403790277692	-0.0134956615412304
0.0527562428143242	-0.00203559969226382
2.03479285081076	-0.0132297978010297
1.33395099058947	-0.00997383301962446
0.252227114298932	-0.00412971363166502
2.76060499465594	-0.0143325273756171
1.03178610406347	-0.00779693970566914
0.131416303584797	-0.00290779831480625
0.760342001429713	-0.00632388773671979
8.13999037193983	-0.0259060507330385
0.307801676336073	-0.00471554949585946
0.00268514318289823	-0.000440994998559317
8.82806019521015	-0.0264566986060212
5.60632151283708	-0.0242386467012231
0.0766369448753637	0.00270295931164919
0.293066080945441	-0.00504785835866783
4.32891677171571	-0.0153243145918358
0.78954486671866	-0.00692727859195977
1.86457296453564	-0.012342893566352
0.254344898357631	-0.00513759924804646
12.7348114968009	-0.0275412839911774
3.25588163408772	-0.0133359441719227
4.55644747999303	-0.0215770829368381
0.155412012356091	-0.0029939851586329
5.25364213439709	-0.019709591060006
3.34200873839752	-0.0163548486056676
18.7083852039456	-0.03680462807004
0.472118397089958	-0.00544377273331478
1.73706633910508	-0.0121219510024935
0.266927266862922	-0.00468706703408112
3.89674583249816	-0.0169889512270433
0.508437230257071	-0.00622542648093036
2.08162608622726	-0.0105008310781539
0.6348513222034	0.00781779287916648
0.358189425852479	0.00488444409247506
8.22015703969417	-0.0255886995241243
0.306641034297871	-0.00403466880779205
7.90575735029572	-0.0250484572460451
0.232723320561	-0.00371157805326409
5.0901093030348	-0.0209962181836026
0.02465863233294	-0.00124136597871084
1.46960787116395	-0.00969091158603686
5.1069305355614	-0.0194695509969428
0.598349121430118	-0.00574194072033242
6.96655579187638	-0.0246878599537389
5.06766943435986	-0.0191029821053526
0.241527836363058	-0.00421658609352311
3.106641687815	-0.0155982580337651
0.966304691160371	-0.00790931045758051
1.99194954755081	-0.010647681738522
2.12689174724556	-0.0123332983025476
0.965351997384506	-0.00852215885861596
4.8913721431043	-0.0200178350035827
0.0128546891392786	-0.00100280963286662
3.22616924193909	-0.0140075846712025
1.24374826379315	-0.0113178084326966
0.016266670857121	0.00104501186975104
0.093731070513746	-0.00206351540544975
0.0520927481179352	0.00210331314339343
5.41193913080733	-0.0193830820754741
0.865362105147612	-0.00707126329557378
4.60717221857934	-0.018938265184303
0.168812329709125	-0.00279764262726716
4.31086870555962	-0.0249967879686109
5.14255222298028	-0.0214444164447227
0.00952879602458376	0.000933384029038159
2.91347748874932	-0.0130548839017308
2.45885733920877	-0.0134924090795228
2.86292326341083	-0.0118116470304697
0.0127969061014836	0.0010502313902254
0.276343607799586	-0.00477129278465023
0.722446004028714	0.0077015229203141
2.43398864254802	-0.0134743297695225
0.390269574339687	0.00559844760183375
1.28545862303501	-0.00898371707205668
0.520340272623758	0.0061975099442839
0.427798652123671	-0.00608265039184108
6.9671240774894	-0.0247944647227793
0.136731665426712	-0.00244876134964333
0.264903457632219	-0.00511324964953705
0.0150320955452052	0.000986551059775906
3.74363836671257	-0.0155961697328518
3.34628017415801	-0.0152430113016726
10.044553770835	-0.0269123490721541
3.8799755417036	-0.0166286830700734
0.0569989172354387	0.00188446704519289
0.0567249706233944	0.00203504758557708
0.0137045635492954	-0.000877393687767867
5.54308353218501	-0.0236690008130708
