R^2	beta
2.2703516384272	-0.155294566055501
0.0696477304358399	-0.0257638890293991
4.49755013973637	-0.23128427168085
3.26314071494966	-0.258279121247596
1.02456060254595	-0.116899778073673
0.195049320402675	-0.0551028632146047
1.75465711384712	-0.138137436632406
1.66749726009405	-0.19850641074726
1.08400730680843	-0.108519695502471
0.00223780825936066	0.00475659020938037
0.539139829483805	-0.0682094614980527
0.532016348028902	-0.0743387721668501
1.04311612378335	-0.13414625228803
0.00153404255672157	0.0041746333610175
8.56073610921877	-0.439937418326973
1.20423636745909	-0.126363315317055
5.36045615558877	-0.302584182128658
4.77821616454389	-0.232018360048113
12.0369339114853	-0.576757047342953
2.23222257625366	-0.221790602279969
0.821895598357055	-0.118051515733041
0.615455935059847	-0.0621421012261743
3.36993820282577	-0.22529932822472
0.639558012946178	0.0729620708471937
0.56195690008809	-0.090283383869864
3.41851147908379	-0.262325047624973
7.02057058913289	-0.359906695885722
3.41384225242363	-0.233757213563902
0.0207053468134019	0.01982814397348
5.5687512021151	-0.317415465626128
8.78311534354374	-0.43724970193497
0.072666527637847	-0.0236194807852193
6.97795097630873	-0.468408398632373
1.58257190307765	-0.154537650723373
0.637309426780281	-0.100008378530716
3.2691123829232	-0.234898897322916
2.08612479537962	-0.15192067214098
0.80986064108013	-0.141527317877908
1.78476065718351	-0.157899729753234
0.0134202458786673	-0.0134792328123183
9.23140184164499	-0.384172593722152
4.64340094075232	-0.183261970897613
1.38308254731128	-0.111926532283998
2.12310162919785	-0.192860255735508
2.24218424667177	-0.161401646175742
1.68013154447763	-0.201521446002378
8.56467720280146	-0.419425015390329
0.695869267410388	-0.0879557000762566
2.45810826651025	-0.152765777401446
4.14611682338472	-0.239465188450236
0.0918344726038033	-0.0387074779899526
0.423084289300278	-0.0630916133517604
0.799571837378486	-0.10050313183306
0.0750779214438577	-0.0302257124802878
2.38403088864212	-0.201282402956782
4.65483417181939	-0.258522919486597
0.888202522895816	-0.11785794328959
1.94050783003173	-0.160823880572991
0.497493198103782	-0.0911496590607302
6.84612739662774	-0.279008353430906
2.53394399112494	-0.203218850255844
1.91308208526518	-0.211180614867346
0.969754512021108	-0.0801538870347869
4.73220852895397	-0.306755097532485
0.0172448281607509	0.0142973044861243
0.833159504693944	-0.119394962485637
4.13460475274554	-0.226235923535656
2.50735632981352	-0.179882022466942
1.7791175661931	-0.191699395224681
4.47457387538284	-0.277000574857552
1.73263820230716	-0.144399565812702
2.41149029647837	-0.138710880483999
6.24727160897123	-0.35985270577885
1.02727342712037	-0.102345958341199
1.05709020823161	-0.14844592943518
0.306543709125681	-0.0633563849459572
0.227633052166331	-0.0569873393920827
0.970016798915711	-0.0975541015060978
2.28773096125746	-0.178957180700744
1.76636065919443	-0.110742185419218
3.73050668479707	-0.244527887422285
1.48054508458705	-0.183344589004581
2.13881843758937	-0.140789911151676
4.354432599739	-0.202840637200296
2.42846689242753	-0.162809883392579
0.0319130142970255	-0.0190095530073329
1.0762030929673	-0.117326872478526
3.40312688841765	-0.214649090425526
0.0486857087090444	-0.0321364839873972
0.504190742315205	-0.0754383903566271
5.43644033118336	-0.276487705374755
0.119981700277899	-0.0379850404726877
0.671500216397909	-0.104889640371434
0.389750492932434	-0.0763989575184084
1.88020563155647	-0.15283889518675
1.87052619779305	-0.217053727409355
1.04081064715955	-0.124241484974941
3.33347332962065	-0.330320427935147
8.24033710039242	-0.463702083330418
3.93888403783711	-0.350416826061089
0.0312660667406165	0.0188142671140081
0.00119093103306492	0.00425251440882717
0.405747324471388	-0.0666722726127388
1.87128702883796	-0.159142626906406
6.14694787577878	-0.391190845072815
0.188621350207752	-0.050325440985734
1.38553926468286	-0.159827517969838
0.326073111174409	-0.0764473208412818
3.73813304902606	-0.170583985182838
0.712896705130813	-0.0864299581286139
8.32871066982863	-0.510707811177091
2.35701288585121	-0.184637307856973
3.0006539022279	-0.229801673258736
4.629728070602	-0.236635660298317
1.75820131448111	-0.16851240611165
2.21500576355276	-0.214328521305387
1.03334746622399	-0.11004076789357
0.0689413361806641	0.0340107139867335
1.3248129410916	-0.104281066779087
2.61630508943392	-0.213854803384661
7.97857216329762	-0.322892742411244
3.2798724842934	-0.173483239820792
3.84628079251935	-0.228260045412626
3.36264318193589	-0.280683596542762
0.473577320967443	-0.104513083515641
1.03950840130412	-0.0983228524564162
3.63273878124905	-0.170214136315139
1.1666651900913	-0.121226903005797
0.447810518272113	-0.109802178753952
0.677100230271669	-0.069868657845216
3.29388964331702	-0.236384442170403
0.0446501517580986	-0.0249282588468538
4.95354282081782	-0.364172446139131
2.13708778281056	-0.182861706201801
2.68282266824759	-0.196317107995186
0.765278521005435	-0.138965604557283
0.0748449875360358	-0.0301448931142597
0.192344873544924	-0.0450028024351992
8.12612621339113	-0.375992991313403
4.4411291013158	-0.21219068003589
0.245604293226799	-0.0753017898420404
0.115020096422354	-0.049048533376757
2.22382602059903	-0.187869881159963
0.204694372126071	-0.0529511306563995
0.850733835014248	-0.119790371220913
3.38367701252804	-0.245571687912541
8.13487808386241	-0.403754584122427
0.0978990632467174	-0.0340326637390873
5.53183752813527	-0.309929862291338
0.402871809643775	-0.0932473985566983
1.61047871101197	-0.135187767457509
8.56124668118741	-0.356807403810318
5.61002107468771	-0.220537549777914
2.73922196182514	-0.167418827774958
3.34337131830679	-0.191870071309487
3.1607267850532	-0.223005085086104
7.42883668119261	-0.437780893176856
1.39539839559367	-0.172727878482847
1.77083490327998	-0.146756175586758
0.118166526430458	-0.0395967354598806
0.200648080108468	-0.0379824263146187
2.30901300555645	-0.146969302929704
1.15637175671631	-0.135027967359909
1.68595388678015	-0.109464044078545
4.15294084843495	-0.360008356523267
2.64792637163563	-0.197283157991131
1.41073655047394	-0.184402307438171
0.756318545148152	-0.0966895950080575
3.30984306774852	-0.253301249974516
2.05590568810271	-0.213324396507337
2.17334715161205	-0.11464123286249
2.90862988227113	-0.155591897332175
4.74291512543337	-0.249026645038394
0.752046815601676	-0.112602320272382
0.257489634815327	-0.0650965726149452
0.1531907752087	-0.0590241079705631
2.37098899047976	-0.178013204484666
3.93965950457583	-0.261952750787937
0.660226566820521	-0.126658464878164
2.23828844259827	-0.178850749989367
2.90762582728481	-0.193413551440066
3.66220104217716	-0.314187856298884
2.50638589476986	-0.206075213832989
4.70018522567888	-0.251867704295708
3.8778359900626	-0.280883506454061
1.85343800648178	-0.190317600657851
1.15376342554849	-0.126956740943485
4.27825523703175	-0.237776451253072
3.47164502689601	-0.19101585942866
0.772193584307062	-0.166136979937829
4.43751126039565	-0.284766968374255
6.95504850541672	-0.43994923008579
0.2779020724946	-0.0650428589909399
0.134853052220813	-0.0438148915943177
0.186864447571777	-0.0538056477903085
7.62909246470084	-0.333589181225847
1.66716609729268	-0.125070387295514
1.08897501755691	-0.113364543824938
5.32670311032897	-0.33040656846254
1.66066660462628	-0.181318485265224
0.86194210177759	-0.121850615210078
7.74483226476467	-0.409821903812655
4.03198659080828	-0.273268188620992
0.994142412643078	-0.0924901547021232
0.340147610300974	-0.0577669623604607
1.55008862192889	-0.153304474186727
0.675755444580075	-0.130618884445662
1.33893902003827	-0.126612962178754
1.42661505675108	-0.107586421855303
1.76353099010244	-0.170099956542696
10.5880339881673	-0.397494215381914
1.01617139377815	-0.0876909378319321
7.09435212420746	-0.355287714185354
0.631194857286162	-0.0912601343228995
3.18246121772283	-0.198102109311547
4.05865201571218	-0.243502569825155
1.82383616943126	-0.137438403383901
0.707879156840329	-0.102064763881818
6.39597385964068	-0.379507842066381
5.39478030551124	-0.340799496544696
7.06571020133011	-0.363338433649858
2.77867897432443	-0.193659700220885
0.149149926364176	-0.0422892984638499
0.433188254729213	0.0907911886083323
1.48856168832177	-0.134285185530586
2.78012967222528	-0.226122884313408
4.49717435165245	-0.291856182396016
10.9344242118134	-0.543465566148215
7.67541054979734	-0.416317268956508
3.3896170271721	-0.229356686631125
2.54294673702358	-0.21972621647547
4.48169969305072	-0.296279490541777
1.21681114744655	-0.103997333583603
7.33802939023096	-0.384560879225947
5.8316295378177	-0.451166424876568
1.51397858139459	-0.139856936787903
3.75009411056749	-0.302132937558229
4.75900996258152	-0.255280471389657
6.19870908146334	-0.275908982645579
6.10570285682892	-0.262396121979622
3.68443778612028	-0.247370407857677
0.026172594155683	-0.0125046292593595
7.81663668547256	-0.3747625056799
4.39884482238977	-0.312673128159847
0.720417598628746	-0.127099482681461
2.59720321666301	-0.213263303979673
2.24051341544862	-0.19478159794916
8.09963558248761	-0.421593278995629
1.10240691085021	-0.13071206012228
0.491547949209608	-0.0793364113219034
0.0111346168246707	-0.0120235780986089
5.70138871919675	-0.30518173820012
0.156120394772378	0.0495768619911982
1.58106235175379	-0.14901200807208
2.38851930709491	-0.18840892189194
1.61344347174299	-0.125940925374326
0.0353366195261792	-0.02440446372951
2.49041406349938	-0.189417595400077
0.618302719929656	-0.0807812497540937
0.716834153728877	-0.137816852928452
0.485555589397767	-0.0647148525851951
1.61032832375062	-0.182481731987317
1.95172036183899	-0.137331981014826
4.71705969389703	-0.311352057110976
2.21696911140399	-0.195919052084537
0.334179684280834	0.0736892385027797
0.82022172631448	-0.112044787562793
3.05105966803726	-0.207359007608632
1.56363454590202	-0.218088262170076
7.73671529611978	-0.428519593972611
0.0408517723556632	-0.023416044617079
0.786877094948874	-0.0973665168338514
1.95597077048107	-0.130925272407359
2.48888358830889	-0.189720642429016
0.29024081691401	-0.0547340185680815
0.324221083041575	-0.0646497075948259
5.08730699541549	-0.31665616790754
0.171053121238866	-0.0387973074314157
2.57324141812994	-0.216735303201147
2.21058195805051	-0.138531452341741
2.60866692883956	-0.182856042895003
0.000213197364807581	0.00212702983663109
0.91641660110317	-0.0910700178961139
2.24945826326999	-0.217676610072873
3.03663963839936	-0.181083844687097
1.76551049085017	-0.193101674475616
11.5830013387336	-0.558925400679065
9.20075647823486	-0.523838336391184
5.62431438888152	-0.242443047494226
1.66775512838226	-0.117660996621509
1.67942227540746	-0.201388334783294
7.34130769206872	-0.304321244858384
2.31228938704466	-0.221729731423163
1.65381896285536	-0.175432023857986
1.98857812897442	-0.182144256777055
2.48607586789451	-0.234017199190798
1.92704707681039	-0.151838776028198
0.85575985565246	-0.122902135884885
11.9357871038114	-0.517827784982977
2.17502052681671	-0.192981350148334
0.83481352723774	-0.0975851453243099
3.94268569613054	-0.231707691490447
1.2622338184796	-0.133173777315868
2.43275575079611	-0.2367801380689
2.18768246343516	-0.158591544544657
4.27231825156114	-0.193836885691711
0.756705952820154	-0.111664539864711
5.2825736237831	-0.317807877274604
9.41434888927178	-0.412097399602601
4.77472113824694	-0.323368851020811
3.35365668515275	-0.207394378916026
2.639059011381	-0.179566873597458
1.23326782405066	-0.0829765854429293
1.09505983881775	-0.122315352101464
6.27517707727253	-0.364767452615386
9.92680565696257	-0.376078604117488
4.24668485274169	-0.22488511329816
0.0143401327443969	-0.0127798226061469
2.40358798307417	-0.164066626831971
1.30494267413718	-0.0890627559972443
2.11685173155944	-0.199417984444338
4.62145602552021	-0.351230498302029
0.684011421905164	-0.0816390703469987
5.10123064066681	-0.337018230561845
0.670822177352353	-0.0989274229702375
0.152329202317585	-0.0570065257242409
0.772930958512004	-0.0996194260256669
0.925778049798533	-0.110579453015448
2.59075327885067	-0.191860801428121
3.5918920326355	-0.18313655258646
1.38838217013535	-0.158193509432895
7.67182883105554	-0.43042392062799
5.02740625231805	-0.294204752802109
2.35208231524278	-0.181107559956085
0.221960532469195	-0.0504668779115368
2.69505020457274	-0.198279498034352
0.0807509737863652	-0.0401269384773365
1.60157141765265	-0.116830477566977
0.424753095571446	-0.0791704449173788
2.07414549580736	-0.178820080639166
0.337780218611351	-0.0949755827087182
7.04806310057541	-0.362069892940747
2.78662489085481	-0.212491886285784
2.617374510038	-0.166049454430601
0.352480551236691	-0.0730701781137309
3.08627687320991	-0.24774502131789
1.80411274217256	-0.196445783876828
0.365474361292149	-0.0784459245562104
2.28005071507469	-0.14539643622904
1.82626713368736	-0.18629215701352
0.702305217717534	-0.0835639717265116
0.848510518436226	-0.101851692489871
0.548585277191586	-0.0793286821027813
0.641173368281877	-0.132209210222952
0.290300478956301	-0.0577001333806003
0.482002955811414	-0.0697515020721772
1.41332874458811	-0.103677383365195
2.77345141310921	-0.197485900422232
0.371166830079936	-0.0745330787607618
6.17634786004942	-0.382021824062624
3.09482811569719	-0.235096418972534
2.24098768939676	-0.168882980384634
0.817526355833231	-0.116653426559418
1.45465740915356	-0.129117233892568
1.81201100087861	-0.158461742011127
0.0213330063265098	-0.0170608514437964
8.55509879955618	-0.451156033332474
0.886554003209709	-0.110244317131382
1.64773986830592	-0.113857367329372
2.98545184796515	-0.166681925055994
2.26262698500681	-0.182198227075866
2.05762986874377	-0.194669621769296
0.137364540795304	-0.044955597754242
4.34224002016766	-0.279460979878418
4.48103824512122	-0.376188681520369
0.351859568245531	-0.0870977691396288
3.8305486940035	-0.25579908321259
2.66639319294458	-0.203953792800594
0.426042483859107	-0.0838993023165708
4.09207350762166	-0.281700599771648
0.390058617202619	-0.0647230476924169
3.8137992587911	-0.365143927299731
1.39817414990792	-0.0977435652463547
4.53156274417342	-0.203022110472566
2.049924444142	-0.183347267082365
7.12884886871337	-0.433286030110437
0.454108499306004	-0.0967557471180122
0.380922698562487	-0.0528160897212759
1.08664526045098	-0.134922068258558
7.22302738363004	-0.439238445102922
2.40282753941072	-0.201918432958948
1.97393697148599	-0.164444069175772
1.65658968595681	-0.107384285046645
0.221934159696212	-0.057578336505622
0.032714548391382	0.0181393382657882
2.10540950410492	-0.223562131339802
4.9312122121886	-0.308448626841376
1.98331204241149	-0.200228639234524
2.40688727116128	-0.248576034180467
4.73154904560478	-0.225194912273641
1.04581081403419	-0.10588330426226
1.91514275362224	-0.173743617515792
0.56907174014788	-0.102783519165576
1.75145965236462	-0.215447331269873
7.00561558793482	-0.312284850818289
3.25698693869339	-0.278881195167237
2.99051217816778	-0.17443966158187
0.489143738405532	-0.0804390764076291
2.96247297036334	-0.202879273523267
3.27731305682307	-0.200116065529811
0.57115561725245	-0.0810477908489201
1.39003135440141	-0.142164164635708
2.23024491815644	-0.179336145903356
0.741866970455665	-0.0988374507151249
3.17422839878224	-0.204488294870951
0.7178340982557	-0.0812736349369941
5.5740192001157	-0.349579937707931
0.665624757314996	-0.114261073193434
2.960041198825	-0.238005557415501
0.930919522022747	-0.0957247468584564
4.02497674898944	-0.225244767740474
1.76675617829292	-0.163002815116429
1.26992376811046	-0.12169058843137
3.85783041085177	-0.282264063660297
0.0268128679754461	0.0150448125348347
2.35472485888261	-0.17821208775013
2.08572153473125	-0.14603302272291
4.52247505882348	-0.284551213980035
9.35735456416893	-0.578866991033257
11.447462121978	-0.415594274880212
0.436447376920276	-0.0828541327371085
0.0129704599020247	-0.0160488868231058
0.28093000412455	-0.059623962077508
7.13218604040275	-0.291175738959822
0.218091516424276	-0.0547610069656574
6.71724941094696	-0.385654470670476
2.15861203606652	-0.151518934735615
8.71751059941208	-0.374253310712458
7.14454067475893	-0.233084427656531
1.75791743819114	-0.159169492526073
0.992914876057776	-0.134193244145919
0.78556413503693	-0.0882566848834518
2.80696429977146	-0.272220822281685
2.15624283620617	-0.184371250960738
1.49125067226573	-0.130429168448982
0.408414311938751	-0.0586206830700175
0.742865042113466	-0.0784316462643579
5.96896897825604	-0.284399501367167
0.101508780248726	-0.0360999214876568
0.08507672067207	-0.0243000617979254
4.65328297933346	-0.28551784620732
2.61649580688099	-0.164690423653193
7.07627146194618	-0.340349671166318
2.41055825920618	-0.167562384410811
0.171903882035406	-0.0698142273557789
0.0640920231209838	0.0255122801100486
9.39777071097223	-0.429520081586876
1.94758270878829	-0.202162996945845
4.36818033556463	-0.318965438356926
3.88830633161285	-0.290434891812029
4.44127591812397	-0.234081567021566
1.00005379505322	-0.091748172511034
1.10671821706066	-0.119665382035846
3.36717387455184	-0.319686619966391
3.85511964609629	-0.251301639085187
2.44340163732279	-0.139718022176121
0.913168348684011	-0.115840131840992
0.857172569840186	-0.11447479918465
4.39343045540156	-0.270610426783925
0.819942773570179	-0.128770421554814
2.90129091782985	-0.210586988359563
1.4538229114856	-0.15250018511866
0.0372156973340387	-0.0217645943167125
4.49981189711128	-0.315228659166165
2.00217160807044	-0.14158099018636
0.846459692744815	-0.121343240182826
0.952703925325397	-0.131737869611461
0.720008405151256	-0.0826333809398399
1.6095090634676	-0.096747611333104
4.14924894404798	-0.178240973998126
1.6712911735037	-0.147541183809571
0.281208577353923	-0.0508918944158493
1.46454799925885	-0.136301315636193
0.0108438736157263	0.0145795713937211
8.79098496399368	-0.434984600026993
4.16153897163327	-0.277642100721197
0.102091829544414	-0.035200853044064
2.31706368843008	-0.192696075301053
2.87742122427926	-0.193215629251596
2.4033737796309	-0.204684956437157
2.90735502418999	-0.230812092571902
2.64696488372634	-0.1658986992853
11.2461147462498	-0.442251212606947
5.40931971077677	-0.267023352640431
0.68931498532493	-0.120665981078275
5.13514935605744	-0.292560759849912
1.74602032390745	-0.152130972802258
4.36750721131954	-0.301174798918796
11.8187703523178	-0.432541180729077
1.65303769786185	-0.113320643239711
1.84638998179243	-0.125914871833252
0.207121229633969	-0.0652671444546066
1.82737205278205	-0.142486848666626
4.17168139162719	-0.25921729408509
1.81916374524988	-0.177521064534854
0.775188923219773	-0.10963677883564
1.02889990624002	-0.135772601370882
3.07016086704376	-0.222326593335043
7.09335565528649	-0.472427107924085
1.59666577861005	-0.150517532006679
1.39246774670587	-0.134523556022521
0.859146015488385	-0.0823154407418637
3.39835736749827	-0.259181052584887
1.0017116405511	-0.129131837992818
8.29870358919591	-0.419422441730694
0.546173663817746	-0.0792446610337848
0.65809267652332	-0.0791225495978503
0.977276138876413	-0.106525022595724
1.38109179609163	-0.144696885522688
2.56719118035238	-0.187022366662612
1.67032447586145	-0.136279982023017
5.39830643031467	-0.285097910687
0.590892554800593	-0.0929663529417945
0.0066601878177416	-0.0112746662393491
0.508709170105179	-0.0802364678439113
2.20999725062014	-0.224649025294407
0.104773129878241	-0.0299794544226056
0.331606410604816	-0.0676353844955047
8.88178238341421	-0.379310796649453
1.92766142421735	-0.170151977088622
2.29446163117498	-0.167059920625978
2.58132019249694	-0.166280802346449
5.81457402233793	-0.397571814199514
0.946115064542822	-0.106668916178753
1.27984414344253	-0.116307404288435
7.7239732992992	-0.417893716213034
0.710813866776095	-0.0987343432981181
1.01445559133672	-0.142031477566966
1.4624650379314	-0.141631174087664
0.621674984304514	-0.0678035371336667
7.22555682187856	-0.333679508100329
3.9485716733293	-0.22445495754519
1.29663975526969	-0.109785574792481
0.913187327670301	-0.0945365118680397
1.9073041064338	-0.163888924034126
4.4863308337558	-0.275491469517351
0.207400752612397	-0.0413015772553257
0.100662818487059	-0.042261255060897
1.94763273647088	-0.128142632857428
1.60267225567971	-0.190435174710405
5.06744150422252	-0.410439879985042
2.25006791764379	-0.175046851172695
0.977477620580533	-0.107362269323343
0.756259531831543	-0.113487739587782
2.36624589300054	-0.160375738126032
4.11882764054711	-0.224206639764344
1.01967606763329	-0.0887597994527424
1.33956167599294	-0.146231916809393
1.81544848403983	-0.130078528306053
0.533105721921711	-0.0843088914496447
3.85539062184785	-0.26985850443756
0.255574010088358	0.0529019979699741
5.49874396984252	-0.283808349814579
0.177278569032205	-0.0538567061286334
9.5119941175149	-0.43572301078066
0.302280938856429	-0.0617654005973359
4.98644478908851	-0.329074772568253
4.51465549715332	-0.349409953279868
3.86488113881288	-0.213225516008941
4.15407098753516	-0.359136369673626
6.55637882457076	-0.337483037318139
0.177584695199975	-0.0420303542273377
0.681297302569344	-0.120636796259088
0.173963041287044	-0.0533795635567582
4.48222027843075	-0.243452205213196
2.83039155106951	-0.241520166357575
0.359315455146712	-0.0486652111759607
0.767068629003463	-0.133063179162728
1.55172608009511	-0.147882212703514
3.89306170952757	-0.247275208947617
8.76912767553881	-0.474882841630537
3.69021244038403	-0.187368385918945
2.27820433426354	-0.193112864626358
1.86563829026712	-0.183513784627113
0.0850383195669138	-0.0280542822815832
6.79605227089006	-0.296301012352998
1.0132686521211	-0.12158524741354
1.42595872308168	-0.103136337485263
0.579406359358032	-0.0883888770726547
0.247951744965378	-0.0546689761701219
0.856162000724772	-0.137900432112842
2.80724524595665	-0.173392620492412
6.11585903716424	-0.319635933843446
0.211181424585813	0.0484227505759899
4.23582949892231	-0.258560294348163
3.89554004675695	-0.287612378780328
1.70057441394402	-0.159777974988344
0.538974930030524	-0.0998327684934918
1.27105305213827	-0.114813832061472
1.0696292559196	-0.123841033509582
1.25414928235943	-0.095396831029209
3.84830391433633	-0.250204254293171
5.46485352270498	-0.241291893239205
3.04196063619968	-0.229513702824038
1.97765682541088	-0.200794570619701
1.18157178112505	-0.142174643820981
5.06789492667726	-0.258859591935142
0.422386593851913	-0.0665465265738819
1.41332331950398	-0.183538296934164
0.296459677671517	-0.0648333068317928
4.76802158209419	-0.263215516445659
5.81199383494416	-0.334415411288318
1.65952721866607	-0.221846014347598
2.8314800315479	-0.244753454989233
0.424149349328759	-0.0808577510442292
0.171850587051032	-0.0454477536825132
3.33775585366778	-0.199929253348415
1.19864067409539	-0.125637899933101
1.31080551163581	-0.115456649274734
1.9372556576177	-0.162379900760482
2.62310502356107	-0.225543909379954
4.02062534817166	-0.214682747442314
10.1544948721357	-0.514415810539097
1.62349881968466	-0.156869312672328
3.70844474938753	-0.198722796606185
4.32589636786927	-0.230256091110825
5.12797307867062	-0.319649069625192
3.0057898547032	-0.18097282237937
1.13287922949655	-0.102927898860298
1.57205449723869	-0.112062953034397
5.96025731904168	-0.332372739815919
1.20068479645351	-0.107589730337904
15.7512883725303	-0.589694552638384
4.65772071378294	-0.290977866889584
3.15983852721068	-0.262275880339551
3.15477342414051	-0.182988234752286
8.58007181443237	-0.440416330264097
0.561904638601668	-0.0851195368465682
4.42010115845374	-0.288900693559127
0.794628293064947	-0.103562037037663
4.68595582133756	-0.25015359246544
1.57074762477352	-0.131469920601612
5.21760985081004	-0.303430937881879
1.88996802637439	-0.199610817658316
1.01939028937223	-0.0881651219748649
0.653537296017265	-0.105998735964681
0.289069473149404	-0.0548886410535178
7.24094268636401	-0.307345652023134
3.03741720944837	-0.249411966071227
0.598174125269671	-0.0727053060036327
3.57373140966	-0.297577398831512
0.0937470921628456	-0.0319234065660721
3.99281912088746	-0.25870600595811
0.000207512313219688	0.00165486935099836
0.667016058127531	-0.0928443316426626
1.50869296178258	-0.11941979643237
3.26450796278682	-0.234854529373087
3.46333143972791	-0.253201918271506
4.59786141988013	-0.251789461769027
3.1387377536801	-0.331009085511241
5.80566566370429	-0.316122778030763
0.606791372217473	-0.0710090806287583
2.97127943675083	-0.178951495660224
0.101222274012341	-0.0448935119858935
0.963258520676788	-0.106630240378745
3.86903998089213	-0.245462594208065
0.283335481583503	-0.0493759194277702
6.33950159258599	-0.339869398432453
3.56736782644639	-0.295785510218711
7.59549986025986	-0.497697695574782
3.51905147996951	-0.202880447304338
2.0873776870089	-0.14036188805115
6.34853258039834	-0.341645999849971
0.719555567892664	-0.103134088363712
3.18413784428144	-0.241666737428801
0.850303694505264	-0.107346619661391
2.18920092129841	-0.15369203657487
0.968246275843269	-0.116868472592277
5.81457312174652	-0.282391106566744
6.41512813129703	-0.437525113566188
2.82626880745144	-0.246398279552217
1.39596916413927	-0.149373494769294
2.73504825613814	-0.253077677689516
5.23215880867358	-0.336452200511957
0.884342975300439	-0.106246543408648
3.50478915088187	-0.323245136477068
1.70009772328589	-0.136275554331137
1.56980919919481	-0.12788623997638
1.26031008470715	-0.148266108063171
1.73058535385445	-0.177946609940184
0.00208394322304672	-0.00460914974739851
0.348247528075709	-0.0582859402332417
1.36504434045288	-0.147510598107766
5.26712365629259	-0.289454238703711
2.10453621532792	-0.163556272216606
4.35244066646061	-0.297472984570041
0.536203319872377	-0.0923440965210862
2.49834739243696	-0.229919747474299
5.48350053186877	-0.306211086192904
3.22223651728816	-0.270101555731654
3.69815220432351	-0.24359373543653
3.28011318394517	-0.252666665943157
0.579718616963704	-0.0771642379667826
0.912658606499379	-0.110168987620822
1.14050420976605	-0.121282237203868
0.170754927790223	-0.0371724451947199
5.41103497153811	-0.357708057943987
1.32338718697339	-0.128253759121916
0.725534161701464	-0.075110971091685
0.120619443478052	-0.0350968100103879
1.67649334632493	-0.159341983527231
1.12710106536948	-0.128385365471165
2.38905633383645	-0.214313519446852
2.6766645212782	-0.21200611814776
1.06450260521637	-0.146079322189184
2.01462296235719	-0.157465122755225
2.34008825763012	-0.167617739063395
0.106047245814537	0.0322264564464412
3.7757681903386	-0.227384903590884
1.6502980397909	-0.176534654742405
2.51342116252479	-0.20954555856232
2.67058253342513	-0.208776224249617
0.337880832888625	-0.0797074698983051
2.25955323227023	-0.183476226855827
8.7082637937445	-0.472712095954885
5.60455925950572	-0.30756902494464
0.0800315003419482	0.0289106136089749
0.637166027992802	-0.0927686483498092
2.76857522316296	-0.197585659671705
0.219590668345134	-0.043430267194706
1.59312371165924	-0.202733277833923
2.41503218601238	-0.203705519352539
6.32196941338936	-0.447217975323096
1.64884209781808	-0.129332376952812
2.47649919978364	-0.206489731315333
1.92257981647108	-0.213429349391109
0.701969752313254	-0.0925244629366622
0.721385460114572	-0.0915854534903901
0.135239652341148	-0.0432123351994468
5.66211524795418	-0.326638512691503
4.80699237771535	-0.251026338671208
3.21837271543634	-0.202821804663682
1.57270834522264	-0.129903824110481
4.34591091039026	-0.378448568970552
10.1777510731614	-0.372493545559851
0.849670700490566	-0.121839472142845
0.957152536892856	-0.133800333712562
1.39960852367731	-0.166123949279479
0.236485053190833	-0.0561814173533071
3.26423819860752	-0.275408449149152
1.88621537142799	-0.12647986400599
1.50360312176642	-0.175340755403177
0.548740921425166	-0.0859048759229672
4.87883371105631	-0.294003430839629
4.62520154148953	-0.357608927957227
0.62803352859643	-0.116947419620712
0.590791805964088	-0.0729722166646168
1.25895870651134	-0.124303209829077
0.681015480685919	-0.0913693577345247
2.52834947933394	-0.219437865005074
2.32159088638939	-0.16943980126088
2.87681244173737	-0.180585223989271
0.052811285048286	-0.0260870913305415
4.4903573659209	-0.244499205565564
0.116522132816266	-0.0263737812596694
4.86044564824843	-0.301035816262243
1.21795603039448	-0.151670885820044
1.35081499020256	-0.126636273930034
2.94277743647198	-0.173919681057558
4.3705421191835	-0.240755362757002
2.45112960262148	-0.202122480747753
3.15059061483032	-0.217864680613514
8.60382421363205	-0.363210584966313
4.69040806282054	-0.309608735471465
1.7728771883801	-0.168056218256727
1.88579346597111	-0.154313360773674
5.00225953607698	-0.249401878873461
0.0026361037592938	-0.00662137954840509
14.0979050507121	-0.615968788917716
0.709254228821237	-0.0890461692829118
7.80929395824435	-0.372370693371945
0.783919586533606	-0.0930884447294318
0.000326712633697325	0.00238636600582425
3.78670404747078	-0.241233784821177
4.13913610039413	-0.265700402543347
2.67284204426007	-0.197070578123013
0.0406376645866459	-0.0166957487201499
0.0499756247701866	0.0256695814111506
1.58096762518891	-0.160220168540841
1.11998885772522	-0.0982083966691301
0.686342996674084	-0.097346846361077
5.06646195467448	-0.331408626400166
0.598042161245057	-0.102574912543216
2.88534234848813	-0.200419885791365
5.25547153692132	-0.260439797007486
4.83950029520112	-0.261862092680027
3.08743369286211	-0.235918175368232
2.36615081950182	-0.126032717863735
7.42779931143701	-0.385272357459551
2.776829437384	-0.215582039767497
2.33613398767128	-0.179437086288182
2.14403051355527	-0.232138387130509
5.17475995515828	-0.234398293440205
2.40499573177783	-0.169057401237275
1.41813480943209	-0.0984445380229691
3.15797575684466	-0.292046157885512
2.52119763572745	-0.157644513904849
4.21907811186041	-0.255628879963953
11.2555707119056	-0.626221092039293
0.225312383075145	-0.0730223951258205
0.0264130173807788	-0.0204814680641503
1.23250589138785	-0.123361374111634
6.50999138962675	-0.391359359987367
1.68141065992774	-0.141520661309843
8.71916567989608	-0.434217011782958
0.26052817089941	-0.0568811221297566
7.1353801313811	-0.403814290416589
0.26755894644581	-0.0744502688539367
1.3028496641254	-0.130808916326953
8.92617185853	-0.386513604305787
2.49345885019635	-0.138697078801038
3.56717822614705	-0.23505259221011
8.57532968935756	-0.526045845622178
5.69912486908394	-0.347944891606912
0.438230019732218	-0.0833704088479613
0.570898546904832	-0.0939548921614992
3.53229591745295	-0.2157479324767
4.84243720322503	-0.265218045646441
2.17648457928906	-0.225014549098525
0.240186873201755	-0.0563415625156565
0.581462505519152	-0.0895569623654921
0.175921189255139	-0.0461756524028515
2.40407757541444	-0.175085136411446
0.0393640249932936	-0.0177024704596916
0.663734899890319	-0.0890970847779295
4.97172013113007	-0.215017961535576
4.75181597319381	-0.354689665122711
2.85935898616173	-0.201932935129214
1.86675009388721	-0.180238289470933
0.755043046705661	-0.115445644205904
2.289488867632	-0.156471986250197
0.430589410369462	-0.0978487347831873
2.59581977156747	-0.170137423494733
6.91730886766139	-0.324421235984323
7.64034414209382	-0.45160248855188
0.22437924196253	-0.0784860469785318
6.77834386800818	-0.328250519088917
0.403013010927584	-0.061551853566391
3.35037251158857	-0.205408839320976
0.423588370443019	-0.106404182273688
8.47947650331092	-0.406989954030598
2.9015860226633	-0.191513651150373
2.61370806932656	-0.19199663401954
2.23065273526742	-0.186038316783151
0.179948303247028	-0.054112170192371
3.66574128661522	-0.235887211281582
2.3840371731515	-0.234427642693896
7.3363303197282	-0.341060549867042
2.97714845176518	-0.233429998723477
0.936446670165709	-0.0947666562904505
1.11349643140111	-0.13957591873087
0.168653106445727	-0.0361087824352205
3.81170431419689	-0.164511267469684
2.4010170069228	-0.16749277760959
0.14316293111229	-0.070432956976192
1.33309418405705	-0.138206628785846
1.52419618601936	-0.136202753332168
1.11884926524445	-0.167561593853984
0.6545338463611	-0.0926772322706405
2.95688705534259	-0.28757065503152
0.260330506094023	-0.0633534580414423
0.891961270498311	-0.104200858398356
0.482033997732913	-0.062144895113352
1.22254654303716	-0.144000197328247
0.524266251528143	-0.0834172592801039
2.91174509712293	-0.220777365982914
0.806340865033121	-0.135110714972825
3.4630834769643	-0.249021752932027
1.55267075815883	-0.135630127171652
6.29684113539914	-0.315091388388379
11.0867381192491	-0.476392067683299
1.64334220013613	-0.173984197570326
1.9381197084094	-0.186677948991006
0.0260898142188256	-0.0156405684208737
0.638410485036267	-0.0860747421550324
0.643986892155163	-0.108183146340972
2.66307247534777	-0.170292538813796
7.87575481541269	-0.359134652746314
0.941692827396212	-0.135558316992547
1.72723043971169	-0.153541634307971
1.46582630286008	-0.120816177805858
0.0535184267945393	-0.02771007387678
0.845335521113509	-0.115794961040081
3.47609183810443	-0.32706881143316
1.54879602623904	-0.13653954587673
3.72093719558798	-0.322536789767967
1.19827297252047	-0.0999119978724781
14.9377097528109	-0.527071644082062
8.85958623199297	-0.384651936204789
2.25507031383262	-0.190191629549952
0.080738038337507	-0.0397435444512223
0.0822275969028854	-0.0388670605601377
6.35606450704418	-0.335562651520998
1.54653482174208	-0.202801259853013
0.0789041405958224	-0.0249598941390766
0.370272092908652	-0.0577099101817577
7.48490493842278	-0.341578008805485
2.52176236479443	-0.231446356151772
6.47152523030786	-0.287463431236548
4.28472146375391	-0.2237258441892
2.36321705502242	-0.190662429629874
3.52358759330115	-0.277707613459564
1.77869002514681	-0.173186667813611
4.80761771799801	-0.308962043245485
0.00200926552197276	0.00621101463571615
0.628432999261574	-0.0582337816002603
2.35637768101936	-0.195679573916808
1.49959118248698	-0.153330672953301
3.31319099962562	-0.223074521608148
0.0979210635196579	0.038217002016577
2.94329376427226	-0.15495508924535
1.58829387670343	-0.189526099837163
3.71828460583915	-0.207209805234483
2.70046253627121	-0.187017781557225
0.818506051526376	-0.121757452746089
1.47458077198246	-0.127823616457633
0.625815316426452	-0.10842521358808
5.05136355296866	-0.256178852300546
9.07353176188765	-0.470706381600414
0.361319195249988	-0.0824889757699676
0.268769552788094	-0.0449111613734946
0.163910899908294	-0.0556775899652109
3.4574257912052	-0.215688710093634
0.760004216579224	-0.0951258777465884
0.60014791406618	-0.0827863888981154
5.98689604019058	-0.396546573096975
4.55117549452819	-0.343209491363351
0.742682998017241	-0.0809183222180251
1.16804519167853	-0.139528017767987
0.0664816801860915	-0.0299208014243407
0.00255387950881768	0.00739850826729948
0.0974955589108174	0.0317190410585998
4.23488231659935	-0.282846413432532
1.55792631226597	-0.107264900602377
0.895502301852596	-0.109814147086291
2.8808957697392	-0.200247484212372
3.26058213627751	-0.241408201458247
6.92192416437265	-0.341961113733048
3.72026857495362	-0.331494484714175
1.84450298848073	-0.139527397569853
1.12831176633459	-0.123437361936043
3.1971038454045	-0.227046809858907
1.37983188427545	-0.1334822796854
4.12930188204952	-0.275759632512201
7.04133069095536	-0.384356442556142
0.0185955639931542	-0.0140598133511111
0.0791666037384559	-0.0363641596778223
0.619654830099772	-0.0796484758423889
5.29859934007637	-0.410680861333564
2.79927133690264	-0.187922130543467
5.56767669981984	-0.364402023294081
9.95032185656087	-0.394225269648863
5.32453020602465	-0.29697248719839
0.0312773326461607	0.0230569197674012
0.220829576716149	-0.0570757045959411
6.83444114546493	-0.420852880202512
2.92264833859994	-0.212569858814184
2.73226655284734	-0.252394768044936
0.886726473623072	-0.120491051715146
2.32433602357806	-0.173536063462375
0.943773373994147	-0.101997105440667
2.95099853050018	-0.201531481096137
5.00909533953984	-0.272542212368012
0.202993880986795	-0.0494030527276778
1.36261966365073	-0.148706751218076
0.507285670659255	-0.0960466940368928
3.44045254137361	-0.211182313843614
9.94131971569251	-0.463008274742765
0.815731022431779	-0.121001324046297
2.94372709862108	-0.268100981385247
1.41780575317561	-0.117843069269793
3.55730027227704	-0.230791626513454
1.77263390782567	-0.208966428879742
3.56676105489261	-0.200896493105057
2.93196053235224	-0.22156381904295
5.62550153415883	-0.336488770634302
2.66144616000512	-0.224999396976679
2.84903651657	-0.226233682634544
3.40147930152925	-0.224485950027127
2.91039357246126	-0.176811319424404
2.87198629945764	-0.214555104022703
2.76297152715453	-0.174910506083668
3.64853268730115	-0.186517413446433
0.30377035267338	0.0650170832617133
3.44664160441513	-0.196856632772473
7.2570289614101	-0.38387570887106
4.13193103130998	-0.209471729713605
1.23143979108519	-0.116965107378942
2.47347529587772	-0.172962919853644
2.28304173702752	-0.132302355389565
