R^2	beta
10.8674222906531	0.000316372251762657
6.77513556098509	0.000263821269566521
6.27598925567399	0.000271164290195769
0.355609981309125	4.69589087703605e-05
6.36993347535613	0.000237161078496042
2.00966809744654	0.00016119070120534
4.06459633911102	0.000203433653127181
5.70729171768056	0.000227563357720578
8.39922428768675	0.000472101776786874
4.30390795828965	0.000274784504527983
11.3410408320246	0.000304777624326195
7.18499218403441	0.000317405143655854
4.55134266378819	0.000198073943267488
2.34692738851673	0.00013613929975344
11.8840554321511	0.000393369513145321
0.951825883433965	0.000165872803163254
3.65499059045151	0.000185862985705933
2.66357752326675	0.000144084535768711
7.22720380890368	0.000230013251294745
5.08276322192829	0.000136344854139626
2.4445565012249	0.000158191508928127
6.75659376813282	0.00023555268163506
2.89234255466851	0.000204825502310611
6.98696255296283	0.000207056453591442
7.57709332567395	0.000307274409697846
3.07851433210608	0.000165393020969106
11.2271128747133	0.000360611044468411
3.40272699761578	0.00016766847966341
11.4802849985555	0.000285026640454294
5.50616901595307	0.000213825108219634
1.88174523430032	0.000124112851236523
3.61982900716705	0.000212097989734646
4.59652464309427	0.00021046652698769
3.56807741536984	0.00017100924632028
0.0750532209546951	-3.24188001190235e-05
3.09004521971756	0.00014590180830085
12.1629902337331	0.000341000219859603
3.78137303369678	0.000152427020204226
20.2936453956843	0.000413184135261284
11.5812694411713	0.000404840211347713
10.4763802525154	0.000246857074850378
4.82834422959672	0.000273665922568618
13.8309584550184	0.000340407529429773
3.47578133807436	0.000215483489419147
5.2908825765003	0.00018404410379041
16.5125941148883	0.000448771246404923
7.24212536831635	0.000224401725713747
3.82757640256058	0.000202354469507692
5.7190804469668	0.000215130677431849
5.99933308994397	0.000169093293070111
6.24071865635197	0.000229352124257644
4.79790113941597	0.000159132724181972
11.0699230491169	0.000311738857445691
2.55268127409242	0.000122180566370509
4.6304203465919	0.000178537344562509
3.38245878059011	0.000226718789883997
12.6484304321387	0.000353558675487329
7.90739876523063	0.000228605264938639
1.13775903422297	0.000118352392098599
2.7853374304677	0.000246094797500465
4.78755436523092	0.000188618154152939
3.48627899844267	0.00015874064138492
11.6378759885536	0.000436181321254803
4.84629915049428	0.000243696430277058
4.49989373946082	0.000165505512105728
7.13835571365529	0.000176618565018449
5.68314453405012	0.000161426771208658
2.99368575663278	0.00017095679070219
9.435492207803	0.00038304780976939
4.70574990392184	0.000217570785517869
3.22975890511576	0.000154132635441346
4.56271740144687	0.000229228105063708
6.24873471509844	0.000222821791596211
3.50205669868669	0.000176823861447517
7.34425220412583	0.000208293511310948
9.19108071184253	0.00027968638530245
1.95984520977213	8.69296143961625e-05
2.06138411572995	9.51399219707675e-05
3.65094813990702	0.000127065538954019
15.0896796866849	0.000281009253187087
6.59029810412262	0.000277412588789258
2.21712446222497	0.000114999475030866
5.12017250253587	0.000205753187856068
8.81527088525668	0.00030469071897212
3.69288128226017	0.000162590301484744
4.86869412819231	0.000171642573790028
21.3594837515223	0.000423175998982241
2.26741912866831	0.000124948104642279
0.101538819841219	-3.74134029169476e-05
2.97957310355208	0.000180318895655556
5.99744341918132	0.000234615288087871
4.39879434819161	0.000161207747026393
0.530198965764684	7.55053058227795e-05
6.74035050015146	0.000288962717005693
2.37770594331023	9.5889556247269e-05
8.09495640968899	0.000204611755382855
7.17174923550903	0.000236074266597316
0.189021709396095	3.81729129544231e-05
3.26019830999979	0.000150888523099376
15.8528086990573	0.000341439943843331
8.85522695961182	0.000262806081857159
4.72683883688674	0.000173331040068425
3.66863889704975	0.00027365311695821
8.89831324802655	0.00026340950759322
8.9243468199849	0.000200277118747607
1.94534298142064	0.000191084846247979
5.78603038959808	0.000197283934199967
4.52362915377468	0.000226604273361752
6.48412856947224	0.000197038229814635
2.08426894130033	0.00014193483009124
0.607619939056853	7.67109105281793e-05
1.21671379266775	0.000104224233173929
2.65337580647861	0.000127475263015254
18.2658675198426	0.000384284836250972
5.92522953295495	0.000198268065297128
3.72136288005906	0.000192813217605648
4.76464439074179	0.000205333704450978
0.953768434278958	0.000117816174972862
5.46508105169564	0.000221504257206428
0.524334272829131	-0.000110968310966562
5.24888146231128	0.000193029407665196
3.00649949791963	0.000276533679533839
2.10498968399352	0.000122395217546295
1.59991256576969	0.000168569134372929
13.6535027331415	0.000365799987897403
9.43101808693945	0.000264373185112962
10.1267110947731	0.000402684437316994
15.5842270433864	0.000364370685441851
5.99353696763634	0.000208896564151292
2.91726088755903	0.00011527786400009
4.03180855187944	0.000230943965056605
7.01051571863883	0.000413802194797609
3.59295002675741	0.000254303745638615
10.8730277042964	0.000313204584153263
5.53107239640998	0.000128691803477891
6.52794905215292	0.000260309973506756
9.73506826381933	0.000278076066199593
2.67251385148178	0.000113503725081095
9.8190624926065	0.000308144650867356
0.498297170167934	6.65627680962797e-05
4.21721808691733	0.000173505314088917
0.810596908695797	6.48490363256135e-05
1.93664923866443	0.000119375350975892
6.25906673411193	0.0003355584670904
4.78048109549339	0.000172744218858424
1.25458890468483	0.000133622630252085
6.5547907290785	0.000235637719282554
3.55152937957964	0.00015131152964221
14.6154087253238	0.000420127173332012
5.66874229639173	0.000220065592802026
5.65897628281697	0.000193123134795826
1.17733608151807	8.84751178830025e-05
8.35268458617907	0.000296471037245392
2.65992525984179	0.000229049477475978
3.64025789112792	0.000143241288199326
3.10362703329724	0.000157062663293955
3.90710154531295	0.000153022391837599
7.7296286112049	0.000155533707612591
4.93064884232924	0.000182424933405886
5.78629943443601	0.000208595998449753
3.5829364602957	0.000165749970105473
2.19362330239476	0.000141650424572783
5.67869760346193	0.000213126866648144
2.66518682154398	0.000129024770454781
4.60156000072407	0.000221094223548555
3.72415443387932	0.000226390266786394
9.53632072907908	0.000208486484959569
6.21148536998786	0.000208986648993174
1.57364775065364	0.000103859169660159
11.0460380808091	0.000213423491030013
10.4746949978507	0.000318705429839242
0.866445816421818	0.000101898818112024
6.4840572597547	0.00025226598890756
0.179068695368155	4.69397498522879e-05
1.91686407463863	0.000102972835011582
4.19229153441204	0.000186217949965302
2.97975929216225	0.000192958904338742
0.105713719189148	2.32542734512031e-05
10.9931266366797	0.000394069227144448
7.87584803529503	0.000241172306514255
7.29275030872326	0.000207573078967133
4.30561938191454	0.000155627950790635
2.58381699392002	0.000192161819315618
4.77005421059357	0.00016634017697577
0.92061087875487	0.000133573935288889
9.61641546411633	0.000215412805947231
6.42674931974875	0.000303473888793355
7.20862585440549	0.000351534063636719
1.60563846678233	0.000114008596509547
0.00741638169604921	-1.11764682212836e-05
4.3649950514526	0.000134160755908554
4.94400297154954	0.000235772261143453
6.99457849627407	0.000215857436587716
1.17135749511874	0.000110703823121889
9.2959579486261	0.000187557968020855
0.782768835935169	9.4405883009722e-05
7.45930958057272	0.00016886799638299
7.43132453340225	0.000193477421914334
1.29040885208152	0.000140031635783255
5.37900452956074	0.000183739975707128
3.1156739973449	0.000160390253174838
3.18303086575073	0.000114999562516655
3.3303799818076	0.000127646397330099
8.32277164081257	0.000269194680939088
0.313700929497708	5.69269992221556e-05
14.2322568770747	0.000347967313226013
3.00243563604416	0.000158157325075142
11.7361949073411	0.000346911088088314
2.19635694409732	0.000165866259868961
12.3882839018145	0.000248124660747859
1.23983252590294	0.000111965420347213
5.46877319009732	0.000222049791487869
3.95974472673197	0.000232218193061109
0.0909488709584831	5.06322265255268e-05
1.47206949081698	0.000112967185026847
11.3252811567042	0.000296918322687004
6.35981170361611	0.000221252322058904
8.45888285923801	0.000260204931233267
1.60264321347167	0.00016591553231967
7.64905983619022	0.000277407186886875
4.0042447933459	0.00016954980253487
9.41118286357106	0.000273087548929884
0.912968660151715	8.40132625401639e-05
5.92341276307541	0.00023345107088624
2.15938743736787	0.000137022949080448
8.91759334163672	0.000209455756631598
2.76800683478143	0.000179128601470305
14.3930188883005	0.000343705395990163
13.2033953332714	0.000247918073935911
1.47663771041093	0.000121170591547404
3.18842911929901	0.000196255654265398
1.47139908319075	0.000109920184493222
4.90321290359487	0.000199763024788438
2.05932344873393	0.000108848030423564
11.0652389940627	0.000263688798477131
1.81547771447907	0.000142911879509206
10.8657741946311	0.000246059232352428
6.59079253213185	0.000191533225627324
6.30281498392222	0.000131696981737461
12.4634793107958	0.000238140703719952
15.5400833339729	0.000346902993396861
1.27373435629074	0.000146217677765408
4.23777461762719	0.000201024918208102
5.21006765203085	0.000238165265478261
0.140569221386624	-3.93130850479262e-05
2.84730381498802	0.000148170588375289
0.86297910850563	9.57688116844416e-05
4.83576740227379	0.000197927721845214
12.0022087072496	0.000293835473434208
10.9406120229903	0.000228103953846604
2.67812537038701	0.000188892759800798
5.8687548778892	0.000248142970862694
4.15526990355279	0.0002545747387826
15.6909300386488	0.000325042112891864
1.2417610174042	0.000126186781805872
10.0179307917342	0.000231222564235191
8.54182781009698	0.00032452591792447
5.36419719063143	0.000217311375719252
15.0282442324708	0.000452879289043865
3.27301499431919	0.000113003599239977
2.25458197039267	0.00013784288562556
12.1077933203131	0.000227758923025609
6.9173356772816	0.000361467844759141
2.34332914480589	0.000177761502997708
5.42035118841123	0.000198754638562608
1.37044328508001	0.000119904970039471
6.99325711927943	0.00024403312937469
1.63860902262973	0.000119761110517209
3.52250545376369	0.000199858290646191
6.00048775913834	0.000192744209592148
6.63453992808685	0.000344158637841781
3.49611015843509	0.000130881643928695
10.7826471157949	0.000248521554000162
9.92466629823843	0.000266675296586697
4.59911487235639	0.000191846481453979
7.15923913305902	0.000167151581322152
1.93731412548402	0.000113239772472354
0.750607536737803	7.81759547213909e-05
4.66192913325273	0.000220698217565637
8.44898696672633	0.000179974767687176
4.91464355798656	0.000217968186101773
6.37670503354991	0.000247317689757364
6.67826537622863	0.000295978265724972
1.79238634793754	9.84112752214583e-05
13.0744812392876	0.000289737220107924
2.53356221338839	0.000143110643707569
1.06362973296466	0.00010360223050717
7.4534387552669	0.000280599345189932
1.08181377177316	8.19199742644272e-05
3.90137342845982	0.000160646410797421
14.4004215732796	0.000297956921575713
3.37875562724067	0.000151991984434043
4.05681047604289	0.000168825152943646
2.25478267358666	0.000142874533047784
6.53882810597973	0.000164046215030411
8.7984625401158	0.000184606001426426
6.1462685016226	0.00018750776086664
7.26091886223296	0.000235860657380693
9.3858326480537	0.000218610231404461
1.6571569534922	0.000128569554582135
2.8552148568759	0.000129699064696655
10.1306971447806	0.000214674339044839
6.43855659504241	0.000245868136679179
1.99974187085594	0.00017911477993918
5.41972315133851	0.000163033354401181
7.0289708823772	0.000342272912476665
4.4562420061131	0.000215898991734658
5.60191294691703	0.000242791470589257
8.84512717569032	0.000227185298044434
4.13494301517918	0.000138295501680937
5.45449835437157	0.000151242944408304
0.902983841728773	0.000139884384885843
8.05612071035561	0.000239822309771382
8.36533992847163	0.000247113554399557
5.85645238029777	0.000168452948667026
7.5280890140237	0.000314820995571022
0.360488907580404	5.53727572970948e-05
2.21789059862329	0.000125671491476683
1.35825955130544	0.000103392422572945
15.5077574344817	0.000462605065298837
8.46020203555202	0.000244153051533833
19.0051431588999	0.000436200515126351
7.26703492452639	0.000218215754944385
2.34394242759143	9.28917396471094e-05
1.0242551576602	8.15653416962933e-05
0.389335845399666	5.14056531223406e-05
7.68758661534327	0.000242224992431832
1.88849570249211	0.000115183667095822
2.58533559120571	0.000119729690681743
9.90824973314137	0.000263320888764704
0.00066295136411402	-1.98603281461292e-06
2.90022584432617	0.000145824386664936
1.35183759457602	9.86594367020328e-05
3.76265770320516	0.000142640871236945
2.70901263721283	0.000133321315818488
4.12470340232906	0.000177319089413368
5.70718450292615	0.00035197814340104
6.73715760006029	0.000181086482001117
0.97991494859483	8.85342507014226e-05
1.49215485075331	0.000122608348495265
4.60948509904669	0.000179404577308538
10.6724887889987	0.000245364032826233
16.2541790692796	0.000384926037298991
1.18349906266789	8.61036206704091e-05
2.48171598308502	0.000150812152592318
15.4578103496802	0.000218955144023573
5.40704159775134	0.0001595074981438
3.89145705466265	0.000154195159933647
8.09919863819478	0.000265859517173731
5.91721034190813	0.000154607144536434
9.70591873858307	0.000269147273395461
4.98908615395481	0.000163487086418718
7.75038266721463	0.000241271203509348
2.72973677239538	0.000154414961823083
5.56460311449192	0.000180294869545354
3.77751875132209	0.000143490268940434
1.89112135727486	9.90951047155881e-05
3.27873006856831	0.000185627528771441
5.49713078300992	0.000233373300731931
3.15115786350315	0.000218947182329927
4.35788265989636	0.000196828030706693
1.06498614186393	7.98601209071768e-05
1.66270792886821	0.000103731803788727
0.747784680880422	9.69293016827068e-05
8.452181099979	0.000241558821438675
5.4320875954807	0.00016525036474792
6.86010059388205	0.000220877243250739
8.91210244334809	0.000296149132330196
15.4357773464281	0.000266644939994881
10.7354581344427	0.000271465040651808
15.3405029370921	0.000462220032043023
0.832017707246563	0.000112734874835227
6.8960886739338	0.000274317596026387
3.90221152739843	0.000187743781578554
2.90983197001071	0.000124651874753143
1.47060779508834	0.000137789531452092
1.44232143582888	9.42572101864571e-05
6.46131752478477	0.000229683302173035
6.08355143427825	0.000229734320517718
5.81132090737149	0.000180375352679518
13.2922901271243	0.000269040093007684
5.74331972302639	0.000185095022883695
2.93888794990077	0.000171430647966866
6.30869737610448	0.000192175288223581
14.5637973803505	0.000389916641264897
16.0121266036827	0.000279064961813312
3.63728685993933	0.000195201046747169
7.17928242995531	0.000182176917075026
1.76899388830148	0.000193770720980347
0.291152420210237	6.52811139009971e-05
6.44637002743219	0.000330810648258189
10.2072187968137	0.000257541616398145
7.34410777071339	0.00021234525059089
2.07867533407225	0.000118164643706889
8.70475339909224	0.000206368738170273
7.74090721473515	0.000304777787398273
4.31398747677815	0.000198059541136627
2.95525653420228	0.000156644341655556
3.33405856501209	0.000126322054082832
3.54087098461564	0.000139361575082042
6.10241226733987	0.000251248692685422
6.63215943664629	0.000190041640818184
8.57108046822546	0.000237165419739063
9.90408413568877	0.000253424429337995
4.8892319926792	0.000211006764037511
9.55431646345024	0.000240453735336047
1.76256108445504	0.000105659059124126
1.44562389213826	0.000108112181945671
2.67260912194349	0.00012021976719885
4.47684886141669	0.000190641410216879
0.309260186243957	6.80655568871357e-05
1.85486278510119	0.000141911592608282
3.64379024619459	0.000220106935685559
6.87656037616645	0.000294194146958114
0.739788068387033	6.25849494904661e-05
0.964317575347837	6.83180690829478e-05
4.93830240236419	0.000199825090290635
3.83834297666871	0.00025014978965243
8.70250114178989	0.000219644432556537
5.20360979730139	0.000164219001134112
1.7487044185166	0.00010177623051438
0.0112506495620791	-1.15803153317315e-05
9.26145278742587	0.0002491860561581
6.12654057163356	0.000310658091465022
2.55702432479096	0.000134490752223561
2.00441559596632	0.000136343858696267
6.82097568364695	0.000263391151377967
4.00963688095534	0.00018926463356161
9.89978656253604	0.000229401676604507
1.95547997967944	0.000140722853658119
3.63988138950499	0.00019128717311914
3.31914610089999	0.000161845425741887
1.52772802346203	9.56792084285417e-05
4.8411600834911	0.000237256799235053
6.10539433256124	0.000379359147039432
5.60189595965484	0.000251353446591904
3.16517928642316	0.000169103282894102
6.15972150023589	0.000281242188572667
9.33341388079081	0.000252024361787273
2.91678324974008	0.000112343967057713
7.3637291329438	0.000185761708758793
3.95190873899239	0.000215300808291227
12.9303809124445	0.000252230339471431
10.6342547113148	0.000303301225840388
8.75091715328047	0.000204114557332024
4.68029465070286	0.000154534357703803
10.2072272246079	0.000285116100617854
5.97940134671136	0.00032318098995294
1.34591339005492	9.3871434065817e-05
6.06922809081037	0.000259373605184533
8.02709487846799	0.000281449011956599
2.15321963992367	0.000123681556072073
17.1495189616912	0.000339279500142479
2.92829424151367	0.000175079154374724
7.46603967441258	0.000190657425996782
0.40804650605178	5.59877380705599e-05
4.59598993224726	0.000218980147391323
11.6925578017174	0.000305511687279085
11.4125477001732	0.000354211162301068
7.56541109667796	0.000203650194017752
7.60151782319138	0.000257182316599939
11.9268816616751	0.000388806904268931
10.8462191678829	0.000283994922429109
1.64776774764199	0.000124040444493569
5.63896494870202	0.000155795885989701
2.69379436296067	0.000110412616978123
1.39559512384204	0.000137213581689829
3.29718230446451	0.000143234937934735
11.5971556276698	0.000280787799141366
7.39591612129287	0.000227553633153652
10.9334119757444	0.000331416364646857
10.8491417893551	0.000323829957203114
2.73104694098024	0.000133417170006619
4.69587811569637	0.000158927686362406
6.23602826352803	0.000256678620779985
5.79431853967507	0.00018810279421968
8.7023685612172	0.000295908193029271
9.33158864399258	0.000277453029704134
0.643517374796696	7.57431981945665e-05
0.895322514254375	8.55018372320286e-05
6.2786264008353	0.000167476771741205
16.9623664903376	0.000448930711982693
3.00178863357695	0.000152302142038753
6.48540017202531	0.000200847719831893
7.23013980054063	0.000221572282666666
2.10662881231601	0.000124782720642069
5.09155431618261	0.000150469533216718
13.0250714000871	0.00038391558314003
7.11012496994632	0.000165729842776879
1.39282481466283	8.83811777815028e-05
5.84064471559931	0.000187864294108211
20.9935472521518	0.000359442771436815
2.3480657446649	0.000147627166507611
0.296823452105451	5.54652671196935e-05
2.7484484133251	0.00017715432494678
7.25470866456708	0.000242074121531134
14.0101512930825	0.00048133291592006
13.5821781903659	0.000319382881620497
12.6787671146977	0.000368506644782692
8.06543819542022	0.000225011556211743
9.54410567534159	0.000285822345706097
9.63665287189663	0.000264295949853158
2.13515880830246	0.000112459971579611
13.2441463723662	0.000255842750215918
2.46676413266038	0.000129893497695753
8.86111511631963	0.000210274327080022
3.96484555575256	0.000224388844829934
12.2329746894821	0.000262483261809454
5.47153823979124	0.000185492221816372
3.45285124399642	0.000156444022668398
3.58029755460927	0.000259409055769327
9.19630230318734	0.000256833611898227
2.47684787975626	0.000124264816585758
7.89198385038091	0.00024547529811644
4.708752538206	0.000205695155027042
7.47591567043321	0.000220000757018809
8.42557093592445	0.000208151547641048
1.12518320357127	0.000158756137442376
12.5086851735298	0.000311656693989574
2.35991355037477	0.000133168403788229
5.66049518567243	0.000236605806490329
12.5885610092573	0.000359718348699589
3.77892616658012	0.000146531182328888
12.2626428812357	0.000266078311819751
7.19511908250617	0.000268055221629059
3.87360939065849	0.000149330189264875
6.37328525819003	0.000207357969711455
3.98010346035349	0.000314517960121872
10.2366747383113	0.000277428475701721
11.6650382139105	0.000235307923910066
4.78962328127308	0.000196241327929945
0.897968060928646	6.04354203037426e-05
2.71307591046229	0.000253919463192873
9.02074243128981	0.000321515770300288
3.54657270689854	0.000147652406447565
1.30986660803789	8.92518230287623e-05
4.78621799118192	0.000208468342319394
2.97378749874571	0.000138267975262262
2.26776381846965	0.000130866480694318
7.16114251507463	0.000271067990105107
4.54058648287067	0.000278407090616669
10.1012826801878	0.000394695639374842
3.65332064133087	0.000168715295138619
11.4723146852471	0.000363992309613131
10.9304262302906	0.000251608639078881
4.05469788856608	0.000190160267128946
0.0170366643252193	1.68082959888192e-05
4.9074809376892	0.000229479651674697
9.48150951273692	0.000325170047006779
14.8336976712318	0.000289751177817693
4.59941979088604	0.000142752875819416
9.25961792677156	0.000293564616380463
5.9066815514215	0.000191273093198315
8.29827632289667	0.000246615030542118
7.73018739735297	0.000332757548058541
2.21798604799778	0.000126251890261375
3.69794433780862	0.000136080868119709
5.67811418586675	0.000169065169990835
2.98964348584172	0.00016754437787345
5.10899386844024	0.000220994640975608
7.46407609624977	0.000269324904488604
4.00650102268152	0.000132169009619572
0.364570430101665	5.89955771374902e-05
14.2758523590259	0.000283091093077091
7.28519027278121	0.000302287353617403
2.83427972048001	0.00014039331547171
7.23665778440232	0.000241181577421972
0.341856618411582	6.30989921978728e-05
3.28225329106125	0.000169988448201013
4.36881397040378	0.000194763715228087
5.79453466428112	0.000188412103109462
0.641334533381128	8.47591887108542e-05
3.30623640716953	0.000146672054423075
10.6016589013733	0.000275562617182882
14.1939698598303	0.000443767145456057
3.40428565875995	0.000156721858790124
9.45716143493729	0.000233126289003469
2.62737361643547	0.000175700284127339
3.35093667026412	0.000220153618892055
2.19444402151978	0.000146729538326612
13.2129802715684	0.000379056030546158
6.92845533401985	0.000189318408144699
7.69993588989167	0.000277787824654353
8.23222848546862	0.000397021279546021
4.39297715042339	0.000186573650458455
6.50101027713435	0.000189377980579672
0.680352927226824	7.80549919999894e-05
3.38506412834047	0.000125087871029354
4.65152672494749	0.000196778774151387
5.06753300827156	0.000171585075152778
4.3132498282083	0.000228236230108013
6.34650365875524	0.000184390846860847
12.4243568197635	0.000238122444254501
3.65824172455491	0.000134975866929786
1.81020379784978	9.72979234419875e-05
2.74600168107836	0.000134672162979203
6.53427561882249	0.00022935422398821
1.62125396540193	0.000122416465486123
0.934794912309356	0.000120723297877816
3.18581916349772	0.000155029945925298
12.5515079506575	0.000361167473798293
5.03577392809016	0.000178135471599922
1.98522268019761	0.000133251707020516
21.6386023603194	0.000342769165111282
3.21053369752234	0.000135629125546182
9.2139275015	0.000272930820499795
0.266018989568746	4.11526047288004e-05
1.81225245057031	0.000143227654183645
5.90055781817989	0.000200416263343951
2.1429621989676	0.000124732699973319
0.617530730975409	8.3421035721427e-05
3.13931629225958	0.00017556429885515
10.3210065623495	0.000240221318569164
7.98438568714495	0.000363222377977515
3.2758288010145	0.000166191540856422
4.71239300007529	0.000215793171272652
2.33155434691402	0.000137926421434833
6.05176536003888	0.000185478724525877
9.39560909451193	0.000242614805316705
2.78904762537256	0.000171772542736059
12.5071444059054	0.000437055559760957
10.1595197132046	0.000324916189351832
14.0019583410372	0.000303576527764586
8.28905899322536	0.000200007625882718
8.60833550237025	0.000238773231676312
8.36902460712076	0.000198800305615229
3.79555449138286	0.000167741135748747
9.42707962310424	0.000448055696296635
8.16590799001334	0.000214572567320205
8.05392983577854	0.00029865796057106
9.76540438347033	0.00027171243295247
6.37926073896188	0.000213828290749439
17.4226495193948	0.000372227445833784
1.6911755620859	0.000126102608006307
6.56181053159027	0.000278021670108916
10.2973368138338	0.000256648490456562
7.38705953031232	0.000217218254026471
15.3484343239341	0.000300343955268397
2.289426243141	9.84730525550493e-05
3.87148760672536	0.000226504023338778
2.41339467535803	0.000113316086961812
14.8880526121405	0.000378025090070491
4.93882976407026	0.000170119956447
2.46953686691551	0.000157619009963868
3.95381107340385	0.000157687339303536
6.63693961331745	0.000231983441384279
1.88691012574845	8.45168103978163e-05
3.01854238067187	0.000201875973847775
3.77451484333934	0.000208154741124769
7.45327256803778	0.000248163320088054
11.7602423406331	0.000312036779957666
3.01778790991033	0.000189873469109503
10.2054346582656	0.000297448211538335
5.56172136071823	0.000175959397666886
7.50525476825579	0.000227724584277572
8.40234885165152	0.000239242511554391
1.95153320585672	0.00015456378168397
2.71767079097872	0.000155964054638397
2.2029691863749	0.000172717466222257
2.81425780845779	0.000176060301639362
0.91129925871459	9.11064664088609e-05
3.1535500390209	0.000186827112596391
2.76910950336027	0.000200403663885955
5.19765712973644	0.000178331752087189
1.10217807893006	7.45064877974797e-05
5.56174079173249	0.000205337537381135
1.1583475955593	0.000122357255013582
8.83733140560367	0.000208749099023349
4.210262242895	0.000319680490461206
3.41404657159064	0.000196503707448827
17.1512275961852	0.000346720591522946
1.79053616086273	0.000144214445743381
4.00055885469476	0.000201526221627739
4.34449102515182	0.000133764489307875
2.68350496247018	0.000169888768316521
15.4341471408153	0.000273348771838025
2.71014380793519	0.000148358105666989
2.85239660554655	0.000166271682346226
7.89196579096938	0.000180422224590968
14.3208105687492	0.000380164250838776
11.4745443857848	0.000215223722102829
10.1879346283508	0.000224854633463541
9.16412787002701	0.000226730516648114
2.87318515661453	0.000130488746103848
4.73444944470784	0.000166334393967811
2.14537731913114	0.000108385981246328
3.54603975928862	0.000149670057224253
8.97328828937209	0.000258410562314432
2.41002272582698	0.000212541843740022
6.53189178397201	0.000241418456937733
9.80466577040432	0.000287575701068589
6.51494937265194	0.000205017851427447
1.11238384556199	9.69106534464025e-05
2.73618737393107	0.000141197835709123
8.28081631622383	0.000196215880122588
4.388145540075	0.000191792554025479
7.19359866983388	0.00026850764361532
3.00853495170954	0.000206287716634822
5.94258554068096	0.000225610437400506
3.30650401479718	0.000128095619579667
8.18034106537917	0.000247052490447883
4.58859094491719	0.000240816972134208
4.5687327792075	0.000151292935604945
13.6679235323148	0.000281601889005792
4.30706698138556	0.000123129997626671
25.1865316556189	0.000614334549857284
7.68957785613764	0.000244368561848299
7.49846180782361	0.000251429012315245
6.04413939621573	0.000156829934506805
7.35488751930627	0.000242182493130996
12.8713587406753	0.000249093452056937
6.50954794750994	0.00025452602748925
3.00006189355869	0.0001639727857152
7.90800554610643	0.000229584063504006
10.5389593405287	0.000262554909377565
4.40178186404716	0.000146825065633193
4.40977767041117	0.000184550356970426
4.30880277318032	0.000219649721817371
6.59273965683852	0.000191435542718681
4.5404321757003	0.000186377689053393
8.49133826024761	0.000325696106015796
4.04321687161051	0.000205048199718752
3.21204343739595	0.000124841581111228
8.97994098656044	0.000182225020660122
2.01791781802275	0.000105327697926793
6.954374095939	0.000200469711920326
5.38648897732786	0.000184443036057562
0.00169427392326022	5.03644615649451e-06
7.39839525436905	0.000237243680813711
7.26530172939618	0.000162570531955643
6.58459630616119	0.00030050523304532
1.34103113555325	0.000110430242587781
5.94706737963193	0.000186215803630523
3.24980867480962	0.000170020371716313
12.6069772000225	0.000262470385326013
2.58970330058235	0.000119805327674618
1.0419876383866	9.06701624673171e-05
3.23904088931136	0.000240049925383257
5.03963570151455	0.000169195532760379
2.39433416823443	0.000154250565366912
9.541523560146	0.000323296156171458
6.11003473998703	0.000223559136865616
0.00578848051585198	7.03914178187597e-06
1.65982436284015	0.000140107266667022
0.376137258519234	6.73151434960987e-05
5.21250177481966	0.000214381133903735
7.5237731980124	0.000248088035815832
3.83315574925978	0.000301067915445703
9.1267994324252	0.000221734331563533
4.87672235335063	0.000203246296199131
7.98466456740643	0.000246516363752058
4.57324992154138	0.000230494589801667
6.47801542365216	0.000158197339312612
4.18654375571202	0.000331860101042318
4.67553737123801	0.000222313334060781
3.34579626640627	0.000140566537319327
0.827915195690048	7.83657760576908e-05
4.58295575467765	0.000165227739233991
4.52898811167388	0.000181566243901648
2.26173240855136	0.000106138833930707
11.1702807944375	0.000442896927480971
3.6382874564279	0.00017880359895055
2.51627515082928	0.000176494934061842
3.11897304769099	0.000155340897820395
3.031798868313	0.000166527126703468
1.73496480778632	0.000129430238620734
5.42263597764658	0.000191481996974131
8.40404404525962	0.000279921451178489
7.81658574391098	0.000327371229244039
2.13198138710263	0.00011627044524871
6.06980409392243	0.000176564835960311
8.38014006827502	0.000261912764517246
3.55013146429298	0.000174180539424459
6.62017419274404	0.000240318464657711
3.20741769849354	0.000189131076589485
4.5136732985601	0.000205795968414159
12.7526623915951	0.000214575584002933
4.80041333998398	0.000157994331216283
8.6370607445608	0.000270586422467202
4.34098275077346	0.000218467576001707
5.16343742220967	0.000204162826548283
4.11205297733698	0.000142533935134902
3.17598962256423	0.000136391782127843
2.79290439949957	0.000147047743813227
12.8938950091955	0.000319391227529586
4.27568038658014	0.000239216085486244
7.67870860191567	0.000267838081101844
7.97087694352878	0.000223844228189677
5.39722399557849	0.000162030567679062
8.72335888864813	0.000251208420761808
2.69504140919576	0.000144496039486578
1.84098873561334	0.000119353527974422
5.6130385423696	0.000213725907050455
10.9746196463747	0.000163260043722018
4.76197604608421	0.000151565008746692
6.33421643831824	0.000312974373497423
5.35375476277148	0.000160140051606854
2.16899872054386	0.000114048759107691
7.20496602477783	0.000317078243258416
1.97524181231236	0.000102535263301111
6.57999795983417	0.000261313394504106
3.96681334492294	0.000221259926873246
9.6633647677064	0.000327304362510823
4.22650621376657	0.000141128070343461
4.66529076915558	0.000161963834469762
7.29696828100792	0.000355738111555624
3.79725641345385	0.000183712070083094
4.18235343943666	0.000170340162901011
7.02681688248351	0.000208680086554818
8.22427140470875	0.000180506981561655
9.89287276191098	0.000343071878115473
13.5575438048935	0.000426595371108187
5.85476256064381	0.000167164150167476
7.96088495590859	0.000213617884025012
7.79107656500792	0.000257533824891276
8.39096830996494	0.000228534165894652
1.59244189568377	0.000110351674966065
3.22557544983586	0.000157983766946846
2.7205123573096	0.000128455488567988
9.36944199153397	0.000219678849161483
3.35497710353787	0.000165724156134116
7.97987514878639	0.000304620676481693
0.06103691742065	3.09784826658293e-05
14.1771621394206	0.000426219535710095
14.7843435303137	0.000381657527855254
2.15060787540883	0.000114340847657192
8.53954057142667	0.000215135291777043
4.17923585428996	0.000180326911391788
8.61763371771921	0.00033984785187517
8.0003192873016	0.000434053222302547
8.69662513424657	0.000161041378729599
5.35641299434505	0.000226502062371325
2.66957460821237	0.000119836851697612
8.64668633642446	0.000230109556357442
1.46107580412443	9.83826856647346e-05
5.58154111316169	0.000244625335370651
8.86415411693767	0.000378595027921151
1.57946599061102	0.000134709684696693
8.70288055169912	0.000209926329573989
16.1450414725791	0.000311169902314772
0.798848945204635	7.6158958806946e-05
7.01371078371564	0.000238959643568275
5.32441338758481	0.000197787578940953
1.24859029580828	0.000109286804573937
4.16424345644771	0.000143394398027135
6.94322859553202	0.000178032784224172
12.2221034448719	0.000253322616422112
5.94167550356465	0.000186712986022401
2.16876068710408	0.000143567079400013
5.6061277320241	0.000191916984929441
10.0864205394494	0.000367472517803531
10.864095247222	0.000283463691513451
7.24286071243335	0.000240510464722633
3.34798930240851	0.000235335015526071
10.5252611250567	0.00030728573786027
5.44957644684707	0.000172331151131747
4.70139207173407	0.000170568585674409
1.93118438863006	0.000112887081501337
0.408809072485358	6.01406770251969e-05
6.57954716872422	0.000176416371565359
11.3394586930881	0.000334126507764149
2.51023588479276	0.000229317186190905
7.59148114249235	0.00019515748036406
3.18851925406399	0.000248811707688403
3.06663029779371	0.000130360613008678
8.86650070600506	0.000264611075456641
1.18725007564207	0.000170998612666122
7.75421942450505	0.000180243227751637
1.53724801418745	9.61804893724851e-05
4.07829127210833	0.000160970350704161
14.221283778667	0.000474728974569277
9.72886896374812	0.000226678649747409
10.1742324630101	0.000309795062260518
7.4951306532839	0.000270332413996986
4.24410037943253	0.000147660973678608
1.38239777934811	0.000157912172977869
4.65919447432484	0.000167659205298286
6.69469679687849	0.000230980695754922
5.15388957286491	0.00017552864380857
9.21027345923329	0.000204227399384407
6.62939677262252	0.000241175661173308
1.40169089732583	0.000125003752960241
11.708928650823	0.000317496977076304
4.2017767157932	0.000166901926626472
3.64962529775627	0.000165191514829174
5.60459647712913	0.000186338463460546
0.701867590416211	0.000104128893111788
5.90617693842532	0.000209426581713299
1.1266490807368	0.000110399754099439
3.69654421338666	0.0001269642461852
12.8079832057798	0.00030325431360283
6.67295565592794	0.000167318491611168
8.94755102150926	0.000257179378416852
5.71331363765657	0.000190065148910788
10.2042967954167	0.000316943524508378
5.83999850498597	0.000196889689655456
1.07077127177125	0.000112446952840626
5.21844649764069	0.000265502145773142
1.25369390414253	0.000133113754919528
3.36443606811449	0.0001555629404358
1.98502853144255	9.24854199124742e-05
9.12759406240379	0.000276662215394988
5.13728359693075	0.000216892790779173
2.7855663894728	0.000122059781953714
8.83796089557524	0.00033887846999717
3.74539766578691	0.000195527768174974
1.62048499185377	0.00010624789757794
8.51680633107338	0.000230477666670648
4.45592520645877	0.000191104301017869
4.38265495099137	0.000171045498134909
4.05378438336032	0.000138833882030472
5.81839016811784	0.000290923644744532
3.68883200774212	0.000155148865420433
8.55036042974682	0.000201206829510294
8.06563784495177	0.000337770497784982
5.31527827841057	0.000163826771857197
12.0387573406943	0.000297842859918932
4.32283678835112	0.000243272315505736
0.263438040129693	5.31964349579351e-05
6.97797052945723	0.00026052127542099
6.31199783987539	0.000267071939029701
3.72428334152585	0.000165774874916962
11.6093831572737	0.000297590221612734
4.21669616014677	0.000200841226300756
3.94707863846206	0.000201646531116511
4.21318163816709	0.000171171692418008
7.46032282836784	0.000385452937508258
0.82420544974554	8.24872510353309e-05
4.63278704925284	0.000216504627768381
4.61128685968737	0.000136822296534326
4.13028186553638	0.000252370209236873
2.59163645745827	0.000274368661678596
2.19182016041846	0.000140273180435344
8.07059583765691	0.00024707193131047
5.05471754800417	0.000173374339062083
13.4110281308512	0.000215624865646667
3.72838488152846	0.000191900510065826
5.8775391657101	0.000171452431755309
10.1390221687694	0.000291783977347536
8.20952350843983	0.000261586024243285
12.1049896358196	0.000215189224865679
2.49636646985374	0.000113962785102319
8.08496106308955	0.000313404508204686
10.0560032194208	0.000266621710839705
21.6970050896104	0.000479039708859093
11.4215163754209	0.000273747296527976
10.1323857477725	0.000319958696347764
3.90357824839725	0.000239482877447032
11.6055919943419	0.000421509209668766
4.72837733364062	0.000202328798494416
0.484972136001822	6.01209727109121e-05
12.3363237440881	0.000295278209783738
3.72900521833678	0.000173945653359976
4.60585328223809	0.000298042681030274
7.85449270281105	0.000195744250976738
8.19181742316533	0.000220131573690569
0.798071904283983	9.52239576519715e-05
12.3844132411869	0.000296189895467112
3.95375455827362	0.000134204972369496
6.41591506846004	0.000180166968257441
2.66137327269562	0.00017329132171772
5.81359857124887	0.000213449643694008
2.89628732280996	0.000196078165198835
1.92944949940477	0.000145487528659627
15.6030962801155	0.00036751703519687
1.14259839334941	8.95927057261039e-05
1.71846384145919	0.00010510333788681
1.0167996185991	0.000126428526555371
3.93218092077078	0.000159997107653997
7.85827759737306	0.000256635031339011
5.01585632719804	0.000164953539733972
8.10729731335599	0.000313822689861747
10.8356855994054	0.000273498166324128
5.80094986370915	0.000197770280510879
7.10841782938773	0.000216653955020889
11.3620242118296	0.00020522151253466
0.00214942181628053	4.23452759600447e-06
2.72190700388443	0.000242515348117318
6.58594364272115	0.000215213958186921
3.41870900993151	0.000149612351412358
8.06277884369019	0.000180694684173802
3.15013176607097	0.000214844302150957
7.76420310603787	0.000284514847075093
6.83718152364388	0.000227906884629832
9.70936000113266	0.000184497193894854
28.1703896910809	0.000678783806613073
10.7233496442513	0.000309709975554108
2.47105225948867	0.000218032261089954
4.53228022710209	0.000159758836459821
8.13876252305042	0.000337981613616852
4.90853994144052	0.000235348711016222
4.99174334419813	0.000253917132300545
5.92551752679738	0.000173358880428839
4.43249910852529	0.000166207084520155
8.19030825662815	0.000231162273927303
1.61117668686328	0.000100254775109663
1.67992756297977	0.000106510881814254
7.82985898506573	0.000247575916029755
3.2234092172626	0.000111298265540189
16.3637625436817	0.000280572049692553
