R^2	beta
12.807488931464	-0.217559606293498
1.25399707452766	-0.09060697176814
4.86049774132171	-0.158738422079221
22.6498318130173	-0.435639800139337
8.30280575259951	-0.213877138903426
7.51042321471287	-0.175111878199702
7.79300520012805	-0.232351272049755
15.822496379596	-0.338197190551453
7.27285192937445	-0.197183994448807
4.74403667206853	-0.156437101178331
5.42603067451496	-0.163475664633464
7.93353525404902	-0.247991808819047
17.2364913388327	-0.317806374621275
21.2351392151765	-0.356407357160547
1.84237734731251	-0.105346599317121
7.93491890196528	-0.268240801085279
2.81700062057509	-0.136951573180656
3.60173425787639	-0.126406116732002
4.39960709086079	-0.11793155345195
1.0598415288185	-0.0740969620178997
4.38556679987603	-0.153879193179176
7.19111650905815	-0.215037184296234
10.7961425372149	-0.229128974220903
7.33739308822819	-0.156374894401691
5.5078921503606	-0.153537259613391
12.4331128196257	-0.252819257915723
3.95308774379584	-0.127351202017149
2.00534569257429	-0.0935232277253416
6.22109792001499	-0.188512124685551
2.99079595129528	-0.129256141893448
5.62011662298378	-0.212802024054215
6.03744229673251	-0.224885307726206
6.5584426159443	-0.177343771627337
14.9907855836831	-0.319099348547559
2.01566655386265	-0.0939599951358812
2.37317742089794	-0.0977220174535753
10.8946895868134	-0.260197498043296
1.78713297620408	-0.110120476303949
9.47879099605113	-0.211125706152221
9.70605094108398	-0.242818124202995
0.000156079134840507	-0.00087929733989965
8.13853017051328	-0.198305369735627
16.61930488161	-0.249515595791425
1.86193626021361	-0.0785350032763827
7.34486123481958	-0.188823248468765
3.47953287319788	-0.123914525366652
19.4089267524766	-0.300149519259256
3.28055997296026	-0.124575947255283
5.00546790960529	-0.141180632252971
7.2272048966986	-0.218177355685498
6.8360547582714	-0.212612447833243
3.41690280823533	-0.143780980817042
5.0351485141092	-0.164559781093116
8.93673717293368	-0.218121920724229
2.52334458118355	-0.0978332354115902
0.462821921880691	-0.0584760612633527
17.7896184578144	-0.29558573315966
10.1991483142112	-0.207342971842026
5.13859401064955	-0.138214465991231
19.7749381100877	-0.417627620571816
16.4945331875137	-0.376316857809413
1.8848142708524	-0.0837763317687974
4.84395047834075	-0.168513845779437
16.620815380665	-0.323254482897973
12.4315011220875	-0.282601702586736
6.14823239952088	-0.177183943642975
9.12463509215399	-0.171658070863193
3.09235964572276	-0.102925458391648
5.42669915232292	-0.167724790440104
10.5038762860392	-0.239319716684452
5.05177658483256	-0.179605408632068
2.78175973575343	-0.123370092168031
4.08347774505834	-0.143047074240409
8.51082792456623	-0.262958669752771
6.67067706616423	-0.186870328605862
13.302573911913	-0.284567954643221
10.7611352574322	-0.247375806198583
16.8128845430736	-0.287031056497203
12.3545651624328	-0.222458024794902
14.2346701938862	-0.283216739855259
12.8470777251363	-0.232039380173463
17.644227790198	-0.297512470170052
4.54052026666409	-0.13201500991107
9.79793856598366	-0.195310838910869
10.5049821274251	-0.235316168727465
4.63374826811206	-0.146298482370371
13.2000013428829	-0.262058343889389
11.3334741534917	-0.222982549723673
8.95871807752197	-0.221821375032351
10.4909847778633	-0.212642724752874
11.2827553111274	-0.259106321029508
12.5323180513989	-0.248642040295909
8.8422910294921	-0.20477545842758
5.4884436689694	-0.186413801456425
16.6681599114498	-0.304303061405252
12.7018478061353	-0.257976173396883
5.38183305057357	-0.155758057219252
9.2645563591819	-0.23900510071463
7.71282412513633	-0.214558150844284
5.05708307226708	-0.137883276902541
16.0833855883311	-0.29768128606645
3.09828713049385	-0.102833434495088
3.14498590278364	-0.172130870201767
5.28391781708663	-0.185277297910502
3.0872764898697	-0.131551703848599
6.87239171955743	-0.253009243284367
12.511526726785	-0.237188560095718
6.47186218544128	-0.230091699111124
0.0101527484734135	0.00556104369719833
1.63133494129155	-0.0814614515376526
3.67224496001847	-0.153440921733523
6.63393316174598	-0.193460708562741
2.43215453276225	-0.0886790741825413
2.64328328182535	-0.118780637076279
6.1115934479518	-0.183626325408525
2.36600099757117	-0.110993102537518
7.06550382598246	-0.197939749838854
11.0809792325311	-0.217959687986841
5.9495239682887	-0.128023510936742
22.526985382254	-0.375590735453141
13.895678865107	-0.243881310393149
7.59287465923537	-0.194645108845833
1.40783223910688	-0.0883070762238582
6.46840310881117	-0.19129106643713
4.99813004183055	-0.163618696636337
10.6092550997354	-0.233767749451722
4.05797592299522	-0.131734364757227
0.0564847929292008	-0.0170799565309429
14.5102429580683	-0.27322609253411
5.72949352575548	-0.18078218689646
16.4638697253036	-0.357339435113247
6.01104806627395	-0.170814583426192
12.2942971194335	-0.270157517012142
4.18289851801244	-0.162904900042622
11.6734456253029	-0.276246463966461
2.77454178163706	-0.125672712990086
8.75206139781256	-0.198267965301021
2.90677312868307	-0.127803280759209
9.08354294387363	-0.225761197699115
1.51034378854713	-0.092402844228766
2.62135655956074	-0.114155589161846
8.87806708407043	-0.197355347242337
4.82713167831027	-0.136939824675558
16.057972166106	-0.324192394493785
10.3983013885201	-0.251411616285651
4.43462193807986	-0.145698509281539
11.4952508627477	-0.254918598702821
8.71953182495464	-0.233162954346349
13.0909213981283	-0.27312392898801
8.66132351773543	-0.182257512264716
8.82449627868366	-0.201294543527234
4.32302991474215	-0.150423411987141
1.23554163883649	-0.0816564386224523
2.94210020497303	-0.110758336718181
9.0583805433023	-0.226520852753312
6.26719240350696	-0.144543486922711
6.77863533584476	-0.218240204907968
17.5398521733252	-0.327266687379109
10.2377166073236	-0.21812704788645
2.84073075912398	-0.115338925248056
8.28001000832198	-0.194683597308503
13.582971422412	-0.305681088738655
7.15035899010871	-0.171342245094197
11.4947154702798	-0.255966860589033
14.8203774210305	-0.254426015291372
18.910971474837	-0.356354938772805
3.58945886123864	-0.132447230773025
11.9882962142398	-0.248537909282972
6.30248737747889	-0.189355288350542
8.8741198669997	-0.258464208137093
5.81235310832164	-0.158426300922056
24.2198958701964	-0.441608770318364
2.71053759382562	-0.119114786919975
0.459015928915813	-0.0376365124371056
2.57941039865774	-0.109283668112437
17.6009322586939	-0.394046616500072
5.91675361415503	-0.181161992763575
16.1234827431142	-0.311824411968292
5.27140516698096	-0.161382953608098
0.0348225145212504	-0.0138914120902005
12.0922762830226	-0.283097512046072
0.00134675007882758	0.00183057925066558
2.53987872475749	-0.10413755190928
0.596317798221197	-0.0541920992523466
10.8537491011533	-0.215129720304774
16.6812932523557	-0.332518731235498
7.98420490853509	-0.198119823269224
3.67193926699231	-0.141812945079943
16.5934148328475	-0.320987453074965
12.2608062919044	-0.231322183937966
11.6169805309392	-0.255059255657428
6.88788356602953	-0.182221536470444
8.18009662623252	-0.198036631727946
7.61249836556217	-0.165073978667827
4.3820009187379	-0.164485948865243
6.70265377555583	-0.148524637017281
16.0775502296471	-0.376637428454771
8.58586915205977	-0.18603039588743
7.62397523114796	-0.256035049718643
7.85130821294681	-0.222066971046361
10.0111082951864	-0.251927913580989
1.22947789420092	-0.0866998699921981
4.81969507998095	-0.152484975967547
9.74650775339855	-0.234692858055433
6.97270455338133	-0.217159264848623
4.70385762124079	-0.13395625223106
11.601042474224	-0.217939595331289
3.74113620591262	-0.113684753361314
8.4530071238529	-0.197231984416159
10.6257016671209	-0.211470363153656
5.57865072643676	-0.192868464038413
8.61099080958688	-0.181948435599307
9.56706013080963	-0.169200630741579
1.16607345749042	-0.0680116645303644
5.41234325669935	-0.151353860665866
15.2851765330013	-0.300054028159861
6.79125014467601	-0.175518987346735
9.51579284179533	-0.195565409693895
13.9210307263113	-0.296221982388834
12.4893265530929	-0.343371833511255
12.1066702849512	-0.2411717494382
9.89726110952678	-0.23602219563664
10.1556209754048	-0.235633849793923
13.9199118447617	-0.296935153765791
8.47524172113899	-0.229270886878387
6.3170923215206	-0.174655694598527
21.4337475886349	-0.371397869018581
20.3334719525088	-0.337804618081537
7.19979043588455	-0.257712563118591
6.89446692724253	-0.139804004421496
6.56995230774453	-0.181335448907283
3.21356763006795e-06	-0.000134403952755854
6.91564173028504	-0.162237699198169
1.91441850414508	-0.10745582780503
6.42710540108021	-0.191345727245341
4.49842071650059	-0.134816399140858
19.3567975075672	-0.355115751160417
9.51187846085397	-0.219834494960196
9.85305453667138	-0.227225522486366
3.27170535400111	-0.121058857684019
17.2192741029533	-0.368465065967134
1.88796148225218	-0.090108026381611
14.3353480357329	-0.319803877498886
2.77699794520832	-0.0949759835593276
6.17602852256203	-0.172382041738126
0.840833225194772	-0.0595480521439048
12.2224600020552	-0.291201968559141
6.3090192872806	-0.16258471738353
4.61243447861886	-0.126459350578721
5.23059374867834	-0.164230924118501
12.0078191158307	-0.230325758452926
10.9538109217498	-0.193199956321926
17.2827191356731	-0.316111506268208
4.28995985757641	-0.150016615166975
7.84909106642864	-0.20882787096942
11.3479794261118	-0.252562477269053
4.3941543974772	-0.13715240291325
8.91863061028416	-0.209158970469033
12.8237165869816	-0.293777562547728
10.0187617616308	-0.206342224354763
0.0240842213967184	-0.00976459920297613
7.37867776017022	-0.215596165629401
9.6490752430053	-0.196845176906692
11.0164446850479	-0.27596227887729
14.170762564955	-0.310311256402452
3.46197093067851	-0.162440041306402
10.2520175468456	-0.241460097823058
7.32905804918529	-0.182537720053937
3.61378172216935	-0.139727560364588
15.3956143078077	-0.337146481043783
4.78328543011713	-0.151930672924087
3.61993794253925	-0.114995198800696
1.81639579540047	-0.0935101924116665
8.23819053333358	-0.186903668165092
17.1736367065464	-0.265435450847018
8.69577263652734	-0.213585703780344
13.1156418263223	-0.298563033652182
3.28698654913615	-0.115641808338494
1.81791723694393	-0.0969363763238735
1.65470925904168	-0.0916030921095355
3.29087016609486	-0.139139496830956
6.5871822633164	-0.162284211744397
17.3018558905031	-0.346507895917304
9.21150006089162	-0.224665695402649
10.5229307168932	-0.221934960597162
9.30369492669831	-0.260917210941935
10.0699205991928	-0.24897878921924
13.0174669428022	-0.279655789258972
22.0460015543571	-0.392347282066636
12.5736089709665	-0.245839933631628
12.9356954058424	-0.291417500642877
22.1456694943372	-0.42042935570686
15.3062652547286	-0.299750558440823
6.24060629847162	-0.157869495551357
18.5221037618739	-0.368449196948018
12.5113516976236	-0.259742725603286
8.12776821216909	-0.191742134302668
2.71590497223671	-0.102372775023868
15.35809984472	-0.274517670992458
7.71850005236947	-0.197981265751493
7.54059921517067	-0.170314513414516
6.71869034718731	-0.185779676003491
3.78122937915789	-0.164566356953938
0.85227538000116	-0.054974906600748
10.2032994429542	-0.177377635506627
7.56528225524516	-0.233824312669104
2.8001645964257	-0.123165091909161
2.19291581889026	-0.107626380396566
19.6967111350454	-0.368721433431873
10.0624775169868	-0.22859824238968
3.18448076593807	-0.119087180219135
10.133863660271	-0.255194061268704
14.2764217429897	-0.310068100425526
10.6127833072751	-0.269771476646892
15.7252195029009	-0.314227174257081
10.6927757616912	-0.219654051440435
14.7737042741512	-0.261375956971568
10.1619400919548	-0.221906632631248
6.19956993969911	-0.179333100293193
4.59352878941585	-0.163079683237093
7.34341405950892	-0.184208149871211
11.3323770639642	-0.292483733823444
9.9084272009125	-0.198600287308066
1.64894325865202	-0.086562157630596
10.9701517122348	-0.269434647297863
8.48647543411097	-0.205416439663201
11.0722627409793	-0.217453176531204
7.99985741468367	-0.255973911249445
8.92209824975169	-0.199072518227703
12.3889528777201	-0.265746661275958
6.30580397690759	-0.215196776258323
3.95560676197751	-0.153284170348242
6.70872124922014	-0.157885394052951
6.29439155721787	-0.179205221249718
11.1245058244428	-0.249522406416088
2.65513579948311	-0.0834195333066187
6.84328959566664	-0.201808521053178
15.6549488916431	-0.297871306329052
22.5085019990636	-0.482922794329755
2.34109607788952	-0.105619240052032
13.5016887109601	-0.243836785486801
3.87833673514041	-0.138604471083853
3.39336392953766	-0.123394131204159
16.3158969054785	-0.296450931330988
18.3853075705038	-0.361297286012197
8.29572495069962	-0.243164331373656
2.75577879550454	-0.116031370868912
7.56156333394645	-0.209491725507812
1.98620243710541	-0.0948524894008388
10.364709184733	-0.241186553271674
17.4824959697521	-0.368403337110337
7.45710160780133	-0.193267295290968
16.9568863933288	-0.303901216484002
3.49314898103195	-0.135766732462976
4.71654783690595	-0.146076613581129
0.184857039134214	-0.0269978436484854
17.2624879600779	-0.309201643583168
6.10338750520236	-0.192942528463904
7.82080555668954	-0.206558201922092
4.69139966957884	-0.142897495476887
5.99361123182171	-0.168048427727443
3.94778012471813	-0.134729935055825
7.42852209345527	-0.161543443258475
1.0142670031	-0.0763472024745551
8.20876574689695	-0.17776959777717
7.25103354005177	-0.202481585537099
5.2551735081443	-0.15817198252488
7.05775673753492	-0.209461872683217
14.6784082951547	-0.252616610587184
13.0147686080538	-0.260995021270704
12.7753912494731	-0.245128179833714
6.2719609458113	-0.20696958218495
9.50811448471536	-0.250149946544069
6.35934930236992	-0.17194669954249
11.3901417019154	-0.188064291109243
2.73402140538219	-0.1306356708494
2.46463810524528	-0.120980035947589
6.19362284529714	-0.181718410988684
16.6132697609771	-0.326725742860902
13.3040542619347	-0.316192000975144
11.5128433371016	-0.232777516188166
2.74745351835877	-0.125812025836917
6.71165287391676	-0.174418339804805
16.9880412370222	-0.285868371315887
3.53497444465874	-0.132782537276679
0.171234932451913	-0.0224133986060651
2.06819616857844	-0.10054826172928
16.0360406424138	-0.364390721643695
2.40500525765639	-0.13019260953819
13.5657745504824	-0.27412091740478
7.09744540489816	-0.19869448102527
7.79986520350228	-0.211587218030246
2.17647429491152	-0.105641334881009
4.19300615055498	-0.153652309835642
2.95600140702919	-0.12685927799581
6.42965209894775	-0.14393040578849
1.43867224418852	-0.081804400491192
3.30695720181961	-0.151231895096299
4.34621885730885	-0.19390123855569
4.00279772392365	-0.176154855831938
8.58783618307307	-0.204016441914175
13.2770255617694	-0.254642352437421
2.13021250894915	-0.095637718456483
3.39830225326357	-0.144510810034526
4.18945453338952	-0.137257278995596
26.4150043761458	-0.511426876713857
8.88569522497215	-0.229358006785503
9.97135227147198	-0.207795082879007
5.77684230403752	-0.152119432727389
10.2611803854249	-0.269348526004283
6.41318483575632	-0.15224854547018
23.8067057904778	-0.460272574050073
8.5428596711697	-0.25821355432983
11.6992856253837	-0.22919148727806
0.88426952605521	-0.0582299503088366
14.659577138277	-0.2497120953513
9.84061718357629	-0.203717721268504
13.8182332217244	-0.328241696622772
3.61218146513675	-0.129924086369963
3.30602290507497	-0.134718945097465
10.7309900830875	-0.257355909848586
4.95635714372024	-0.168874164340708
5.33770147862906	-0.14419153029469
3.9381247151832	-0.143955461358979
19.2032542339534	-0.367699137902569
8.20621452856872	-0.197960547893652
5.22785445069242	-0.160504735168059
3.6783166498601	-0.13131932421603
13.1944868356013	-0.207857784375033
3.35583277887817	-0.120963950478181
12.2566362994204	-0.244542713374399
11.3310404031324	-0.233972823613812
5.3983445438211	-0.132710579051649
1.83227339749885	-0.096117532744842
7.44863555204046	-0.232023157941135
9.8788367064229	-0.233671308966591
6.6680685603698	-0.170469666834355
1.57792268010035	-0.0862007637684584
2.24146542492865	-0.0958828934720713
6.32200155317358	-0.185142351198019
0.755509137630469	-0.0636173329379413
8.84594037856962	-0.173644501143025
9.61580710005912	-0.238066214822122
4.32353679622611	-0.125579827019122
9.81510605894881	-0.261576894565653
7.35567899184457	-0.267058360702949
2.56734993783404	-0.106424564926674
2.52848597175743	-0.107141861341889
3.47062558853395	-0.134900788746811
2.81123771667907	-0.110733014232198
5.08441673195703	-0.137776842066788
4.39603315705196	-0.119183905613955
3.487401838689	-0.0951175981514262
3.10120230664777	-0.139836614595332
8.80597717839871	-0.25000598907803
3.96113367558058	-0.126416774344329
10.4143149579091	-0.23806519017774
10.6679964672021	-0.284307476252868
13.8988592384821	-0.276830454876756
7.64254617393932	-0.182501827349606
12.6565017973273	-0.287317750451743
12.3888218804737	-0.261825576972018
20.59035979361	-0.392382041527037
5.66258016805452	-0.160263579250675
10.4207208685256	-0.258685310772737
1.66531478732234	-0.080995301227252
3.08377755172463	-0.12361208318975
9.04416440657683	-0.200970059801903
6.31197095112875	-0.152365828427842
11.2112603731312	-0.307610239593657
0.195920655431288	-0.0327781976533753
6.25350677473663	-0.165611943046561
12.1923855568467	-0.352242024275336
3.36709978502476	-0.12066540675945
8.50867271655299	-0.224650278723095
12.2232960500267	-0.286590052597021
11.0040770356158	-0.256742363570818
13.647100102864	-0.286437990911359
7.58615542844357	-0.290247915997372
13.7425638323196	-0.299406669619623
5.02361473641205	-0.149336677286724
2.85477298234613	-0.115041742490444
0.837372864871953	-0.0595787187039717
5.46047305767966	-0.15055917918469
6.20902446862148	-0.204848178701266
4.33954767226878	-0.115473710966739
3.33457201382738	-0.128939468254012
8.66922035885627	-0.221490502044761
13.8073630760511	-0.262278784076972
0.00588959214227991	-0.00491312042924779
13.8364587294827	-0.274168726402276
7.7721038133588	-0.201103816835028
10.0292223031851	-0.256018950099635
6.66584779485004	-0.190759187371168
11.3133708667447	-0.261140381825549
8.57866864909718	-0.188296081977624
3.66374854692291	-0.138704181379737
5.97720300370079	-0.187429746367653
2.69330958984962	-0.128965613250448
3.2144938811584	-0.131206008326808
6.80378092483233	-0.206192590514181
13.4744163491663	-0.274611972231254
18.4903973242421	-0.384358820734046
26.1418201341446	-0.406006998368626
24.4430098446044	-0.377363280786589
5.69301281898339	-0.200436988081343
3.89179083500252	-0.14685143526851
4.90492857792772	-0.179152468008333
2.04701360306754	-0.0849483132262541
3.76744756736968	-0.135983563652545
14.7590973422326	-0.287184218718716
17.7826557270432	-0.378710088839898
2.17120692924972	-0.0892365791561429
7.62638169264272	-0.198004941363483
4.00382467024769	-0.13116256677629
6.5786022156569	-0.177013285062045
14.8214815113237	-0.270068983454649
2.10650435893909	-0.0917547627447878
3.11752970449637	-0.0899981133982685
12.1771978738971	-0.23401053614847
3.65408660795807	-0.135935894623675
4.80376114489674	-0.149337885577992
9.93661081808303	-0.168886758339324
5.91537071008145	-0.178463911691693
6.07002612987845	-0.170513887971245
18.3450619403475	-0.39043656952679
12.3416667788746	-0.269274033202231
3.21420050296261	-0.131006220700348
4.49283171282182	-0.14265956001475
1.73187554804215	-0.103298507635618
8.22151578958313	-0.211094894255753
12.2195307019065	-0.248009078531301
10.9303734637502	-0.255675999454568
6.9551410539304	-0.211927018495066
3.14381721971847	-0.144584860886343
2.38927463576985	-0.102837620535
13.8925537457822	-0.309467853294105
21.257497401552	-0.370429727335562
5.43848791808595	-0.15594714284716
4.27815603010932	-0.121042573852276
10.4559464807207	-0.283268784469332
15.7812329503967	-0.292810947115866
5.11455793344372	-0.169697068632367
14.8577234480452	-0.339533352685948
0.00310545281409567	0.00365515012291308
3.50219213899977	-0.104501494879403
5.7301960308283	-0.196770464114953
2.5816185779423	-0.0982610862704981
10.5514607307146	-0.254668670459245
4.65945454265653	-0.156868976377251
7.60643693040733	-0.204946987915217
6.82905774516424	-0.165788631215607
8.17478960099937	-0.219105131522384
7.96943311084532	-0.217624116001399
5.37820133864026	-0.161743853191259
11.2507038061413	-0.284055968795831
9.8118286135982	-0.247990201969497
14.9303309454957	-0.300527790709798
18.0807655397259	-0.356407601615453
8.63778091693295	-0.295329973390377
1.12338932200313	-0.0643739251607146
1.25747490472833	-0.0739284745068924
2.16765964922367	-0.0919726905539078
7.37539741802187	-0.209573800017434
9.93384603152437	-0.257518171142872
1.66100309117811	-0.0897067821326053
6.93341061160612	-0.176438572463973
2.7085918077812	-0.11994515471812
3.6148534863093	-0.139797279607688
9.24179609110975	-0.222563837657326
6.85656702037156	-0.191172385128531
5.15622289377392	-0.161238034156929
15.9023823806274	-0.330853854105265
18.6299322999392	-0.331144967452451
9.004436467176	-0.232228478529317
7.09560016598184	-0.181695669587015
15.5159692956857	-0.28598603402485
1.01003514293116	-0.0720805837205458
4.67383724313647	-0.135291431036194
5.70809271173078	-0.143362191603389
12.8435338805182	-0.263770404201045
4.17682241442811	-0.13144649087469
3.88457504771571	-0.140738555474574
12.8080734672638	-0.404395424029336
4.75445186285754	-0.171757954288618
16.3220344283692	-0.316162688217799
3.2999695653595	-0.124548777155111
6.88641658693165	-0.186315105390734
18.3885446623357	-0.352135023356151
10.0089516904419	-0.210580073940935
12.9618925450015	-0.289600331481647
4.33916816824832	-0.132722377971812
3.85240192566961	-0.116058007585478
10.5539222985139	-0.161059951824353
5.7709670374987	-0.193803895337147
0.791939033497433	-0.055468634152522
4.17290927673064	-0.135582943488901
4.41097199193742	-0.189406189422989
5.36058300609643	-0.164373223034396
1.24564824290433	-0.0683099405851622
12.6886711705623	-0.234773569896773
17.9712254714914	-0.314903436093538
10.5828769912614	-0.267150998893062
9.43163181387516	-0.23044690943684
10.902367518404	-0.21827943921748
16.7085615123476	-0.309813764075541
5.58187167218595	-0.192196241250229
9.16414474100772	-0.232002272975054
9.95145753899343	-0.238794961755462
9.82108182620156	-0.215456304637899
2.41748204699806	-0.115558990124927
10.7593064564934	-0.290686473194725
17.0439546133094	-0.33806727058811
5.94037391659518	-0.153542549890552
10.1005375835143	-0.246987545010669
6.24711467321872	-0.175007530270563
6.72233197353037	-0.185017872627172
4.24113732255736	-0.155174053160159
8.87482646784315	-0.232418220534923
3.0020009427398	-0.0945745031069181
2.82636643482741	-0.095877347931047
1.86050061621977	-0.109620640697203
10.6396244523694	-0.274900431403774
6.41555971520054	-0.215257758612024
6.99196269605069	-0.198489789485797
3.39265872249704	-0.120880125283088
13.7983628432202	-0.257613988483119
1.68518212506555	-0.088687202377491
4.34199222872182	-0.14086415726016
7.5127167270696	-0.197268210278974
8.43660527000709	-0.207967935501395
5.86814471411743	-0.204471371264343
16.6036314621929	-0.324332286555521
14.4156444579456	-0.312667721704446
7.82462526728766	-0.181469460180195
7.56400298715996	-0.240209388789442
9.27254629646609	-0.249246261123528
0.789505757401677	-0.0656668397847361
7.21792247997223	-0.197294751687186
14.1879681669665	-0.248357501980221
4.51550993130349	-0.143590081986833
8.75342785440011	-0.197497197702452
3.99798829510745	-0.120217295901076
11.0727171040618	-0.20599481809697
11.6942920900739	-0.245941570022962
17.0459758403758	-0.316956825754444
8.71766373924671	-0.21112025150666
9.14151009984247	-0.21788776977682
13.8794856291795	-0.296361915239534
5.20368468584585	-0.160570056607683
8.44196813809378	-0.210736854774925
11.98044566603	-0.252559721567938
10.7355367462194	-0.29267218793467
3.61959519176827	-0.140583229351585
5.76496727237756	-0.156397163082735
5.11126562132661	-0.155895066846691
4.22564187676256	-0.136430601653009
8.49554411114552	-0.24383321038416
3.30301638450466	-0.134688138874359
12.9720449315803	-0.345488750670237
9.98231794098197	-0.296893967413925
23.294017828158	-0.359193158500431
3.67766275764001	-0.138811600965528
3.13204414756223	-0.131621118434454
5.62990364533625	-0.175873742896896
9.10014742118459	-0.21806872272994
12.8574976991689	-0.290350843193455
1.77573023541009	-0.118304220585781
9.66367155732949	-0.194490630883404
2.14437819751979	-0.0969720807122833
30.4314643595022	-0.431179970695516
4.41076605692178	-0.156355119760278
8.07898393549679	-0.204392050564759
5.08799045868506	-0.165840668429164
7.67808059527313	-0.18759279977341
14.620066269278	-0.406691812850636
1.63963818540852	-0.0755170694607761
8.92983282632103	-0.244815410920184
9.23784441897875	-0.189335559116232
7.12366484389501	-0.215487736041201
4.79974794632483	-0.160222983735691
5.54461586498342	-0.157060006820986
10.9480388585358	-0.243142650561817
1.59845993563848	-0.0731636769978706
7.76840295680929	-0.224151337313138
1.53624995044043	-0.0789774977916323
9.1580672187252	-0.289367137442891
12.5718605876561	-0.272172756265784
0.000285742573175024	-0.00106102683471963
8.56202885415158	-0.202515914752848
10.3946170912798	-0.195337210251141
11.1446285853743	-0.183625491319107
11.1500294366279	-0.254802601166125
16.4895934092202	-0.348402600296445
6.21501123170772	-0.156934789307656
6.81143668241528	-0.179035363051564
10.3035465800801	-0.20828926198348
6.7207492005876	-0.172553092267674
6.53185612352066	-0.159215515525186
3.00291971039641	-0.112363616923641
10.844369926751	-0.229918333320866
4.50138136040529	-0.154513913751278
6.37730180444339	-0.183274009409935
13.5802209077751	-0.313478410536476
6.16933558632364	-0.137728292615518
5.95721769649751	-0.161388153611064
10.4290741101025	-0.261430570355158
12.390432605804	-0.283607179413766
3.75066320338109	-0.136084500772166
1.63090558502865	-0.0907534952771423
11.1294833160144	-0.280523125538785
4.4777753156365	-0.147720321517683
10.8019445554806	-0.24247987578632
7.3690612332703	-0.18618513007422
4.24161958050921	-0.144547319518568
8.36760859591392	-0.195348363461324
5.72534488525278	-0.166285765126373
14.7495949830491	-0.320970168554414
3.76922651688535	-0.14409497993127
4.27414560173712	-0.176189352791569
9.5963242800089	-0.212659817791717
9.56656080458892	-0.233333690673102
9.28136624536326	-0.249723834216135
7.81408077491366	-0.174595015052358
6.77527792595811	-0.174658851334524
1.69155141419665	-0.0861951508726062
4.16492868536028	-0.147800252032876
8.69716339273276	-0.269702261446192
5.85905459406393	-0.182551402984615
0.143505467450478	-0.0247114037709459
9.58066941980168	-0.256565423183683
1.31915898927718	-0.0853923023113127
1.60761845999521	-0.0709992480080202
8.94796397883735	-0.212361621275364
9.26848684715322	-0.287011576933507
11.9121537996617	-0.232788455345537
3.44044607924919	-0.127935225158464
8.68318272369488	-0.201415924185815
12.962722541108	-0.291364254235428
3.81172140577663	-0.126554141732876
8.18787445005704	-0.226625069535949
3.65516299502889	-0.155649946932621
4.56829640049923	-0.147911111197605
3.6930508701675	-0.154141426024975
11.9431711362296	-0.294614105681385
1.43005434120813	-0.0842324702673149
8.06601587893824	-0.182467599420364
16.3728820011567	-0.345600703487905
3.26850016905932	-0.126099139273422
1.9057328052891	-0.0836384253786885
8.8486086452406	-0.216891794746459
13.0825896703143	-0.282416259335654
10.3571996461633	-0.256920680256923
3.91632174805484	-0.151832211016652
19.1987350898843	-0.310315584337333
8.91410597017868	-0.222788420662161
14.0130321999369	-0.267807494743326
7.5955612872919	-0.205776951033732
18.2723575005819	-0.40360378948662
17.4856696521085	-0.378340667186648
9.71897657361288	-0.192258637595854
2.42121382284362	-0.111029185063342
3.37520064017713	-0.119965653343425
16.282444628665	-0.332249935955071
5.45963288503235	-0.171452104246898
14.0255250941361	-0.311851029833238
0.760794748734299	-0.0583344484589875
1.03526033696496	-0.0644349771229691
3.26809475706638	-0.130555931765881
4.47957307388656	-0.147485958959811
4.23967710804504	-0.145489147212289
11.7141663170334	-0.235662627915239
9.15852423261614	-0.293059544217145
4.63963352735018	-0.154452369036652
0.175130313646775	0.0259410089821191
11.824265638664	-0.222629756952534
6.56816803772767	-0.242303633862876
1.31526275759947	-0.0992210048792382
17.9428528069992	-0.344274951403118
7.05336516843623	-0.205433367028937
10.4612419170767	-0.263865094184494
7.19041737504169	-0.191659970914392
1.66520029410515	-0.0999950663954366
3.18460306960384	-0.120409898228002
14.6109582156089	-0.277004563601313
1.47508166947925	-0.0905631932949489
14.0801947245056	-0.234499680127899
13.4525164267023	-0.285032895690415
2.32873236172459	-0.122467572237327
4.55704476992524	-0.126206417200327
2.66400134674686	-0.10244056144426
4.98026550028001	-0.142301263580464
7.61567958598774	-0.196235517474304
13.4807382680235	-0.268853039107189
5.30381536331874	-0.181494511332696
12.5921824877007	-0.351313422948964
9.64750238114213	-0.180312489731873
8.22882577417045	-0.225469264982151
9.4585603008207	-0.232678152250569
16.543290835509	-0.292988249651668
7.31820902918474	-0.188234214760676
2.4843254752754	-0.124313214461401
5.85204023764248	-0.186843907226042
7.10208503375555	-0.220008871497006
8.58208458254104	-0.230675444952604
9.07671863047175	-0.237107474253101
10.3425116540657	-0.247326889931751
5.66464319878233	-0.143747306233248
5.79007272215954	-0.152228251883044
6.38505967481738	-0.219748783886982
4.28538940296936	-0.166999101558298
1.52578447401661	-0.0694889731027974
11.1677904731525	-0.240802667964734
1.65494896065816	-0.0709706209210813
2.69244719333176	-0.10450800597523
2.53118965981824	-0.116143052955062
2.34299021397346	-0.101978211762328
21.4494631667701	-0.404512272296739
3.17404296696844	-0.129868367295718
6.49817610596138	-0.15853582010525
7.12417172981726	-0.166182583173755
9.41886946348206	-0.195841444691086
6.20364020400644	-0.185072770222803
21.1898997221382	-0.40152187585122
8.68611865778674	-0.225431370370634
12.5159523090124	-0.291335806654862
7.33003001816961	-0.254312217247694
4.52276537478328	-0.139045828715579
11.7638495902465	-0.241118183446821
6.60496416387697	-0.219123161151417
4.18309364769927	-0.162259648289724
13.8149646163195	-0.292893408666013
9.02274536494632	-0.275726273279835
21.2410184187017	-0.428273101562475
11.5618517824645	-0.235166975205384
9.08152449271677	-0.269962299067624
12.2561632979181	-0.308843394583341
1.71367583131828	-0.0737738926752851
10.1784087251596	-0.219187269028764
1.02121436866373	-0.0610273031529565
5.56835985389759	-0.18055821360658
1.60488798093682	-0.0834263094261419
5.36702273120547	-0.139282800848339
0.996721985808306	-0.0687279197035372
5.63182583350149	-0.185275708021804
0.809118271159433	-0.071809337979229
7.37043961192545	-0.157745977036916
7.07129745035707	-0.220663074288244
1.16153695328328	-0.0695760693738988
13.6833990141572	-0.318091810491608
11.1914888168667	-0.242324401748959
8.95286337109082	-0.228189754353775
10.8375056712693	-0.21064736329784
8.08970240913403	-0.216181379945163
7.33064769473101	-0.206854722616771
14.6120674440617	-0.274327583097162
1.80558819313685	-0.104991343034341
10.989270014434	-0.226752987670953
19.5029520341278	-0.330158652189427
9.4095794927835	-0.191469347696833
7.63520188404335	-0.194622366192992
9.90100644518552	-0.255616586876721
4.85236734756291	-0.168825471563293
5.07045601638314	-0.151210180169964
17.7226897841223	-0.282031401222798
4.36219800658237	-0.168733937448158
10.4715006955718	-0.201796134631894
5.78598634265622	-0.169539941372621
0.965345689271125	-0.0710294039361866
2.00539384348034	-0.101473434838461
10.6453752166936	-0.241891082817905
6.78646798251538	-0.162032745835641
13.0141232206355	-0.253472400135615
7.58862162307656	-0.250211660041763
5.71365468788078	-0.180376382283248
9.67933045669984	-0.24023378778554
7.42040574499445	-0.237279991385888
2.17703476068525	-0.106360289359468
10.3109830451147	-0.243954107094706
17.5033226815198	-0.325016800646234
18.9762341079079	-0.312109067987786
14.3774833047151	-0.323426186647862
13.4640157644787	-0.293493195216913
5.81744974928822	-0.151507166994066
9.33566436806733	-0.202175328407616
11.7342837241991	-0.257502687974366
25.2014558405479	-0.420199180980425
8.92233283658839	-0.230879769133989
12.4525355065698	-0.235493281994042
18.5968213700905	-0.307934176793089
3.77263053548369	-0.127003996623572
13.9980995222684	-0.331363985859121
7.76781621818124	-0.230204930231088
7.27044712802886	-0.176602828206492
8.17609691962352	-0.20231168212686
13.294391146783	-0.2996638420092
9.17245534566093	-0.251872933653854
7.55027711644547	-0.184127825674459
5.24533459491484	-0.160196160427922
11.7435067007846	-0.228173283813796
15.5532127124898	-0.291911774229291
5.94651229846511	-0.205284385051824
0.0265139733807634	0.00972554328724778
5.93859812620979	-0.179569908653322
13.8790524911794	-0.30850298890405
15.8729915009004	-0.274305776701618
1.93686672163339	-0.0849741856443763
6.23772120124255	-0.180598537706231
12.0404144890658	-0.257094254711008
12.5071237324501	-0.264368086269143
8.30112096044258	-0.221205429288548
12.5468728923594	-0.248261393298491
12.0884522222823	-0.340303078154522
14.2545706208818	-0.341564392934346
21.2587695178631	-0.414966319777035
9.4231873982869	-0.20741385546849
0.391492128306859	-0.0405031236698053
21.9852815840858	-0.442472506854914
16.0230040047722	-0.279641812703694
8.3840041405768	-0.228727416650015
2.73364842721325	-0.125278976841679
6.39599572938862	-0.176872542245156
2.5460176560759	-0.113182742094846
6.90994560233016	-0.217757363226328
13.8346288260276	-0.236468744759842
6.66243773233591	-0.175097169932372
4.29647077983362	-0.148636672879221
16.2655726113681	-0.312933100230401
2.78427343893124	-0.0934920233155875
8.35934297839069	-0.184273727367917
1.13353270661057	-0.0704285677417049
6.78432392844833	-0.174774953433384
1.70667746217082	-0.122062458571432
6.02108650106625	-0.185466282110924
19.1293452075119	-0.396168906967901
8.83360201756997	-0.254631014645014
9.08968988931101	-0.189271823696877
3.21650848464641	-0.126432745600999
13.7318905703107	-0.26518336857841
9.74532280839454	-0.286143150648341
6.75195823971716	-0.169227978032585
6.15597508862767	-0.170399262827348
2.79732321883598	-0.116167129370324
10.1733466825605	-0.216836325851579
17.6243146929172	-0.380338996100292
5.92805844268377	-0.152787078161063
5.95160635835977	-0.152681704152669
11.3939337017912	-0.24732727679342
15.1515169890735	-0.270650521705728
6.42002156913521	-0.199577399399035
13.0341632184132	-0.287024562524598
2.76271586272539	-0.111497774776153
2.17207166806035	-0.0920565300629478
17.8823664041777	-0.357153796710457
7.34945144947479	-0.202394311909128
5.69102215818554	-0.161530199018074
10.0472269382974	-0.185561670455193
2.9434413558296	-0.115656172653343
13.2642468203971	-0.318728737335976
1.04718446982274	-0.0676265015003052
13.3797035526992	-0.292375823736203
8.38291564752999	-0.206841250554608
1.51893156388892	-0.0888606387335439
3.01217678203809	-0.0969408468445532
0.0261505831301287	0.0112751705337031
8.44917012881016	-0.192685344386699
14.4558135832915	-0.278616957861359
2.59026761258946	-0.106554448839452
11.2265130421803	-0.322233518821852
8.63212486223093	-0.209628283810391
3.2681455862515	-0.142684989104889
5.48261022381236	-0.164506854961776
13.0231835617982	-0.257173432878123
12.6046829935655	-0.251276523198772
25.9181740552476	-0.405867001107422
13.9136918501206	-0.234463628847837
8.91439248418945	-0.233672546428932
14.1157997294263	-0.280461584051033
10.5361128862344	-0.247129430955321
4.94896655892206	-0.156065401787616
9.17186597659801	-0.267672055275329
2.31115920441692	-0.113435691469951
9.03797221430441	-0.263254109421413
9.01382594170383	-0.254056697067718
4.79921210124522	-0.146588267590312
9.34551092206739	-0.199530795622869
5.58285322292441	-0.205169657707431
4.11052533177216	-0.154199504325118
3.30240867370961	-0.117460234254144
3.54523710628821	-0.128213196755439
10.3574769539572	-0.224018219881333
7.66061409280332	-0.205412631524076
14.3564819209458	-0.30413382745444
10.6719090895441	-0.24285825693729
12.6191061951839	-0.229997413043173
4.64787622455899	-0.125765528919253
0.0728302779192002	0.0204844549856975
3.59329040814946	-0.123360875025543
7.16228723796783	-0.191494517026458
11.8109167134096	-0.243060135029031
