R^2	beta
0.188422599623746	-0.13089758682631
3.5938555639716	0.60526987461338
0.0409298920390663	-0.060987899273811
5.84830139193342	0.788977439032954
5.30836739177836	0.613047531144421
7.04994887893631	0.749680219136336
0.959183111913353	0.284101816449797
5.20285129948245	0.660065984547885
6.02102343318498	0.773462009445563
0.545491069936408	-0.24608217685282
0.00491687056033235	0.0231870234324711
0.0395746562798211	-0.073204256597008
0.000465455666007416	0.00638595519806109
1.92386270642166	0.366626374974663
4.11960240371876	0.634253537696197
0.148907657141606	-0.105353732454888
0.0475608406804583	-0.0648846867637455
4.19167387259436	0.626278013515531
1.80703978427209	0.416467615577485
0.351536371308613	0.158246107313782
2.62795440009198	0.505734501281954
3.79303498451342	0.661457475581835
0.0701980389027105	-0.0706985054573614
1.7028301946735	0.384585238739881
2.59975858198273	0.409565274459055
1.80736324853006	0.385928161418771
1.50079932703245	0.342137437900078
2.70013787666643	0.468267158069939
0.90614018056062	-0.288151473180711
4.01784503707313	0.675869550592761
3.4600547635724	0.512915583712163
13.8858539933786	1.0880051305733
1.97118238681086	0.470699133913807
0.273722286857835	0.172835377436391
0.104260876576563	0.0729710711683948
0.518978938618873	0.223012815720826
0.0178168077074434	0.0333138359189613
4.2534604161046	0.676807641222419
2.81519594067753	0.5036283354458
5.01165326063172	0.691547689819218
4.86617497488042	-0.649324022699663
1.545469395903	0.374031410891374
0.133032777931829	0.11373846490998
3.73434832120446	0.523314693694648
2.90821332948569	0.54287912999397
1.0461995191906	0.309706657568395
3.89456856376002	0.50275252280107
1.96852946935815	0.394641489438721
9.99753961409281	0.999676041014822
1.41634280243431	0.393513274983331
0.551922253413288	0.247612137615196
3.46532439778636	0.554215733519769
1.15974266734281	0.337687034414653
10.5036010784166	0.934051196062448
2.27918601399101	0.347194959753205
9.14092462394656	1.1170510524385
3.81169765196556	0.558320717088862
0.282933371854214	0.176854059446274
2.55404273219135	0.406693258402245
6.58475183328363	0.755059812669108
0.00106850898043991	-0.00974789961045917
0.459731815627832	0.171676019349314
1.52925756595024	0.415350178912203
0.144355141653709	0.0927095564385956
0.441974808710268	0.198238505240054
0.466753598154248	0.221686119618704
0.0715239905020229	0.0827314590317974
0.120103706883491	0.102146987031946
0.355624311405533	0.181116296602931
3.03768945399533	0.528697851349111
12.8085551770103	0.905395386551793
1.64905330099004	0.463923201210757
1.13884799728903	0.325789483878674
8.61567727771249	1.15274300256663
0.0405176168540562	-0.0707235506036953
5.04704894783857	0.72863225720583
1.3142222330543	0.358776994113724
2.43263934244742	0.446402440017698
0.000955028136574219	0.0112495903280578
2.3432758583932	0.482623007834861
2.94943912844243	0.430169536095749
1.09192034400197	0.293480808169454
0.058476709000896	0.0723009947753675
0.0501473089515818	0.0679532187359806
3.74234019079674	0.552518684841455
1.44001957948721	0.338978528184116
0.795175900625389	0.253490912961045
1.0637899481288	0.301925567337281
8.97094048684628	1.05355050882965
6.40858763735214	0.798829033185635
2.74871661283284	0.450371068297913
1.32138284803669	0.309748772090869
3.18937885266507	0.564589196535515
1.24614942884071	0.340929476706631
2.00702101023802	0.467120238510371
0.507567517550377	0.205282242378932
0.0998587236538253	0.106243338468893
0.732110802618798	-0.236153260435802
3.15052754774503	0.51428447356633
0.135008817865338	0.106004215581757
5.16716573405813	0.768467516170361
1.83096103828219	0.417090962423842
0.116525656140033	0.0820357563378555
2.98152322100175	0.511384662045704
1.41856517719268	0.315673505522284
1.62254260215245	0.36399641981903
2.3963915090272	0.38815975206624
1.72024979665745	0.378286356228356
4.60092593529772	0.566017982383501
1.88491909341705	0.511378586908759
2.38119286825458	0.453859948876946
0.351863936197959	0.165603620524401
4.38408783750264	0.734390645870977
3.7031109797147	0.580925172448472
0.143867477780446	0.127779393530122
0.573538756274357	0.217562078747785
2.34977657218349	0.518120084223282
6.46237071364497	0.641134043317661
1.73642924099895	0.378747789135639
8.98452276043443	0.87887848242627
1.23344474387313	-0.308056627983928
0.773870788555484	0.286911028647929
0.0441606586020378	0.0606553347893302
9.22508965448947	0.959743312257647
4.82441550916038	0.796857832946705
3.06937165290917	0.531861540404152
2.07479027055695	0.414340052914189
0.900569321692097	0.355422551945779
7.61045982289585	0.851648232879847
2.21348683265132	0.434458278129416
0.994644097210523	0.335906010782377
0.781965571004682	-0.267217676046147
0.504589968690536	0.202616148074121
2.39432530906241	0.504601587340854
1.25805129124288	0.345342149531187
0.241393663322801	0.163410950898084
7.55925019686006	0.808149562070604
1.50400549929137	0.372719256121274
4.19325935045964	0.584104725560669
0.442260499075679	0.245959767622894
0.194501060631333	-0.125445673129566
0.636866969616253	0.228662895370089
3.2700623090937	0.58883249344416
0.111692247386065	0.0877325475996993
0.310210282535271	-0.154392496473944
0.735806077657184	0.226321963561799
10.0553397348431	0.968186549320415
1.24794193912719	0.300848151533281
2.28231943746171	0.575573103219856
0.503280309784327	0.189763613030015
0.372947353023654	0.15193476047457
10.564888635224	0.915548225333095
0.00568838522017529	-0.0258808720737337
1.9176787919339	0.432168818753318
0.124630179649634	0.114815108790789
8.05122383222046	0.765493934359186
2.75676279576018	0.557049269591392
0.623123950969563	-0.222015670613572
0.47315513030396	0.238126078903963
3.77562046029815	0.534288254729383
4.13402012222572	0.688134459752505
1.73490159472321	0.410523223445243
0.308856733728013	-0.14712334520283
1.32479691455431	0.294933199643954
2.84283301877248	0.508347198179338
1.09521320211512	0.380963850811169
3.28267840886166	0.529059972136091
0.419822003884885	0.157860775162402
2.54519139611729	0.421635800956015
0.199832801846304	0.137023181373218
0.728902673292768	0.241220608782152
4.2595339231758	0.625998400774074
0.14545913072695	0.123441520989184
1.08320423896804	0.288387907934551
2.30739923287879	0.403166820356747
5.70429896543535	0.852923804348137
1.81305683400626	0.367929300003228
15.6918300245315	0.980090486959786
1.57291298914497	0.509370929826129
1.928391886857	0.443813189772405
2.59692869577113	0.449113317267955
4.00784859030702	0.609830092648795
0.000563766654068852	0.00804491119092132
2.54879334666909	0.498330192063621
0.154376204377519	0.131796695616778
0.469512512304348	0.218691194321292
1.15473562981311	0.316267655897058
0.575511528986956	0.231889166267072
0.510440593499872	0.259927290421617
2.96333845637125	0.437570507345754
1.50979964799181	0.34620755133686
0.938028033885865	0.291538065786611
0.278576847923923	0.163867742712749
2.04736921837046	0.464626478786784
4.04872408940247	0.528511519766128
0.0874870936916047	0.09082192181602
2.87610829963125	0.557346849447013
3.79102149951726	0.586105481197837
0.145072764375311	-0.109527710017035
0.644864512211485	0.255431215567859
0.000335497387065618	-0.00471194288899515
0.416382116837848	-0.193758569589312
1.89774630059882	0.417419071776698
7.59420320578545	1.00068198026767
0.00569015202715545	-0.019387741028451
4.08348413206618	0.554380648548018
1.48930386107444	0.378499285103993
9.11286013682505	1.01021130895475
1.90163279574731	0.418399776026656
2.47330824843643	0.568746480798964
0.882414812667029	0.356780247845268
1.02233075884187	0.357432386323744
0.0436223298965469	-0.0631297361064443
9.48111472519396	1.04538729298069
7.59753281399027	0.950787281791854
0.0802165561490005	-0.0848394512871683
0.873328134484	-0.227467805889835
0.110901463066178	0.0866593710755176
2.98456277376748	0.515975921508778
4.40787167032237	0.692343603528939
3.29464912937759	0.582199708436595
1.66019765460122	0.414865238474278
0.864291197879234	0.207869860064417
4.73331937383228	0.565556160069368
1.83163022489449	0.414793465894522
0.0283240268302624	0.0588540592427056
0.632385603952533	0.214319633237058
2.25143982440347	0.469822731002827
0.151448654426637	-0.106264922208669
0.564876295195709	0.238982201655772
4.26728015580594	0.486745952819604
0.0399187040185652	-0.0642483020378026
3.41588101312505	0.475868904521625
10.9155842509377	1.12058665758883
1.35942042251672	0.328202868782724
0.000636238562370143	-0.00641941561576032
5.67913802060894	0.783927863874299
0.216452886354455	0.140195349971665
0.584438955535623	0.220252471807646
0.205122857983426	0.151269532231421
0.162083866949337	0.104524045240347
1.01719716544721	0.31903080044049
3.88510745066228	0.546414540968327
4.70771308547521	0.644869258860838
1.77200384291485	0.386658546164004
0.703904714748687	0.236754006114833
1.31866022510665	0.294054742805192
1.01932536011147	0.309838401021316
0.21942704201011	-0.147308985383541
3.96232213683715	0.542523552454819
0.0254567740940693	-0.0500897938812606
0.941895804081829	0.276086294016812
6.21462339894987	0.616383093554922
2.06711641830767	0.372337077146798
0.908748966353175	0.298165218733969
0.0170870620026308	-0.0368199913657232
2.19387387146444	0.452927145355055
18.304692657484	1.50573000489601
5.99634413534538	0.672258162392376
0.134921415507572	0.111009509355808
0.0827120823371184	0.0858341174576115
2.0371121329533	0.4114436940345
0.300547023495521	0.171687483173835
0.00719802501787539	0.0233320157602224
1.25170567094934	0.298819266761703
1.98805188729717	0.442929074722272
0.582593533429268	0.219566365469578
2.23365031323096	0.530409336879745
6.78894571642055	0.768652693491103
0.028870826978586	-0.0626862701517343
2.57489579903959	0.665381047542713
1.37190846816377	0.287851495943183
1.37964665160896	0.395000830915258
0.0102845159834941	0.0285682055171623
4.02490005077135	0.675843036752359
0.0303391410444229	0.0551093663377529
0.00573784055225427	0.0242212107663019
1.49971204786422	0.326240818180884
1.04901052808765	0.346083444330356
0.296254591638946	-0.14757338554388
0.344591148424696	0.206146467586343
0.873237331448814	0.323327136099416
0.578553034220999	0.168613986733779
0.804691683218393	0.237294107550617
5.39108256835387	0.535740002343278
3.39673283848431	0.533828708739482
0.357276833076186	0.165699574062605
0.574597341830665	0.231845813148445
0.59660603894757	0.236241332392156
4.50293849797206	0.565905535165687
0.87479728182024	0.320114746498477
0.0835058594792047	0.093009956196482
0.4810316938141	0.230694711327966
0.129720303661332	-0.117595334749858
0.599651406479835	0.219300250718668
3.30490121760841	0.603860460124681
1.75657495270713	0.383840201401159
0.500560011786484	0.190173804158033
4.47348907801608	0.555715743830091
4.16601566152036	0.565650736438146
0.0481833982656355	-0.0557045074532779
1.15233498776378	0.30401134474378
1.81568043910841	0.431288339186072
0.0366647719740646	0.0730600407736343
0.151867430732444	-0.125543703325147
2.14947782788947	0.451425044175988
1.7335187032291	0.436980915438432
1.51223324252466	0.364957713393737
3.16650309990384	0.552565134559816
5.19199007498937	0.754178913862269
1.71837154815541	0.396093657815127
0.405620407339508	0.179281323771154
1.83891052561259	0.443904192739147
2.6544699127477	0.438040475360883
0.109195056041378	0.100876237416331
0.363470003250712	0.172758598303142
2.67272879547721	0.451302328674993
0.693379964478377	0.281561142321007
4.36708750161538	0.626427377959311
3.71164529266084	0.592506858163867
5.02629043950092	0.601282563580992
0.550271678248451	0.269181694246635
1.8695253207846	0.432695742324227
0.40652871680185	0.183045938850498
1.90238583778903	0.506716601364202
2.64289515770599	0.481436079127662
0.711838488253426	0.297674861314556
2.17496535353668	0.44999173048938
2.17071459550275	0.550253535905537
5.63172890691085	0.733319209012035
1.38981681408126	0.315634739898522
5.84566986230475	0.807228018283391
0.0465413571819411	0.0631438149871389
3.40313669239439	0.697075806091787
11.6776488500153	1.02464996787683
6.92787328944322	0.791804170543968
0.045255848875175	-0.0617609466130169
1.74170629449253	0.336238010701287
0.473767501644483	0.228008398530072
0.437858749351098	0.203323837603297
0.0247946100119866	-0.0458657010869773
1.02563135255663	0.325203558775455
0.0127186207218789	-0.0347348742353252
1.06663429095675	0.262578796013518
2.32663792675879	0.395015116935667
0.207619603184385	0.152533703973483
0.351198527452889	0.197129956630773
0.166373764937482	0.126861304195797
6.65515282809622	0.763576202090331
0.222994681266625	-0.129580682049853
0.917091315375786	0.241319227603976
0.0399714185487337	0.058527420944281
2.96520177246199	0.48946124080381
0.0683438358364816	-0.0796972678229447
3.45016292799079	0.482521520946572
1.82199257380284	0.356633557689291
5.59901477604706	0.611069948340185
0.39669151020416	0.178520975473563
2.5444776451389	0.402823570013537
0.0275735656240706	0.0465277630654782
3.88015314424632	0.568103423580699
3.97681665894268	0.650635872878465
11.2055687950945	0.995082760109282
0.407072786279578	0.191306849876687
2.47203978457673	0.457139819422096
5.84947675333014	0.830339855464961
1.68487237932857	0.375510204408352
1.58596464670925	0.390515678610077
0.00285259960708848	-0.0152403478015741
6.79301196949027	0.816181487857979
1.60719627216618	0.437111413577231
2.59328577657618	0.512715033346451
5.72448635262481	0.792196073973358
2.36881378418575	0.46578325397838
0.353031198587364	-0.205655068059696
2.75101264598911	0.423145590674421
0.0317827250085967	0.0490521554250244
9.05506199816754	1.05546953861893
4.37410877820133	0.567309208556991
4.80422469192603	0.668452895380556
0.205970991282588	0.129817610603977
1.42755207527881	0.344847513403267
2.76624918043677	0.509642798700403
2.19419840735637	0.467809619161125
9.8921818749504	0.926741299031387
0.157911635608323	0.118217118573197
3.30359122047053	0.461607338260159
1.75811371721904	0.334515681285778
0.000227969105338045	-0.00524175094590813
0.607954450759936	0.218640646368682
1.52422081669752	0.3871983365083
0.177888664987472	0.121284176451899
0.257388479614292	0.163160881430044
1.32181118732111	0.319291902199181
0.0023503385268637	-0.0130998009786654
0.295703824849136	-0.186369858773389
4.67755043629637	0.574695696337257
2.98237297327599	0.598251933057708
0.436603039748165	0.211294818860759
0.26977122189822	-0.167903762339559
6.0309855030477	0.636819308659948
2.67754219032497	0.482486259559798
1.08848770393519	0.338498536216628
0.00115365693474601	0.0119062661407339
4.20108882318114	0.618386143505351
0.787220995301519	0.291944945733572
0.867013451403255	0.335792408332943
1.85898084078779	0.377399197223629
0.565233468542882	0.265427138352925
3.21041134689381	0.545872066168678
2.33940773878641	0.343137821402897
0.0541211623595537	0.0642029323942754
0.138365577576337	-0.113834926581857
2.04252416279987	0.462786125796627
0.0692788251075048	0.0778836394084231
4.39727251575353	0.703108730483356
1.11430575593706	-0.34830948907609
9.84061307470189	0.908752313007038
5.2270576945532	0.771227841650715
3.01020605848675	-0.537415358820855
1.38953396631482	0.37538167245692
0.0716875689502103	0.0713453356038118
3.0317728010501	0.471191717074879
1.65527052573083	0.441022768947037
1.8076279817318	-0.446472187748467
0.0822101564763727	0.0813576118334074
0.00185657224307735	-0.0129972402140329
0.472095715639755	0.23747395428736
0.00382012817766951	-0.0234735634609571
13.1475842057763	1.08933482046143
4.11077284852475	0.675601766242028
8.60225701806263	0.868309843632402
0.951484002232679	0.278607903332095
2.35085841441898	0.499719060621422
0.0910780840226757	0.0880912815618051
1.03829412491629	0.339224874780068
7.07876125990684	0.866899531477936
2.20866845067263	0.439590476851463
4.41519489626565	0.723802679751652
2.16932541177135	0.497592793462424
0.0431410846018644	0.0580252733438537
16.0003694874398	1.14604389687229
10.357273414603	0.880542814205654
4.57152764549424	0.66385218860533
9.34383570702836	0.870857843274222
0.502941910822801	-0.17993421132032
4.74822531133856	0.531320240521841
2.39521559902609	0.495819593838329
1.53094476064208	0.428544550324305
0.678885775823637	0.225127172261521
0.951015244382516	0.288433211819412
0.247922886918401	-0.155471445467631
0.857328521053609	0.31593214255606
4.2203330228495	0.705131984711456
3.35304819829949	0.655992315645585
2.68782008050917	0.531405414452304
4.87300721812116	0.605354368372134
7.99121307227955	0.639592556641035
0.000462649358952792	-0.0062814829356139
3.87495395716076	0.668966128394329
0.684227608991939	0.281827506248784
2.48122762404267	0.418883930039411
4.6780904022505	0.662494609212143
11.7635569069055	1.07038370991114
9.54889669089798	0.942272658205075
0.808484492151644	-0.348468916091118
1.86179961635426	0.445524122627104
0.0062752861531057	-0.0225675733882834
8.03178185373421	0.816263605601415
1.97116836297439	0.404031322345739
1.83617588267795	0.417813155903632
3.13572832672754	0.455990098467541
5.96137925781561	0.77074305653357
2.43971339204221	0.475257007191546
6.41056839511872	0.821448222616258
1.61440896692048	0.338050771361481
5.8378340713626	0.662683814529181
1.06436976278814	0.356223198030118
1.1559132014281	0.406545494127495
1.61066056288075	0.397686983825272
5.1027129931442	0.755356369081549
6.09217231480669	0.785110373213295
0.00993454740080636	0.0307925583732079
0.193008945596823	0.171728437466602
7.30930442275588	0.783989659604886
0.104773142279036	0.0932634832847971
0.432515109989308	-0.203402031873164
1.73397796801438	0.388789556446331
1.96092582611132	0.405333305782962
0.463602315406132	0.191746500451863
1.69323760114116	0.437571987840558
2.86506545407666	0.480909284549534
0.141061623131274	0.114860615309198
3.0727740127988	0.626985589330786
0.594136761890842	0.216624147940265
5.197306671275	0.549965421590254
0.502529207784605	0.188635462702245
0.826731808813504	0.246856921564159
0.346568298988232	0.178814155904884
0.336093540639434	0.190818218804128
1.03526968341233	-0.296290886186427
0.84827589331184	0.218738553911487
1.39930025766664	0.443076539776026
0.0613115723572133	0.0768198507623889
11.6641466438773	0.981685630505578
0.425976079760355	-0.210162544533474
1.18607083194263	0.291940186400308
5.6715172432042	0.794341908975453
0.221919705353904	-0.138289268008437
5.85197255948653	0.753093610803959
2.42030787692878	0.416818758662139
4.53584081867927	0.683096637231891
4.06245023963783	0.659388983120643
2.06208752304765	0.33263525680258
6.04372330719584	0.739915847692299
6.25758502725163	0.785822635679365
5.95586804292973	0.904433344247621
1.86175543147309	0.342134134348593
1.97563461983095	0.41683048901464
2.82167929364075	0.454520437332019
0.625054804502913	0.257108247062936
0.0231651369045328	0.0478764497478584
0.502262936566138	0.211266353286474
5.79882621014812	0.720316340342346
0.671751682154401	0.210389059474263
1.26703540893488	0.290278161983085
4.9251624510703	0.637155866045191
1.82056001139927	-0.414444827409601
1.00807153959694	0.237145303621816
0.0375816564610215	0.0618402757754054
2.02176501556225	0.354019301848783
4.65136647144227	0.748908714931709
0.0880584274762917	-0.102343106723705
8.23784052894023	0.791053489921178
5.38932055863048	0.710248605214987
1.8917959829752	0.415933775946833
0.0526019460666779	0.0710050764270842
0.447623858864263	0.211665687488121
0.100384903152379	0.0972941159336624
1.11141815443214	0.350290935738777
0.907687569929691	0.314452472186459
2.21011186406945	0.455400481270433
2.04105140297854	0.45417656629338
0.357685909776073	0.134978736465848
3.9739702344324	0.667168389802613
2.0533578515495	0.486622138567145
3.71638388926293	0.529033004600492
2.92311889719851	0.519937009250066
0.0404200076176308	0.0622157037830162
0.0853635239709059	-0.094584186476665
1.13491528451915	0.284385755764367
3.42051109853351	0.574895372463075
4.72804863147139	0.554342444137202
2.36172188244466	0.508348214901193
0.345352049792687	0.156959002108882
0.503363004408579	-0.193092296405163
2.88496444224296	0.485813285905182
2.23118762151868	-0.48332473002033
0.947532574735179	0.296663222322075
0.58313769742229	0.233467589747668
0.0757130208848244	0.0806768528617764
0.0514527886858126	0.0776345085490819
3.58734995149995	0.55005550980403
0.0426307623488067	-0.0678556709886282
0.00186608959085712	-0.0141707302422631
2.52567317155097	0.47590026648753
4.39643147404454	0.700899005447414
0.823432993015757	0.318767871099157
0.164055529780554	0.128175267920036
0.959126317598543	0.268796531330573
0.452017320762441	0.229135382497451
5.57912788445804	0.688212545388011
0.448650115850426	0.189875801017368
0.00055739284399415	0.00691995945196971
0.489121096271175	0.241574901321413
9.94450741608154	0.695112407412448
0.294130481561041	0.165447038307454
0.599852711674656	-0.234641290490546
5.76940735030119	0.653358690356348
0.0421477386291559	0.0517161868444918
6.83433313579579	0.885194727965182
5.00686431154202	0.770694721255343
0.345028185390455	-0.169778947583785
1.87183180276598	0.392468508787919
0.253035877208615	0.170970771775057
0.00662670241622293	0.0290145369874937
0.0550907795295197	0.0775909357431146
1.24052694384427	0.331785981105874
0.0616257586813453	0.0607102371504511
3.49324961612177	0.526993768720892
7.84134073232718	0.927897337104639
1.02600350553527	0.352213753397215
0.727935398872522	0.288110032385353
2.41791337077932	0.470459817661832
4.72716526642634	0.619650508719363
1.68757426701165	0.383625283999969
0.05551862746417	-0.0845013892566038
2.08248931469619	0.43869806162454
4.64897775708348	0.496542631638839
1.23589457157407	0.308309521575019
0.156869611296902	0.133525225451581
10.3476961848225	0.842668634361216
0.100251401479988	0.120031927208874
2.31575543623635	0.443874024546313
2.38133984627244	0.507653784540584
0.777966588432267	0.288826077941039
0.145596769339452	0.109299224827364
0.00652035480640075	0.0249854388112713
2.41281093148794	0.477175039001591
3.23573105172275	0.471061548171001
1.05814905431777	0.311982391350171
2.34904497575485	0.423967999053635
5.63239657690957	0.714253277717421
2.74798056863608	0.513373715246639
2.15594682268467	0.476289625726341
0.252705425610775	-0.15533270783047
0.0102602727812087	0.0415861808281161
0.00769934662097036	-0.0269263234186679
6.0520663278877	0.650357593094337
3.88765779872281	0.70908161885534
0.539913409878599	0.245818955453923
3.09587113141469	0.584930909011973
0.190497628976561	-0.123422053144511
4.88796540833038	0.859051979144336
1.25222771824312	0.275301776294189
4.24558020600557	0.585921813301794
0.299900811485969	-0.174613881646922
0.548076399081788	-0.239148791597921
0.00796816636696133	0.0275601303005132
1.26123921630396	0.340033157424538
0.366468370258604	0.165766901560675
0.467301732931509	0.220084673686171
0.0803243256160088	0.0747937077008184
0.241103068496391	-0.134265138133594
1.99106216067047	0.420867753452264
3.82129781378081	0.478254524055937
4.78004133060064	0.57293706412557
0.0493852281817335	0.0622116607720368
4.58919324637594	0.517991473477649
0.516583842922976	-0.232039636017306
0.574251882475969	0.228580238452462
7.70839151754059	0.93194665703356
4.51566259930982	0.667386458404574
2.25492831513092	0.36957107356293
4.67330941028558	0.498382861267868
2.57282145860338	0.60537947921475
7.06212781198591	0.927509444492055
2.36622781522788	0.469602280130184
0.028733851019693	0.0479590134214485
1.23036828002141	0.313895920054129
0.374774007291291	-0.186039012766509
4.62248319589373	0.630784034565285
3.07747257191321	0.534890307655085
3.05537021041645	0.527523042906156
1.21993141466797	-0.367591903527477
8.96423113424578	1.01934243256021
0.351441118728905	0.163357193789639
0.39200718755155	0.179682273014844
0.786588599529776	-0.267918706460353
2.0854048069477	0.400428389093526
1.88291157284324	0.375535381011825
0.664979868901989	0.290259834671754
0.456730522190571	0.242643322599113
6.11832618074935	0.908740137601808
1.10765720059834	0.382061412651789
2.45121874005412	0.429740563822865
0.570939038645188	0.222002544718144
0.597017727377938	0.205546685909816
1.93279058584555	0.499117644592335
0.228062405579169	0.13179626749469
0.268561142925523	0.1814951219318
9.28221903767276	1.17267703719893
3.19770191598366	0.547086373789906
1.464952907524	0.295648342906205
0.179248992609874	0.0949812089076388
0.346833075257499	0.186742436699643
0.539878383519005	0.210297123929692
0.55879493445147	-0.223768038329338
1.03617634787201	0.313318013471507
0.664851332302451	0.238341961177033
0.523498012472458	0.179785080466753
1.30911145012033	0.300899161360614
0.552790068959049	0.230967703635868
1.79857604336517	0.397177086043607
3.17754930837043	0.574603350345912
0.000278215313470366	-0.00534943213847414
1.61389114448516	0.339223081929479
0.0903216852585897	0.0870122067541947
1.2527761875849	0.318905323613874
6.31535862635571	0.594685160515428
5.85631300217797	0.778168471189385
2.72473499135721	0.468487720206021
1.96956344721888	0.347168864412772
0.0139233078943625	0.0360344471081242
1.50832815428087	0.404299421628366
3.22187947954824	0.672363454352355
6.86222271269121	0.974131184342408
0.0678288548643324	-0.0881365900024628
9.87428939728474	1.20255501370782
3.00003318147073	0.499467673030766
0.20450670070805	-0.114240948986767
1.71874402119553	0.472094875512539
4.51077084502251	0.713729847495253
2.58189944829513	0.441809432814813
1.58713580074475	0.362514300676725
4.67167975987585	0.532939321762956
0.116405716048451	0.0959209958796166
0.0920670790103963	-0.083512102963031
2.98746796396678	0.58926229184497
6.68637560794236	0.67199856171672
3.61397599491528	0.568506125581892
4.33753723677062	0.73591970800525
4.41937934959698	0.63529699669533
2.41325058306863	0.415440680885213
5.27530349764154	0.640269561973646
0.38108850696272	0.192311380207122
3.38169622736543	0.42751571193131
7.18725256830697	0.917750637787294
0.0607176074873434	0.0738741871367267
3.14380534640535	0.605284925997531
6.37608411233058	0.712491270402688
0.74118745538301	0.271067656550653
8.32479605307901	-0.961810146599337
13.7593991609413	1.19283844593637
5.95659551626059	0.666086881027675
0.23534008168091	0.154717074910787
5.9212570179787	0.76428631932803
0.67811746280948	0.250253088191978
3.1671664273364	0.519839125438599
0.189862045981537	0.131013175766898
3.96802356513544	0.603303221212664
4.09292554905211	0.627080712674975
0.868218341906467	0.253933200193747
0.339054006343778	-0.173287455143625
3.78819345034306	0.565143555075402
7.83985667043288	0.954091236335746
8.8689634629233	0.959430191110779
1.31766762580476	0.299912355240815
6.54359283623895	0.797919651452423
3.39058210272293	0.641098410446758
11.0840177869839	0.856425404867891
0.357948404802133	-0.188093125571876
6.55746722248077	0.665491866290171
0.060356337128069	0.0700312302400987
0.297024364756756	0.1649601838076
2.03774640382202	0.489029225080364
0.0150354190754461	-0.0394694186034391
1.96433004248723	0.385590530686306
0.86368723116472	0.27428507043577
2.99229769881845	0.552639998505327
3.37885232489926	0.52611314317192
2.83315285822238	0.502255268345561
0.848061213045001	0.2900129263634
1.329259858725	0.374861408149201
2.06962468922832	0.402470445226361
0.236911528446327	-0.138218196951762
2.32319399570916	0.508936261904749
1.16999761365704	0.297674218171581
7.0583002435854	0.766123100893325
14.7759340150677	0.987643959700921
4.01587007893308	0.566507094099434
0.192168413501168	0.142062235063231
0.220458433277075	0.123144219948216
1.09063459115743	0.299093032546189
0.553104881374808	0.193935077005681
0.922586493572535	0.346707574229435
0.811026947266311	0.272458288657236
2.6743073409549	0.445621040053645
0.034613938158024	-0.0523615640633116
0.0301423622417429	0.0592898715751705
1.53414380602622	0.3616838165482
3.51176428948689	0.493847342450701
5.62132475710436	0.785335903099072
0.427776247703256	-0.204029479913869
7.02833632076681	0.785094461925132
4.71384431408077	0.646828156495902
0.0356453403262621	-0.0557858285872587
3.45050680759277	0.522307560687241
3.35510200313631	0.608268964520058
2.21433967306378	0.444144037865128
2.52079027391021	0.545174161788905
2.2030525512683	0.517931581561235
0.917603159268959	0.271763562682236
7.17519033482118	0.654276190702263
5.67078547207384	0.793026792166855
0.189212037539069	-0.145145380277822
0.360709657652568	0.151308464047274
0.202248707195046	0.127825171681048
0.34843620314837	-0.198172540946564
0.518891689513879	0.194585673682763
2.313855541308	0.469378702364448
5.11358878717843	0.669016300861085
0.287508494995047	0.154547289307215
2.98243550367857	0.491656271916981
0.770748228793601	0.27621943258946
2.22756053143699	0.451198586995067
0.667967791880996	0.279412502634374
0.996884811265927	0.352576511754873
0.792853597921372	0.263152214221869
0.12065963447132	0.0982615018209751
1.20508852653711	0.351251858743065
4.99191303152779	0.770748254300872
3.94510422409479	0.645005419652859
3.00042448647575	0.569928141183398
4.89560349172028	0.664342343970782
17.853093632092	1.36564558162281
2.67088081316583	0.41822173849313
1.60184397568106	0.32402753528613
2.5562909659473	0.505377023335806
3.15477713810873	0.532629254983645
7.46836379884322	0.790398952279561
2.95869531449494	0.56022309176137
4.08729127850366	0.587833778808426
4.71613542835837	0.621623101232077
8.46908622396039	0.790702363931411
0.314446278170856	0.163259095308202
1.85671639902472	0.391914945031942
2.0302686448595	0.38632665762958
3.12486036026629	0.55993883543467
4.01206178126338	0.661517966447636
2.98155793094201	0.50202088941569
1.40656458101005	0.308297675993266
0.241413706704715	-0.154201214442117
0.252921818610848	0.149001128926957
4.731365220739	0.653606387057643
1.92319817906016	0.417860236556557
2.33000552342377	0.415126204174401
2.69814219713307	0.498558349411907
0.627689199047768	-0.219730495376012
0.51024313858101	0.238775791003736
2.0833163513536	0.451861136103177
2.8168196352115	0.533274164914616
7.43051453503694	0.766436858810457
0.332724282148523	0.169001526058215
0.00412381909479548	0.0208196186740416
10.8962710923695	0.949735871893557
1.09196718802202	0.298336684983094
0.00537338154092964	-0.024475164790007
2.74731690048838	0.562130678951552
1.75239555190723	0.335336939787794
1.22376011884548	0.280155059495875
0.442654626838236	0.237944310776093
0.748967276882137	0.286652597578502
0.81525667035469	0.267445844559823
2.38908163912609	0.435476452715078
7.88721874642387	0.970147413048743
9.44516835072505	0.9140271013594
3.66716285116314	0.555792528423107
0.790606836881023	0.227142134047512
3.73904958987079	-0.591193291915035
6.16192734787471	0.533374786481488
4.44593660148337	0.676968411263086
3.04392977179491	0.466176586216358
0.529426378027689	0.17445395048412
5.31166593769974	0.550935654500544
0.109068014791317	-0.0979562502524136
0.0945212066772046	0.0899207811418419
7.58473025529822	0.754835613784767
4.04571759413696	0.686283701232939
0.354468834130233	0.178467330050773
4.35681450654257	0.598075278916907
1.75225723422806	0.338814434056716
1.48832144092167	0.353621138738768
0.120125702903534	0.0867682883385845
0.0556193066875633	0.0571307000430928
2.06395329191395	0.414062015265374
0.0581233404114419	0.0737113706276721
3.83914448659966	0.546603844706641
0.00919782695253077	0.0263975774694456
0.506910493852467	0.202643717083165
5.06730578512154	0.684730354864028
3.79542615725672	0.548634952077925
0.391959216371538	0.210982884120778
0.779201602943517	0.282680005476576
2.41659966212364	0.465882499028981
6.95484584741377	0.755809391136267
1.53978655391917	-0.324919138790354
2.21466840560867	0.41476546935673
1.89969861649179	-0.371335048420917
0.331478205724992	0.156961092503643
4.9423695904285	0.693940350560465
2.58810170155129	0.501749583396486
2.33792022348817	0.405157856291321
0.00109642392872505	0.00919853844664672
0.139608108947974	0.104971750399683
1.52580539505849	0.349512253032551
5.94834457652283	0.668147768001993
12.779304606678	0.960006958319364
3.56793957458772	0.539982792790414
2.52612896749492	0.498936321700067
3.12738970314624	0.425336053735618
6.08332279514685	0.627524600085707
1.6141713624263	0.357951400167441
6.51523547689462	0.907472329396764
0.00652510790152765	-0.0248999363621274
0.0246278731689288	-0.0603345376684709
7.12325527979507	0.695107083148641
1.29991118797292	0.318638457290098
14.7653923110873	1.17561166385632
5.46094443626625	0.737259761845509
1.22983882484822	0.293283182428195
1.32964378744894	-0.357860199077971
2.90049749873977	0.495588634486625
0.0296416282871649	0.0520629915656861
2.50334481632734	0.559551371302
2.19472621542021	0.463034781799717
5.34627028774438	0.681961156529975
0.885858633595464	0.357722241987061
3.64058136380865	0.525793653395474
1.70947922440956	0.376906048578214
3.51687553821673	0.59890886135854
0.766191452733714	0.257603918228364
0.00867491203727721	0.0242922835864622
3.16355288124722	0.405545830793056
0.126265402113921	0.0989117129444516
6.21108586561856	0.796332854199813
3.75026858318052	0.665236432499092
4.30956258142938	0.702395018668174
0.25116128723202	0.199086335556573
0.487570783605691	0.221948949902874
0.211492548098583	0.125739705718903
5.20843972363688	0.688525735021399
3.85905219325903	0.590091391882598
0.00015332636778244	-0.00298669622199531
0.321599386278229	0.171387252564403
7.78348944228015	0.717545810059162
0.102401944781714	0.102903522051794
0.552233046614797	0.242969587634375
11.7324269232124	0.916592766984245
0.276813196339112	0.141381142892432
1.54758025665585	0.3449506341638
0.0835693460143346	0.0837852827184076
1.20760903997668	0.346383633236049
0.948345879876367	-0.304596585890624
2.00974502939789	0.413066750482913
10.0075829158006	0.954577476128835
1.01791446761785e-05	0.00085038557138574
0.0985637361470575	0.103729101288636
3.18729322077159	0.524779205358494
0.246355900234236	0.169361272318309
6.15516098010226	0.687519564889899
0.0385792128402528	0.0577789979962128
0.0159172306624009	-0.0334363774289252
1.75499152304645	0.382534499866845
1.46445054671416	0.328221151084142
1.9627225160142	0.405385128259882
1.10579463146653	0.29459795991677
0.0155721667246928	-0.0389327490969972
0.00916101001661414	-0.0281078251636454
0.149194984486754	0.118944634963956
1.12672114331941	0.313166666851647
2.46487553104548	0.448405320653319
0.0493873761840107	0.0640065985178423
0.892088525025249	0.338329834089784
2.87319384786394	-0.514915231794557
0.0193449261390193	0.0438524403044418
15.2219999025338	1.06951616825048
1.45337428433754	0.34871953782838
0.00157325667469647	-0.0130135643511632
4.20489837798471	0.554278996782551
4.38416896306029	0.741684015754575
0.0736975854562288	-0.0808925891092129
0.248797175158078	0.125120454075713
2.74390106726251	0.441773187102227
0.000163899632552284	0.00326745647980549
3.0463991344361	0.603263576503977
0.0333939174980845	-0.0447703239308082
1.68408680322075	0.4169543779876
0.186661536259518	0.125507621833188
0.542436718647324	0.20579202123097
0.532519766955306	0.18022214395688
0.729503619000807	0.263328238566042
0.0448058948623649	-0.0572924528246697
0.014606707482589	-0.030652281797147
2.18330661375324	0.404885759146697
1.36293031071433	0.392446999535158
1.42405798706998	0.307884737030386
0.211265750781417	0.130310329316519
1.33298620929969	0.331366877725048
0.0925069416839083	0.0887617981930465
2.83762120403109	0.444210940105399
0.877043742755528	0.289642648833471
0.228626445992829	-0.125102271312465
8.63672365266777	1.02449804429414
0.181962748600271	0.116371144956928
1.27521818675491	0.268077677400605
9.13182469957765	0.974001928063268
2.93349997945897	0.530574673717756
0.709307251609628	0.250053697345426
2.03271231408208	0.43703848137029
6.98813241330186	0.80926779025691
1.61505410791399	0.444322266449827
0.348140214250073	-0.179163138905219
2.02809524956802	0.514275274411032
0.762427562965577	0.240459580704709
4.76950493569011	0.61827471088212
1.04612696059903	0.321766031060488
0.394632292885007	0.221628092548161
7.76674492319547	0.668245724532813
7.24208570510637	0.778614811507238
