R^2	beta
26.0042109051783	0.473570084880353
18.0363746641839	0.396005071651679
2.22407880471567	0.115681350372115
18.4398700602521	0.300446504732844
11.5847779295403	0.291136668568042
18.4677192988637	0.364773860735035
19.6181039443677	0.376135426328592
27.6421521332246	0.457516283386585
9.24111849840711	0.241015601958807
6.70337994518443	0.20307349850438
9.68066219771891	0.24640888560219
14.6652558771848	0.315542195719779
18.0205315942743	0.418236673605491
16.8344595977756	0.37570547880768
7.1592685492857	0.218682504551222
22.1610002098508	0.407013526691153
27.3713333795341	0.446383473111946
15.9532827704016	0.340592415511242
10.5688752046725	0.299217084563299
17.8156878049446	0.344031178734163
21.1899671041112	0.402568677019471
9.55915296032841	0.288076227385305
19.3956592807013	0.399709186517821
11.3701801839169	0.276111649365131
19.861376346838	0.350268003561692
18.8611624171907	0.425789990545918
22.0174247044492	0.391448520998794
20.2338412749594	0.400031722972462
14.7163415369603	0.317301887105076
18.6231996006566	0.381784873156616
21.851840803999	0.35307298664635
22.7709902763344	0.418996546288072
9.94075275698745	0.275940910512909
18.4383043906773	0.414599021196133
7.24437192056453	0.237193048527208
19.6145005764843	0.370674852533998
22.4923624779258	0.376180920833557
10.9700430339677	0.292568837434861
12.2279221290314	0.283481799891874
11.5855101642977	0.262747057610091
26.4084318712976	0.452730438448963
10.8998984540564	0.286891306347317
14.7305651437078	0.335927257590248
28.8069929103337	0.507034362917884
21.3764975069998	0.384880164298941
15.6642099880525	0.331183953201209
18.5461594151084	0.41101688835609
25.0631061662949	0.43041643847769
22.2177357136369	0.439097635043813
23.0225804247524	0.45341364380728
11.6684966733232	0.298667331096058
17.7301082207669	0.360123599095754
12.0038839821746	0.289833201358565
18.6842175385673	0.406395283882781
11.4833120387209	0.298716086340113
11.0985297440777	0.254321152155785
21.0423588530401	0.399592216901389
18.4416871445145	0.345860757223654
17.0093390870828	0.362722033023437
18.2917138564014	0.36668501230362
7.97352132832736	0.23315235679901
17.1085186055963	0.342733650499449
14.878962123643	0.327423410710882
14.4485543395595	0.343270702432251
15.6857353037542	0.307478279538254
9.78037521887238	0.241593046047071
19.6810552531938	0.340501662491211
23.7913562590788	0.40623567057924
24.7454469185544	0.513271383494793
32.2657905294954	0.539735677651029
16.8420005078719	0.329980484632335
14.7866943582258	0.34034638821529
14.5785302608679	0.307353960355538
19.9416207403684	0.402055477874795
14.94043021357	0.346243109511189
17.1534358271847	0.364565410142224
11.1608167828033	0.305078490176325
22.3695222805867	0.393854144113417
15.6375124108907	0.319167035652477
24.1427305204468	0.451642796883202
16.2401203944578	0.329259217671272
31.2181029699193	0.484501254126875
23.1888015264513	0.385071296826264
8.96069267799593	0.257233830246228
20.803104427066	0.444819703321135
22.0784291783549	0.382637193110763
22.2863793771374	0.38225451035995
21.1438821134217	0.405610526210651
25.068946545221	0.444573700985391
7.11662661299006	0.228771257503959
21.8738773498688	0.435081535053036
21.0340701498298	0.422353043730166
15.7098073523509	0.382319800098357
20.0056298033247	0.391888278337196
17.7358811285504	0.338336037380231
7.43765561016212	0.2273090671485
19.7997340284429	0.373845189541369
20.6353215764643	0.392683769643629
24.8585407841921	0.412529019072571
16.0389177778279	0.310964554281521
8.76950806399204	0.186764464678906
7.43835401513932	0.217983188731591
18.2590469963752	0.362279170046265
18.8487570051959	0.379670393037926
34.4802095936607	0.530157725431854
9.27557800855513	0.287763436502015
20.0230220735834	0.387954713078826
15.1017187920101	0.305299870954333
23.7547751762793	0.43900789484522
12.8672758945693	0.323544786009083
18.3353979399802	0.332187679815978
17.748481484852	0.39993563853606
14.5770651012125	0.349904422348786
7.57326896117911	0.206765501751085
16.8960441402421	0.354524446376252
26.669027872828	0.458425549054268
18.9764070024867	0.353848423719518
25.3500483240959	0.408193043987359
19.5655632267642	0.393992754944257
13.4256522985787	0.344966104029997
6.92944821498321	0.183633317105167
13.562133512173	0.340130155322159
23.3273295264277	0.388530231944032
23.8254706083847	0.453971571634785
18.2070971179653	0.39121228631639
22.8832074205794	0.386328286199099
29.0494690738717	0.466537866821102
31.3481808145118	0.476313164882007
15.3788909677595	0.311281058651167
18.4690840191071	0.41654463170871
12.4821698117582	0.260813724773982
24.9622928968568	0.415359430940271
11.6478000683766	0.270322007704526
16.5456087262075	0.347458201020141
20.5514563421782	0.414530074217625
18.476081375794	0.414349319207241
15.3301900690822	0.307946952002391
16.5128355530109	0.350965902167434
11.4085982902559	0.292890316566905
12.514982733665	0.321208119715511
18.0641004631549	0.366846716077461
17.4199196236442	0.364988304552152
15.1060197301105	0.329935837212819
12.6923882343607	0.308342092752978
38.377059182344	0.60526605422034
7.18177973525342	0.213863921552444
7.33705323611978	0.223105824163825
26.3643916102448	0.430078498877364
10.0785352729278	0.282481231389115
13.6793569963924	0.312635504594469
16.8642354653751	0.346900844809273
15.0131291354162	0.355605023150629
4.69319282095953	0.187243023422139
11.7042624925053	0.285298204777691
19.8221032499004	0.38132226543294
9.2417092261722	0.251023982997557
18.924534304408	0.374139921136079
29.9719683354485	0.435864224329452
15.7661812306621	0.331794143443331
13.6449129987829	0.305851211269718
14.33427616347	0.295660478307442
13.4269091754611	0.325170625949028
24.2451388836658	0.414863763478908
21.1643663944537	0.480278199964136
16.8360132814464	0.330722116547599
10.8160000674621	0.240381068250871
17.18063564671	0.330513302219116
21.9024502760118	0.433939331574378
17.1168125136889	0.405018500633885
19.3886071309479	0.369217567944491
34.823185279824	0.499233753952388
12.1873998671905	0.26619972652136
19.7310486738026	0.359735738009127
14.7949464183767	0.329054647811089
10.2941897415188	0.267615593602244
26.9365944501376	0.440907881282694
10.8666152737768	0.276994446367945
17.5307057253517	0.369137031838692
15.68252656838	0.340653291384601
22.1071365774996	0.392083571306948
6.20488169285791	0.2082915696971
10.6519992426661	0.313756269623798
16.0102624926718	0.307007037871316
17.1740436600761	0.351128920991431
17.1059765888267	0.340101214988184
14.8526471066326	0.328341412296453
25.8558589536892	0.367879067364517
12.9636389891821	0.31270667960914
23.8874919117334	0.443869220222627
18.6012468287997	0.370291704607872
30.3458347919556	0.464960257262062
18.566609048156	0.372035136346423
31.4837618297243	0.516851448425545
16.4364606078839	0.375904205121979
17.18292961375	0.347332226350516
15.975845322104	0.325213397712987
16.9714883421893	0.359452046861357
17.3704980298212	0.389055260644509
16.0108856359399	0.365697494671479
2.9030243517784	0.14344027053525
17.989256706661	0.377651019206401
19.1260680834621	0.441276838962906
10.1018633963111	0.26875777573739
10.9527239688703	0.285791675620071
18.1516981765042	0.363595975723184
19.3899735649453	0.37171114597115
15.8687260481951	0.352396382301807
9.16902932128997	0.251734671438489
17.8099280641304	0.348039284340072
21.3069679141479	0.444908694081128
22.5143960734548	0.431810228539904
21.4495430943076	0.366439740869586
6.19973448356951	0.23975759858489
19.1267007274963	0.373990011747379
8.24068031281587	0.245144617789637
5.25624692392894	0.183401219997479
18.4712853440954	0.305713049913338
6.74199129723908	0.199988295660817
28.0510778047704	0.534924289295675
24.3298133613723	0.412712793506685
21.5548790206173	0.408439850682072
11.9007295913764	0.280721721975461
9.65490075752849	0.285007522404648
14.1341233416647	0.365566382578351
18.7743133288796	0.35636720998932
23.279529053178	0.411240434666452
7.69044676643034	0.248394402911493
21.5826243355183	0.421367383051667
24.9670012884874	0.412556692348659
14.0038051024271	0.353946071041162
23.8483927960145	0.464431528354822
18.6260520775421	0.374673254381498
18.3910802706109	0.350069282297986
13.7747588981659	0.330538826655748
31.1017560274426	0.488407537102246
8.7408638165679	0.254405225209705
20.1389925528463	0.356994143927817
12.9144021821575	0.297073113046955
17.8440642784128	0.373861725484988
9.2857397908449	0.246953399060992
15.1107017003422	0.354588393602402
20.4740387258362	0.410983351381411
19.237172712103	0.3842396970186
13.4723734402302	0.304226276412991
22.6807078192488	0.40254790542996
19.8668998799914	0.401040486985051
16.6074431008716	0.27716243812232
15.4457729046466	0.310055284852042
20.3529426143156	0.385490386152007
16.2643811382006	0.365165077734259
25.8711517996071	0.464985373451388
21.918855780117	0.419401910734169
18.3197972164568	0.329102916198363
21.4641045530417	0.440933125319838
11.1473781633479	0.289580310455803
17.8390922053098	0.334971772448373
16.0106025793315	0.320731683267986
19.414642527171	0.340110993626448
6.5099272888623	0.207097407553399
17.7804005194631	0.342307889657771
12.4074591114492	0.313732754838322
15.6726021752075	0.338164377943291
11.776866014885	0.266875651648304
18.7402335449748	0.420233150219497
18.3191003021213	0.343836736647968
34.8800068390389	0.505082214988427
17.7198996551129	0.33445695822735
33.5710797147198	0.516800930700423
15.2420248707886	0.323902186665138
21.0451602112858	0.442258157822154
14.7804694163295	0.322318054743656
15.1033842737749	0.313701174816336
17.5438197434327	0.351457961644212
19.1889205959171	0.39298346222221
20.1787890998148	0.377136289402668
11.2143597578746	0.297763829422112
16.2446913113833	0.339391085770764
17.9338483328672	0.379157200065526
8.24253665891888	0.224421026147145
7.81491898876809	0.241710390068664
12.3314874504295	0.302162239636382
27.8258600133886	0.428421103793859
19.5614267379912	0.373110623374813
7.69673018877626	0.24680891312902
16.6121751124842	0.367350702006387
20.266111749528	0.420534156523103
26.8521610030966	0.428680207776103
16.5850813137534	0.346225121189998
12.4160445996433	0.282405759309481
12.3280497364278	0.29291533935768
16.9662851744993	0.3640850366919
28.5609185314847	0.526530963713061
11.8655873390522	0.287600255940322
14.2293666592618	0.302111546358796
21.0506382595466	0.357413309633898
11.8055707374723	0.267557985594299
19.3018742971653	0.405269229877034
13.5064694209811	0.29293605052378
26.9120390838977	0.421987082608124
27.0276259639081	0.416238382188528
30.7668807254192	0.449147862790569
17.4403537710055	0.384254261786198
19.1946039765306	0.37821873846594
19.7282107786485	0.424840302086485
11.8719546594236	0.267572464189128
20.7947905724525	0.387336354926555
19.9389591473983	0.395920600701067
30.9803506194588	0.501137259650294
18.6978361544216	0.395571758837118
11.3666114600035	0.301318802027488
14.0078979163804	0.331600920380055
7.32863975734571	0.218902348439797
18.4567402994461	0.373729890631614
26.3602815812655	0.458251553373893
21.8078043909126	0.395913509890772
40.937482085324	0.570295475446018
17.8477323853474	0.37556519449242
27.2355852447408	0.420536218985255
15.4066801511616	0.287093142648561
18.5555981853297	0.366073178225167
20.7319460824182	0.384313842181244
12.4547411795838	0.290889388976355
21.2870407418387	0.40300954441923
18.5210553118952	0.40082556032514
18.7632345802573	0.317316414938042
23.9671302547469	0.418618348639338
18.5994004137899	0.396489712749858
8.94599628279014	0.243433257681933
13.8361487561431	0.282786785321702
9.37617133820946	0.21621227454808
17.1241053046468	0.348735914664198
22.8032689476511	0.438286319891128
21.3499674756064	0.40826281613889
13.7182141827399	0.291100898163617
7.78680360818211	0.254649026091016
20.8489952566829	0.379810932229869
19.3808505209348	0.391991029017395
17.1783242225652	0.387957388727356
24.5289660881411	0.459399091062478
20.0273911523568	0.284403735840134
23.1050114881444	0.387973358709462
26.3443727851755	0.457899441344394
15.6565210587456	0.361563910134006
4.05461807851393	0.153769404277472
13.0579817800471	0.322327637555633
27.4878756083264	0.440687769829082
21.7943322555471	0.427841331878013
11.8907995060486	0.309955199264654
15.9164207768474	0.327221938690602
31.0331317892287	0.500456407546241
18.3853060856895	0.376488001915317
12.9025384004619	0.319789950651115
25.7571505932647	0.423647959192017
25.6476726569834	0.477420794308903
21.8789689552703	0.426472633059259
13.2341904605103	0.308602751610884
13.6694856287959	0.308939605478895
23.1325546609761	0.419961775339605
10.3694361793432	0.252811063542857
12.2509663065481	0.284372788301794
24.1541390412447	0.4141737516201
13.3409753905193	0.308370416954626
8.41201029405324	0.237754643771612
18.6010825031241	0.410342409752685
26.5909952647092	0.433159416820468
24.4569952810375	0.470330347290792
19.5202089949261	0.390793211145731
17.534070628578	0.384531524853043
24.7014534313369	0.40112336997647
15.5679321793632	0.353014097835477
22.2729772822664	0.398851896293754
19.0763800307966	0.401631075527069
25.9379967180161	0.458398173810452
9.13634426716371	0.284959614607047
7.69468293514466	0.232818567956497
24.4732216198935	0.445736614197348
16.6296471319287	0.328932295770633
7.09673278872199	0.238485183713629
23.8441770055276	0.447725356120085
12.728289837754	0.333918007764527
16.0253531021803	0.360548288199697
27.8863938271966	0.484166548641942
13.4409528728181	0.335858199461235
18.6852621741678	0.386187874257339
16.7955987019217	0.346513797600655
15.0391201394355	0.349042021018103
20.4257936037754	0.409368381062361
13.5735531972473	0.328011929723513
21.4680186006194	0.388748456557317
19.7137717731539	0.402908186369566
10.6961931976022	0.284746249871068
21.163748017318	0.414411098603642
17.5852790483411	0.346327939088812
19.259209803804	0.370495848494549
12.2577561262018	0.303611391625732
25.491787887579	0.462900815507579
27.724125606903	0.513638557352439
21.2989706296657	0.379506705869974
27.9215133384816	0.433154324478835
12.9611656725338	0.306726354441092
12.0612858968442	0.279231900547601
29.8694543674532	0.427756912917711
21.303921412186	0.415517379087741
20.8714641994403	0.374651467642077
22.4754599774318	0.413125802184558
14.9352888302042	0.363422734535583
26.6485412351807	0.447425989032934
29.2715205340752	0.463398186283689
10.2453598434928	0.274414565775498
14.8519684877476	0.330397701069818
15.1254590293162	0.366604352608967
26.6515666528895	0.410974433922747
25.7101696129658	0.367681765693338
21.7561373945367	0.396468391037395
16.6575522930044	0.313954739814331
22.5749525825014	0.448139186097041
6.87422044878506	0.217694116051201
19.9050349190076	0.389043802127335
20.8303745254627	0.392030292166099
8.61745028000013	0.240600475917227
17.5581547821769	0.375433132370738
19.0992447227576	0.371922214937094
24.5926116883226	0.451260253218976
6.05563944302166	0.201221718358275
20.1870086790106	0.35490043757914
12.7688183786438	0.305069520641716
22.2868515845326	0.410824756934931
29.6357082563365	0.475382080688713
19.5629486227194	0.379922184757367
15.6314436163533	0.294951134373991
24.7299990548061	0.419881090630249
31.645046191281	0.529348726436808
18.5813140605323	0.356554913556018
24.1047762792293	0.413623380876432
16.7378721262583	0.342163147555761
19.3491600072888	0.377062076242672
23.994185536	0.428465998708542
17.8710233085511	0.371574381591234
12.3464324223008	0.304555275304772
20.523806183821	0.397840398390058
12.1156871544323	0.346032517091108
15.0446928242551	0.316569972821508
18.8372437994502	0.367315216974984
20.9591241695671	0.446593016671291
12.1561883682589	0.290459732511375
16.5557953983837	0.376704991021645
32.8427160715833	0.488603547835157
16.9582130112024	0.401544800142872
12.4181060312425	0.284166015396964
20.9226660264012	0.428740238796476
12.5008287834627	0.278748229437767
25.9917063456003	0.490232814394201
21.4328816105615	0.404308410514675
13.0413885359568	0.279169898032889
12.6028684100208	0.302940543544645
16.0073238399803	0.325798525680157
9.77724881233783	0.280085782534187
13.1109859875693	0.292044349705894
14.1433016463795	0.29525171309286
16.1224458236134	0.330021361140802
8.40213788401518	0.253463391979567
19.0161080961215	0.383349220737783
17.8604079653132	0.368356947085908
7.2240993826351	0.214978825347756
10.597050853792	0.273871821880545
27.8965386546679	0.474063569730902
14.0571732910085	0.357008782552361
16.7876702485614	0.36234823560307
18.0987065715522	0.357634037519498
24.5440673572685	0.432728550919004
27.6111361136006	0.453573116106246
14.1233724261804	0.32411576336961
11.5352472673316	0.274474905763234
17.1183859798184	0.332788384105075
14.1896190637056	0.314437936835488
17.0663437061558	0.348502239163854
27.8782009557348	0.459789330719347
30.2027722744924	0.469338806597048
19.6077772797893	0.388822165750319
24.3625363305533	0.439465479454787
18.7251684772709	0.38101451700497
8.68307737422397	0.218420672762296
18.7037494987375	0.358045174389526
10.872210033931	0.323543511782336
18.444776558142	0.365205199071135
34.0131648101298	0.549052145790505
21.8867279084367	0.415833565193673
30.9513157426789	0.454536062793788
24.4766130027335	0.499423337563601
19.0321817099567	0.40176671427366
9.23806596187457	0.237036947227486
22.7837007491933	0.432932352494741
15.5396779030462	0.34388801062539
9.60172320343959	0.263242479748789
15.5248752676771	0.352101383883636
25.970658045996	0.451228212188252
11.7962239454971	0.274858451237835
9.386729639802	0.231904721565784
18.6279056442302	0.384843856297856
19.5107808600385	0.33286916867643
18.1693650481952	0.350149308719441
22.888927837995	0.441774790157605
19.4743225273945	0.39807729994797
15.4605887017063	0.309781475849786
12.0081638785287	0.278127388509763
10.1486131076658	0.28699978440863
17.9863783876057	0.351349552914969
30.1379049830699	0.474725524239581
21.7492527509974	0.393227841346434
6.35199945374814	0.207614236856226
24.7246188981236	0.415555680416162
15.0535813815396	0.334334702461182
13.3021467668176	0.303375447613407
20.9672328382805	0.358263290852572
19.1780187879848	0.367014754290684
29.8455019166751	0.538175040751215
18.1302822938531	0.41014967285842
27.7003098573484	0.50429269765745
23.9016764313501	0.452895978199722
16.3533192299708	0.384731425020181
29.2035468989666	0.487687712920535
17.8949259238846	0.359689268411979
10.6650526227235	0.275128988365118
31.3328691959894	0.508876560878659
20.7415670423226	0.389810382974457
11.126386834152	0.261489889327207
17.8287419438802	0.375376204375861
22.1521633146318	0.42176352719147
14.0140602471755	0.318113906307393
16.001961091392	0.339653228189795
12.4409339679139	0.296463408054844
13.5074496619341	0.321079893500865
30.2869043657893	0.447335812443073
5.83482840301734	0.184230118118488
23.4817811039158	0.41088625975202
17.8060862606269	0.343370039154484
3.82718985088176	0.174656546499011
11.9914863922246	0.286284630089221
17.5794551073101	0.377224608672746
30.6548342736591	0.537106390824145
11.3384820990145	0.288472743814581
20.1628742672677	0.397159902693283
16.9611262481005	0.337012449563097
28.5636417369401	0.429716807170702
13.3307083956776	0.302058218510584
16.9882891196114	0.335675781494061
28.5570416932227	0.469314799559702
15.9786740035769	0.370662996622409
16.0795394901246	0.312719710687263
11.3129875623524	0.317637200921514
18.237020245849	0.338833640636684
30.0804701497204	0.491278811065649
19.8351797620374	0.383469544936112
17.3025319320906	0.385305919369605
19.3411864090197	0.350550655701233
23.7909656658772	0.40284029563562
20.0950646197119	0.452288905353585
19.7274334986687	0.356657010165382
11.6291298227302	0.299702377030841
15.3596035965787	0.362080228890138
16.2658257304521	0.332476841626271
18.109741048029	0.352926130355314
24.2162484532561	0.420816011916377
23.3654349390894	0.376492701687228
27.5365636670354	0.471085025264698
19.9536928578459	0.381292923066249
18.4389401594142	0.346118317662812
29.4865773444597	0.514917896691959
13.0960879535337	0.296849616230577
5.62755065594893	0.181186699409632
15.0095134735348	0.315710963999874
20.7731345910415	0.375842871427653
22.9257313017163	0.438510676958915
24.1345866810022	0.427175700227132
13.3313312774495	0.308352344224367
22.4808138377271	0.380622886038657
19.839505495999	0.334423112204019
20.3044371443008	0.400924550342502
25.3966628434498	0.489700461457308
20.6863957034933	0.414813166750975
18.6834744149755	0.420191026679255
17.0238269542939	0.376134623778739
11.1607004363535	0.297373219753431
21.9497261979634	0.381193683632069
15.9907169981307	0.337412311964526
13.8424017224978	0.295424918487475
18.2641943257785	0.3102095892536
11.7029009818794	0.324790598639608
3.8012633513871	0.14312247928741
30.9178299623318	0.523538564086385
15.8638069674525	0.325435669466517
19.0823665397906	0.386391112671536
28.153893295564	0.465531358481111
23.6080907637886	0.394420227209991
22.747247698192	0.407584168253001
14.3089458239494	0.298809449898667
14.0432302898025	0.33275163234079
16.6189914816568	0.319845867126324
25.8722391338432	0.440513862134149
21.4806584780936	0.368726282800115
21.4898267997864	0.422745659779511
38.4186436106258	0.601542781347371
17.4382171820993	0.348262404532959
23.5670319430038	0.375022303766432
16.2747094200444	0.347963145748693
16.3286189816486	0.339262994635205
10.9702019295998	0.296943424719475
25.58892203081	0.385126018710649
5.82597010445669	0.184298410999296
11.3987083639169	0.256852426835746
25.0364420315939	0.432361277798123
29.6979568017693	0.468985909542632
14.3706465305622	0.358258015748338
25.0891882113219	0.452131666482971
24.2577318838449	0.364742221317756
18.0359397062513	0.342887057341599
22.9075458690722	0.441509843129986
29.0793780604432	0.453511998611123
17.0773807360077	0.35906017668789
19.29125308245	0.374791344687111
26.3423538598521	0.448602109593381
14.1662385795171	0.304884021112212
9.14064963128727	0.291140019021869
16.8762366840925	0.381369498118722
22.6766153393252	0.463421828269381
24.0772914859688	0.391281739700705
6.55651225543417	0.233619048007918
28.899801884563	0.490517459662563
8.16161069018169	0.228118119605474
9.50091870604182	0.208609158388006
20.5012558503949	0.394855430795906
14.4109288210774	0.325613802431866
11.706994413772	0.253143232728186
8.67430270601072	0.259601143382158
17.2909596803136	0.292246319906414
20.8450702105103	0.369590191962832
33.8300283878276	0.544042867348239
15.3945834828574	0.342817995656347
23.5022279673939	0.449731009350843
8.26453163623669	0.224843211784315
14.8369188574382	0.326053666434769
18.4079431849727	0.40218881282208
14.1493595245272	0.33459585176551
22.0097890009243	0.425937185661602
27.4183259640653	0.461584866980927
15.0739285962685	0.338656662227582
13.2665355974035	0.315403976497757
21.2129471706221	0.461857785305692
19.7541497892539	0.416282146870248
29.2337177798966	0.482720340046263
28.3914195679694	0.476219383608928
20.1903655193096	0.366372576330727
26.8488376770975	0.431133793051995
17.5106243232705	0.360081037569005
24.1528370171166	0.395451377228631
12.8913849434944	0.321340328719106
20.8410349022626	0.420118096513227
21.5182971486963	0.410031465325975
10.9046142138973	0.267281749637544
21.8040968757366	0.379952522766209
14.9524455971649	0.315574505798606
18.0186842362361	0.332019644294342
21.6574844216255	0.379704198464976
18.6194072831967	0.35687205960803
15.4384272264099	0.387358398971902
27.9593037252817	0.427577625146095
20.8323712958483	0.393390277485206
22.8939892805371	0.429457145473064
21.3176606686117	0.454940717955904
22.4196369965793	0.411901265600048
12.6328197948777	0.363423272598691
10.8289790191687	0.256835814211727
21.559393116196	0.360083261159236
10.75868589064	0.248311651772246
23.4395135902891	0.437077415636132
14.346895347292	0.329519555382326
21.7559725367434	0.413804250838475
14.9826794475807	0.310949896852365
14.2407936624649	0.309901944728161
27.8079004135117	0.421846409621933
16.9384661906613	0.360221504763764
12.3280708771553	0.287653894460924
27.0365874810065	0.419418366287343
16.4061157977098	0.367921703295224
17.8757722363322	0.329327152215418
13.8436046924944	0.319275844770576
16.0394821313917	0.336336887512118
15.7451977598118	0.399442000870966
14.7610262707701	0.311524221908
14.8957497311808	0.347673237154742
30.4186993592529	0.50030183803649
11.8559946819912	0.308667139643587
14.6655076944922	0.36944705235987
18.1968266074877	0.367065307464116
18.602314030574	0.320099623068844
9.82458700055501	0.251133595079531
16.6556064574292	0.327185969976279
18.3566646527954	0.401205205413959
18.53145160699	0.405223370280171
21.8204237374146	0.418541963350815
19.8591882888511	0.371764953203101
16.9392109812417	0.322602054755582
21.2751732898605	0.372223282456245
7.43226327681838	0.224889633663375
21.8967077419743	0.401620850331715
18.9873274535357	0.350023942559388
11.8653616548375	0.281787045968631
27.7769652279354	0.505096052710999
10.2706759159596	0.237230404443983
13.9657879554648	0.325053006254426
22.1813821457653	0.38416122413077
20.8005906099669	0.431229514718054
15.7170852759861	0.350769465291575
17.6853763506148	0.358552185738612
17.1616331499982	0.347129674487845
22.0156328345049	0.356675264658861
12.1233810560264	0.292355139119989
18.8076460124196	0.371866262170297
20.6374744156759	0.376041739543978
13.5296448032319	0.279237343056978
24.0437232035726	0.446362010374976
28.4845519853776	0.437238757134286
7.73016521996609	0.237658431290425
16.4716550640719	0.357339948500839
4.20281718713764	0.154922549076621
18.9643457823613	0.419776768836219
12.2407897990957	0.322027714067901
14.2966299550716	0.336232980056012
5.81310000838277	0.20775166990692
19.513425265127	0.447222217587689
22.0105332136665	0.444109148784035
25.0309085123424	0.454771179841684
6.54707551389895	0.193320456041952
29.5797166799179	0.508047204397063
31.0257575093952	0.53993552669012
16.7292537250945	0.376728878892254
22.1716828648663	0.373825492193294
9.83653668924065	0.282815646723567
8.9684108090441	0.265556649132531
27.0144995552906	0.418663307972761
26.5332238761614	0.437080575414311
14.2624049272632	0.293525967520428
10.9093009672473	0.292178312280416
21.8280206468418	0.41928565089227
15.3224690965101	0.315444318162933
21.8551904245117	0.447568515405013
21.5253684549326	0.403313442430411
28.4345984830999	0.448617000145962
30.0301305806472	0.482446936665
27.7716973286581	0.49610366206296
27.2873783000157	0.469405744194299
22.6614699659107	0.388148859523086
11.4314020381897	0.277198242717101
20.6278963457918	0.426732933682685
11.8310681827617	0.254795741385853
7.23148374531313	0.202606753025924
8.34850773783787	0.213724166585569
22.1822017814416	0.454706185308156
21.3099375477709	0.425418299514142
25.7327112228996	0.463131825251929
20.2607977963964	0.415165069238835
15.4111156919587	0.308076655008169
10.8965257348662	0.284598517466978
16.7493672790407	0.320949265917643
14.5786926299549	0.293965699331756
26.5161362703414	0.421063146499427
21.3133699599284	0.417082688424248
35.3703247126105	0.583626848558436
34.1663611079665	0.490514438685525
25.8642000581831	0.401647444816424
18.0113581123036	0.363229051627791
20.067638264164	0.341462979300843
20.9450462636946	0.413419426809386
21.852183672584	0.381733249536011
19.3265284668581	0.403727938394336
22.7081766598205	0.464448317112942
23.7849053540212	0.388436813948126
22.6348003049538	0.40881444148595
12.1137941512041	0.270363582160422
21.5625007893807	0.417420263655576
21.0251815959391	0.40358684067393
12.6842845616407	0.298405644940271
28.6926586604356	0.475511271867743
29.956606783436	0.524430981883562
13.0911913665928	0.278577548966836
9.76890047444519	0.246732103989292
9.35880635792736	0.265269157522672
18.237425475286	0.322714625986241
21.9321222897304	0.405607601324265
22.117480430334	0.403880429995433
8.82858772025532	0.239332372125191
16.8454738429543	0.336822879470631
9.2991376137909	0.236615177878908
16.8898245168417	0.400495374713531
22.0879403575681	0.398945420525314
26.1800118570799	0.49205695739267
6.03256439236084	0.200218548448157
10.9534275587377	0.287003170985457
19.9433772674279	0.390779361725091
9.66500428665349	0.257414316575064
11.845353463116	0.299069549010372
26.5206401669635	0.530331389226726
17.0443497483265	0.381194104408234
7.37161389982099	0.204827511507645
25.4006291386064	0.470180137253738
15.1088318999104	0.332854670003084
11.2856637245629	0.242472481044141
21.1959745607923	0.394354619415464
5.0996742218021	0.171118323302484
12.57128978644	0.307225997367432
20.8478110854867	0.379570870425395
25.6754024350768	0.420452501050447
22.2106235518309	0.411314094418824
30.7479281041999	0.485344580215535
19.135961118415	0.382763493306357
22.8908666781241	0.389364294304666
4.49704381043293	0.167737890537141
14.3981523984898	0.309512811672232
21.1756997512175	0.345657246322824
16.1078441513538	0.316721267542522
22.5490730831602	0.431823151221569
26.3175600571323	0.478032787723484
7.71492471493507	0.229390950031082
20.8017510392122	0.413870923169805
22.0249084342467	0.432368138293295
17.0389485500943	0.354703035007476
15.4760170569652	0.308747191006726
22.0625070695602	0.419796117216391
10.7102394369854	0.27605457125467
18.9582916477311	0.404119859395321
18.5882753817347	0.365541189548376
18.8640080461706	0.347419704542754
14.6364081618134	0.312346117762148
16.5617139676547	0.363126608348781
6.24676496126143	0.213547974367523
11.5016295435805	0.285149695104318
16.198276000957	0.390055427019483
16.2733940071083	0.342584177365927
11.6535061248544	0.296996537939914
31.570318272174	0.48336877731466
14.0612001093312	0.318283358960837
26.8423365068982	0.454741958108027
12.3563050832441	0.309383741555746
11.3917585455596	0.232102840549124
18.8985505519417	0.391733018689649
17.4777170996817	0.356838523896545
20.9196039881414	0.419461166703268
29.875383625081	0.492682065089621
16.7564454026008	0.387551586196652
23.9874978469636	0.39935105122999
19.0589370155199	0.363111701980532
21.2283816371022	0.375105265000532
17.1072255929034	0.35983551552362
20.7383981028215	0.389841541113892
9.59989300412085	0.2745172855824
14.2933675690747	0.301755389290404
20.1736529452171	0.387178921579656
20.5505606085642	0.365025063719687
21.2285205449131	0.378507476673019
12.0386168413893	0.281230332947593
13.0400026921296	0.326366004105531
23.8253099405011	0.44005515887189
23.8823261219506	0.466192123806865
16.8040787363439	0.380069322862933
26.8671638268639	0.468013787028365
37.2279354139697	0.52598834230673
8.41123225725772	0.217825558986663
24.8875548629154	0.437358381935118
14.2151797643972	0.330590279358439
17.7898430926102	0.376993670100638
13.6611791010836	0.308668575905214
38.9433377125778	0.579731742738715
12.8542668087974	0.310103816733486
6.88845393951376	0.201307766509734
21.319225991803	0.407095993932665
21.3895535744139	0.458242783578732
12.4776670386172	0.306206029178152
24.0175878234739	0.447567344896036
18.9655462207384	0.383135050959079
25.1250662986383	0.452390960329221
13.1767697816245	0.291868433914758
16.8449197554115	0.33481849941564
22.1565999594387	0.40375683262309
11.1001982478297	0.294125831126084
26.3047502426733	0.451956557776678
11.3063575077617	0.272558025137718
23.5540126094848	0.33134991512414
10.9246838995838	0.261010954673788
36.0463410616704	0.495086796942091
23.3902515575885	0.427879221414613
9.74146744321941	0.242118694429892
6.5239722395657	0.222751557203085
13.9781803653443	0.32938897715257
28.5436812051275	0.536088172254009
14.3810235469571	0.316347813717923
10.1697134823907	0.261016848374481
15.6911823303007	0.331054397447582
28.4374443398531	0.457407479987949
7.36875190365669	0.222579513499728
16.2189516548761	0.37730857901258
15.5909600618126	0.338783488697013
16.9401748980471	0.360093202595342
13.5487606728482	0.261489843883947
10.941945625178	0.306184650763229
23.4492460640188	0.42378794466085
30.05226348895	0.441301512743188
16.1671856073721	0.320710460519904
11.1460616745453	0.279887762135483
36.0821010277907	0.515714283290827
16.6338262910484	0.382510924464197
11.0100943923299	0.30034003117531
24.7956444614884	0.452770736736481
30.0349630077139	0.479665863630011
19.8488503825992	0.380174522236658
20.3113583427761	0.374428074466889
5.65464957191037	0.166499374347784
16.4852377104581	0.30094447056875
16.1714604838284	0.340992384086734
18.8846210191172	0.388018148360817
30.1963764983663	0.441798757984343
14.4256156767638	0.337530109058871
17.2884680164198	0.378132948222506
16.9300349169322	0.331461499225228
14.9144347013027	0.361284916329304
9.36813218351583	0.241951590147218
20.5396036453332	0.386283109796853
24.0161568304724	0.381261604909629
18.9850403322091	0.389231235975596
28.8550418859382	0.467087567939005
18.1650075122722	0.363674768690704
25.7291470926088	0.435436164444423
18.4600259370777	0.375967150019955
14.2290800419191	0.29653776857666
20.6125936629362	0.383335571327335
14.1544966864782	0.304507591157392
33.8626524122339	0.447081021292526
24.9886437618246	0.41855441611841
32.0456562648108	0.591607726692252
22.5593383458273	0.417202819339227
19.5245804107437	0.367463826127481
24.2389196977288	0.414801950567527
30.807871363237	0.474662240392017
8.53566197257229	0.267549730439567
21.6702329169153	0.43017892305602
10.7770299459928	0.262876715441737
21.2420039195257	0.453067033545867
15.4325999578087	0.309730538660511
23.8126796240461	0.393662254245112
7.78766257731208	0.236127636216875
22.4600595918855	0.407066762996056
17.6581696544985	0.363972204226632
24.9686342584486	0.471698172583605
31.5681015235955	0.493803834987754
26.8746590691457	0.476573589137632
23.959586027568	0.485110227676958
18.7604144388591	0.351576176414447
7.55407360803005	0.240202079256926
17.8271789159926	0.376387714419806
24.4271356741215	0.428098073357011
10.2071962295312	0.269820436948596
19.0558462525576	0.356937944173726
5.12649237329987	0.181318148538925
25.8462947630492	0.437686739469708
24.0896721909567	0.438353862035842
25.4355754300937	0.426164287816392
27.505092430706	0.454500297344415
28.8768725913895	0.521181584362414
12.1560133977115	0.324785076953262
6.51492169935165	0.218410863783875
10.4525152124433	0.2240497457963
28.1065216714601	0.483412507133755
17.2120184650652	0.421093590259807
27.2578829910826	0.395955565615218
19.450121486788	0.384677042689198
16.6319187374108	0.35931918742043
14.2853374457891	0.282252404373831
29.2040575841928	0.481034905066376
21.7595877640915	0.422145381586932
10.4276055346396	0.262244610853001
10.667472061154	0.245324798986976
24.682956360899	0.408301197872411
22.4117633839347	0.434323354852027
14.7979827860441	0.332536477927484
13.758176445801	0.307269352045486
39.8467208365838	0.572855386568426
25.1347294830482	0.432534154400782
20.2007956651941	0.394599043045409
23.4886714914444	0.41898783344526
31.5126147216362	0.523118847564473
19.6814470923781	0.364073216007945
10.6418547747557	0.252364537595425
20.8159518948141	0.432495320799188
23.1053472112118	0.415833254989242
14.9144860769752	0.334746522418457
14.7310088197334	0.301597559749099
13.8474066734017	0.329978830732119
18.1581343034546	0.358762183976972
11.9485766039936	0.289604696455106
25.9279190551391	0.405344360731007
26.1097755424738	0.474425151405703
