R^2	beta
1.78945107205773	0.00305244333043347
9.7821351769253	0.00729548268641178
5.12359835610398	0.00460034722668965
0.520311361116763	0.00145981281099948
1.08972979641819	0.00218186726812877
1.89180092464482	0.00347819199594222
3.88052984793309	0.00370250048351354
5.47909278330485	0.00458302637988259
2.20776554652389	0.00262318899402654
0.247197175035396	0.0010277733564486
0.00631201668139216	0.000165139304969405
9.55348721943502	0.00781839984196349
15.2002407633582	0.00736072700563308
3.94768080144356	0.00382766895230453
5.02281470496963	0.00473319136709345
0.768018196515038	0.00179545371203055
3.18700422593379	0.00390504224776408
0.267835664336359	0.00118699392481311
0.748024371086901	0.00188620345128305
2.43363561472946	0.00298718985081086
3.99033152209365	0.00397809366942971
0.493075996447522	0.00159993219745951
0.55428310098892	0.00151778575253374
2.3169170289661	0.00365990892207159
2.65296827258814	0.0037901565918625
0.165886970864146	0.000965241261547291
4.05038744589748	0.00493183507597047
1.53007117454365	0.00275236081529553
1.68911090431942	0.00232290244059459
0.11438612844729	0.000688140720613783
0.077465511448423	0.000463523349552401
6.10203962981985	0.00468254746308088
0.84615861608493	0.00191810704080356
3.16778861981265	0.00348441919991098
0.595023886761943	-0.00164069230376732
0.400553791309334	-0.00125146048313856
7.83254062230833	0.00571401904330478
2.65171763519102	0.00330911942510867
2.34962079816363	0.00272819987589805
0.0168035423388872	-0.000304135572372981
1.4142964493393	0.00218061659317413
2.36019572728039	0.00323807176438215
0.18133643739042	-0.000867798618023716
7.71645378101148	0.00626126862845066
2.43965377203906	0.00303218820797781
8.7274836791017	0.00623028019195827
4.84155493969022	0.00494294859383891
2.00065434220948	0.00273363480396584
0.588423777162579	-0.0017451351537052
12.4248080044237	0.00765222575114513
0.0595017578739389	0.000501939736142001
4.28525747753511	0.00478144130815488
0.768491858173859	0.001916394661247
4.88909614574154	0.00515841209999314
0.188513828381534	-0.000930136075148663
7.19874149616928	0.00530804303468929
4.50375194928684	0.00475921488539312
5.28696850468883	0.00433997084724266
0.898672370418919	0.00181451923661616
3.83614131055161	0.00439218806861238
2.00196469126504	0.00273008903891255
11.2449214279257	0.00661218243048642
3.80792478615736	0.00386614586595764
1.4921735317071	0.00242970368124429
11.6731784535674	0.00781380377198303
0.196537364256071	0.000897178965816094
0.00443144475952807	0.000125717782221946
1.27266929373369	0.00255984439021757
4.13309875831769	0.00405641739224256
1.05237908424658	0.00199029730644071
0.536078934821049	0.00149639075512952
0.821590124197131	0.00207130011420484
2.72883509596299	0.00379077329921332
0.159904991868631	0.000907721681376286
1.64782530820025	0.0026337927107756
0.396560286661191	-0.00122303766649865
4.01441448969096	0.00378368542305254
0.390064891350224	0.00126412439282225
1.54743495189488	0.00250050880141894
5.29814129818179	0.00473411569304405
0.214364754584378	0.000932861069069426
2.95650583474271	0.00307261408561347
3.48530014571229	0.00421889521171321
0.148944400717568	0.00076918981798242
7.35112014726275	0.00557622326849362
2.50218222313163	0.00324960133320022
0.122306173455843	0.000776708446018561
3.88617600863912	0.00377255222493531
2.13963046112693	0.00344695547277886
8.97149182026179	0.00666955487248937
2.39929325519332	0.00350532254868197
8.19773641252931	0.00716082746253744
1.04207493501449	0.00228994327540608
4.93317590390138	0.00499208015859882
0.897460626216552	0.00217405514809496
0.615816490682084	0.00163637265498447
12.2260136581629	0.00784957439776549
13.051354065298	0.00804396038313562
3.21682125379952	0.00399005368103687
2.07081215720003	0.00261596819688423
3.63636554699884	0.00380019059286746
8.48801223611961	0.00597741208350401
2.94660672017519	0.00370579760175989
0.963772339616373	0.00206244058815654
1.42799949418443	0.00253255616847685
3.28539846823216	0.00391171662776736
0.729621703428469	0.00166157520511635
1.46131964966096	0.00267712512941502
0.0036176786087097	-0.000113392960838271
0.263837998274929	0.00105644290479695
5.77279123183864	0.00512868281501147
1.00611137081399	0.0020751223174291
1.57872672648023	0.00261277906057776
0.16961874275523	0.000829997481982097
0.131317439132057	0.000847569553578871
2.75943268932277	0.00357450602519039
0.741903546889388	0.0019189825856039
6.03741121106686	0.00552898357928709
0.372463437270232	0.00147971346913811
1.43820241566229	0.00254382448727931
0.558587351998972	0.00143488254722453
0.043000912257445	-0.000476032221070348
9.84085595631248	0.00578825032558612
0.689019701076161	-0.00174525026562775
5.485526204492	0.0047416803355899
0.547698995659966	-0.00149718592458089
1.71051724041385	0.00257856907449955
0.294073987176049	0.00115172480219514
0.485000100276591	0.00163932180284199
0.804959277601322	0.00177583224200553
2.7111313353562	0.00408684320296123
3.90522941296082	0.00440540209418538
1.78557764750166	0.00306072726072427
4.66261417096103	0.00401397705160388
0.178215782398591	0.000955494375722296
1.40448406159723	0.00276557519856484
11.9705674167014	0.00727168449671745
1.08248468053822	0.00226178195202928
1.62561921604147	0.00286087942500309
1.53784966971036	0.00235930888679617
0.997560427264262	0.00203401103663474
1.5230384734279	0.00310039559612346
4.56265641913813	0.00489783043130684
0.216776311363205	0.000865274045080619
0.584994410651435	-0.00169874298340562
4.921669262664	0.00502055801280616
0.987581637167214	0.00184264178748628
10.7044665025108	0.0061650510492064
3.93603162082693	0.00451693050248357
2.4688696788899	0.00406245497858298
4.21626043291015	0.00447019629285358
10.6207495559975	0.00757163519595766
1.61842590790284	0.00261478728180886
0.257406840612977	0.00107197749854985
1.38399368371579	0.00263283783508097
3.26381856304288	0.00400265583302672
4.75961006604893	0.00474029572599011
0.113001130557929	-0.00058837855177252
0.299522477664602	-0.00110636605740278
1.14976059634164	0.00203899788632659
4.23009405420755	0.00448268325332779
5.53317309625181	0.00494361937756942
7.62364376530324	0.00625523027029499
2.84114013290942	0.00335047433579886
0.15646286351704	-0.000931559895223304
3.8263284342167	0.00359443045527992
1.1525845888976	0.00207919803584115
3.51391503416885	0.00429852408525682
2.47143492889513	0.00353479301576868
0.127730225940067	0.000810003675956832
2.30909905605939	0.00307290714178853
2.58920025125554	0.00264952855298667
2.90324320720515	0.00344315295539816
5.84009744523411	0.00496248819273151
2.25471454686381	0.00272165733234572
1.48663768852027	0.00244419623223286
2.8278400243359	0.00355030540967802
1.38914435502052	0.00245428022985153
3.37858488890934	0.00366730343538026
0.489639170533953	-0.00130707276168957
5.58185991426043	0.00512031094151422
1.35378639724944	0.00255314001956594
0.0589629461081688	0.000540986480462908
3.81838482900729	0.00441763712721236
2.10977252033047	0.00307391400914245
6.9240897423568	0.0050783278625671
1.103857194417	0.00243472554711977
5.50528130490645	0.00473674557279309
0.511310594698749	0.00144663486638625
5.0079463978578	0.00557765710184619
7.40806641879903	0.00569944311942748
0.000382911851145653	-3.62427227343181e-05
6.64277602206473	0.00706511739195989
2.53425489781991	0.00327857420885906
2.83686159269397	0.00357726813315748
0.0290764347969504	-0.000271764072489463
7.43937961966951	0.00610852326847281
0.935209045741333	0.00207586826514615
2.65117717847685	0.00375588249574455
6.37645677526997	0.00508226625702441
5.15249127287408	0.00531929982319915
3.57103505612192	0.00370600479315116
3.07101114405696	0.00402940885376531
7.97584270173301	0.00659263519773568
3.11041471579956	0.00332692401241277
0.0210221232947895	0.000311695313645575
0.142751268792643	0.000870493131202677
1.57012118956548	0.00257414392263644
0.248191796759816	0.00111402625979561
7.96378573692381	0.0062036483652635
5.33547855093649	0.00529339257658325
1.11249979729805	0.00243410714662694
4.95616451015963	0.00506006004948256
0.850776092993237	0.00206336791941694
0.206251342707341	0.000900449569626432
3.54446528542276	0.00472919914100252
0.0102283544256796	-0.000253224648281717
2.17445191853279	0.00308176656033003
0.00423270569053998	0.0001522603018876
15.9481731083708	0.00854836558708406
0.543805818289375	0.00156714248314364
2.72677158339214	0.00341518893440211
0.474622511728242	0.00150077280088907
2.78348618146346	0.00369315905168326
1.74630368228709	0.00270274535812902
1.87245505816631	0.00297253880983869
3.68938642896739	0.00418133195640496
0.610809975303933	0.00190771746887873
0.83289817362496	0.00194404488993293
1.57396792658351	0.00307163526174
3.98355335729414	0.00515990664179436
7.83008611585531	0.00639113385710316
1.63766861529219	0.00269648348279007
3.67341329163197	0.00440716096963644
5.24688271045574	0.00559654107129603
2.21348953100016	0.00336065278750857
7.10590096033016	0.00598844541404568
0.21446345309808	0.000949744823335309
8.70683595774444e-05	1.80382703480039e-05
0.43460947937051	0.00144492152109354
9.74452139763877	0.00654835239996513
3.06761388588255	0.00386584095591671
10.4107181439805	0.00706270916026309
6.28357661955129	0.00538713896445951
1.72468572833014	0.00281586236676949
1.10044096306326	0.00268954324727656
2.96286626448282	0.00342258644086386
0.00219173059358213	-8.36608045723717e-05
11.011369677572	0.00735446466091648
1.66603499891961	0.00283844538547065
4.26610154313063	0.00438794551114118
1.60096655732225	0.00325920840215153
4.89426870107537	0.00481265269003235
2.99628205458573	0.00410811969985062
1.22781736725114	0.00272169013443053
5.11758613048323	0.0046551090740071
2.10917368293462	0.00308104917224561
4.77640635023176	0.00439561127964125
0.102138754468912	0.000619355440040014
1.92223882675625e-06	-3.38140247580818e-06
0.0152452007926927	0.000247447398457332
0.0683035036446866	0.00058073418564925
1.71414703120168	0.00299088274543917
2.39060016393252	0.00320976733733992
1.67984760844658	0.00300870931277602
1.90514303079691	0.00278791824652685
2.29750580893644	0.00324225776343599
0.542877456898589	0.0014509041168271
0.0192874694391045	0.000291302800182473
3.25141707569831	0.00445611438488469
1.30496438523384e-05	-7.89888103326467e-06
0.125983081066138	0.000814700721160427
5.70659425856245	0.00502060146150398
3.94099404220521	0.00456327418963686
1.92631366619247	0.00370646923430278
0.680623095745763	0.0017539702554697
0.376012265607429	0.00132120711443389
9.126447916942	0.00586571407665171
5.77810627927971	0.00511448464994893
2.76917061740436	0.00335208526195694
0.544365805631542	0.00145822860783819
0.0943287171605569	-0.000644330923267214
5.77668402574675	0.00580279831288826
0.0743885421619443	-0.000621844109538124
0.92441151214911	0.00213217387335049
0.39036072851654	-0.00143065915198344
1.94783607604612	0.00254839886253228
1.5090367318325	0.0025830887780182
0.133256302033004	-0.000869450242868033
2.07465468944662	-0.00297477975010323
10.5361255654944	0.00630768149706367
6.52330454773552	0.00538660747280444
3.84653525935556	0.00502768464794076
0.0606507184056444	0.000526042741986385
4.47569362831156	0.00419677456340444
0.0664417631107119	0.000501181049996529
8.94188782134245	0.00596464986075293
2.23488273834328	0.00331927935642005
6.46916319994063	0.00550102626471075
1.26067318272365	0.00211935900659345
5.35492479296371	0.00447706843385043
0.80092895394878	-0.00215906329364976
0.999412610599413	0.00225051054301148
2.74536756425882	0.00309443186085671
2.55708221440313	0.00342544602927584
0.856250522493192	0.00183778002389247
1.40913613176396	0.00237414527419991
8.78296404386278	0.00608301056621428
2.21025274006883	0.00296154207946585
0.0412831021175018	0.000379516337190931
3.40908697395257	0.00380909313332121
2.5175332161961	0.00361717316862717
3.48783900654532	0.00394606777537207
1.1224719097463	0.00177439115899586
0.179114794351263	0.00101029772288376
1.18215414988106	0.0024045022476158
1.5089007931232	0.00241635979399729
0.909680158122739	0.00229854635084076
4.13855146518454	0.00439453041520854
0.0760166874849997	0.00054985665447599
1.95391281622545	0.00300158446304034
0.633387795849825	0.00192214917279107
0.990365039931619	0.0018834668599204
2.48786144535069	0.00329172315044143
4.40780489842169	0.00388193147157093
1.12618028991027	0.00267617389258158
0.932528033360606	0.00193141849035404
1.71440280230256	0.00267585378532819
2.30342354997916	0.00346599058939164
1.04012260618483	0.00194762208423885
3.22681942446444	0.00350897545862733
1.48740564857541	-0.002752035730491
2.74755116096997	0.00375629092604994
1.27363245240992	0.00266568228321146
7.33123614039849	0.00583810115340877
13.6823682162858	0.00819895685272611
1.95230087202812	0.00293149424519515
7.32078115228385	0.00530257081642151
0.80623191904493	0.00220053590255337
14.5145734508118	0.00724168596343274
2.69076785584441	0.00413562924509934
2.6955583772004	0.0034435654672148
5.9844418539449	0.00480602285541855
0.101227444448231	0.000638915020583213
10.8257086068213	0.00623992906388294
0.281630755764583	-0.00116322752712405
0.168693108494052	0.000821207340643532
2.50110374178229	0.00334792093518057
0.00312227087294361	-0.000128429148183574
2.92024776315188	0.00324984045145484
3.56463565852278	0.00433536764766532
0.770206943972893	-0.00213145875699396
1.81363753014086	0.00188216120153986
0.455421275634879	0.00141230130221824
3.87367770587349	0.00392529529925631
4.53994436448316	0.0039438753716346
2.87946780516057	0.00314006838955928
9.66407098450422	0.00743007852133606
0.773131912451664	0.00176582450665765
1.87040039925441	0.00319511157870963
0.490916497339441	-0.00128954989896281
0.458636834881746	-0.00162559659565262
2.96288508862452	0.00375342300136967
2.62034780312314	0.00381642296645015
2.26688322502284	0.00380455503415649
4.61761822540957	0.00449383872710211
0.37829500015161	0.00141105480675396
1.8881622979771	0.00306536662653769
2.12148418435581	0.00236576955614088
3.81672471077365	0.00439862648824516
0.992899237964241	0.00240132166629702
1.25374881067037	0.00220777572548578
4.47059053992925	0.00473895515102146
0.456611157544154	0.00148268725159473
1.0205393292636	0.00226406395584313
10.2568209445328	0.0065277723280248
0.0356618873989164	-0.000414797874633705
2.32405306110756	0.00294711725238814
0.618697783238559	0.00148751962587343
0.0584635150098233	0.000495924154522308
7.97962055854689	0.00576683071783364
4.39865410457953	0.00451848081807328
3.10256761787495	0.00397743893686141
3.12712322986643	0.0031903139440026
0.664363168012494	0.00166000719476399
2.99395448324815	0.00340665522099647
0.642456834445067	0.00188308536435619
10.0069508943881	0.00777567577657578
12.6849229306767	0.00717355286515803
0.00368025051121589	0.000139528576192154
0.908741817205855	0.00182880818359769
0.0597229089291872	0.000508009971178443
5.99493391609495	0.00601693081357243
0.704764658802902	0.00198915514476546
0.708582743902843	0.00210380666950899
0.729826250289518	0.00222387282947815
0.644066178967198	0.00170875614149767
0.0827508622796557	-0.000571795739317758
1.01503767790616	0.00223341168971245
3.46717895515444	0.00398178738907475
1.51776895215755	0.00219094170247387
2.50600536625644	0.00382374446946858
0.000624335549108723	5.1433617566734e-05
0.754136745087117	0.00184698061922144
3.82113341136912	0.00408331788113472
7.68700656877294	0.00582081314342392
3.84353989682052	0.00356520174413311
5.20254985883094	0.00492785996536549
0.130693267684626	0.000822267763345592
2.0067460366573	0.00315008307368869
2.80614188517438	0.00378351461151943
0.553662893895963	0.00176847273847048
8.70673161733378e-07	-1.9211542714576e-06
0.0515500105163255	-0.000508280937052496
1.59768463219995	0.00242863309231177
1.75214235715328	0.0026393825546167
3.49581966159249	0.00376799362907251
7.97812263221738	0.00606335295781261
1.20686184711992	0.00241632282645098
1.00600394637115	0.00189223546069368
5.60810980337721	0.0046435713824426
1.03137212957589	0.00223027087591124
3.13186937326722	0.00353187350432116
1.82374232229949	0.00277181705546311
0.198115757017485	0.00103058964508162
9.72307335574373	0.00611293208548249
0.390596470656202	0.0013993606430907
1.74138166900199	0.00303695441157745
6.51677926702306	0.00547292725890783
1.18822000206719	-0.00234406158032062
1.36767643193872	-0.00231735334189635
0.595033733076395	0.00185595376707758
0.747909858835696	0.00195094479632668
2.02553473113906	0.00275237588652224
3.64910307253936	0.0041565130683603
0.579110132884977	0.00188453703304563
0.293848764099452	0.00127690960439835
8.18622221048106	0.00634348337327935
3.48678877096701	0.00363750073812045
0.59267861128098	0.00136898223019164
0.485316343696375	0.00121863500950376
11.897973378544	0.0080483621581585
1.75079657385037	0.00267193727470501
0.0127140368272236	0.000241701300649046
1.43675388844936	0.00262749086382499
0.000212549465566792	3.4614316009626e-05
2.33538880131822	0.0031062301333205
2.84498301276665	0.00342477662464814
3.97409831102702	0.0042143524910602
0.385015401438353	0.00143901607697932
3.63277236028703	0.00383882647333473
2.79287361647772	0.00363412062994826
0.0011434239548046	-6.6836342637107e-05
3.1565071305136	0.00299869856917881
3.27525774141123	0.00405054422960459
6.74582517764867	0.00483932907397983
3.7370315467877	0.00397455197543153
0.69601105079035	0.00184907934527573
0.0234613415556936	0.000384002487467394
10.5820460457332	0.00632815633743562
1.45181316677126	0.00290754360340865
0.37790735916508	0.00135433279493463
4.56790912402595	0.00517566015931016
0.932921388313301	0.00205811079239675
0.786394053051686	-0.0019850170515108
4.64639314953863	0.00403966523559619
3.50939442749194	0.00378916109004392
0.0028596995934131	0.000114401936444258
0.47328050475112	0.00151475775407284
0.860495859238939	0.00195283212953623
1.40538860667626	-0.00218769417789891
1.37716637441679	0.00236226913654783
3.2414413621181	0.00322339163875672
0.389329379462873	0.0016230802807046
3.42826899740745	0.00449557878261897
1.04309889665985	0.00211681413558245
3.53119035598891	0.0037809065841127
3.8026985544102	0.00391692076249244
4.68381112732976	0.00402284160501627
4.46330822547202	0.0042401531148537
1.52113802432169	0.00230540898089463
1.29177730871941	0.00222056434798928
1.427052462724	0.0023731933660166
1.80091806495746	0.00322715454670675
9.32115182792401	0.00728878117696798
1.1338025440621	0.00202361043278578
1.44961882766709	0.00261432900392801
2.46598144045704	0.00363159261132585
0.126709556828292	0.000937454758416795
2.88629138238295	0.00367530841632072
0.163157031252749	0.000878685195824829
3.4650208138284	0.00348199432325828
0.699032463863046	0.0016538792527768
1.51853117581017	0.00242008900948429
2.48028956700576	0.00314840757946536
5.65519333819802	0.00492649982094627
5.64450467135877	0.00489399224390923
5.29779665478676	0.00593533433472886
0.320293099713909	0.00112890915597031
2.64150366540396	0.00318563183556381
3.52209894412041	0.00430352583141195
0.134102520454617	0.000825743096776582
0.0303685502018588	0.000349529407259799
1.20224175177542	0.0022449785989556
4.80177423433854	0.00501458745346737
2.32663723611003	0.00331754602241699
0.2268966769132	0.00100374950916667
0.00276320404299975	-0.000114282429182954
4.34795077695758	0.0042664933938735
7.14082203953473	0.00517573868330172
2.5018349432499	0.00322858492764614
1.71505586947114	0.00287134946310621
2.68513644409256	0.0038727680683227
4.14423122832641	0.00398410209350824
0.787554333105255	0.00166859139981733
0.932726638168979	-0.00190712574456079
1.01295796520669	0.0022670781916465
2.98906985874643	0.0030485362144604
5.61117918140116	0.00521833704046196
9.77436321024225	0.00584093366055883
1.45373367199349	0.00247769984556287
5.11283801992222	0.00487927409387602
3.41722044591023	0.00434628796682991
4.432714705275	0.00474999187317642
4.76423945075711	0.00447667264784907
1.50047128855635	0.00216874814726948
0.466881649472408	-0.00158266938501989
2.78980041896864	0.00354170737146047
4.24864163447415	0.00534985659087213
0.755639945805685	0.00222612496555656
8.50756419433692	0.00619341144301318
5.80384063666337	0.00536000355661473
2.47104843689488	0.00302536402487685
2.40506292088427	0.00335755194007182
1.25661182770559	0.00262851415966777
0.952145819674554	0.00175677553368
3.70102681343836	0.00373062902400267
1.62965577490783	0.00323158815249067
2.06575188987145	0.00273122869011802
4.40890836814985	0.0039425168033873
2.83728226003524	0.00316630392758698
0.0427092389649287	0.000407541996237866
4.61343427661593	0.00401476186502875
0.03746214357499	0.000408740268656886
2.5542687037712	0.0028532950874756
2.68620345011374	0.00370625596965984
4.23125290534436	0.00446637741485648
0.252334402785351	0.00105991742426572
0.0831826613377024	0.000564955650289548
11.1482733927553	0.00726770077454058
0.0450624397411147	-0.000424567010765157
3.72582282791522	0.00424289831238886
1.66470559456686	0.0025513419857211
5.40112588208164	0.00482377905895071
0.000478625567894223	-4.49777139750875e-05
2.74042588876487	0.00324741712470982
2.14391682750411	0.00293108210269025
3.74449054708986	0.00396381318740058
7.14681667454253	0.00587048806043416
14.0623690173901	0.00766401593369008
2.23924511613688	0.00323250893256968
2.88437304149187	0.00322081782578831
0.01329505341522	0.000225947927081673
4.81000044152806	0.00404159375954145
4.50536640512484	0.00525845763413851
0.410220561525029	0.00129226026145169
5.03512613755808	0.00435605074146993
0.772868001754525	0.00168561264759754
7.41824613920137	0.00536429892719277
0.625184645488293	-0.00147707412379023
6.1263379854753	0.00486544396660934
4.2079259187882	0.00381874909195781
3.18545808962702	0.00369942826805612
5.84294892342437	0.00615734228061156
1.65907440023248	0.00262821115073984
1.42245133136241	0.00261483736266407
1.03559204717027	0.00216731920252232
1.87640956068085	0.00279888620376117
3.7828461958215	0.00440161097738127
2.41610490132032	0.00367676460359383
2.67559910331576	0.00373093868216679
0.19036719582309	0.000805652959128324
12.2458961012204	0.00728854216505165
3.22370467465862	0.00394240034618982
7.33148757626388	0.00505361129141787
7.61820042278708	0.00644863645755466
0.111265036304669	-0.000661112685208935
0.018602923845097	0.000334479117513296
0.0186499467406491	-0.000274599030309157
3.92532561836265	0.00402396440197231
6.15564540882168	0.00540029777979481
5.33039514788803	0.0049101423654956
4.69797367100887	0.00438917987414952
13.1277774813715	0.00708079672437691
5.48424531816141	0.00499859349752566
0.0434959966436935	0.000471565167238689
1.30741476000263	0.00242864495631121
0.206605348129118	-0.00106133617915212
2.59169541182381	0.00353063630775001
3.06760276600415	0.00398651880437697
1.43744880657465	0.00250651392440054
1.32573025452228	0.0025876785269618
0.0172518266417312	-0.000274663008908002
0.416525570719808	0.00132828223212576
0.045978517003782	-0.000438785964184478
0.0171184997402856	0.000304836046567745
7.3247638272206	0.00587577435414579
4.01066960602335	0.00410416712504936
4.14752114441523	0.0046034084814971
14.7826760783118	0.00849792773177236
1.18735221329085	0.00215571819156946
6.53332495827767	0.00655952767162583
8.52288241182261	0.00624661073139761
2.03052760158784	0.0023608502871752
1.49196988884711	0.00273720644738232
0.0628346469405212	0.000561698427918623
0.431611715347812	-0.00132735527452758
0.639124291627885	0.00171933546608383
1.08249671130712	0.00209295280786232
1.06747023720218	0.00202015529110572
1.03749924517374	0.00216241319190456
3.72428664919175	0.00433541644430765
2.83218361490638	0.00360773533844631
1.11326911441518	0.00215615977206246
0.750280333463855	0.00196597952654666
5.26150155280226e-05	1.45072531363228e-05
1.52797837596866	0.00270454572904857
1.08223544016196	0.00201766280250682
1.3784591316363	0.00260020357805597
5.48622750591456	0.00431463578664734
3.11877841962978	0.00328338360205922
0.0150721870105107	0.000235894817847368
5.5363078723306	0.00585275224726154
2.28303487413049	0.00359559715485318
8.05352051880989	0.00586942289129142
6.37401531634322	0.00617827425716021
0.77667635891805	0.00164559886795013
8.57818379179426	0.00590977454540357
8.37016135969276	0.00632265209369947
3.98785638275903	0.0044444050876944
3.26857523377829	0.00396484549540004
3.25636338067633	0.00389500882348259
3.7762483923827	0.00381749768668559
5.98211344680707	0.00525682444641187
0.268075016484114	0.00124985897008888
0.00414647936802707	0.000138614358325362
0.172174094365101	0.00079129752484164
1.77292219423166	0.00235373514918773
0.126945285834287	0.000693118959380499
3.51027098603045	0.00400422966171187
5.23889327695545	0.00565488164423593
0.728940618056614	0.00185295390074172
15.0797656510258	0.00941739636651642
0.82491642208372	0.00184874007577936
0.57035482900258	0.00150584889855485
0.422290594422543	0.00159672481480545
0.472126812663036	-0.00126651650061454
0.015103322607541	0.000282863513833983
0.142675918058171	0.000809864942912401
2.35532279166825	0.00300035286353296
0.913415012729652	0.00194999330408801
10.8523192502354	0.00776255038706
7.20960042425234	0.00520866066228486
3.08651972997892	0.0043655424580989
2.09277289257509	0.00314792838869623
4.43858106579189	0.00439231452083692
0.167637699026206	0.00106621736856964
2.15234144617055	0.00360370082881026
0.0959670866753753	0.000671240728436763
2.09849892080146	0.00310050418185519
1.8576050351112	0.0033948837746953
0.15432986206052	-0.000720753261457854
2.29009683655727	0.0037067169419366
7.09118729106706	0.00631899298245731
3.97494365952154	0.00420800101480043
4.97886518118146	0.0049664022000831
7.28977900070813	0.0056938373177188
4.86635404559775	0.00503977355956344
0.217416620392286	0.00103069190218513
0.876616067766314	0.00208124304502883
2.64395834743031	0.00327049111240363
7.55984428398296	0.00587820435069712
0.113688003826208	0.000814027434977091
6.27831639666526	0.00582119706519635
5.31733381067695	0.00507737074277756
0.529188706198019	0.00132750132465823
4.08185254347043	0.00483067629218985
3.92824190164421	0.00470189032988522
3.07870971779903	0.0042283910843685
2.37332580792395	0.00408791057351033
5.77591197364681	0.0048409837908852
4.27022786246253	0.00492056171776676
0.758640192344352	0.00198053082305491
4.16818897034774	0.00401657047601476
0.534155615047279	0.00164674017207586
6.69144984660144	0.00602708707741886
4.60617598979494	0.00476474257158111
0.532841821944701	0.00146452075333848
2.43845084530151	0.00347957908010249
6.2047380701006	0.00598484331517873
8.44285327969176	0.00629524007933525
1.38355196649834	-0.002205305405998
0.241985246138297	-0.000990676386570858
0.44577939575378	0.00130757371113725
0.450214422019783	0.0013493373071231
2.24713525828125	0.00335024059057553
3.90430154568014	0.00314185620865117
1.08497629837478	0.00239707463679398
2.11856979363166	0.00309051237117639
10.7930511015646	0.00743768070693705
0.287120424212117	-0.00109163488320547
10.3413998400858	0.00593521531210927
7.889761489459	0.00598638977923561
0.511259855491617	0.00134402799412361
2.00653072986688	0.00336215451538257
0.905145084909162	0.00189496778423268
10.1520473933757	0.00681120831134125
6.97279272576533	0.00547431912685106
3.58738503337573	0.00408486227440369
5.22830404553579	0.00525483618158002
0.0867031276095003	0.000646918841555216
0.191787694734719	0.000886066455046457
7.65813223462098	0.0062782749512006
6.18810595384319	0.00578595353779743
0.327153128428441	0.0011000887298215
1.2385083481854	0.0023826646113731
0.179601272317267	0.00101974581005029
0.117873539356673	0.000657721913810243
5.54045968037578	0.00523929069512416
1.10847667340578	0.00213037481050845
4.87739836998176	0.0043594256612912
4.89307982214327	0.00452747180417638
0.83006625448531	0.00167382380838545
11.9729729090174	0.00740478589567171
6.38003348106664	0.00454282369678944
10.5001224659749	0.00651416519220545
0.404490698839296	0.00135870297649745
0.45910047512525	0.0013566729039722
3.99076176516701	0.00429149365606344
0.000578902011348092	-5.77617092529588e-05
0.179798698477546	0.000880909970025935
1.78955584956101	0.00331467091661346
0.115020941300466	0.000757490892332811
2.92248812971728	0.00377950658737853
2.79262837493255	0.00396916171460393
0.683288508448162	0.00166581022408575
5.32789535659944	0.00476113982460019
0.454721294061047	0.00161393847623063
0.994968087315012	0.00178342833589516
6.52430706191531	0.00519047771415732
0.765714236831508	-0.00193711972234902
1.11401749422802	0.00264567723975135
0.0221291115761203	-0.000298335388071884
0.314603491836445	0.00123734356801824
1.81266332861266	0.00278811500243547
1.47310673289913	0.00241420355831657
5.59273502445314	0.00459176391819168
5.24158077459697	0.00514481593696742
1.58246013951565	0.00268972451501426
0.916489330650032	0.00210800251336171
3.15339063086675	0.00376257487135882
0.421954787344116	0.00161442668467308
5.58521574115636	0.00543704940769553
1.39456038366267	0.00244348265576798
1.86350106204454	0.00324905870128434
2.1100120314068	0.00359356272422059
4.16257952205285	0.00516465127840024
0.0238828629904927	-0.00035851483070425
0.0591393480873519	0.000485049989597989
0.560823674123555	0.00183860845667464
5.01888994540968	0.0043023479570758
0.528891163531933	0.00144317850135484
0.2747195477911	0.00121109078197023
5.66723011908749	0.00472828433598889
3.2614609977755	0.00329409914981392
2.41321906652936	0.00368584993851579
4.00222561892578	0.00431092774026658
2.66509101151539	0.00379626811849943
3.46588814523103	0.00400302235289784
2.75256699157394	0.00351982028059285
3.12246787156002	0.00372468203480148
6.66967584284602	0.00586078403497026
0.0719965108126465	0.000553556248868312
3.0709238614884	0.00348060043008852
0.498307241477009	0.0015362273129892
2.16165428689846	0.00333340982471976
0.302269470605353	0.0011851662939995
0.138612111701427	0.000815547910826682
0.345649313177486	0.0012549028526915
8.27362775998862	0.00541957091970674
4.84216145285877	0.00425727098595244
1.54047260278444	0.00289486828737008
13.4654006965213	0.00745009363151929
2.86464917994276	0.00343812715243278
0.538571902013235	0.00148385898380123
2.22615467435571	0.00315466068916031
1.62836869366312	0.00299656844179679
0.138086364412532	0.000861582185109589
0.780036697738361	0.00179620019373077
0.316865881384099	0.00100287270428905
5.87932268795244	0.00471664457536108
11.8148003394359	0.00652429133179443
6.12206238889261	0.00536167124575283
0.0842412200405176	0.000538185107124345
1.03810671138724	0.0024572198837683
0.0591250624945152	-0.000621730622586582
2.31048282574511	0.00347507190226221
1.30286099419947	0.00198772731014931
3.99650822285231	0.00427852632760099
2.58812788187728	0.00348703573239884
0.318447666888933	0.00129798585465878
1.15176530353974	0.00206240201667887
4.20935358639165	0.00443447042771245
1.15504722503659	0.00235447524814056
0.727356471019478	0.00200627290271363
0.0805438157460712	-0.000555810962567601
12.6734913914793	0.00781852523075697
4.81863717474062	0.00464875620601509
9.36737667082564	0.00599013016125171
7.68677714412063	0.00537967048488293
9.28819039850473	0.00710054538144936
0.0969649511295552	0.00066138884905512
9.85984489869342	0.00641004019251157
9.00320478042805	0.00609272587049741
0.368439171085195	0.00120149851463352
15.2718030315447	0.00804653374035356
2.53709418005121	0.00375683961616793
0.00207585273317366	-0.000103523075533809
5.65766009938949	0.00472994324479082
9.57608354774281	0.00789005406594219
2.05801056207311	0.00336661676809732
5.98083893580078	0.00486741414015961
0.698578836667135	0.00179073044929808
2.63087430620782	0.00335287889452702
5.74194471123258	0.00431057694179371
0.543041418082896	0.00186864206973553
13.5989637536459	0.00659429188789627
0.00330393825524786	0.000129211810075003
0.235156691869364	0.001036420181368
13.4139606989967	0.00792013168900204
4.45521693947745	0.0040509849255695
0.0986703669164763	0.000700593142644777
0.0688503043407238	-0.000553650564327544
0.185333004428731	-0.000966539891720753
0.00929344785594332	-0.000189860174635696
0.970339607963381	0.00174284621283191
3.96961572941098	0.00439743341993325
8.36173455017261	0.00629193832092449
5.24897726946081	0.00426462709451954
0.0821177231909725	-0.000640157028431915
0.0778252469058249	0.000639203292265808
0.711619461662425	0.0017499883043289
2.99946384623818	0.00340547651265841
0.104153340625909	0.000622558531306678
6.0277376554873	0.00613532342460034
2.64188769840242	0.00361417306777465
5.81634457430679	0.00413852666873263
3.45905662826241	0.00348629854945825
2.37352182656266	0.00329106007770076
0.469308576539996	0.00156070547407368
1.55562905069412	0.00281532408820072
1.76875434319816	0.00293845193115569
0.466890879111372	0.00153921054331523
4.70894774974902	0.00511867387458942
0.133030015967512	0.000788560623634109
2.46201142214514	0.00375795949159019
3.56510900226237	0.00351566834685482
0.0707009690578086	0.000501754955306044
2.41524748336807	0.00386197351029101
0.515500464021252	0.00134426325846033
3.70349632286179	0.0046063373628589
0.6886131475968	0.0017294836598317
3.94293021831529	0.00471245135147944
2.4850779017523	0.00326724440191422
12.1805641895286	0.00744010506024703
0.00158608179900287	-8.13034087782241e-05
6.20703856310545	0.00465986004798969
1.60614263559208	0.00258106685699736
7.19921388985375	0.00584891930254809
2.20994455114414	0.00314699406097726
1.16444443551189	0.00265219981372626
0.153477655518278	0.000814898878937347
2.22522266231154	0.00365893643423689
1.99431672677785	0.00306377294199702
0.136624174550972	-0.000725468991566101
1.01720493095602	0.00199602292790519
1.08737685989448	0.00225901478826141
6.06446228461995	0.00468977646423699
4.41544718630995	0.00499311565885549
8.0856636121739	0.00611938209778088
0.608522405664474	0.00184234517392033
2.48560733883035	0.00336634431256759
11.1825215639711	0.00577251620711358
0.907307398860362	0.00224167479557673
0.861522000587064	0.00197828618620777
1.26841255649988	0.00214355181047555
0.621796310690171	0.00182578112863853
8.42838727279761	0.0056371284396807
0.815797089320092	0.002215358964344
0.898049155271633	0.0020278284378765
0.231875984797934	0.00106665855478996
0.0265898444857809	0.000351223980856723
2.32069693119646	0.00352224229235119
5.25505328724533	0.004376745121935
0.266972411634489	-0.00106084111875502
5.36487021671402	0.00590836486972851
4.97294660458066	0.00514586408875166
1.22251453330723	0.00247322017106753
1.19569675341618	0.00251020436080104
0.12826135761902	0.000823730676874599
1.9806949619269	0.00260160083009057
7.40284865181281	0.00610116575508524
0.406125351656921	0.0015746918010585
0.488724998467982	0.00154381782387737
6.76532512396298	0.00536291409660865
9.54163003981035	0.00729266385664128
4.29155600463314	0.00440892442213731
0.580558655411701	0.00156268233999256
1.26414292508286	0.00248953380067105
8.10871512092599	0.00558260745485868
2.24511450668633	0.00263857367497837
3.87580476008327	0.00442042732847684
1.162258595781	0.00247977953491156
0.27058943759382	0.000909634712435375
15.0275554361987	0.00879389986030616
4.34761955374023	0.00445837842161539
1.11476001960516	0.00216172379813111
0.654487183927069	-0.00173084475672655
4.48974754624388	0.00455261351091948
0.00798375684309428	0.000180288265414391
7.68359106841395	0.00630326996790157
3.03377466038423	0.00373595410902524
0.641350203644021	0.00200125837919832
0.429096854723534	0.00110450951245431
0.711471303072064	0.00155379260378864
2.96735393618842	0.00406994602951125
0.0882901469557578	0.000666193477222876
0.0474653435476239	0.000432025746051809
2.4682508587024	0.00331262443989569
3.38254033391402	0.00385151282213856
6.74284053624418	0.0048444429498069
0.000409317303255786	4.65305509216937e-05
11.3635057464356	0.00706259237534221
5.49882451855132	0.00573715442524194
1.70114848808914	0.00345630501816852
0.00393733329540898	-0.000139888181096514
0.414338534327829	0.00123074172241301
1.10326742443388	0.00230110286491931
0.285144139751543	-0.00112796568084214
1.38542954906728	0.00233221307753863
4.70502658036248	0.00458565483024093
5.88899816903513	0.00468866098470628
0.128689364205497	-0.000771474628112824
1.88524384025895	0.00295995628316718
0.236151985825618	0.000931764570294117
0.0478686946944632	0.000449128510399844
4.53705309045816	0.00490059988297543
4.95055842883614	0.00489113245877219
5.14958335645033	0.00437622894450083
2.29249210880835	0.00308557434227576
0.122353035079614	0.000663572826975392
6.99924048746648	0.00550294759841398
3.25635716181682	0.00389640414331236
3.52752891733854	0.0048580689592347
4.40036723393688	0.00478329964125948
0.202790047183125	0.000825870965232642
2.00284922307357	0.00337324517174311
0.989628638621804	0.00261124049534249
3.41121726517469	0.00368408693180372
8.67528409594257	0.00725805533399803
0.763584271657621	0.00172377617950884
2.08550937544941	0.00317107110758895
0.0428802450142306	0.000443239944254905
0.000409845263510979	-4.46187689984008e-05
1.4128841945547	0.00297081065748239
2.37553744836435	0.00388967438870388
9.7067832377477	0.005819338126401
0.599756088800145	-0.00153885666560287
5.10360013942895	0.00545920029534529
2.72828289999377	0.00351178855251689
4.3466887086166	0.00428820291602789
1.47036559696032	0.0026051239945686
0.0938883386044178	0.000661528886767895
0.0900344691309787	0.000672430572968336
3.28404210546765	0.00406369620389911
2.51238734175233	0.00410477588164225
2.16350643182202	0.00343722294901517
5.20830629166261	0.00492787774780768
2.11565477658979	0.00332281766809729
6.14864560553516	0.00478330318810123
1.12116457691111	0.00226071218616764
3.91106754283221	0.00410364739537426
5.73084864545134	0.00467865168063525
10.3088651116273	0.00638829140572017
7.21754140075679	0.00672667130685515
1.07881393573977	0.00204018234595541
0.793201026476394	0.00187316219713722
12.1839478000804	0.00675548889965646
3.45774812498134	0.00423694703041367
0.264337338108675	0.000983050518905265
