R^2	beta
0.0464403825994865	0.0158555935082304
0.579512264673239	-0.0573990091849035
0.0203377285264721	0.00850728880052541
0.0187333721252144	-0.00843569988005215
1.90583091854385	-0.0949941619719303
1.02260005856174	-0.0694599820327237
0.272116651988438	0.0362828925729457
0.760965374597488	0.0608952354702177
0.0264536037328358	-0.0118519970755843
1.07814462117886	0.0653861153666881
0.578117733346956	-0.0602663053165341
0.413150447661494	-0.0476024437175243
0.0084682066450812	-0.0056440013176883
0.706033115742909	0.0571210673792986
0.956103793107826	-0.067704853464338
0.0220262260838728	-0.010919615913694
1.24362119312498	0.0784702980918947
2.39586728082202	0.096321429547594
1.38302492419723	0.0749106043935426
1.57315932589839	-0.0801907008123381
2.42042999441271	-0.107946957729399
2.10096040474071	-0.0987658733467245
0.00572240777816213	0.00503575547472638
0.60125344254717	0.0544007657519763
3.55182348782375	-0.141542948938105
4.8842494583429	-0.158721900732773
0.181025659119725	-0.0272434311862594
0.545724633733329	-0.0540374321581285
2.75362257845527	-0.119189826253693
2.58272079385113	-0.120591235695972
2.68404931188074	-0.112870773198858
1.95543404010899	0.0958166853457297
0.091395549424709	0.0204922235279631
0.0670882914126766	0.0180330733886975
2.77449935802249	-0.120147656163566
1.0439435770307	-0.0721026109077492
4.87378520042284	-0.14305702782098
4.01449069424905	0.125300627387627
0.813354657208698	-0.0655437536481934
0.522910065285429	0.0455047296315496
2.0761023924363	-0.10276173818265
8.77215954899061	-0.211010869240295
0.624984993448889	0.0538362320611135
0.897902079882206	0.0674840985187206
5.15115704885606	-0.165348763539709
1.1953132900864	-0.0823399969202086
0.705734436905938	0.0542182879333515
5.18877934470561	-0.157157212982266
4.45839836336579e-05	-0.000460078485604936
0.0259365877024337	-0.0105696086650623
2.32869822767444	-0.107058393981444
2.42970981112412	-0.109328974778911
1.39614374973297	-0.0838750390641801
1.86060236364304	-0.104280518010086
0.293532555736907	-0.0408329150459673
2.97791245786458	-0.12245310227303
0.458663271999313	-0.0438933406405223
0.913908193400701	-0.0695801138049548
1.13267637337578	-0.0733449902244666
1.9301371727487	-0.0964080299076883
0.264487414019919	-0.0353708373312903
0.111733547357514	0.0232682528768451
0.0230276957978061	0.0105851738876566
0.00418396867415209	0.0043649886231809
1.45525780147969	-0.0903907350416289
0.678569426022131	-0.0610059416872455
1.17446932305062	-0.0800714742945454
1.85286610499887	-0.100754144851389
0.295759611252955	-0.0365182995384375
1.55628922455579	0.0760613042706567
0.364784738174939	-0.0390584455145023
0.532372839432565	-0.0511216533988785
0.045617338737459	0.0156933136947903
0.0306108646132914	0.0114678590376339
0.0277151060784988	-0.0115159646285555
0.0628941249276555	-0.0173267282965447
0.234204177559567	-0.0336069169490163
0.22560604439832	-0.0354659496088687
1.02932300651763	0.0631054604336895
0.00355842415923437	-0.00421275801028776
2.64353974226516	-0.124561717859129
3.38631666503461	-0.128640641498655
0.632728213604471	0.0555813553192715
0.754860879345241	-0.0571808335679873
0.235026949453418	-0.030794593736191
0.506598972129521	-0.0503095254204099
1.26807683598183	-0.083730577026421
0.0696309416970136	-0.0168902316120661
7.86157400172814	-0.215800216158531
1.86982556567092	-0.0978200162998789
1.70019046254611	-0.0936273261776015
0.867110479076577	-0.0642092826611315
2.61531418079521	-0.116861968053832
0.388318133998256	0.0442683565302423
1.07343366936899	0.0722780604155146
1.07780516775528	-0.0662069227396456
0.00199306691232261	-0.00303567260903444
0.0692170174073452	-0.0173197871858129
2.67196597769879	-0.106322946052487
2.62861614221782	-0.119460523591012
0.778022496142211	0.0599114519195199
0.408295377172453	0.047443693591772
0.0760999516867851	-0.0198985065985995
2.87223413630779	-0.122196655402251
0.968878634469651	-0.0687376261921939
0.284412455767075	-0.0360305396938226
2.33678703774011	-0.105568352875571
0.06385612047371	0.0175657876121625
1.44183619083061	-0.0835320895865015
1.09950930738586	-0.0731911919553898
0.639378393793921	-0.0541806245763845
4.68895861128016	-0.151234913314352
2.56633641506227	-0.106012715844625
0.964818905420626	-0.0743672780149226
0.201094722047493	0.0296329298638516
3.07998836736704	-0.119909816882765
2.87120491205902	-0.126863572958614
1.15145953474245	-0.0776440703002286
0.0410541222630767	-0.0141471688107227
1.61195552285875	-0.0840517506784958
1.97989305629442	-0.0855553579228403
0.871420773490566	0.0659157733564245
0.051444868778211	-0.0143369256614958
0.0268622560263003	-0.0111027579296861
0.0755671336189792	0.0175902815400249
0.0191768945540505	-0.0091935362402696
1.46023428355104	-0.0805769579376341
1.38840167109999	0.0730376736852316
0.128646376901775	-0.02480092401582
2.85325249398902	-0.131700807981352
0.159210750254615	-0.0286869835303538
0.670406908301616	-0.0566476801249155
1.83244486899525	-0.0970498640556264
1.932682111378	-0.105255397258188
0.124475101228766	0.0239953085813609
6.97462489240231	-0.19781086124812
4.20997184253758	-0.158473497871749
9.06072631906814	-0.240315508145478
0.430684006528648	-0.0471433999080912
6.44017062121671	0.168015519868509
0.0369242648134744	0.0140973543165019
0.0517643344641796	-0.0158564350541209
1.031193595538	-0.0674270528906715
5.87133928151288	-0.173717152921732
3.73973669672254	-0.13954149690295
0.711458554420038	-0.0524176206799697
0.620155543735496	-0.0597996718284507
0.477157704575391	0.0499875238022677
1.10959704011058	-0.0739037464484772
0.191606124963969	-0.0295738287844298
2.53331253855275	-0.117034564453751
1.22692541040684	0.0716759964982917
1.62144515821277	0.0865227071491405
1.19648385770394	-0.0815631133554524
0.0024900189712373	0.00360017929243197
2.58382488806308	-0.114133911452305
0.446647088542191	-0.0473365569152189
0.752952548104447	-0.0609858435984957
0.353991653632287	-0.0407593048434961
1.70453462520526	0.0759632474728923
0.0185990996701684	-0.00926930665583048
0.95276408034707	-0.0648178505960662
1.06326417854872	-0.070184897475719
0.134754576172148	0.0251645795417755
1.17302349482304	0.0707054102223537
0.17694409100643	-0.031206922137154
1.86832360570142	-0.102108166975882
3.56606752647809	-0.144701668309194
0.0045296589163873	0.00480277874741376
0.60768729132459	-0.0512674209381557
0.530917445401094	-0.0555386467382423
0.0131764894394994	-0.00843022674153424
9.30536088902971	-0.224489755090575
2.08449019917391	-0.0923788460221119
0.0513238904921006	0.0167081712429119
3.44834135248253	-0.134358731737697
0.368769816247283	-0.0469648930695132
0.289791391560537	-0.0394821829909836
1.28915266986036	-0.0787802179224716
4.31765667369001	-0.149173722274954
0.502617994312408	0.0464811979478779
0.534653845887623	0.0506737281732443
8.04196126226591	-0.206109674463568
0.194623677476911	-0.0319958708712669
2.40250083539266	-0.110002508215099
3.01725181505281	-0.124379698345741
2.71428130782882	-0.121234018621982
0.394128506626864	-0.0425537062086906
0.0673052701212319	-0.017300281637642
0.546678744322754	-0.0503893634107564
0.950985795412065	0.0612859178888249
4.1219996159324	-0.148711105047627
10.5956744050835	-0.256137076971752
0.0279011341750786	0.0118181575194423
2.6370022726867	-0.121505930047898
0.791416025361535	0.0644251014555171
0.192076844661776	-0.029354950824305
0.592100203016415	0.0539605606746619
1.46307017521566	-0.0870535483617444
0.6718184324085	-0.0594725222460197
0.620389014495394	-0.0599522452847156
0.732173067633376	-0.0588275458894346
0.856391831193551	-0.0660100609933428
1.81745701293935	-0.0981898598213042
2.04684139371856	0.0896451136533432
0.378373824515387	-0.0435015998093116
1.83293052845398	-0.0953377991637347
0.619387567776557	-0.0536057974466507
0.106146748280104	0.0210982405688532
2.1670864255724	-0.0892906224565974
3.87375171478234	-0.139514389668552
1.1740804172088	0.0743852185601474
2.13395953037235	-0.108654718887464
0.76137656757535	-0.0633053289407953
0.863090557585796	0.0600569465602617
0.0959559557434289	0.0200888272826758
0.358881197261627	0.0412399476521734
1.63252405160387	-0.0833604416252775
0.279431826895904	-0.0362350869265779
2.00354605896148	-0.108283444394922
5.30726109827118	-0.161688262509532
1.03882734711315	-0.0706554004675555
2.6122206904157	-0.11847058627298
0.655633599812865	0.0541714403010458
1.95140329501839	0.0825833893531727
0.0027848355923121	-0.00340883910231153
0.0268158171596058	0.0115193637356298
0.0542144994436068	-0.0164492264519639
3.77178682744738	-0.139995817272784
5.64337609983884	-0.162221580304121
1.29180265817183	-0.0859054420077729
0.0024937979760618	0.00360739343335588
1.64957683969978	-0.0958867152716034
0.0534944939154908	-0.0156825113128173
3.2730922556894	-0.123386720710919
4.98581215620526	-0.162292837647906
0.247328844473269	-0.0349726318710188
0.805758396270922	0.0620399153635321
2.96347677135325	-0.116638370854779
0.411359492184491	-0.0463060396591534
1.00569216826524	-0.0671200189591679
0.862987203856396	-0.0700911935542307
0.0107243071705923	0.00678524324448542
0.0631658170656529	-0.0166333723806013
1.28038296314722	-0.0841041879350436
0.423637721814291	0.0452618116112363
1.3794823463094	-0.0871707083031447
0.727378918745814	-0.0613988413640921
0.420929801779243	0.0396027255550868
1.85892737024577	-0.095020133370647
0.0330240908541739	-0.0108132455099428
1.02572548053726	-0.0716391903986812
5.64634696278282e-05	0.000456444983834574
0.0870369575464034	-0.0196494883968992
0.163076911574962	-0.0291060204728791
0.0136117109255872	0.00741156445083845
2.47832534028104	0.102800985670702
0.192306574800924	0.0286841213870644
0.00724361400901336	-0.00580652107564588
0.54100882316637	-0.0516857970947537
0.4270451099194	0.0449202057125655
1.30688897186174	-0.0829873591836928
1.18578300052655	-0.0825889137143851
0.508004813292497	-0.0464359780840792
1.60032823968981	-0.0839946199339629
2.80356913868041	-0.134682984341553
0.298024262340577	-0.0375591845099819
2.13327812038307	-0.115914939010145
0.0278782516488608	-0.0115889217164624
2.32311275651556	0.107670496854933
0.102287389809764	0.0223795940594307
1.74391072041131	0.0923609058798347
0.337771159971041	-0.0433968516789747
1.08376621781904	-0.0715469128987294
2.38466988816963	-0.111635197551536
0.763582254009099	-0.0607657783772393
0.0285260137605043	0.0107663938928926
0.0175147716789875	0.00926408924527653
1.92318300792639	-0.0961674791741307
0.226790685945835	-0.0326499623598649
0.00315061755374469	0.00353966037758758
1.66851282626164	-0.0899340082966738
5.17698867439389	-0.178124015306228
5.70458627189059	-0.190167795641081
2.12519615822703	-0.106954136223967
0.33427062663038	0.0358696043454624
1.88919361370189	0.0846969657357057
0.966786060399674	-0.0696263300540847
0.181855000468234	-0.0271325679094486
0.0162089105081819	0.00768362337760249
0.00624934157043948	0.00498222405469469
0.531203207617241	-0.0472343995098429
3.99728846024338	0.132890846181184
0.00232445198819466	0.00344808996383213
0.163415474477416	-0.0294702589651933
1.26814559875779	-0.0765736874732865
0.296488042458317	-0.0389007924284134
2.60225638034386	-0.117253840464705
6.48610109837469	-0.193789784955447
0.0706156473116642	-0.0180098522160842
8.79825054016869	-0.226248413437028
0.568590923425835	-0.0530973904446951
0.943089346316197	-0.0696398215454105
4.06750948613817	-0.153348942944008
0.171892275447909	-0.0287247805060501
0.0347954017812249	0.013378138947585
0.0114065677812861	-0.00623888264497785
1.15014095648767	0.0693489534836657
0.212710466625658	-0.0319320198123714
0.0210574037809153	0.00845398768804813
0.118236878257074	-0.0222144437029754
0.426720001202295	-0.0487150400696549
0.413042212924843	-0.0417295221883687
5.44265065387755	-0.193923054359721
0.892268720258801	-0.0632117359237923
0.222301704464116	-0.0304849577897541
0.314808313291055	-0.0363342967077665
0.00319172410214485	0.00380919293233661
0.280479879445583	0.0329577116375723
1.63704564037024	0.0901919439725777
0.0864032963437021	-0.0193435320333149
3.1045783981791	0.128408109089308
0.00222603421875119	-0.00345284791838847
0.567214668155137	0.0458330856119444
2.35237606859438	-0.10731671794858
0.480274911843559	-0.0504599337761827
1.17380648932242	-0.0764941709117688
0.0201103000157463	-0.00905019596786599
0.99708718387763	0.0607801566798879
0.603103731963765	-0.0515039841799672
0.87572862323809	-0.0670271054474618
0.0146728648556309	-0.00888851349222396
0.997202804102985	-0.0692490291759802
0.0319817033466918	-0.0122616431301744
0.939912062341075	-0.0748209941709801
0.483186032151504	-0.0479249124531266
3.98613183592377	-0.14483422338237
3.0660629245596	-0.114347470004049
2.65124917956341	-0.112876315490513
0.266262037157061	-0.0386087880971081
0.387795326344248	0.0399908095463841
0.0510906918883686	0.0133614104306137
3.73150780977454	-0.147278413631989
2.24482836958232	-0.114609524061801
1.21828110011205	-0.0822721671863988
0.0128522624616006	-0.00796907029729385
0.911266792278935	-0.0684266369962153
0.915127826646004	-0.0635401504345772
0.0782088608081091	-0.0167288426681064
0.361286266799381	-0.0410435566270946
3.30626744396877	-0.143251941123136
0.995953266071613	-0.0659131748090985
0.564034169630118	-0.0566665681052501
3.33750190911404	0.114741624439848
1.63325066601796	-0.0978735207332452
0.276978719740671	-0.0347223457259739
1.70505212631766	-0.0986255817387544
0.0253722589985626	0.0112769441526771
1.53196505223086	-0.0836315864673984
0.0162801411535645	-0.00926693779683523
9.19291010845556e-06	0.000209850137684583
5.59434433966139	-0.173951205086516
4.67255461546772	-0.160256824082837
2.66637227439257	-0.125035601297749
5.21078472792785	0.139887969267083
0.38602197383165	0.0423279785522368
4.2045421719557	-0.145661402989897
0.204685791706971	-0.0319143016812873
3.53650396056449	-0.152270829994603
3.81424994872945	-0.142925022670636
0.0458249280918051	-0.0137818882779102
1.30372836008241e-05	0.000261065444725335
0.701771641674421	0.0534196183713628
0.370702410055158	0.0419556982393555
1.21907526639214	-0.0808139242481649
0.0473656660952664	0.0143688027341616
1.13917679852775	0.071379998993864
1.4981217775973	0.0820203973413791
0.156179491496774	0.0258777159395646
1.30674529001113	0.0734972509864909
0.0934053672592416	0.022515140628449
1.67630338416591	-0.0974578922645331
1.65240543052708	-0.0766996238062957
0.54300727446059	0.053382425725076
0.55547648552797	0.0503306453379271
0.478141288414203	-0.0492059679975814
0.124201271656635	0.0208575845441055
2.96490060588247	-0.128664005019514
2.59004927684351	0.11391170976187
0.0384040138318197	-0.014057665671795
0.386409486433151	0.0436985721514213
0.701140787611556	-0.0622721924419065
2.55257353566924	-0.11775731132007
2.69610554875228	-0.122422034257231
0.0124231829785815	-0.00659113285198541
0.194543004638431	-0.0280378270901519
0.0757293766226829	-0.019382719699867
0.200506519041609	-0.0327560833152074
3.01941033365832	-0.135732608983235
0.00629075261233986	-0.00565137892304564
0.197847112195441	-0.0312157434952999
1.58114213940753	-0.0873531401452553
0.00097267708947613	0.00193367340229974
0.0159494601432341	0.00747718511814416
0.151434783094914	-0.026572121157325
0.145100186303847	-0.0269904903906947
0.0155138280197092	-0.00843610409603476
0.0934088256842029	-0.0212846908652759
1.44137722231217	-0.0861578233845041
3.12118358920665	-0.126093366480467
0.09944706506746	0.0222442662419483
0.0795584752054209	-0.0183000128181006
4.78848698967103	0.143316083182837
3.98054982167835	-0.152622217448213
3.62458820707885	-0.139155898468267
0.355149800328199	-0.0426543761115274
6.05280087523902	-0.177438576307851
0.51710028978199	-0.0463222784479156
0.241791369380652	0.0303013212372734
3.81846032033432	-0.137893896261137
4.45281471722736	-0.148625981434199
5.33346161222011	-0.166042533187964
0.339656175033299	-0.0404818491705175
0.398010683606891	0.038538186825122
0.302369000461873	-0.0411597469317572
0.0529214978933317	0.0156382141676677
0.0154886797435245	-0.0086383254769566
3.80558811386466	-0.135418759034577
7.91194196530613	-0.220534972725996
0.504108658243259	-0.0532666112524276
0.0206866497512131	-0.00942430310486212
0.303593130920022	-0.0419846087698782
0.920377978713049	-0.0649200294003661
0.106617834935744	0.021685510201355
0.618830908557556	-0.0545884121034262
0.136469619667497	-0.0267676319825304
4.16260730939921	-0.147045914697421
0.229768935844519	-0.0332567568124792
0.213818467494262	-0.0306607569156186
0.600655080839186	-0.0547373758329015
0.604180987979964	-0.0554279486900848
0.0403743567320042	-0.0141380014779737
2.07518283893466	0.0992295227374977
1.46782515922583	-0.0841703183697659
0.324032436480209	0.0382181921650485
5.69964247559295	-0.18038959514136
0.543386118071832	0.0521256814015484
1.7307969319568	-0.091103336256677
0.183996620829432	-0.0308175210792115
0.756149387353506	-0.0584438598920085
0.438353357796862	-0.0461978949510309
0.00465964309030191	-0.00479839111997529
2.25726121706791	-0.104832198555059
1.12852065164639	-0.0719633996045604
0.222131579789125	-0.0309325667493626
0.218207727232664	0.032416113870013
0.896373842661631	-0.0622995276097016
4.90374861386061	0.141187418238095
1.79973264845455	-0.104388566402746
4.00742659463901	-0.126917040950122
0.857148521908592	-0.0636762064601226
2.04012697928244	-0.0993901939740233
2.97702697966494	0.105612531976794
2.43553985974928	0.106543147728486
0.611690372777537	-0.0549771218372965
0.428337458161048	-0.0463900083818764
1.22784410647308	-0.0731303085350756
0.333358552563899	0.0359938721403191
1.70791675467172	-0.0933518536943917
7.26228921142802	-0.21346321067174
0.508106881319619	-0.0477774215634499
3.14713894098812	-0.129104992790328
0.517036513533842	-0.0516177745450866
1.37953032577957	0.0881514806000957
0.151742810309918	-0.0254726216996319
2.48067457230149	-0.0986957916780395
0.044306408662279	0.0151491108975955
0.740458375550601	-0.0606494965992774
2.06921716945858	-0.111229729816076
0.0192009872768955	0.00986086177922788
1.18103016399172	-0.0743287568881365
3.54994241859484	-0.134246930666024
1.63720990519184	-0.0942348396093084
0.713650568918282	-0.0528153567318264
0.0431401974744614	0.0140883885640136
0.338854164067059	-0.0417024260067313
9.30108128202966	-0.233342230790297
0.483374489560123	-0.0434852395646362
0.174662153847298	0.0278464739670067
5.1410548228019	-0.179375521237244
0.0098995249211155	0.00619747969770336
0.137738683307902	0.022557986066272
2.02711679674463	-0.0959608562797546
1.75251366276154	-0.088839484878579
0.133315786426749	0.0260604040975383
0.931426124514285	0.062136830277233
3.09583279194609	-0.139069295604665
0.0139907074442303	0.00888884287423257
0.603253114517891	-0.054719248581133
1.15264204971363	0.0697061583382835
1.44486946503713	-0.0804570985325296
0.0481954575106649	0.0142879048523568
0.279794661395469	0.0368506832717719
0.192334111733924	-0.0310037600672892
0.452848767330636	0.0458240449228087
0.00812550562489893	-0.00612644778411538
3.4500224807572	-0.138174807653432
0.00638859291938081	0.00555793810614898
2.23803420974212	0.0897360095544193
1.73238839399903	-0.101232495510851
1.7173542887471	-0.0927274178207686
1.65060965986129	-0.0975386537656665
1.00636522308531	-0.0686630886459219
0.806088938137444	-0.0675943258688667
4.20519585284036	-0.148367583231982
8.29508357188874	-0.190794186080396
1.15223223436344e-05	-0.000218621450928439
0.00684589237108215	-0.0055763599111923
0.326251199948216	0.0414800849690969
0.000541247025522446	-0.00160310326216505
0.0525279903764483	0.015911005099343
1.28106569762674	-0.0795082757607944
0.210978763537226	0.0298132121911717
0.0227729802660037	-0.0092988220956057
0.465223331839713	0.0454038460650292
0.163933401606508	-0.0304002874916853
8.58005575597943	-0.215398867339485
1.60971613226966	-0.0932665839507663
2.70001544434227	0.106227610704589
1.5018511800552	0.0795898411379632
1.78645809717582	-0.102187846158525
2.18009228697163	-0.103030104697408
0.459767476453389	-0.0511512113182295
0.519056098979636	-0.0533800712186677
2.09296305260534	-0.108847562572316
0.235406319650269	-0.0362611427364133
1.33136344772722	-0.0919176066378566
0.991639659054273	-0.072576912874276
2.47960927170683	-0.11260547508422
1.44441105774747	-0.0847082306796214
0.377431897973288	-0.0433779829391655
0.3172870024918	0.0399457485417984
0.0107620831952964	-0.00724258636056439
2.90734557835113	0.114035062101023
0.170242207453436	0.0261140119350874
0.167784568411696	-0.0248153724114298
0.380166281158903	0.0361778837117861
2.10230275729672	0.0901513633541603
0.00185244250743721	-0.00294770598855918
0.0278320226226927	-0.0116227195628394
5.17873339921662	-0.162675711389574
1.82467558491545	-0.0894372617121891
0.589276208856295	-0.0522076042781677
0.0528133697469562	0.0143786929844223
0.000300288802880965	0.0011560179105793
0.317193440050093	0.0363780415129704
1.69572119704475	-0.0934422800253999
5.41450168523873	-0.159951295511978
0.542343962048259	0.0470061531809592
0.870988029642761	-0.0648236585354031
1.67386169417217	0.0894867694008958
3.49951225420914	-0.13386349056959
0.129350525783513	0.0255097201276442
0.203151990610234	0.0301267352081435
0.276741082740031	-0.0340194930856054
0.970216429353226	-0.0667318618991567
0.129297526579643	0.0233223086526437
2.94420895691635	-0.130283276866316
1.19555887312348	-0.0755011776098529
0.00486452396267088	-0.00469248521895795
0.690606214272265	0.0477094382019065
1.32882789797399	-0.0880373355942509
0.282425857071627	-0.037292292233522
0.0308399620579014	-0.0120428695941476
0.000374353838837302	-0.00150122437515783
0.941242520049894	-0.0747503105191009
0.198517211670291	0.0286128133856836
0.0750824464978412	0.0180498707084304
0.0446953054020017	0.0143962278941708
0.254153122325011	0.0307779910591625
0.657308513502184	-0.0592278725982973
1.17543817912482	0.0726089779534688
0.3397605621277	-0.0384729089163563
1.83021310544712	-0.0983079553635159
0.12121404993251	-0.0244148390769779
3.69155516528639	-0.127980373332004
2.32256741265669	-0.114793964769885
0.559526963974857	-0.0483744583211139
0.788423593288721	0.0586693735124078
3.03686518490618	-0.122148508088298
11.6610511782607	-0.246463632837651
0.44041998873786	-0.042429535573284
1.99972632425332	-0.11249006296331
0.604711339270105	0.0512223130911283
1.76169770204572	-0.0969375855348711
0.0339717791320652	-0.0129210979476895
0.133731852442113	-0.0239547395416076
0.125571013237495	0.0246556575431666
4.9127759332448	-0.140635301646619
0.234780009187235	0.0329821283287316
1.01273248356089	-0.0700598316899316
0.552376488045512	-0.049873616348834
2.1353582758611	0.105577068003694
2.08925356858931	-0.1155889650176
0.81202209716806	-0.067637737896875
0.412041670716707	-0.042938769842904
0.555231357484333	-0.0550652522447845
1.55861036014826	-0.0889316941369792
0.872301407187846	0.068615130114106
0.101765239719921	-0.0233237536430001
0.0178321326600237	-0.0093648004487367
2.38104804234542	-0.120379966971155
0.046656337079502	-0.0159227079656838
1.03027531402697	-0.0699075278750541
0.224002769711198	-0.0319131828609949
0.363747872883273	-0.0449313880325023
0.000165114802058277	0.000936919465549107
0.114028485264602	-0.0242903161783785
4.20952270980471	-0.138218633576705
0.980074942704658	-0.0697548090084709
5.37692105336269	-0.168863275431647
0.211540488034342	-0.032004104095078
0.684892524518326	-0.0587743663205218
0.245468644940942	-0.0358530551403676
0.66305794438739	0.0474615744529932
0.266048547216431	-0.0357009361670443
1.22881686774709	-0.0767834291366358
1.67590536321093	-0.0852862197015181
0.0566180509755696	0.014144839493271
1.72828312001137	0.0889978451825301
0.102858828213876	-0.0230589327844244
0.326645493272695	-0.0403956592464389
2.25701954400663	-0.119972435789927
0.994542640511568	-0.0751362500973829
2.33544430215865	0.102662743032316
0.147772670227958	0.0258232659118975
0.500081679110508	0.047101057188394
3.22555050892189	-0.135665734592085
0.492495785329041	-0.0507303013100048
0.681062678850865	-0.0525772682179891
1.40188522453023	0.0803909827037797
0.723311433692324	-0.0613000677339221
0.174397272507631	0.0273341201615576
1.61707049270067	0.0780192405947475
2.52076701989031e-06	0.000108467045510046
0.0821233906143056	-0.0210058928662302
0.643624353329255	-0.0568834259205764
0.962744105151511	-0.072329345273231
0.40444797698944	-0.0441061253312763
1.22473311952337	-0.0762828560557312
2.94121928219472	0.128509140899199
0.087300018597461	-0.017619113429256
0.00357225538023231	0.00428247418371418
0.235197915960963	0.0334284036448654
2.30961382661855	-0.106925624413353
0.417533322405546	-0.0472305953154675
1.39375089135594	-0.0783167423669942
1.31475454021751	-0.0737393541358493
0.880630572970162	-0.058270752511151
0.00601753046193911	0.00537662878007575
0.0589590704279852	-0.0168652512761441
2.72105190507471	-0.110723439373664
0.029668898685001	-0.0109268364649695
0.172404969636538	0.0257131429458033
2.85653492274686	0.108064877252822
0.498419412019724	0.043898757484431
0.798593644484568	0.0523366844324604
2.2491668921961	-0.116849184790141
3.50556358617393	-0.132203226595789
0.217432926925246	-0.0306963985635814
0.630682796468481	0.054507014734211
0.167075623244789	0.0275369541907974
0.116608678467657	0.0230214154669561
0.494762900846598	-0.0458180693063789
0.611702925639175	0.0590287471361874
0.192251943983197	0.0304757637059225
0.0235472196016092	-0.0111306629340787
0.755124337448308	-0.0589745742566303
0.0602040694434713	-0.0168210432873955
0.0717405015466511	0.018872100353666
0.268495355830021	0.0394542502679954
0.000370048667694732	-0.00127509832586744
0.253615408340747	-0.0333561886601986
1.17189019238421	-0.0824565120729634
2.3059109069658	0.102876657338921
0.0079799775597735	-0.00585325985946309
0.178270262257706	-0.0294948897993814
3.31465324111548	-0.130421433067268
3.66494787983445	-0.146930890273628
0.551236886747528	0.0495388095701967
0.354708211186931	-0.0411958900107006
2.48650722810155	-0.106182473873199
0.0247303199751254	-0.0113290434999836
6.16385410231595	-0.192784968923038
1.24963157756032	-0.0778258237569472
0.175972802232605	-0.0317313810722298
0.432747876500863	-0.0448086546942511
4.3734081828796	-0.152681028046195
0.110896928055399	-0.0218856884962674
3.25901828975792	-0.124009323413148
0.00710500537495805	-0.0054791553417292
0.517273156453878	-0.049043289459159
4.61747338073845	-0.160797053473708
6.48968930957089	-0.18789305735032
0.00859759348227255	0.00589993768147647
0.558266815365663	-0.053677185010398
0.177659879264126	0.0276670510595772
5.01569323682384	-0.154502147481974
0.384492591674551	-0.0406737477017354
0.143317175773196	-0.0254738614777159
0.121253653705001	0.0247551205845871
1.16466865591513	-0.0749432353680344
0.215522120285383	-0.0330154039487309
0.170304249732244	-0.0288282206790135
4.93820351734773	-0.150570246769565
0.368166120727162	0.0405181744499313
3.31540570822896	-0.117565424608145
0.495121431003502	-0.0498615412027137
0.115167706800181	0.0219468214653134
0.00743993138955593	-0.00571850434460971
1.6593933350203	-0.0876438793669871
1.50757071537838	-0.0834564019039723
0.507663968450138	0.0497790769460023
0.567330970049651	0.049050735412181
0.172114528237591	-0.0304155797452301
4.0955482874376e-05	0.000452800502913282
0.0588353521076863	-0.016405584853963
1.78364465604707	-0.0929073733822585
1.01463023804185	-0.0678264788365118
2.69345397536028	-0.117616029670473
14.7992125155819	-0.299155381907047
0.253467832035318	-0.0329520098281401
0.0306503415839817	-0.0116374082417093
4.18985628990407	-0.134546462192953
4.81156996857508	0.139281091864135
0.15355701709361	-0.0251794062021068
0.134065041357889	0.0256327798915925
0.780755067238465	0.0595184690591664
0.380902362234169	-0.0442296021120473
1.40366068897432	-0.0797515439267398
0.0770871860422473	0.0202815304117128
0.0375986851438715	0.0127446348868437
0.158808192311306	-0.0296170640348575
0.0223816304722771	-0.010137489393421
0.0520101376395412	-0.0164510609220905
0.651339939005453	0.0587813966236369
0.412463000196969	0.0428934577999737
0.363142463741449	0.0390375173058607
1.44102699095398	-0.0753142547918891
0.43687970037306	0.0411627362511304
0.522858688812896	0.046679775177401
0.0200429482270806	-0.00957121855622135
1.3977290179183	-0.0788397900338491
2.06973376917354	-0.100904183000144
0.0479830639470657	0.0134795190491281
0.121111992964878	0.0244649609848787
0.206819929376832	-0.0299195803686273
0.115979124645102	-0.0235194048164318
1.2982698206714	-0.0815744951384735
0.00547969177657244	-0.00493120018826735
1.44645244933336	-0.0860029329409269
4.85880217788271	0.144381962500284
0.112363180265856	0.0228969201578164
0.00309033679890424	0.00370527598545201
3.04230821264159	-0.117664932096254
0.0177384860058241	0.00921674332847706
0.897316817584059	0.062256815266685
2.86102504329486	0.106638398228335
0.214935190336746	-0.0329162221572763
2.22861086845695	-0.101012477034413
0.000265149345929671	-0.00111271076369791
0.43362390294194	-0.044440725012103
0.0028272489577249	-0.00365804996200981
0.0865907995146043	0.0194678473551348
0.0640157472252487	-0.016247566993881
0.0375521184932822	0.0127172758502476
0.000118333449377717	0.000723277651317145
1.39972472413523	-0.0859686082659562
0.0411903630021135	0.0125085002191541
0.981926375856574	-0.071851572949288
0.373439971967487	0.0419368745650642
0.152815150321243	-0.0262971281991272
0.161483354925916	0.0261057834700243
0.00651161990970484	-0.00566215330239526
5.91820510714595	-0.164314151020455
0.651139161007572	0.0567255847156345
1.43100778261605	0.0880492617596857
0.0642548939818177	-0.0184754434265328
1.58338192972241	-0.0970741260168456
0.321657091148135	-0.0402960200092629
0.181198547265733	0.0283607725624955
0.331962041381163	0.0375352594407193
2.36774994349963	-0.104320785707237
0.0977842529296474	0.0222195653795863
0.00978963649916053	-0.00633859375236892
0.918308802291277	0.0606652379989685
0.0642098588916046	-0.0166076060624577
0.104666680540522	0.0195951008555148
0.252227179381758	0.0362330545447475
0.321628030961588	-0.0391430692657328
1.21736457948492	-0.0799574927740192
4.83253940492249	-0.165103559085761
0.000850999063832878	-0.00219406649074292
1.30422022538647	0.0757470045370181
4.06245606336821	-0.143750355685538
1.05797648539284	-0.0730329750541898
2.59917426773956	-0.123139242610039
0.988880327922024	-0.0641811306799459
1.72060891162968	0.0924127248232221
2.48116138846563	-0.113093310361215
0.669611916043963	-0.0608953981300547
0.238638427560046	-0.0376521568699596
0.397516423967265	-0.0444443288955848
5.30378637465652	-0.159780543996464
0.445446342820446	-0.0474325462024326
0.617788798544054	-0.0559552411475214
0.185689847633199	-0.0311760353699535
9.57781810812489	-0.230014691523875
3.83808446085551	-0.13974617447268
0.185245827236876	-0.0310460072924702
0.12325032264709	-0.0239120526030065
2.5455577673512	-0.107464129074207
0.696148742430968	0.062940124051299
0.00254583417125719	0.00326273691240722
0.975363761463239	0.0687583052546215
2.67027401762487	-0.105483944631746
0.286461110397821	0.0349404990083152
0.957458507326359	-0.0624701489320755
2.38907202878333	0.0992430689567109
1.58758602562848	-0.0920759009888129
1.77714566071413	-0.100430623757191
0.0596877634592623	0.0158802195054418
1.48926342401633	-0.0932708195744873
4.38596704631711	-0.168577289060759
0.724833058589059	-0.0565884183841183
2.70157018734752	-0.109665676912302
0.00682850211085045	-0.00564869049787037
0.271049414700523	-0.0349269629100253
0.0619231515444304	0.0158844089705884
0.0700832461478154	0.0181192528451567
0.0914466216798449	-0.0228214685526806
4.43010887072619	-0.152592466601913
1.33827022542652	-0.0793521891079835
0.0524275258359399	-0.0145437523059356
4.17487630959005	-0.148436612202447
0.0800763191767249	-0.0195887735532029
2.86948063819136	-0.117962946166376
3.94699525811343	-0.142226685551127
0.323765587975119	-0.0385102258095253
2.56981854385682	-0.116725829094941
4.52026710463646	-0.139791289025115
1.53779631788191	-0.083499823925378
1.82926047461695	-0.0845635073354097
0.0226852981787891	-0.0100307680751667
0.690586625634729	-0.0578137769579619
4.44495201225764	-0.150094906917666
0.00514861641237597	-0.00509002389877754
0.422826664639998	-0.0427237562785382
0.462315677168911	0.0442047646079164
2.08020484007185	-0.106674051458665
0.186289619666664	-0.0259811884530141
0.00294804995064951	-0.00356949239515359
0.0389436159752824	0.0143179110706287
4.37565831948664	-0.137713469503321
0.700884726211521	-0.0593457843650999
0.736598084791501	-0.0559731475611077
0.0388170821731596	0.0134184003950819
2.05986801208538	-0.0999850395458993
4.14559494654832	-0.146030827576832
0.648859091041747	0.0506595243549721
6.63514904304445	-0.196557917334574
2.07125581383462	-0.100089435441842
0.70155062160212	-0.0530379214818959
0.167691565263784	0.0261641556275574
2.6695291501347	-0.118224447359405
0.93907932589361	0.0579027732262756
0.135837901649212	0.0268618750759263
0.121141889069185	-0.0257960426797984
0.224879362269315	0.0326097390055862
1.49564483790705	-0.0880111391902069
3.71022447845541	0.121796561132179
4.91423524410436	-0.164906655108743
0.0989788153214176	-0.0237349243002186
0.0379774384476146	-0.01301846728362
1.18378944754734	-0.0709589988919957
3.55613458179484	-0.139897077934474
2.23598709176824	-0.114544569686099
0.0313366589319869	-0.0109088752994298
0.0296176164075484	-0.0119107299085728
0.139630685224624	-0.0255809944949574
0.790852101952154	-0.0630954417498992
1.044246217253	-0.0680331650673131
0.623391898910053	-0.0557182579584483
1.14791007048419	-0.0734687705846274
0.369032248655442	-0.0400428180002434
0.216461351996194	-0.0310599808132841
0.441639107282848	-0.0454476376929598
0.62061952474815	0.0537764601060155
0.109197777379711	-0.0204977762488511
0.322349700653355	-0.0383961891805488
1.5051673575544	-0.0868139654511023
0.896904709247875	0.0576753765118637
0.0892400904329563	-0.0183015578244876
3.60724819295739	-0.142476325967572
1.84100160161313	-0.0988267306639588
1.03263367911891	-0.0742616546072286
1.83090324895534	-0.0949119895572453
0.000710056255853293	0.00192449284177444
0.206746904850408	0.0302431132780782
3.1596698855508	-0.129583173353788
4.49471414851349	-0.141056056627628
0.169399815467077	0.0268582808032732
0.359211478177682	0.0391074978175638
3.76960496957106	-0.126300508415947
0.301264196369097	-0.0359139724947517
6.94439538881384	-0.183384958286566
2.97677156409707	-0.122835468046626
0.259376560760145	0.0346988513627615
2.16436222233687	-0.105341434742899
2.82393189623761	-0.113025938876966
0.128227211457295	0.0244105596694271
0.386701388648423	-0.0417519422116244
0.102213221983777	-0.0199694090488664
0.00837677608353821	-0.00606043764516028
0.0994929150645321	0.022140230728174
2.76113208198944	-0.123298861648295
1.40932234081759	-0.0831786174059937
0.0757946579830857	0.0165586013355399
1.30227848197746	-0.0822693559895808
1.73012250965553	-0.0851091826097935
0.499636530925239	-0.0475855755619199
0.0253479756077883	0.010220261410148
0.386704068870727	0.0400547274373847
2.15927946880859	-0.0970779198620611
0.000451850978338239	0.0015478194320827
5.38058870281396	0.141565934106968
0.465559408099242	0.0463138223396647
2.04179058501509	-0.0951188537835444
2.22605912281273	0.092755028131987
1.22237714696395	-0.0795721544262724
4.16072972899003	-0.154156246455223
0.00118600312272786	-0.00239782173213173
1.40814909292574	-0.080735326259492
0.326190257288471	-0.0395850824825437
0.687299220899837	-0.0587024535352473
3.02892158620498	-0.120598046320963
6.21530684409108	-0.182994253391941
0.886050333581424	-0.0606972881935041
0.530641217044704	0.0464788539395561
0.013258141237318	-0.00739336382910082
0.245512089304522	-0.0344052863535159
0.0464282319291088	0.0162207895058859
0.338191736431816	-0.0407698629302736
0.129404090534457	-0.0218215487264498
2.71548822721063	-0.119675152644684
0.00612108935818449	0.00566668184616379
0.0168543648400356	0.00894831010969217
2.55741192939948	-0.113023364102727
0.617209427269141	0.0590496427048815
0.180526698110044	-0.0329320355424184
0.663784829855888	0.0563112336963509
0.000889992171718342	0.00212220568777651
0.91894169223294	-0.0743905381556366
0.866886611188302	-0.0730144415924772
1.70782601115683	-0.0881277466946974
0.286349780620936	0.0356354630916635
0.143671968062097	0.0235547478193881
0.000426213050722495	-0.00138355581777866
1.62087748999219	-0.0874400943453423
0.00198657358388611	-0.00302631430059718
1.12795028875901	-0.0710153139581979
2.82302253471413	-0.120349015184683
0.0142126540285441	-0.00824406823433999
0.0393152418282226	0.0135624682539807
2.94644909266375	-0.116935155834812
1.63555267346383	0.0764221798840598
0.00816841875243075	0.00635890246199319
1.10707884088427	-0.0693814999546973
2.80639058499006	-0.118981851215325
0.410794478205557	-0.0482251147700589
1.18413645677079	-0.0759844458074083
0.143543005210444	0.0283577617786223
0.507387516453612	0.0443124759938228
0.0725365417264585	0.0182974652874267
0.846102098201959	-0.0643706592467326
0.534790289119458	-0.0542195013704513
0.522083954647277	-0.0482729466108852
0.390570296512809	0.0440179961747985
0.0250858302728143	0.00966415766363204
0.00288079645474513	0.0035463199024051
1.12240620561081	-0.0769436629546407
0.000165173327892963	-0.00089002970137524
0.138673698138508	-0.0249846148053935
1.60739012022226	0.0837124813296291
0.429640143063914	-0.0402137326160854
0.204959921740149	-0.0313655104515724
1.77775303860841	0.0876198875476193
0.180007960888951	-0.0298044593543367
0.257982878707721	-0.0359279002912136
1.527938128097	-0.0875639004947144
