R^2	beta
0.768836821432952	2.25585253591157e-13
0.197799200477155	-1.44199877100792e-13
0.000503552522633669	-5.25076796516503e-15
0.576404687592178	2.43988765414118e-13
0.133254709110213	1.1009768549206e-13
0.000584722237699603	7.05241967131136e-15
0.0221266282311127	-4.05965779901576e-14
0.00354859835331196	-1.51670376341249e-14
1.01537737567624	3.09545376610046e-13
0.0534358894161344	-6.82166878837744e-14
0.792621517255166	4.62347551614826e-13
0.173189138797772	-1.62963545891374e-13
0.271595241708373	2.06503804416317e-13
0.974007843911306	3.23151898080058e-13
0.188822476118969	1.61279311278194e-13
0.144712498889522	-1.13150171406365e-13
0.0282578761025001	5.81193880438394e-14
2.6025305185239	-3.68410630752957e-13
0.523639656426507	2.56921644690101e-13
3.05539457597795	6.07128712923261e-13
0.258472723250178	1.44276987661205e-13
0.541959651424453	2.35673204613764e-13
0.354171236607247	-1.80609101569894e-13
1.04208413789787	4.16050294674665e-13
0.0910398074888703	9.5354251362057e-14
0.000194894145106397	3.93158235421694e-15
0.0539126217432711	-7.68943234081114e-14
1.36614886104452	4.55389725393649e-13
0.040973785782208	6.33918533565609e-14
0.00278965583291518	1.47606195876053e-14
0.13775612709294	1.18316095723313e-13
1.72038186900271	4.7423208774474e-13
1.79089363988941	-4.56056165504265e-13
0.605862348212902	2.44713726200885e-13
0.0527911251014205	8.88313212680606e-14
0.102311712174433	-1.13643933503003e-13
5.32229977527143	-5.74653162541608e-13
0.327115660825913	-1.50497230572934e-13
1.14711414468966	3.43421542039739e-13
1.33930101797369	4.04791671072695e-13
3.43005679933908	7.22070929369456e-13
1.18130609577	3.45502093239339e-13
3.04778727053337e-06	4.69814916172815e-16
0.0155980421609283	6.06786519355583e-14
0.0272216257095592	-5.26520181384216e-14
0.0701924498483566	7.65807164721077e-14
0.920969274678068	2.32146872067243e-13
0.0298335106869167	6.19046122239426e-14
1.59937657597173	-3.72543665618637e-13
0.000730276905418585	9.11728828433885e-15
0.0761185779590673	-6.39629156795414e-14
0.0463090862261315	8.1072788526325e-14
1.23252271220613	3.62292171074231e-13
2.37340337804978	5.33577024885821e-13
0.65608318428114	2.39287587570293e-13
0.212541622152365	1.49622062138177e-13
0.225192323993992	-1.4399108526392e-13
0.113974695682474	-1.32155398190469e-13
0.262753191515623	1.84459002210953e-13
0.719871149284255	-2.59351677906438e-13
0.747524324613267	-3.1785768654624e-13
0.879705721785165	-3.82961374886865e-13
1.55430109634044	4.48932921960234e-13
0.430234851431001	2.19730734121017e-13
0.317161973490577	1.90293921259763e-13
0.479739415234301	-2.33466965297928e-13
2.18068720621112	5.64883611694883e-13
0.0886142321153601	-1.00881716349522e-13
3.29319371443324	7.2573321510375e-13
0.0168420380641648	4.20945559774189e-14
0.0417039440022814	5.94429342860718e-14
0.29885432070094	2.06653121674448e-13
0.096282761731843	9.01024528227286e-14
2.76211127237636	4.06538089153851e-13
1.17999028816904	4.74196536360398e-13
0.315470143892425	1.61128328902401e-13
0.0414866333075033	5.17013447996115e-14
0.0992160636788469	8.92282034644832e-14
0.652437054154348	2.54249652260407e-13
0.327103672566004	1.5992738867986e-13
0.226934261672684	-1.71808926302844e-13
4.88344189181093	-6.59245504540776e-13
0.00761405889486249	2.400216847825e-14
0.0620445785519722	7.51785660530249e-14
0.81693172938587	3.15465967144664e-13
0.299819042195912	1.61337591040558e-13
0.548734593051635	2.87164904266374e-13
0.0123125824667484	-3.09091171597354e-14
0.241826475184243	-1.5636447513319e-13
0.215905420054713	1.83011079387514e-13
0.144683202121876	-9.13156257259093e-14
0.0407151052275535	-8.05022085609194e-14
0.124855425187874	1.2518633342318e-13
0.0179346765187467	-3.56917283485974e-14
0.17217891278612	-1.0800673276803e-13
0.0252010380715479	-4.95923496284033e-14
0.81705787814592	3.39316210919497e-13
0.9582942562435	-2.8592849281337e-13
0.0750102931668289	8.63374374063018e-14
0.00288577540079023	2.17052921179538e-14
0.364445413652304	1.767209365378e-13
0.0269110255911212	5.80385054732767e-14
0.598590214742191	2.99605852430521e-13
1.67052678107202	3.81294486900749e-13
0.000146032205582211	-4.66390373598493e-15
2.38252402344266	5.24621485715143e-13
0.112271870944031	1.13751028012146e-13
0.309551990905897	-1.45914255238875e-13
0.406114758821866	1.91362208873337e-13
0.00629779020214539	-2.56361787655486e-14
3.07143575569435	6.47737585771478e-13
0.813311108068568	2.84982676743142e-13
0.9139385540864	2.75862328963767e-13
0.00427411107179075	-2.20499090289561e-14
0.158318863326442	-1.18742591031886e-13
0.093419331410592	8.91800155816822e-14
0.109901257794381	9.43375422666087e-14
0.236677958496503	1.46859224538116e-13
0.289848836733815	-2.02285500367732e-13
0.0126937089973681	-3.10134976257762e-14
0.0243658090045403	-3.93001328716782e-14
0.176505224713184	1.46025463445403e-13
0.103673531852734	9.31750586802774e-14
0.0650409096375652	7.77987483381876e-14
0.499168094978866	2.11912762242157e-13
0.468732861006458	-2.17372932251765e-13
0.00572186018041537	-2.5396981577666e-14
0.0460995232166168	-6.01313024216065e-14
1.0584767466506	2.82308273895434e-13
0.074542247234823	9.45308686042306e-14
0.0273174793829454	-4.32425576389948e-14
0.239465631847247	1.6871398906208e-13
0.626580974251285	2.4480388049571e-13
0.239145503593693	1.83836372659309e-13
1.28855248767688	-3.52445724423811e-13
0.0927160804496855	8.64946380531866e-14
0.0192892592606055	4.60146564798675e-14
0.0426674852302368	-5.31876457630436e-14
1.8053264566075	-4.52364351416636e-13
0.599230410413686	2.36630161413412e-13
1.3093834275765	3.69376969043432e-13
0.0249402783751758	4.33161169381637e-14
0.509260830402948	2.85167274548432e-13
0.0329033262730646	7.57977837579712e-14
1.1574100909582	3.95007075592217e-13
0.00268079400983661	-1.65789993574929e-14
7.51757828642947	8.6093084903107e-13
2.21421701434767	4.24209753331251e-13
1.49680205517025	-4.09826483401305e-13
1.3851060125978	3.86826168881385e-13
0.331941001525333	1.67199732010763e-13
0.55166704097306	2.88655078360159e-13
0.531956708344318	2.21991388598093e-13
0.955746771193521	3.90113451683604e-13
0.148212932007044	1.41168635831675e-13
4.33637216339412	8.35217568161599e-13
0.158040782059082	-1.03185889677623e-13
0.584800140037367	-2.25846409403442e-13
0.83316963108048	-2.74977189198646e-13
0.0656301385500637	8.29323219337068e-14
0.0724244550691122	7.28623220300157e-14
0.584380130412594	-2.58960425508418e-13
0.157349284603788	-1.15161392202685e-13
0.625580379949589	-1.821317207248e-13
0.437524194000614	2.19022968871029e-13
1.39859582651657	3.57114233134958e-13
0.322821292172269	-1.54245782141956e-13
0.0623142560280595	-6.74628654613672e-14
1.21852681408938	3.74253413859733e-13
1.172493059005	-2.99343998187086e-13
0.000287524605287359	5.43317440099276e-15
1.66198547155913	4.61758657710931e-13
0.983892963546618	3.24453824716005e-13
1.12935069113363	3.70088397957727e-13
2.90691052990989	7.28593520914083e-13
0.00527619696645791	-2.45032636380137e-14
0.0754207143810176	8.49398359104272e-14
0.276229698173395	-2.40153025336698e-13
0.762060913193701	-2.72822560075549e-13
0.758285759296356	2.26740300627598e-13
0.07108794649882	-7.79417920158961e-14
1.62544145143834	4.54196495292427e-13
0.160724338961763	1.15108893264119e-13
0.236192341767833	1.38550730780154e-13
0.544705857007841	-2.0399667593088e-13
0.791197019187434	4.03513495283848e-13
0.0181168833380693	4.99290848213658e-14
0.165660624637211	-1.01581610916386e-13
0.754704126454337	3.11336757596229e-13
2.51323373669802	5.22357350783381e-13
0.23445910655001	1.59764645783341e-13
0.130213453111452	1.00462805525054e-13
0.551677011152006	2.24705463962962e-13
0.0472511511760909	5.65171791636513e-14
0.184971064154536	1.50240935750194e-13
0.0426316470966501	-6.54702123973025e-14
0.154526080950402	1.66111854264904e-13
3.45093093704677	6.52494256382872e-13
0.29028198927061	1.65047002208425e-13
1.08520359407389	3.47223736814548e-13
3.11587590108781	-4.20970939099853e-13
1.50386034099165	3.60947017261681e-13
0.0717792236843923	-9.57813638578942e-14
0.222251061532484	1.38736863303066e-13
0.813236482411957	3.22225158443629e-13
0.185290526514397	9.81222220118846e-14
0.0699810502895718	-8.01376183351299e-14
0.0352427579528402	4.96753644294602e-14
0.289559703756474	1.96728644762185e-13
1.32284131611708	-3.2710205317988e-13
0.895821092122959	3.33487294838013e-13
1.20046554842806	-4.07416372885742e-13
0.246166596810216	1.5249495009753e-13
1.51266842733475	3.21331036314846e-13
0.28003555778577	-1.72312090759993e-13
6.48365921399865	9.0217606416594e-13
0.161917586773173	9.67019347235865e-14
1.09464163474669	-3.54170903850512e-13
0.2483636023834	-1.65101681658819e-13
1.18618585910564	2.9168554404341e-13
5.68319295442517	-7.14748318402781e-13
0.676199470270691	2.5118295594102e-13
0.508176538231435	-2.06219935936202e-13
3.78543204874351	5.90240425783147e-13
0.00405215324969071	-1.52793742979133e-14
0.00246078884919113	-1.69016239409795e-14
1.36311266593165	-3.39820367769085e-13
0.0825464156096581	9.65904782685821e-14
0.132518377626091	-1.17560291322955e-13
2.12031454105429	5.39677091142077e-13
0.053236236260743	7.69941420860906e-14
0.564855384357554	-2.44280413983251e-13
6.24632779075785	8.28664647981536e-13
0.594605665382494	1.91695912549541e-13
2.0620307673612	5.07037405829413e-13
0.19017350342387	-1.07963402437168e-13
0.126400408705569	1.0716644447804e-13
0.581177345806569	2.3206992991253e-13
0.307656425136277	2.04797640844391e-13
0.000918121452236863	-1.18014348176722e-14
0.840157787219834	2.74432275451833e-13
1.16915525037704	3.86724027311195e-13
2.14393898016529	4.40735845948095e-13
0.0992119859635191	-9.44460077425379e-14
0.304986107673309	1.96919613874e-13
0.458948536183651	1.8305326064272e-13
0.0075906153464703	-2.56129240039525e-14
0.00933379224700226	3.62340140943006e-14
0.625356888598956	2.5637980571191e-13
0.754527283798817	2.96461698674175e-13
0.391369886601362	2.11433038208047e-13
0.0282408539989604	4.7872670139419e-14
0.606101483457629	-2.47685199743044e-13
0.0444347452136574	-4.80606734289992e-14
1.35488602467981	4.59909396178482e-13
0.263611049820537	2.23308711632733e-13
0.0351749915704819	7.0096791338136e-14
0.965688337761158	3.13281672502293e-13
0.272794016615568	-1.62606124804035e-13
1.0083108582389	-2.63157428056287e-13
1.3258520036352	-3.81049442033528e-13
0.393921825061873	-2.45063504381177e-13
0.339825803810759	1.4989290812989e-13
0.350926653730919	2.23629256859762e-13
0.0105444142052562	2.28140480274304e-14
0.772446711218859	2.70853859432219e-13
0.175485215159667	1.34164647058991e-13
0.79049591142088	2.71540745786409e-13
0.0848052259355555	-8.72577947436307e-14
0.00583988259413422	-1.84239405349727e-14
0.00435016591164008	1.61989800944673e-14
0.146081379745071	1.1458567496315e-13
0.183324996564098	1.55865731973392e-13
0.000108749690753329	-3.43342935748545e-15
0.311337849970338	2.15771524893469e-13
0.457668644367567	1.6817454875346e-13
0.0551365553822529	7.61033110975432e-14
0.236392804240478	-1.45508415880161e-13
0.0775133515024623	-7.18256594815872e-14
0.752890158363529	3.12234311475443e-13
0.967720012876091	3.51064721337722e-13
0.436783794175988	2.24612243765999e-13
0.000401421987858395	6.13677443095657e-15
0.35795586269382	-1.63734664718715e-13
0.23333398579672	1.37373921374721e-13
3.81082370274585	6.52184096840965e-13
0.382715422780966	-2.2256804714098e-13
0.317820048110169	1.88978487797674e-13
0.0742096952423546	9.02918635803695e-14
0.974864607479405	-2.59189913767315e-13
0.033962051648001	-5.34488608035466e-14
0.00738342740915561	2.59443584095863e-14
0.114690841388818	-1.0410494160885e-13
0.00207971184439355	-1.63380377614963e-14
0.337728769335467	-1.62459105360823e-13
0.0545735254921092	7.16668591132801e-14
2.83912232538769	-5.41810814507314e-13
0.780785660105901	2.90413329439412e-13
0.000352244720281186	-5.55916722934932e-15
0.424407836971321	-2.06693359974039e-13
0.0437746089462662	6.06248960170285e-14
0.381133929479	-1.86486568998777e-13
0.672727765825959	2.18660832256682e-13
0.0435685213396667	-6.89461440697919e-14
1.18643614374653	3.23393168899055e-13
0.696616791538725	3.14604689966552e-13
0.345136728796083	2.5035037891233e-13
0.0875348486879658	-9.38943152573201e-14
0.221422415315366	1.19344815035871e-13
0.130645371876346	-1.21646829620403e-13
0.0705413822959657	-8.88893068801147e-14
0.00139467509432113	-1.2728279750096e-14
1.62190726978918	-4.09449360997672e-13
2.87864782191441	5.8703026860767e-13
1.59276936187367	4.45990425957031e-13
2.05285083286308	4.64674386479483e-13
3.79661799551302	7.88966611987753e-13
0.804470294475926	-2.46569893881986e-13
0.427773886370671	-1.6236043881353e-13
0.0374780394126385	7.20043759226376e-14
5.15360402364212	7.97214916421825e-13
0.0620676468642221	-8.20782763112812e-14
0.0199753101989005	4.23249615807683e-14
0.625056104947694	2.78376869521454e-13
0.421549138092917	2.48390576870407e-13
0.28185231435013	-1.20570459201242e-13
0.0267774411208668	6.04002219227359e-14
0.0425321064957863	-5.52656489419003e-14
0.352955789397947	1.60435256386698e-13
1.09568828687212	3.76627440773808e-13
0.160029274665119	1.10369314420699e-13
0.532407973906223	2.30928870875931e-13
6.55821609699641	9.25033821818124e-13
0.808766709580602	2.80623469027192e-13
0.623849162309276	2.62037044017208e-13
5.52015157757628	8.01604134965571e-13
0.275141991961213	1.58001258799944e-13
0.476828853207594	2.35629100709338e-13
0.0218795268507977	5.60817360838018e-14
2.11314743799719	-4.72499629100903e-13
1.55921363542892	4.6179675732661e-13
1.2395293088908	-3.54106316925263e-13
0.120426342099127	1.01510409745987e-13
0.0954323774852619	8.26341231185417e-14
0.000136652348099192	-3.23426350009069e-15
0.0477317271910388	6.11986081583389e-14
6.93131893548157	1.10062157609308e-12
0.0645904686768322	-6.867025208407e-14
0.193952231427199	-1.30876276382776e-13
0.495627144059362	2.28846987526592e-13
0.000179786592898834	4.62657572659097e-15
0.0701406069742297	-8.07673595402316e-14
0.313453938536576	2.11191757746472e-13
0.0633988310169545	5.81749048584998e-14
0.428362555242208	-2.16912107457065e-13
1.37806062982397	-3.82251953915671e-13
1.3345156263355	3.94568756794815e-13
2.02120908114202	4.36590237941555e-13
0.486534907364842	2.2600490875542e-13
0.0988675630082881	1.02023949363108e-13
0.00124156444105032	1.10753024756085e-14
0.377339570942539	-1.63483432464478e-13
0.31709738909657	-2.01994867402827e-13
0.0931047947891681	1.10298902980342e-13
0.115803195388402	-9.38069710771461e-14
3.16638965502112	6.7875652727287e-13
0.389548821480001	-1.77050507099348e-13
0.543336564211538	2.62717466487396e-13
0.112696369194631	9.10522629189012e-14
0.460465967826484	-2.56467243264006e-13
0.161086083992609	1.17983767366443e-13
0.0488441932548146	5.92342542221841e-14
1.04456209977216	3.61880335451512e-13
0.00010042041605589	3.5170737961529e-15
1.10552710775867	-2.56598283148153e-13
7.53953485374099e-05	2.59385235982424e-15
0.047815123227183	5.72897281593367e-14
0.369812428145968	1.63286054401889e-13
0.862871688641802	-2.96379348800464e-13
0.172635947734897	1.63274778760365e-13
0.811303429472866	3.63080004823916e-13
0.624606486801818	2.27156251520415e-13
0.000288557970879425	-5.40162313665724e-15
0.0116904176572777	2.94046874637989e-14
0.219872828617915	1.45665068369952e-13
0.123702889254265	1.42339985187206e-13
0.0101651489315364	-3.24810209049759e-14
0.180493074906809	1.48628815712222e-13
0.731508035523293	3.38424166879432e-13
0.984311168000839	3.82648515396937e-13
0.587835108062888	2.39330198828554e-13
0.295160726412374	-2.18176900113581e-13
0.00109569919921812	9.91133419542426e-15
0.373573519629688	1.74105304785745e-13
0.247846508282888	1.45242463303629e-13
1.75634926688392	4.1422069579287e-13
1.45269854587376	3.70004783379819e-13
1.45207527129909	3.55808600624896e-13
0.0164694710273202	-4.1740032523513e-14
0.24447708324093	1.54136014010617e-13
0.0117683722090684	-3.26684280729017e-14
0.0655799808281226	8.52387290030817e-14
0.187541253562091	-1.4469446942919e-13
0.101424616505705	1.15217429138521e-13
1.11457947474797	3.49789851083386e-13
0.067067870754334	-7.98209573146837e-14
2.10229494127612e-07	-1.27714752698795e-16
0.441115324773174	1.70557608034711e-13
1.97400475500024	5.92975145409326e-13
1.56305496777916	3.72421460137934e-13
0.0448696793360086	-6.12623413346331e-14
0.238121718906231	1.31586805428752e-13
0.0969026535263182	9.74333232084986e-14
0.104830415477778	-9.30396893436866e-14
0.732658419803351	3.22721760932449e-13
0.0042327566499144	-1.79607952806171e-14
0.150523990582205	-1.0428365241393e-13
3.51741034722917	5.82518158356191e-13
0.349434899715153	-1.99420094339595e-13
0.41612782784723	1.95900691655307e-13
0.0376035819958939	5.26735710419444e-14
0.379875239989159	2.02559651864749e-13
0.000367010845461395	-5.86820910183626e-15
0.319948106421148	-2.33893928162461e-13
0.00245163929792304	1.51819248028645e-14
0.532280402579734	-2.03278271457349e-13
0.0176875297145499	4.5757640861583e-14
0.0255172899013583	4.65047197756678e-14
0.383102074657771	-1.62398255908768e-13
0.030484999712827	6.19661841679742e-14
0.0193237131263855	4.48549039686003e-14
1.1625134556074	2.92423991075251e-13
0.291386514753476	1.61531262367894e-13
0.0998772463635169	-1.10832682322307e-13
0.355527946017673	1.86849699207803e-13
0.0505565657057391	-6.86829864264477e-14
0.0918616505855462	1.13227990061685e-13
0.0185250620360997	-4.21098309441149e-14
0.68910131869896	2.99812536511878e-13
0.668579904678333	-3.00015195433548e-13
0.540772486456165	-2.02409035245308e-13
0.0172334034949949	-3.99544687527351e-14
0.000135049554285817	-4.05850065091084e-15
0.0169608797299268	4.01607009267471e-14
0.238191967157175	1.40429250037866e-13
0.0179212767774339	4.56787689107428e-14
0.372358184779844	2.17116682591342e-13
0.405113827097629	2.20999517765818e-13
0.0240875378370664	-6.00010521445989e-14
0.391375546997734	1.92080560196395e-13
0.439949786001949	-2.24523654870197e-13
0.0654227594189534	1.10674273190288e-13
0.452426469503686	2.3147928438248e-13
0.512058083999616	2.57636585458811e-13
0.0240818680315539	-4.07572135721019e-14
0.407799127253517	2.33828085356592e-13
0.438341678229018	-1.82297400586226e-13
0.474138971155091	2.56591550869275e-13
0.0418019799864646	4.64552477265937e-14
2.48118915991909	5.58022835753856e-13
0.192652292406253	1.5704898051005e-13
1.06137657394961	3.6821957364872e-13
0.000822397231783134	-7.90172885583917e-15
0.395814967829937	2.38879275644977e-13
0.592547910695221	1.9428411970734e-13
0.0451521045439427	6.49796466482499e-14
1.05937862921683	3.27981873238506e-13
2.78209563848367	-4.558015601195e-13
1.83969974606864	4.79168693075496e-13
0.0182909537790859	4.01372668585729e-14
0.861737034530286	2.44413496450641e-13
0.350465721991725	-2.07952700940402e-13
4.77813322906264	8.20070990583752e-13
0.439788313350224	1.78010008294738e-13
0.022522442157003	-5.35620746526509e-14
1.3534842688363	-3.49427086983714e-13
0.052952085305124	6.74854155565203e-14
0.145612060487561	1.02850019769507e-13
0.115631741542522	-1.06540391127577e-13
1.80521551726187	3.56715153760853e-13
0.275187627517584	1.80607668203444e-13
0.00260569061325036	-1.74966526374399e-14
0.288235838338181	1.77632199509164e-13
0.219864784097506	1.89566918632622e-13
0.0302847897917455	-4.64108543838556e-14
0.48483028327274	-2.06224654445264e-13
3.4828664734807	7.38855243368512e-13
0.130991136862064	1.06049074423238e-13
0.900987301278406	-2.61866122058027e-13
0.771781364985448	2.84449722322552e-13
0.529358337263076	-2.65918803413602e-13
0.215642241346613	-1.51396623358835e-13
0.00890897022400268	2.2861062853713e-14
0.341623741166166	2.00680476270858e-13
0.00200701419774335	1.41011692239851e-14
0.0100152845578697	4.65119304682647e-14
1.99259205652307	4.90973683538455e-13
0.158694065383496	1.1208008075192e-13
1.66811032654055	3.65861217597602e-13
0.535444447962672	2.12100622011751e-13
0.146129534321204	-1.16650118785876e-13
1.3180097975196	-3.77004266910441e-13
0.107045058424444	1.09682317966281e-13
0.218080344166609	-1.57984145455592e-13
1.68947547694933	3.25124223418547e-13
0.20386070530647	1.27132178456494e-13
3.58044907131925	6.63835819779742e-13
0.0300940686960557	7.72482914683349e-14
0.0279767205923959	-4.60890129609532e-14
1.29614003890909	4.24915170189953e-13
7.80928669337336e-05	2.43173991350843e-15
0.541739947587723	1.978019705975e-13
0.186434648903294	-1.37502848562161e-13
0.973106161206225	3.0704520212503e-13
1.08403192868214	-3.6801914016297e-13
0.611179582156168	2.27642481641024e-13
0.0526359351637661	-8.14516661366118e-14
0.498192471901922	-1.81814744625191e-13
0.221659328603549	-1.46726846523814e-13
0.307638347708199	-1.92979648770301e-13
2.58564421451905	6.10185261599655e-13
0.877497908235058	3.79900132933862e-13
0.631193737526248	-1.81515369109182e-13
0.604388089498881	2.63359751338274e-13
0.153658003767494	-1.41490802466603e-13
1.95639168017552	-5.32597126356991e-13
0.224489188790635	1.44473013651951e-13
0.0589891779387148	7.11717728720564e-14
0.250863297969631	1.97817208874037e-13
1.47178065596217	4.3235098551353e-13
0.908119832526615	3.48803399099184e-13
0.991682630860696	3.34202919149002e-13
0.628208442038139	-2.83160701775289e-13
0.248025349461786	1.48919779335445e-13
2.32726649357228	5.39671663492945e-13
1.0009678221289e-05	-1.24254379905616e-15
0.42147247372589	1.77611045525654e-13
0.464515424771081	-2.13165570892375e-13
1.30994179676374	3.45240948999011e-13
0.0060245460216762	3.10162471544971e-14
0.442097462426259	2.63826151453564e-13
0.216291017710638	1.77919706721401e-13
0.0189472417904508	-4.36047033599794e-14
0.250919678142881	-1.40155027624221e-13
0.614362665079102	2.58921572070352e-13
0.268674219870356	-1.68243916709054e-13
0.606414740596717	2.28698053820561e-13
0.00726924844560241	-3.36179963398815e-14
0.0507373338562564	-6.96681695594733e-14
0.902968519647765	3.31231549395837e-13
0.597934137784747	-2.41630906271259e-13
2.98965842427787	5.03620586257795e-13
0.202976669845598	-1.75047130624453e-13
0.894495309155147	3.437665737339e-13
0.0245608236462471	-4.31399628272215e-14
0.13076827534748	-8.58961482931346e-14
2.4850450119378	5.04391113510472e-13
0.563867598372091	-2.3650543389147e-13
0.498266077773222	-1.79185824899842e-13
0.303947111735613	-1.47950917265294e-13
2.55837994673066	5.65651799622654e-13
0.0286582233855893	-6.21084977573481e-14
0.418847699817942	-1.87777469362439e-13
1.53449237831919	3.53677590315977e-13
0.0127293808406697	4.36302630744273e-14
1.82729727315885	4.86768773922487e-13
0.66817964610006	3.28519627041651e-13
0.0751770676445553	9.23595729474683e-14
0.996699203715468	3.78425044757838e-13
0.503706631795422	1.89758049944523e-13
0.192925840134678	1.3811754267738e-13
0.181255050478356	1.61637823713336e-13
0.229533295248765	1.43071180679348e-13
0.225732153079162	1.8871439168294e-13
0.00875963075081094	-2.78189416657938e-14
0.0493066528606062	-7.47207326816768e-14
0.84214043226451	3.12598991254265e-13
0.080619631460018	-7.2698225417886e-14
2.27996503180846	5.73453487178905e-13
0.912223709593286	2.55018513018662e-13
1.82081120495641	-3.67283090015105e-13
3.76677513277428	7.35011321562394e-13
0.115343335121967	-1.07239339081997e-13
0.105554174668192	-8.00810472171692e-14
0.50459507029234	1.90139015866913e-13
0.30325034984129	1.35384980368977e-13
0.024154951505705	5.17667617500227e-14
0.00358403346845996	-1.51220088780738e-14
0.344670965465056	1.62930891141231e-13
0.566391824427009	-2.01920194076854e-13
0.29648460197399	-1.91423467521918e-13
0.475162686539263	2.54468774469305e-13
0.229285767484292	-1.24939408814853e-13
0.119867481267929	-1.04858571548264e-13
0.00404695608126299	-1.68448139307502e-14
0.868177313971133	2.88586613684309e-13
0.281901800874735	-1.45180217705243e-13
0.316025880353468	1.59062160345727e-13
1.44640090909091	3.62250882785054e-13
15.6010511190964	1.60805204716673e-12
0.919233171157183	-2.70505941138317e-13
1.63028261819337	4.18462760609993e-13
0.243683319308111	1.70715259286329e-13
0.491925247140149	2.46517856649184e-13
0.90862038155955	3.82311338280865e-13
0.613990355276109	2.33792214920539e-13
0.0582973345799791	7.41462234536665e-14
0.309334783738008	-1.52537872729393e-13
0.204813892635552	1.37441524940655e-13
1.0396788103817	3.7331967492149e-13
2.66164810575974	-4.95443346654074e-13
0.00183452334091519	1.30038155548947e-14
2.36733200693336	4.89785509798433e-13
0.0341861188812427	6.39573361360917e-14
0.109058824288211	1.19568504141053e-13
2.27958693978214	4.96765752608464e-13
0.353271017309893	-1.90399058311946e-13
1.6025560020147	3.54945509067575e-13
0.123212764904229	1.19107635496882e-13
3.10275969692929	6.07258526563657e-13
3.95556608637139	7.15773090080467e-13
0.943531742114559	3.14287028739836e-13
0.0403069061346474	5.88488688725632e-14
2.74349754833161	5.30729322966822e-13
0.253945529744765	-1.6798893271876e-13
0.589965939972977	2.37142400882452e-13
0.0185995726264175	5.10079616024773e-14
2.33920316181181	-4.03782707944939e-13
0.0298670722111704	-4.43265144837512e-14
1.02133259165145	-2.28482679355004e-13
0.0024983754497589	2.07347508600368e-14
3.42271600430305	7.52329322122687e-13
1.30512713988996	3.68553411697968e-13
0.00998857961148756	3.1388879684855e-14
0.109077472264259	-1.01085868662004e-13
0.0628619859804347	8.32686306771697e-14
2.68525684339142	6.91996578027708e-13
0.956280487379711	3.56682912519325e-13
0.221302955204194	-1.29615236423145e-13
0.00191876809920295	1.23115438571036e-14
0.311633595167578	1.86498426154633e-13
0.728256724247464	2.7347898920503e-13
2.40111390588233	5.93394770811919e-13
0.716861775680897	2.85374313887843e-13
0.000251987525165227	3.74934704782546e-15
0.0452479891680436	6.23563185729232e-14
0.0465355123252487	6.64542244087442e-14
0.756716875556489	-3.56478986015131e-13
0.00013927866688749	-3.32012608370475e-15
1.30012361644331	4.16528583180622e-13
0.139608245847813	1.49081791997334e-13
0.00829059105760362	-3.01834453072257e-14
0.0293266611964399	5.74236464283234e-14
0.0864907530242531	-7.97618717460491e-14
1.54213818964551	4.64377943171572e-13
0.934239168469634	-3.11405088589713e-13
0.0372038012145814	-6.68853402167177e-14
0.511964099662173	2.42517852449548e-13
0.227135270161656	1.97558381985494e-13
0.550466657026313	-2.3460918452072e-13
2.33177563249865	-4.93379911239917e-13
0.046158252420177	-7.22345716068943e-14
0.00165482588228755	-1.2136215388443e-14
1.37322781380565	3.84820480514878e-13
0.19193069626902	1.28077981490077e-13
2.51933319184883	4.29418490370751e-13
0.34268426012973	-2.08443914623408e-13
0.276611038551327	1.4325731876805e-13
1.25981427767399	3.96356336847223e-13
2.88345510220875	6.3834072221244e-13
0.134653430160119	9.9530331529289e-14
1.33207433495663	-3.19922357857137e-13
0.232292113479247	1.43161312704033e-13
2.4053333709517	7.52284105738132e-13
0.0758254455076095	-8.92101314166972e-14
0.448261329744449	1.76172363052637e-13
0.129365781780424	-1.0172817645043e-13
0.462152389214484	2.14321896074637e-13
0.233506750504426	-1.39189549434967e-13
0.491639864580424	-2.56067853102707e-13
0.696900581112327	-2.61851642733272e-13
1.34989538130094	2.9274557824773e-13
3.52152289739472	6.55797750257667e-13
0.724193033406846	3.66238067901581e-13
0.33063557459816	1.65258603283639e-13
2.5364178806094	4.84450620319533e-13
1.2994807851595	4.32819828802541e-13
0.434292648867023	-1.77449269301108e-13
0.0872835345493416	1.00143501879069e-13
0.245415144756665	-1.54409195492337e-13
0.0437647041660516	-6.00465036456521e-14
0.436293498470874	-1.81187010805269e-13
0.478992840159907	1.75062008361027e-13
0.0136068793888491	3.8242037596877e-14
1.0100464852508	4.03464156994943e-13
0.486591123100456	-2.46864807334597e-13
0.000369974556982181	6.5238259872837e-15
0.00382587163149593	-1.93175462453459e-14
0.300611274048282	-1.8876319137561e-13
0.00820864580249389	2.81664964528488e-14
0.935936138624285	-2.85840598215441e-13
0.62527018545111	-2.09495072866014e-13
0.545376050737037	2.29360358576379e-13
0.0481520042960037	6.5160301467275e-14
0.088626633244906	-8.99418147128623e-14
1.11130736395256	-3.28779194289595e-13
0.197461337166225	-1.32149905620621e-13
0.890450194195799	3.36717922240119e-13
0.0182309565426385	5.16840474799188e-14
0.000147481545831716	3.7895971694295e-15
2.04209969499006	5.6007030149966e-13
0.0875442290185416	8.98418606717261e-14
0.746058597078313	3.39219566848176e-13
0.914273394483632	3.2516681383524e-13
2.13046407580196	-4.65774577169234e-13
0.150987025096393	-1.20603510504539e-13
0.175157386038739	1.36840106798995e-13
1.75268264181491	3.8281221251017e-13
0.0903095888435294	8.84723906201187e-14
0.103585639844962	-1.10702629750992e-13
1.04565082279953	-3.28739714920897e-13
0.0614893854252988	-7.9413240516517e-14
0.728740666531066	2.46822227126313e-13
0.000532187378818475	-8.72258725516516e-15
0.235230863777347	1.36059666722443e-13
1.08234599732585	3.0994371410204e-13
0.00184105242650479	1.16497533273356e-14
1.23061420222571	-3.63266982817899e-13
0.0707945068712986	7.98014495227042e-14
0.200925383015979	1.8076271799838e-13
0.0675537903943378	1.08788864718272e-13
1.37795423238918	3.06261803393612e-13
0.00672344202107227	-2.09729683596958e-14
0.317092757057247	-1.51561695821259e-13
0.0390747098715858	-5.56050363019309e-14
1.26076975411541	3.64847254877213e-13
0.215091434202276	1.05974539733283e-13
0.130389645420939	1.20663119223446e-13
0.0909339928144468	1.11640837193264e-13
1.59857503740384	3.69059727185863e-13
0.390813598270326	-2.45488358597396e-13
0.293912905178328	-1.59918667082358e-13
0.555571335437535	-2.48231245102703e-13
1.28384481997223	3.13490634610371e-13
0.886343737516852	3.33554496656827e-13
0.251958584005185	-1.6668609634763e-13
0.223272710279022	-1.47843538723704e-13
0.176745678681519	-1.45666567665817e-13
0.0475114160573775	-6.56668531098475e-14
2.67967092604055	-6.29303942134359e-13
1.24812145627538	4.06553874670808e-13
1.78661733712293	5.26768104502115e-13
0.677779809141806	2.55726420810271e-13
0.317298976132902	1.62517515897581e-13
0.185863380628925	-1.5434994658347e-13
0.256481554744673	-1.65940257999888e-13
0.0700193793333054	8.53732050718239e-14
0.0231632366416247	-4.46330481024742e-14
0.052230035714953	-6.67973011444667e-14
1.69781810585603	4.60926234302086e-13
0.109052230248816	1.34301603031496e-13
2.84018497484908	6.13302561522285e-13
0.261654190027491	1.66463250811541e-13
1.61760929348036	4.22616246164379e-13
0.0990522396423539	-1.04419257239538e-13
2.18201373920322	6.24179459647608e-13
2.20237657120138	-4.26607351003378e-13
1.24779053107131	3.63321653132151e-13
0.929044656301554	-3.06487583625573e-13
0.521872140413138	-2.13943693482823e-13
0.0297202636882917	5.44952508100974e-14
0.0343729100733875	5.84902908301077e-14
0.0165809658249216	4.70983708781684e-14
0.849491128747794	2.6962281686307e-13
1.97459485038476	4.71229258283851e-13
1.52276588299325	4.28560286722358e-13
0.195485138022183	1.39749441063924e-13
2.31582547827141	5.73446947236607e-13
0.648946452419311	3.069271672587e-13
0.0117812132340584	3.30268046071439e-14
0.44834573538401	2.23088875314006e-13
1.25436366546939	-3.11341338162427e-13
1.01296276263492	3.51185951896404e-13
0.229987384594911	-1.23606318134816e-13
0.451272140349129	2.02276305936042e-13
1.01801658377292	-3.27611337092666e-13
2.28587558340579	6.57950623017947e-13
0.300508370655777	-1.89723759433129e-13
1.08189082297488	3.25812475084281e-13
1.85579958267906	6.11054922923721e-13
0.332144149916205	2.38936270888882e-13
0.663187807620511	2.43221921563452e-13
0.00586955665400036	2.27633345420011e-14
0.0361444766971319	-6.55732662457258e-14
1.30154193068697	-4.13009962414831e-13
0.00122157481084652	-1.06520384837193e-14
0.00725037694091569	3.10433099782834e-14
0.38542476805824	-1.54878123000089e-13
0.656265453426437	2.25818917978776e-13
0.120923025948289	9.42919812024179e-14
1.49627034025444	-3.68533098663924e-13
1.22583854474941	-2.77359328835484e-13
0.000574800927363149	6.79560095988481e-15
0.0257835665838326	5.01358042750663e-14
0.278633948547697	1.77978406883174e-13
0.685778852645161	3.25600776224424e-13
0.0015997442616289	1.42070793826976e-14
0.136289442318465	1.06144810633727e-13
0.0214764182467141	4.89537861326111e-14
2.2488877477127	5.415067646363e-13
0.148295828323906	-1.31460740585493e-13
0.587674294990388	2.34768019152253e-13
0.686393063659464	3.65410121502589e-13
0.0010223450100342	-1.09574145203747e-14
0.301039827199228	1.64818639193347e-13
0.0144983438306005	-3.94486615761248e-14
0.537677433913589	-2.50499146366507e-13
0.0434456756941521	5.72135424436034e-14
0.015556236222731	-4.0653682533367e-14
1.66014965143601	4.74707886067763e-13
0.288464035463149	1.85787368314781e-13
0.589423970275619	2.85093032697655e-13
0.0633994023574035	-7.3113612732591e-14
0.417767751510878	2.54886895923573e-13
0.29422153559184	-1.54183265246893e-13
0.144356200769504	1.19818011568316e-13
1.11660809473682	2.88538262611237e-13
0.312353536003935	-1.72841621736788e-13
0.237528724873803	1.58556341357485e-13
1.89277750221103	5.8499281548604e-13
1.20680087064583	3.38082290170359e-13
0.660481475644969	3.48996280702797e-13
0.298107241590115	-1.85226981968372e-13
0.000863271279197082	-8.26590545991037e-15
0.740862356297539	2.62466801721998e-13
0.0515182415925219	-7.23777137359269e-14
0.473886118289029	2.14649917674191e-13
2.7332788535708	5.49806001997706e-13
0.00049271538495672	-7.78373160623838e-15
2.69502079669165	-5.21660047967491e-13
2.8794629384901	6.25334111902271e-13
0.585994945769817	-2.54491111916608e-13
1.36193699976082	4.0344450739516e-13
2.18716030119586	6.24826659592825e-13
0.907346174881705	3.08975594354204e-13
0.804451309030887	2.37359718441814e-13
0.699940035652434	-2.41033820814189e-13
0.210583670252815	1.74611155392357e-13
0.00199335053834981	1.47212390048582e-14
0.152993450612122	-1.21729807111758e-13
0.493949625973116	1.9810559082682e-13
3.23194852510157	5.90160193061962e-13
0.0123083805663368	-2.60714786152342e-14
0.0376649719130283	-5.40430171362976e-14
0.00403816685202842	-1.98495232131174e-14
0.0993191281380076	1.14043868978087e-13
0.0211470895201526	4.75832010577897e-14
0.161959381262694	1.82135043286169e-13
0.175703873990737	1.5458105136054e-13
0.206907320155429	1.54369774700879e-13
0.0956268344639132	9.44590322409712e-14
0.205990797300176	1.80785546311165e-13
0.337789559871076	1.87801250462639e-13
0.00495736570357246	2.01302863127735e-14
0.000798708923309848	7.39945888884271e-15
1.832264808333	4.49067948308889e-13
0.926217001930365	2.66133075940327e-13
0.0287409619204312	6.28751204156814e-14
7.33903267325892e-05	-2.42506272711354e-15
0.150876841749468	1.30766374299088e-13
3.04508236606358	6.63697216535442e-13
1.40320842263269	-3.56979098810753e-13
0.621047402677021	-1.99538760993824e-13
2.27008922831788	-4.07014278069583e-13
1.02210743797252	-2.93022684459585e-13
0.415398448755014	-2.01573646091248e-13
0.0826648006435844	-8.31828271827111e-14
1.36597723159684	4.47222761640794e-13
0.00028094737755484	-4.35415080867533e-15
0.0321649252126366	5.94033839887552e-14
0.17697704272902	1.47727042464784e-13
0.315061543874721	-1.69823039879187e-13
0.153209377962546	9.77513871186817e-14
0.856386631793009	-3.17072792688764e-13
0.00547957638354024	2.48095851073161e-14
0.16377861285278	1.23938388245751e-13
0.138953752377884	1.18670939793539e-13
0.00456463752970543	2.43749447942054e-14
0.458742792162297	-2.15260834957059e-13
0.046845091513513	-6.14584066563733e-14
0.25240348823788	1.55849966373166e-13
0.0234045975740087	-4.36031071344866e-14
3.38296400113396	5.67487487879283e-13
0.690822713059392	2.85348622997272e-13
0.401443519418025	1.95579032100433e-13
1.15946348029854	3.2382914012166e-13
1.41591149819649	3.90734382147422e-13
0.0257365547459662	-4.47170960164356e-14
0.159594110893877	1.67138770957725e-13
0.296736147731706	-1.43000511778131e-13
0.00610001381911131	2.15471842691344e-14
0.0107625994294604	-3.84319152015144e-14
1.49043088383946	3.88269046923303e-13
0.470322494696168	-2.4646548924908e-13
0.0745942506355113	-9.81852098198253e-14
0.2124347629659	-1.2377928431499e-13
0.0206257381467789	-5.47654823004959e-14
0.00617485290487891	2.83322836904491e-14
1.70814993124427	4.52439777070388e-13
0.00740384021875779	-2.58109755812514e-14
0.200903529892624	1.38739374804532e-13
0.0629280897532488	8.76078806312757e-14
0.00929295452776778	-2.82644753937629e-14
1.06904430490819	3.87557654922336e-13
0.00443453128467111	2.43589136303914e-14
0.886384147568713	-2.76559157394912e-13
1.44080898966048	4.30891248701642e-13
0.252506602213513	1.28311976926232e-13
0.275345343445636	1.7398418871062e-13
1.25039057405037	3.47995769508362e-13
1.9909243910385	4.67335584994818e-13
0.258994650421371	-1.422066388395e-13
0.00792710735224489	-3.24858024963031e-14
0.768656383562919	2.32076554889754e-13
0.0481780399189781	-5.83336002638342e-14
0.197536015430027	-1.52090036118345e-13
0.0885146779434125	-9.42134443855515e-14
0.0261092853675958	5.02805903237446e-14
0.402082780489399	1.58802643318118e-13
0.0814930352830451	8.18227007169607e-14
2.10366278078032	4.78467957051152e-13
0.159687342497207	1.45803001980286e-13
0.0127008025224136	-3.22327548961878e-14
0.0948617054952099	1.10912736794193e-13
0.831637190121623	3.01224572556347e-13
0.560245485222643	2.60960686774293e-13
0.276920090777694	1.3243479175653e-13
1.46523166042477	-3.18104065241017e-13
0.0134891288859122	4.0105395147429e-14
0.117058793424422	9.06040470075216e-14
0.376326159793376	1.9351280177439e-13
3.34078122644731	-6.04282640687686e-13
0.597305904472098	-2.66710082788577e-13
0.271795235852904	1.87928101136594e-13
0.0150567172813064	-4.06142735774975e-14
0.284394085930059	1.21746898768681e-13
0.096058632252084	9.17923980578312e-14
0.406932876929492	2.03819225438974e-13
0.560431845989451	-2.64709896488249e-13
0.216696267026286	1.63057176706816e-13
0.00382381294205415	1.64318984342517e-14
4.22291280604274	7.1168269891217e-13
1.2754776472112	3.14530913276115e-13
0.116823260147695	-9.26140780540442e-14
4.18968661009591	7.29253095415208e-13
0.273696955353185	1.68443104119099e-13
0.0286476926913605	5.18149236056313e-14
0.969438201138431	2.78637623452051e-13
0.630444064821967	2.77516420745195e-13
0.202141592428524	2.18139040971994e-13
0.00709007345306401	-2.62266492752447e-14
0.0216091315586786	5.63953739134541e-14
0.295035703959104	2.21674006721775e-13
0.0255789004786515	5.08261182650926e-14
0.166515472011146	1.47284413078313e-13
0.736385546751759	2.54940673516075e-13
0.899716187661763	-3.69420036419217e-13
2.34080718652624	5.13474133925489e-13
0.0460558132789194	-6.69970654587145e-14
0.246116718390167	1.71392552531487e-13
4.55762810147038	6.64963370115442e-13
0.344343260419697	2.18695598591035e-13
0.154774835394364	1.32613867071267e-13
0.0816584725947467	7.81968688288775e-14
0.418809890222972	2.04752063976751e-13
0.0585216540244537	7.72579560270295e-14
1.27662520173561	3.30416807046238e-13
0.100287868837327	1.07750778928283e-13
0.0426947806284288	6.04485970950541e-14
1.54273748634941	3.73146043013877e-13
0.298007524546151	1.8261342575767e-13
0.465858681066806	2.04390525443158e-13
2.17941263341912	7.3338341699261e-13
0.594505540639556	2.59382117369905e-13
1.13054923144633	3.45003071072592e-13
0.446631071996215	-2.24540686521488e-13
0.783800084997383	2.59844357121261e-13
0.2705304615559	1.75763112792902e-13
1.65613474084728	4.25623086131831e-13
0.1562686850516	-1.14109246331719e-13
0.219187217393658	-1.41930407257635e-13
0.5620575136043	-2.5256427582304e-13
0.166259272011436	1.34505423842573e-13
2.64907839180182	7.41599456611656e-13
0.529599213988013	1.95645332113224e-13
0.00574762027186294	2.70966517332283e-14
0.251491691899392	-1.61516259384779e-13
0.0642003594592236	-8.1825074657273e-14
2.56474476128769	5.76012168018488e-13
0.672826010083663	2.52736259441889e-13
