R^2	beta
9.09403958220574	-0.17590977562736
5.0664059959931	-0.108597629407799
6.91780043213972	-0.129772055543763
8.03829464671637	-0.138807591159674
2.93828057921835	-0.0954012731252758
3.73739936838877	-0.11293028508991
5.69465988184363	-0.144467686059625
9.2019040055765	-0.137519346247883
4.9907734018214	-0.0884817877236709
9.14371478442411	-0.183271610384642
8.27162231667063	-0.168513910128602
9.30776173646772	-0.130978999125326
6.49376841564148	-0.12481645885649
8.14459123651714	-0.189631622003917
6.42467437317592	-0.103974369020403
3.68571586619672	-0.103953419264491
13.9771641982388	-0.242601255871315
10.5636305890292	-0.198746264619703
14.4276087387571	-0.180205132704599
8.26118585776803	-0.164737563287814
1.62852579990377	-0.0915524619366156
4.16668202795127	-0.138043342228743
1.274632574218	-0.0589043672529686
2.65251166276349	-0.0702516082162626
14.0897135111035	-0.170572141810445
1.07394340485636	-0.0591898819927547
8.17759397894	-0.118551066136414
19.3711022923114	-0.273498283394414
3.25521267734436	-0.0696199836363744
7.05406692162333	-0.120023852828199
12.0176404499233	-0.266960774509242
9.93435671586447	-0.204254514296841
11.3062826740729	-0.150964957512635
6.72254808492281	-0.120373620788986
4.48373317717921	-0.100776256910937
3.40896706492919	-0.152393802122796
7.37150148255354	-0.159614475996476
6.4364276725796	-0.210692074451211
5.085692760277	-0.0971128341360804
5.79931010210962	-0.125880236390699
13.7308805719609	-0.230875868011368
19.2700639908219	-0.279264857644782
4.73877802385594	-0.0920232294000201
1.47681256967497	-0.0619322958123422
7.40720340337382	-0.155582278681064
9.26674399174023	-0.189567505865218
5.27201882000941	-0.120797921808785
4.08404167409301	-0.113549008205797
6.65183498772485	-0.130391524817557
3.80881666803145	-0.0927913963389927
11.2930072519444	-0.113480612663829
5.69865940449836	-0.0791960557888166
9.86066546763649	-0.151267474439176
8.52018958748253	-0.166069915264276
7.49350692677979	-0.0904220196410497
4.99463943970556	-0.14655399918262
3.79149907401201	-0.127374569496117
7.7044163780554	-0.13938936691239
1.90130222788399	-0.0737423301448327
9.16837980455167	-0.156499758065611
2.96161500067753	-0.0624250726434072
3.3625075586838	-0.10168952037961
5.2669563002505	-0.131364347780632
10.5992787452517	-0.147650377187972
7.66333161434408	-0.148507599113874
5.55334745062713	-0.121226027182632
6.90597158570479	-0.110045124412037
3.99709989628658	-0.118639548224813
7.25159011176158	-0.13359702672203
2.80229593314534	-0.0940963172440691
9.28855039396583	-0.159934884701467
8.95561916719186	-0.104364368613999
6.71538240037928	-0.126820434230296
23.021786463939	-0.241528587744319
8.07595506638569	-0.157437861889386
8.47058986255089	-0.181413925783363
7.87622250735164	-0.108604232053604
0.107770855996674	-0.0166994076695901
6.97397790659939	-0.12442590817075
7.53146543524114	-0.180123608514316
10.7048776014791	-0.156220063350272
8.92723721712443	-0.170804591192276
3.41264107314941	-0.101246528748666
4.91349940397679	-0.103199795698296
5.76709167105358	-0.127384747786082
10.6591675364235	-0.172186296264234
10.0738796108461	-0.169870585939475
7.33822736126509	-0.153144838880603
5.59448312544557	-0.0953968018779103
10.1989874359431	-0.195586699712933
19.6429305160308	-0.208130151562209
7.89432899666133	-0.0979675588195976
8.95674462605494	-0.196882684066681
6.00753152724028	-0.115158398368909
2.59791750211468	-0.081900614831915
9.86433910788236	-0.177654095323514
7.73823227671727	-0.148423515349668
4.20838580007373	-0.0845784733779513
7.00916165826439	-0.118002186695099
5.96759313956527	-0.171620141894231
8.11943228197676	-0.169548394812754
10.3131329536861	-0.159921437522714
4.60677734283848	-0.118033686177356
16.6051942280877	-0.311830834220043
18.463765433694	-0.290159495471761
2.34855136032144	-0.0859356747086429
5.29695119233818	-0.122778540012399
5.68354323445251	-0.0862375049213941
5.6063097810394	-0.134027268582989
9.97571922800625	-0.176974702092754
12.2785942492254	-0.232287155681651
8.05741150953191	-0.170018740107833
7.14729654081468	-0.166277263935716
9.31381921455085	-0.127691124035608
6.43175861173283	-0.124291480484853
10.779808220045	-0.203256643232507
8.28695863977397	-0.138490017546533
21.9458937997615	-0.241905446163791
6.91291693517487	-0.100515410400825
5.26364036895532	-0.0991429228306098
14.7587532354944	-0.303768264406291
7.70421005059397	-0.131793279956884
8.40398316059131	-0.152840684323918
2.96029492405537	-0.0779334413254514
1.14133435907247	-0.0669769434928394
1.0197932907101	-0.051977463898976
18.3885034075521	-0.324895328412407
8.71411824448745	-0.118801160941856
3.69420965031389	-0.0993642435969189
9.30573098310813	-0.153199387422102
5.32400478806046	-0.115421260447896
6.14640099008702	-0.127466671825747
9.20337342397774	-0.193976240467872
6.70803554155346	-0.115785704014329
6.31231904809177	-0.127816637788287
13.4895769413238	-0.155755897599787
10.8776935526979	-0.172322367635204
7.91706495545804	-0.11340664864342
6.67412538634605	-0.129954871704333
7.32741196227811	-0.164175413823207
3.0227857749077	-0.0677217383143675
6.62899527152021	-0.141337216887617
4.42502549541277	-0.117158970758179
6.47944546328427	-0.138499764864222
5.08693419473508	-0.145701523653518
3.24610642289629	-0.095660233077389
9.75327651338768	-0.224196258145349
3.69601850260374	-0.105488853699729
13.9529978546009	-0.204496649835314
1.98502575623431	-0.0747491651698282
2.32870109748932	-0.0808515384585284
5.00044343848795	-0.115468402962268
6.91531727284091	-0.141734198939886
9.00369899435737	-0.138732959426713
9.32493774607488	-0.201245689052554
4.28450973183338	-0.10159564220543
6.85876948998191	-0.142081790820184
10.7646353569337	-0.262944726121284
3.41207989281352	-0.0944773266492225
15.3611317326801	-0.198004916380295
8.36432966612762	-0.136104680136556
0.462869914838891	-0.0335594845515341
6.71984316208214	-0.123979820114972
3.46737058931307	-0.0919007635918088
6.73290168927766	-0.130553502119088
5.83732821924098	-0.134466548176614
7.97959333377602	-0.16685798012138
2.63589467224294	-0.0805143898533479
4.62909176401122	-0.105446181790809
4.30358132034175	-0.13158074735843
5.26123641239238	-0.128123717969251
7.20321479487971	-0.162234085346092
16.6231497628085	-0.236511172004625
9.91614776815711	-0.155886052431133
6.39139191145172	-0.102491308017792
6.46308291166623	-0.138198726177237
7.11416496771414	-0.161995257102913
5.58471084910577	-0.114483194239152
7.73499943710307	-0.162465640609157
3.09052910454511	-0.103450575570697
4.85197204365072	-0.0824895737294068
2.29222573344518	-0.0726989624116168
8.07113746198781	-0.148061129777362
2.23618568723387	-0.093935386258332
4.24534938468129	-0.153114692908218
10.234344436674	-0.175033252797394
8.19783431809252	-0.126876068824127
7.41052259557857	-0.136835387660062
7.34737025423207	-0.172666287315236
1.7050980000565	-0.0712265244816676
6.62155408864257	-0.114614072459754
4.48167687535274	-0.10479967729016
5.07353786228429	-0.132977983057876
2.42439780296327	-0.111208714437768
8.37525062440418	-0.17563802394142
12.6518173760433	-0.215004006958263
10.566851222679	-0.122109880779391
1.81113823324376	-0.062952437054704
11.4893025370473	-0.167438757913283
7.24284392686866	-0.167588619766779
11.5815496937842	-0.186949460142478
5.62480163255551	-0.126335406841109
8.1355383553212	-0.189998676607517
2.90783430809766	-0.0780603077661706
13.0996681404048	-0.264412548638952
9.57379709408157	-0.143117443539769
2.66598486794326	-0.0849166143313474
4.02003711994538	-0.114069033733212
5.22506190094799	-0.108625046861204
5.54681168502431	-0.0875917768215328
8.91769988781739	-0.180655702078916
1.85968769898534	-0.0752461480443387
5.21588085352369	-0.140535807352617
6.28746750567667	-0.123369199408789
5.91203684348048	-0.127412186949589
4.43581440038454	-0.115231854426196
5.58174044163025	-0.128699123079559
7.45472574824312	-0.15047916932203
8.35208885383839	-0.174326709024322
3.17826472709141	-0.0866744964218926
3.88774237793193	-0.096029014140964
6.96666787721852	-0.12579001403892
3.21077749829525	-0.10484364503329
7.95024816164068	-0.135553554786143
12.0113830378711	-0.222757184379285
4.6744151870954	-0.114258689653002
5.89903198442127	-0.134640913724435
0.170519165490868	-0.0144472365144449
1.60906780814885	-0.0638247788394126
5.09005066103139	-0.134959773690904
5.0963463410634	-0.132167651380994
12.7063982211228	-0.279318367308784
4.81013616529477	-0.0970692411194325
9.61055083691094	-0.128195312042654
11.2460260351836	-0.147853520923285
4.68381550504981	-0.122169387218512
9.02862206504215	-0.122055114535153
12.0438493803758	-0.214965050369251
9.40340304957101	-0.227936661134081
4.54015708255676	-0.109046819445776
11.2872017247163	-0.18803494238616
6.82608366860402	-0.103709757264005
5.2825021435708	-0.121816390667992
3.77566978453554	-0.066200758439258
11.2988668763773	-0.127738085509119
9.99469259481383	-0.137544137269319
12.1229892715588	-0.131134866222784
12.2657914386406	-0.196912396639991
7.5171684024251	-0.203813397477799
7.49103492044737	-0.114095439667998
11.5559733854847	-0.164193340454992
2.9788781546127	-0.103881198566583
10.7166738243246	-0.179754021960111
0.653862000810227	-0.0456968713524897
8.46250954001335	-0.189151159775785
20.5354881400901	-0.320261004567734
20.1371211874978	-0.293896368927175
2.34418325233309	-0.0623346478243464
2.99981486464938	-0.0900311730436081
10.0413406345422	-0.16345285813664
1.6956339029346	-0.0516747117994661
6.45122162176923	-0.131222992317383
8.08921120503033	-0.118843833420897
6.90814600269115	-0.183719001186956
4.81532457138436	-0.107141380535868
7.94143011943298	-0.141515915269464
9.21158230872191	-0.138209520063718
5.8836898012008	-0.100102538180051
9.05556982595798	-0.175664290616512
10.8932535245976	-0.146380673600475
10.5304233710818	-0.136456323227716
9.53041242440233	-0.127255063981871
4.58931182546713	-0.0872389089141828
10.7836462735502	-0.216039397674214
5.01583869192589	-0.120086992520996
12.589946313121	-0.256498660800915
10.4453599585878	-0.151238763429294
2.57953288943439	-0.0575534755979805
3.08000052019888	-0.0763014048213556
11.2075192241584	-0.17853018554112
4.59223534338103	-0.101814892765807
9.33004367420526	-0.161599574394887
5.84805474778228	-0.18409681030342
12.9941651181634	-0.234259693359395
4.58039003338861	-0.0785957204351268
7.44125381930246	-0.1376346269565
3.75126541199899	-0.109100178703859
4.1842751307392	-0.111452341971519
3.78455570062079	-0.121464156161958
0.562570279596247	-0.0488544110813849
9.93789608293809	-0.158835659659427
5.80501486784966	-0.15198034985873
1.32209268426088	-0.0639722883695199
3.99501377627106	-0.108867643347198
7.71355006939809	-0.169356308098021
5.68010664759599	-0.0913939147885116
5.70543260701432	-0.0936426277144577
5.01795048972334	-0.204180915921286
1.04318528767121	-0.0504337499117671
9.0413773450512	-0.180031564424127
0.134677077413004	-0.0194709257122705
6.48667061297443	-0.108007583334347
7.19526659417416	-0.129289976360281
7.0711658013217	-0.121488131827678
2.88278597178898	-0.0929400972680487
3.74626596463656	-0.0927457584726569
16.413103532845	-0.236167298685757
12.4330500639562	-0.19850156386945
8.96500248406665	-0.136057129169214
4.3847603578237	-0.0941981622002952
11.2212471125229	-0.195135827489423
5.38728131832341	-0.151501488065446
11.5530322798945	-0.119378512521114
7.52233679876507	-0.199750889983103
4.23683771217865	-0.093303462472085
5.74845973102986	-0.160784892926131
9.66954313989921	-0.192641685785053
7.88246005747307	-0.150139748300552
5.36217205658309	-0.11595927707609
4.38923676818273	-0.144560430656258
8.04090061395142	-0.126035034465587
12.6331774962055	-0.191047327475118
8.72006880389565	-0.186591088150637
3.08504605762264	-0.0806257307046734
13.0042215725321	-0.147456276896831
11.2968091733909	-0.152893133126766
4.51824718908047	-0.100902280959622
3.80873817498773	-0.102331398439958
10.3393182552604	-0.188645282264287
2.65365915178624	-0.0727429921642038
6.77691649199048	-0.198976778988789
21.2033766995723	-0.235567617883426
7.32125205181068	-0.135579727397485
1.44124149542946	-0.0907639530283936
5.21862082532088	-0.0855153848670411
3.07783406987168	-0.094143148313103
6.62681664907032	-0.14237620727654
12.2251019823898	-0.231791409228854
5.89194943329443	-0.149904486576926
3.15006494392141	-0.099018739539815
10.8635229541888	-0.17950355540751
4.24509215490504	-0.11336118395041
3.75418585221227	-0.120608929461542
12.1905260612017	-0.187456673054653
7.70266934343757	-0.137387791548901
11.2584000240942	-0.152477433429383
13.6167030758862	-0.216480528836365
1.99343673236872	-0.0609063525056804
3.30462024982736	-0.0969098418893949
4.5604096570274	-0.124340606355059
8.70108725062204	-0.275215115867266
4.50735626713406	-0.121978644548538
8.2960505407971	-0.141334124165982
9.44447764543414	-0.161798055602497
7.36059442593681	-0.109687713424298
3.07005942207341	-0.0856835347768496
8.32537667777638	-0.132708602039991
8.73450932999185	-0.168166051851463
12.3914970868105	-0.202344293226242
9.61125554512486	-0.175931255171266
16.2655049274664	-0.193198096058924
13.3130964170755	-0.240272134042373
6.9439141000336	-0.129413996846207
8.11130270477916	-0.145896686894377
13.9770235805002	-0.189668591860677
10.9342377051142	-0.149533772062376
18.1934455206094	-0.180639884610954
4.52786114019781	-0.121558226391853
3.704329540537	-0.108372470665729
2.49408900808009	-0.0812065168903267
11.358644537852	-0.18649639918399
5.89970242773549	-0.125839505816689
15.6559638568865	-0.212668174782754
2.1217228176818	-0.0838001829873661
11.0360187749927	-0.264749223441884
10.7201185488104	-0.261796379326517
13.9524252739175	-0.247715261442559
13.774000972003	-0.162164882236497
0.864896190401383	-0.0690020980862442
6.48010329600133	-0.110133441845148
20.4131676675472	-0.353433063283591
6.71796463029219	-0.144763312461283
8.26661512355121	-0.133027982442825
3.95685732049008	-0.110514963868473
10.8458133471265	-0.240419681031366
2.03043332536548	-0.0613410391448906
11.6610499642667	-0.150066468070529
5.32774115135131	-0.101005831473383
0.0954166000554861	-0.0212279163560117
5.94159591173171	-0.105531596516971
7.55247188534837	-0.121710213233121
5.89233480026803	-0.104890089795432
8.37142302365742	-0.159553815637206
2.21998236682187	-0.0781654002840744
8.72859830565683	-0.169889183378096
4.47213263952318	-0.107239045501249
1.57076090771695	-0.0629013199423343
1.79598373598208	-0.0824815744619714
2.56221256181708	-0.0832119443291892
14.0187638792655	-0.224146517476067
5.37045059508915	-0.142475860247117
4.42922537882933	-0.163931556666393
9.66205995654841	-0.138423159404527
9.65399375491655	-0.115183236455363
5.80431075093052	-0.112060642902156
6.93948636703574	-0.147760735908061
10.2351218876874	-0.158168626423336
14.2598540126346	-0.201605544991375
10.5053590285989	-0.201010702993026
5.65389802830751	-0.107186215327613
5.33536628189502	-0.100570236633336
3.54538044032639	-0.0724641003678805
8.49009628787356	-0.167229193868933
10.0857155953574	-0.176086759357272
5.3783885357884	-0.0854956753124515
24.9896570269698	-0.274083305970613
15.5350833698898	-0.188496161460958
3.99064251924105	-0.10128068276205
4.8752933328595	-0.0976720887545525
6.31239586943187	-0.115143599334797
4.24109453836878	-0.0927351862825125
6.12341828838329	-0.130329560695425
9.17741667771833	-0.11163486574371
11.306926444995	-0.210405530356092
14.5985519412406	-0.181129041081059
6.61360314269871	-0.114985074081062
6.32190900685051	-0.124743169893092
10.3041832581804	-0.138011675013555
2.61803672629287	-0.0589728854603783
12.1122860979971	-0.195504259645601
9.4560064984906	-0.155045162361357
3.46001878632942	-0.0809290512107613
11.8279341571438	-0.135022437177342
9.65937632460924	-0.176408959518374
6.10409057893275	-0.113790218850983
13.9709059299306	-0.25150463775884
9.84602601986911	-0.125527449348324
9.80286587647381	-0.187495501536528
0.291039557674639	-0.0342203238071311
7.44941114732335	-0.138393139023676
3.81011363713014	-0.118891542165645
3.84259886247175	-0.0919054340519946
4.64107787576235	-0.117150246670098
8.8290568613662	-0.132020218196433
0.994388771023896	-0.0544849441971188
12.6524662461825	-0.154482918888287
5.38640056170719	-0.124495858484735
5.94212240139953	-0.126270437601582
2.45760334331379	-0.0898264333710529
5.31440996268912	-0.0995286096200923
4.93552663025302	-0.0880438483643743
6.19759900762291	-0.100970452963724
10.6307942169537	-0.181032391701934
7.46902173183844	-0.120838192052765
15.9462283419446	-0.208097185428192
11.6797534877248	-0.219944431313688
11.1749865073833	-0.141085060346013
16.9306497243046	-0.244138258904801
10.3002904767672	-0.204524979245114
7.74592131517893	-0.134773311263277
3.32831823940484	-0.0815079478824834
4.97014231785701	-0.1433979800504
6.41137459561652	-0.142753069516272
8.41504419443755	-0.147835456730378
4.99840754066242	-0.0993675708728492
14.8640071390635	-0.223211651672305
4.46812712383158	-0.166831399796466
2.95914379429615	-0.0833798717968667
3.74715044978741	-0.0866091087504406
6.74505589035503	-0.15437456540831
7.9508717217622	-0.127279115425104
3.48663952520717	-0.100942500378601
1.0086596889333	-0.0729990983898071
9.27519133756174	-0.213429285040346
4.94837671650161	-0.106839273103884
10.489009845916	-0.152688045606244
12.5725693422097	-0.187965001755091
8.90463693550349	-0.1518313250715
10.381623615836	-0.151044553889313
5.196476448089	-0.128252999919302
1.91915016113532	-0.101357496352769
9.69227260688653	-0.123263505464618
9.55087633471024	-0.155551841495945
11.1478572472372	-0.145942680727688
5.01299361511709	-0.110665155996012
4.19008182892845	-0.112915458657726
1.55137573233409	-0.0719575693630393
4.24160360097724	-0.092916869549743
15.6597875013565	-0.238032441689531
6.08823678671438	-0.0974970311430981
9.12007610267835	-0.209824894688863
0.332146593901761	-0.0266988591952674
3.32506101349562	-0.0776934500832217
20.0619168861516	-0.278889272115306
10.5383471740504	-0.212228015018705
2.64630284316033	-0.0989878103311085
5.35405819038409	-0.124498213712702
9.27154657019931	-0.157864188732826
5.05597219871922	-0.105632801269995
5.83003085443738	-0.125912913609461
6.71814524698997	-0.131866361753394
10.5137050928273	-0.167396626757947
0.862093194469443	-0.0778450626122904
11.8620010014915	-0.196296806327886
10.5999663391488	-0.18580782073072
1.16914852419816	-0.0545180251321014
12.4070420478581	-0.241992619222814
14.7776267585163	-0.283440209006796
3.46677682223135	-0.082448490102311
4.15981744676887	-0.110272353986413
8.42965750280919	-0.133274682789279
4.36714945349201	-0.103887931300411
8.62067526121995	-0.108128165117151
6.06871946826654	-0.127970368296818
3.2473883815074	-0.0961718101837684
6.4273024982678	-0.133743531536467
10.7179567109056	-0.16020771256176
8.35006346753779	-0.135767310839147
4.08680298441287	-0.128594429336571
13.1669760219047	-0.190288245688242
7.14242351033981	-0.149801846203504
5.30365472898383	-0.13292832380144
2.79267331945905	-0.0934709388744366
9.193265794506	-0.160585646121381
5.87241780645768	-0.119412245390195
4.45901820163748	-0.113259592681191
6.88313236636725	-0.132625529663623
3.87379558012672	-0.0944188143411462
11.5818536907438	-0.192985461800916
4.89125491530367	-0.140798949937185
3.27209766323417	-0.0716455814029486
9.00195666181311	-0.174470750599628
6.02165851977413	-0.112202853303402
6.73645492972784	-0.111396848027573
0.561486546908557	-0.0332799175019436
14.5327646640513	-0.191225865614291
3.98979221835533	-0.0615058507517698
3.77326730994171	-0.092505626727382
9.24255073880184	-0.172570877851253
3.49725166278011	-0.0915565709198501
3.50615469113166	-0.140124357344863
7.78409927006368	-0.175905645038642
17.2037850656286	-0.290657832843561
7.36107588089189	-0.146790132220625
6.38770916439489	-0.130329861048171
6.32169442994815	-0.128961740876207
7.74769731991729	-0.196003641058955
13.0971711755438	-0.204105920119279
3.5463160181377	-0.103696781406704
2.88847782307054	-0.0781503829787678
14.7489009094705	-0.242672976723971
5.57855119770711	-0.0958814673907505
2.82986402766201	-0.117530083708923
8.13763097494004	-0.161250188375462
5.31306585246249	-0.0864661517478575
4.51050505327158	-0.129194560294998
7.62354540792819	-0.157661222276966
2.75905316250586	-0.0877698451076386
6.25372535230241	-0.124164754406201
17.6544216765932	-0.277407220168044
2.39975016204623	-0.0732757787188993
6.77284137638716	-0.119534623776431
0.470170685718231	-0.0488173608603478
3.79543538678761	-0.0917266203616971
10.2409013678922	-0.199827651702903
10.7841382011543	-0.231805058137188
3.85189799143408	-0.0859100949341567
10.3695175091679	-0.178190193676292
8.45438527867306	-0.126167715742146
7.95804666838975	-0.120020720417892
2.31901785851222	-0.067918260854042
11.4106749434667	-0.140404441509323
14.3960483622775	-0.18326902793689
8.67086997643437	-0.136076209192507
9.7048156727334	-0.143474984294299
12.9511326486206	-0.165525179990064
14.7574175765848	-0.23175621878949
15.7511276366858	-0.249951485497687
5.59660790513438	-0.114604287850032
6.15065987228391	-0.140196076848216
14.7296312761231	-0.206300000154523
16.3876865902538	-0.178353461657704
5.93072525473544	-0.158535982678984
10.3256583533655	-0.15833661590597
2.33482069468262	-0.0894985801146574
4.45289092435357	-0.105722874579348
7.70653650537127	-0.119625676827517
9.99447506331077	-0.172399460287254
5.25444874701926	-0.148808203149321
6.73603802236383	-0.0929874311339073
7.71402991913856	-0.16375099834465
7.50327818896932	-0.131910589816888
0.829080938265113	-0.0414984647436482
4.99827362915819	-0.152344755872418
11.50806637226	-0.167261995657046
6.45136017265032	-0.174433737016284
2.51318216988394	-0.109501246677414
8.99946033081125	-0.159259274738148
9.07742346255815	-0.128855130406077
7.21641153327047	-0.140641552861957
12.006696349816	-0.216400906450747
0.0934006110347391	-0.0172907545406856
6.41384794578083	-0.11962694645218
9.71182015209228	-0.267558562314465
8.64788730185205	-0.13445348364742
3.53386263642149	-0.0933663389673123
3.4625936452687	-0.0957679974931634
6.25077650846647	-0.177403537176064
10.4138775982588	-0.199064237491212
8.57827017540767	-0.124379232539904
6.94677248629352	-0.122643193297815
3.92085245590385	-0.109356112647327
5.64048501808301	-0.159792026473839
5.03261092823126	-0.180607621101418
5.48467767412185	-0.117027273991203
10.8572262025036	-0.163934310964423
3.20975658067659	-0.074913775186472
3.02599970390302	-0.0687672988546072
7.28577154420935	-0.220638079927445
1.83390603609263	-0.0515949161532624
6.98528247958448	-0.158299755129072
4.58909687102755	-0.10717298377347
4.80620213941689	-0.129547211821356
6.74080031966928	-0.220894736442322
5.92252502411635	-0.155315104588218
10.2960547385674	-0.197996042809767
8.91533577112366	-0.217740726323772
7.09841945733104	-0.112750723452568
12.179373917769	-0.143050454776358
14.3491031746051	-0.208926696643767
4.4720043339732	-0.177719007786458
2.54215317727129	-0.0958070553451772
6.60289522291552	-0.125841824101622
1.41679070885617	-0.0613877570098292
8.10052572874365	-0.13826127551841
16.4799603321347	-0.186750344476665
7.31687285524968	-0.12933768471195
2.14334501153379	-0.0668818917555194
9.28937367182943	-0.188671453433487
4.48785472582022	-0.109059125068555
7.64629694350498	-0.12442295647766
1.52541903942175	-0.0637824201763665
7.92272834176496	-0.134012046245457
2.24938850017536	-0.0754710292034876
9.98346864174591	-0.129152631416334
11.3366731125187	-0.299983800989798
10.2050192156207	-0.156655080313627
6.05796174964779	-0.125198475881941
14.4322485838142	-0.23288441879997
1.25070600162007	-0.0544597957036543
6.37116978992524	-0.13292827345243
3.78979623290855	-0.0624061198229143
4.01181783609599	-0.083669934104725
4.81381004349401	-0.105844293404238
3.87786220548527	-0.070791627121258
12.4343438664397	-0.207302550321621
3.50647070429055	-0.107552504880408
7.20446940493622	-0.113257553247749
3.53245082674238	-0.0951353519813713
10.8049588544953	-0.244976594091717
5.85950235357454	-0.109479905609103
9.41404085783118	-0.116004657852523
9.32948728861345	-0.154064375256284
5.61165146202495	-0.115130712152502
6.05321106161418	-0.157480111394468
2.37115992466389	-0.0698982880990534
1.29368700703461	-0.0583281685056911
10.3043426064963	-0.211695950167672
9.35766661387096	-0.163279382835252
15.2648786651141	-0.199658147495867
2.64756395840726	-0.0779027669470057
8.34276610638883	-0.179921553478653
10.0491718391495	-0.143288470755139
7.38188508412327	-0.185244947242446
6.98061914415199	-0.102843816033318
9.71789383725881	-0.212127327629087
4.26688538444575	-0.0871684477540722
2.52765288036786	-0.117267579779591
3.55367799071027	-0.135372282568055
1.75953951588018	-0.0991755236350047
2.77554493975446	-0.0891178359770492
5.85456867150013	-0.123724052151188
5.61869800625021	-0.120111055065541
9.66223856101061	-0.179070453469192
13.0416713676581	-0.235702974054794
12.9284251330469	-0.13371258281125
3.84795115366256	-0.0993200932659257
7.38488142999765	-0.144624880450651
9.19602438108077	-0.165126158375195
6.81139467854326	-0.139341598935726
4.90374937727622	-0.15334362696708
8.90862706942908	-0.177574297366793
6.15876395879051	-0.156798697844505
2.63612008510587	-0.0920826640997839
9.53441921760604	-0.205114991878372
6.04737607082333	-0.102919041719212
3.76379995629768	-0.170217864907426
5.91659507122036	-0.142226729126589
8.1897981132992	-0.121389639407548
5.96827064905406	-0.109580785024359
12.2261429612391	-0.22184314855186
8.75615083484481	-0.153930571490389
6.26483877584574	-0.186918943784542
4.72302564264047	-0.114340065839051
2.83265047499151	-0.0754687285701471
13.8382643287661	-0.176264469440847
3.20634282790784	-0.0756997096391005
6.95017019014153	-0.142888854695924
5.14280671090931	-0.136689279458887
2.27325255816549	-0.0588246486107959
1.91090245049843	-0.108562735149093
10.3245832742443	-0.184727485736998
5.44160145044241	-0.108710622578631
13.0323185236141	-0.273090140047848
3.38863482240897	-0.0671631232669299
2.586028193783	-0.0775771916210888
6.27743441199683	-0.107689604070569
3.68472025358059	-0.102918506373964
10.359349087039	-0.184829455045323
7.58801644067145	-0.11254056375704
11.7576084685831	-0.231460802290911
7.02184805346921	-0.123228390649305
7.3254451682682	-0.134321763442389
7.16829727390932	-0.133996153540982
3.76085793164123	-0.0974124774387586
1.67903455137302	-0.0730362569562011
6.10553633707038	-0.126768536175218
8.23515077818257	-0.0995824471287506
8.50732294667655	-0.204626617948849
11.0753946582125	-0.161436384609681
14.7320783497331	-0.21880002525817
3.76336007022654	-0.11590890978576
9.15875403940834	-0.154336545286204
2.96918673875023	-0.0844871802455198
11.2208632066532	-0.204986665668291
4.88979744007961	-0.118891211339672
11.9409992871454	-0.193259306804026
12.2906527499987	-0.23812047111264
5.59792601320934	-0.119888417838961
4.66018697901367	-0.0666879959445395
8.0999743140345	-0.184123042726333
9.65575096670902	-0.171090644405902
5.3183443283261	-0.159106596378833
6.74227170029625	-0.126303680199415
5.75089698620078	-0.109489494411414
8.52010405348273	-0.117622019870778
0.445584227344319	-0.060203543457626
5.36543813620077	-0.124163893833033
7.55419879339203	-0.165805918779422
14.1903007151089	-0.244548321239459
10.1225976995912	-0.195439800831472
9.17894916941761	-0.115727193974493
6.94711224580158	-0.112879027382552
12.2266198016656	-0.163660521828915
11.479371259491	-0.154983831984234
4.045050281036	-0.115260081049866
4.9656748958752	-0.127457556025519
6.77185554551338	-0.167541178986686
6.21530572430236	-0.132025731361206
2.26153796960002	-0.0860471753471494
5.50716417504645	-0.0873982257462069
5.6985443419408	-0.0983045238602313
6.06377117816307	-0.129141216612146
6.90088658323045	-0.126984611765127
7.79486820576609	-0.183230938817175
13.4958146398561	-0.190688472635479
8.00904465859723	-0.124579018136908
1.06553660952785	-0.0648743552324526
11.2051974010069	-0.160058788695682
4.13524284296044	-0.10054784965438
21.0277261561406	-0.291348438620938
2.89604391253457	-0.0659602342159529
2.48790132753985	-0.0663381698523373
7.83333922290656	-0.134173203036877
8.58688642505409	-0.125795798912261
11.8376158531998	-0.151174150490525
9.26738940332191	-0.165752018758296
7.6476565861776	-0.167858241464842
3.69579059093848	-0.0843758187218858
8.33440731998164	-0.160849049635779
5.00452763091649	-0.117123237341316
7.99038151936662	-0.114928354165866
15.290916277251	-0.249694116081892
3.64144911423224	-0.0970390233067908
9.60554124398834	-0.175594743114142
14.5532163365802	-0.16996710755336
6.1778554938857	-0.186037622836885
7.55847577570229	-0.125454067615228
2.55128798630865	-0.114119221474965
1.95351325086504	-0.0753127209151328
9.22523439656688	-0.151531071111101
1.0605920366642	-0.0716492903068606
11.9680728254359	-0.144676451265351
6.44571402089003	-0.169914794479539
8.66041664507663	-0.172284525077206
8.18426191662264	-0.159047562890679
4.43932717732275	-0.0894368899430942
13.6738746175502	-0.181813672259152
10.5598802041193	-0.16964598944785
8.11986650378572	-0.168332928385575
4.97144309406598	-0.152433748988466
6.06095571913729	-0.127525256321167
2.18539915333341	-0.0707336414606888
0.113016815831656	-0.0206858915211524
5.4417194906645	-0.109591233016675
4.5506681018377	-0.106091680918923
10.4933283245036	-0.146310179475832
13.2230430822716	-0.199804648332308
3.80713141213237	-0.0828795191826334
7.9509158741035	-0.11722590040897
4.1784830133902	-0.104531466724737
3.61669306345189	-0.119122980062234
5.03042324602418	-0.0874760376155161
1.46383988846925	-0.0509619064091763
15.0427149653709	-0.22723724349902
10.7141829064954	-0.201032237190401
6.61566594601436	-0.148105253312172
7.82140758941619	-0.120677987261187
7.72361228194344	-0.153811629558327
2.69180280786867	-0.0914978240215271
6.84883197848439	-0.156737161316097
10.2509048054846	-0.219470593292728
8.72701422809924	-0.114675967378275
4.15748631061525	-0.0921090800182792
13.3914705673145	-0.217160147684492
3.90240601233618	-0.0852771064249863
3.69089519111776	-0.106251925134736
7.71518186196245	-0.137192018772926
11.9862066620939	-0.200648145425076
2.37235009506798	-0.0691978222706972
11.1670928261066	-0.219830309896113
9.34506247677069	-0.146632907020334
6.52411948497084	-0.159830018736385
7.84419435257967	-0.191496822140848
15.3478030207414	-0.190096159943302
11.5349475185276	-0.168704053263534
7.56480419037735	-0.155114312475638
4.36034784509316	-0.168603930188788
1.33476375938759	-0.0535658371852508
7.59817358658244	-0.114115360551933
11.5793784102882	-0.20195732167223
5.46520669315393	-0.097007979725785
7.79830274977423	-0.14313693887386
4.28578792437467	-0.169007229178803
8.68898528160685	-0.175817186055982
5.07553321275114	-0.16479976562981
12.307335404282	-0.197869781403094
8.3680243759847	-0.140359346596313
5.8589463073835	-0.147584548688151
21.3393306008258	-0.259412814148357
6.33596287616968	-0.123542421232176
9.15484733015201	-0.262800249236426
4.30330147407289	-0.100663200267007
16.2127159639706	-0.274762628852501
13.5084613981671	-0.146418557396721
11.1422080430887	-0.265770331025096
10.4193584740132	-0.207117378763479
4.29756962529286	-0.0944454471023096
3.90861743264146	-0.105014134345226
10.3917095064936	-0.248022002915688
18.0317615273525	-0.245709905199842
12.7413442293427	-0.2130622983419
3.76364723710558	-0.0909255189991359
11.7430060182131	-0.159542436040156
5.06455313105773	-0.131162596363109
13.7179753426621	-0.220998857986887
2.6340176209781	-0.0801521761442859
5.10208410089782	-0.161360585928522
9.85798120398349	-0.12981516777064
9.86351297869635	-0.202962832778409
6.58958343645981	-0.117801156780612
2.72232891249587	-0.0556714846496112
10.3776651229046	-0.148495428892496
5.9228582574961	-0.110628393199351
11.9440266001756	-0.197354285564291
6.2182560813351	-0.10537895466116
9.64472161435623	-0.119107978408621
4.20519289807121	-0.173605834041295
9.66540297899222	-0.163677904773979
3.65790551025265	-0.0906462172348886
5.44357414133532	-0.105258873725976
10.8117839875823	-0.136927857966123
11.8926406500306	-0.20308569756058
1.81826105772897	-0.0742250718558845
14.7074008160985	-0.211682302373734
0.000197117511013458	0.000746652307168112
15.6369132459703	-0.287963857004278
6.77694192138507	-0.14536452828947
13.2894730065654	-0.185756477898855
3.43428632250704	-0.101282441068799
3.75270186298788	-0.0783063879911022
3.71009858823149	-0.0798800552469116
5.95759746201004	-0.151818266845889
7.50144643064517	-0.147906299253566
14.6688488461104	-0.169598012033189
8.07393464019246	-0.138315514957827
12.5571250787472	-0.182035680389066
3.42436112409949	-0.0839841538192452
4.89540958584362	-0.101358022737781
2.88838681255477	-0.0615803427500663
6.81329707519106	-0.125684410026089
6.70802792817611	-0.146755614225507
4.13273868124393	-0.120606997870198
27.4047783036068	-0.290523967895823
6.02906934639976	-0.16836689779097
5.52812145416665	-0.0945567849761768
4.76949161548139	-0.116769139154062
7.29826651351669	-0.149416080774646
11.6523635348248	-0.23602585151859
7.1363256977779	-0.141539409778365
13.6837587344351	-0.236927570703133
2.63865005594291	-0.12383222512127
13.0014937209466	-0.130577363971522
6.18306615534689	-0.11456736868424
1.62376598346494	-0.0573089359573273
28.0210518852745	-0.266426622717084
0.961467840412182	-0.0599720274449276
6.77926214525018	-0.123320096973427
10.8737957867732	-0.192324336042302
18.2262903558378	-0.204701749032189
10.0211316792872	-0.144896169270156
4.33904948742111	-0.108969589158239
6.21616354260246	-0.136485845616211
1.06681109493015	-0.0380862607936905
7.68545635947906	-0.163222836072496
5.66205283161753	-0.104160942756768
5.30745304589378	-0.106594057586283
6.47125264861365	-0.147365661032162
7.33226897423045	-0.119498871967987
12.0012838523995	-0.156902519945827
4.54204517202034	-0.113781144270841
2.33536439609889	-0.0700542589855749
9.29197245663384	-0.143009703274055
2.60378577227185	-0.0981401795081276
5.29956176665162	-0.131155226721017
1.87432336710286	-0.0599316486195129
3.28662256169304	-0.0829424706876644
11.8959186965215	-0.181229919816737
11.6098640214707	-0.180079033667175
7.72037904006913	-0.158217259067351
13.1174221782505	-0.241340403407275
3.90018883051134	-0.108762966383865
10.6591981896943	-0.182930646377511
2.80664933093026	-0.106531425173637
13.0429604952166	-0.207923587688503
3.34853836420303	-0.0870823180839272
9.91936064946579	-0.16355437226537
3.22958980143325	-0.111272745109176
1.93507154895656	-0.0903567054757036
9.31958379916546	-0.196836691532544
5.45661520729204	-0.103924986310699
10.9628806582417	-0.239961089190582
22.0433744522084	-0.26458212465059
6.72358697007029	-0.115295146365228
4.46094083971905	-0.112010338288639
5.97043670473463	-0.0838876340295698
6.31029360192779	-0.143860114401159
6.54619161784502	-0.162329953017925
11.1863507034728	-0.178910957000154
8.00219012458082	-0.162414026365705
5.93903104793518	-0.151022420360674
10.2607120085591	-0.162559711732261
2.44563411232076	-0.0853544141034533
9.19900804814467	-0.159963798071685
11.6180083459047	-0.11171171688348
11.6159832211153	-0.182940214511633
12.7904376129517	-0.234578422170933
10.1086295764946	-0.128703106423347
6.33523713494466	-0.108362467312336
9.49096576119456	-0.154771592194346
6.29800969036781	-0.121990485814304
10.6497715019001	-0.140847096944716
4.27381403561417	-0.098968581082252
7.18823895474209	-0.142516212325024
5.33876654861364	-0.104313316470512
4.07816137407241	-0.15480714616959
7.4652960496185	-0.145991724419089
4.35456404839393	-0.098678814043588
6.79249385488387	-0.0955467850607561
8.23302024134882	-0.151421224361152
3.73688377178885	-0.080528757119697
5.59445783351829	-0.103360840979054
9.22711704086294	-0.157477700021611
5.41120084978284	-0.113757526075431
4.23285256331683	-0.0979336919593581
12.9113346940945	-0.165254531779852
3.39903149814624	-0.105333880764024
13.9008427663382	-0.220816319016641
2.36411930045914	-0.0727698134069469
3.93807349685032	-0.159140579710936
12.576153957892	-0.185617250757749
14.1855159059205	-0.182333385260956
7.8470502811247	-0.144211230191974
7.41205354699622	-0.130858630847313
8.07824039779556	-0.125635615107587
8.06738425102059	-0.20692701034514
3.48557108922314	-0.0888267979318297
9.70798189508399	-0.194684776428886
2.44289719141142	-0.065051410566708
6.57695335566631	-0.13406950865972
