R^2	beta
1.94642388756099	0.000315991333649939
0.429141226477987	-0.000126441873535509
0.191590659105882	9.54600807379422e-05
1.17983870812266	-0.000195558904857603
0.00692946220375521	-1.53380030559748e-05
0.224524451792104	8.25121979671906e-05
0.284915120561799	9.62234600810331e-05
0.482609214040568	0.000140802527755429
0.0541652039380663	3.43491085971334e-05
3.89687520138656	0.000443941154669317
0.847682934452747	0.000179780669798597
0.0376436503198718	3.77617675216744e-05
1.69567994300892	0.00028450230094254
0.901177116896741	-0.000144149491047667
6.93850163573431	0.000509742972214925
0.50241864067051	-0.000128598979624646
2.26242605452618	0.000296231161006614
1.82035969925659	0.000225874803085564
0.127133359036342	7.16565401258609e-05
1.38046505597228	0.000199061179036193
0.00139909781871859	7.69280621833145e-06
0.178382296669271	7.53746230483145e-05
1.46899556927119	0.000229889783866917
0.442864914788987	0.000114278772157735
1.05753927347248	0.000157394709403554
0.843118237256061	0.000197161915512811
0.816610987621048	0.000144863822959687
0.0532712050143803	-5.23410310028113e-05
0.178113654263069	7.75265402919053e-05
0.452573333561456	0.000102980583570734
0.125276025743131	7.93526817368236e-05
0.0377060432695583	3.02853758842591e-05
1.25446245559634	-0.000205173891091663
5.53264788494548	0.000406179602762721
0.0571560607346925	5.38898139158656e-05
1.79636118805027e-08	-2.40642961285106e-08
0.0368049401638335	-3.05729713289407e-05
0.062494325197612	4.1158878981109e-05
0.0488239813117864	-3.67439923647317e-05
4.4378736117514	0.000356871446537865
1.35533768547361	0.00018739215795822
0.56832563690069	0.000121536735891086
0.29884431130029	-0.000107941714673962
0.035835269264847	3.64955800959419e-05
2.76667399672168	0.000267912369451692
1.38950523595577	0.000227057276081019
0.899487104621341	-0.00019267561749416
0.905952368032294	0.000173763240828789
0.255234785035023	8.94218601405175e-05
0.0463913079051666	-3.91215854117516e-05
0.0401251840568919	4.24742617326811e-05
1.09000358298054	0.000185991101704622
4.95916418279332	0.000451614185353432
0.0366148956748293	3.54212564826146e-05
0.0224209682431325	2.40483826758259e-05
0.12512804153505	-7.06105709749661e-05
1.65313177682193	0.000192046008537381
0.111620912469553	-5.81898237557319e-05
0.398817438434897	0.000109674493222446
3.65901233418418	0.00034436233055803
5.01882946567582	0.000451574164198748
1.50808741283558	0.000215651933681668
4.03259300915583	0.000407204389374883
0.419657378094174	0.000108286774183785
0.37280549843126	0.000114078332568014
0.0881531782542742	-4.86499197388395e-05
2.59324744268479	0.000259937762100663
1.18656522474711	0.000192326680548975
0.003240078320292	9.6679526516576e-06
0.0839225458950502	-4.84634179890468e-05
0.220883715017841	-7.0461293994577e-05
0.00119585107964156	5.91363730443401e-06
1.69826965447481	0.000271644845279179
0.000191257303570967	-2.24558705937864e-06
1.8236401033969	0.000296536611696058
0.436798551771906	0.000142356335887728
0.185602743347772	8.9806899523384e-05
0.210278082883495	-7.15482070633992e-05
2.11864041677375	0.000240020075410867
0.150546559676655	-7.34334989527771e-05
0.23201861267384	-8.16974666884266e-05
0.0512431211137328	-5.21024252035003e-05
0.161348993688341	-6.65744468908374e-05
0.519567017451827	0.000124993516202336
1.53488558595535	0.000219749175374607
1.13413613352259	0.000177137240184838
0.0902421784397981	5.0657617865011e-05
0.161166011866473	6.87780962918126e-05
0.0452827667507702	4.20323673908246e-05
0.037530103243017	-4.16564961158115e-05
1.46985920900335	0.000216810185379468
2.28151487498924	0.000240948807358021
0.855453283468672	0.000167819054885916
0.453419883414307	0.00015122208315925
0.288205765458997	0.000104309293863854
0.418285238599574	0.000121239593361527
4.12650566231721	0.000461812150785318
0.00511159728678391	-1.32611194692731e-05
0.37457995291829	-0.000126130822979712
0.680261119619648	0.000133248841786036
0.0525429657875847	-4.26157679592804e-05
3.1950515440101	0.000339817332544033
0.00306857899249627	-1.19188882829889e-05
0.0113608232589791	1.78554054147203e-05
0.742090788521612	0.000160133066759045
0.766497571752706	0.000145776061047012
5.49695167116908	0.000417034252167663
0.2275452020662	0.000107885588389139
2.42039009218578	0.000274775029455054
2.3576111147764	0.000328140431835041
2.67393281471563	0.000268930912147528
0.597449089678507	0.000132762736763829
0.141766363330243	7.53146802413835e-05
2.04415980396777	0.000250262289581494
0.196768521725625	8.52408750984467e-05
0.0119298955851839	1.88313478527674e-05
1.04027217960921	0.000198570056944375
0.653403126626749	0.000172854121027009
2.46589533518246	0.0002794634211282
0.244302898109255	0.000110053622304303
1.2482140087327	0.000178915955630996
3.88331178098172	0.000350125754617178
1.69102481985229	0.000197454363067504
2.14626255070872	0.000240672460540404
1.47729080624118	0.000219089676940866
0.996110118322895	0.000159559003372931
0.494803724937324	0.000123920246285191
0.669578994514238	0.000153294289328579
0.230116594156122	8.48161160486941e-05
0.024547956427947	-3.43351837695018e-05
4.12494726634595	0.000322881840059561
1.5607937929955	0.000204478755223301
0.00165845989788161	-7.29889679555219e-06
0.564963895176879	-0.000127820155865399
0.00271563245724543	-8.19493597102486e-06
0.05419242223106	4.33059555369798e-05
0.650124729030458	0.000134874797156819
0.203597413522228	7.60221313549591e-05
4.59557724907149	0.000459830852632397
0.121990073212389	-6.63490224275786e-05
0.325586475897202	9.58769514817591e-05
3.03583834539981	0.000237670509208907
0.0374119748304338	-4.08445008032445e-05
2.9215247683071	0.000350521272279359
0.579626981157088	0.000153447455795267
0.000345170553838519	3.32779598066024e-06
0.0180710764046624	2.60864396822178e-05
1.5319753752305	0.000168939084280295
0.644244912436843	0.000155152237520276
0.519879308141748	0.000141886134342138
0.846791333857296	0.000174706837210317
0.167211496576219	5.86747031617325e-05
2.92578646948158	0.000316148706766315
2.31289486156457	0.000243095909269115
0.0566169640593008	-5.29196855868223e-05
1.41199760440174	0.00021020980031288
0.0813393604359275	5.956495050633e-05
0.222392305409406	7.34966315092872e-05
0.173192127115564	-8.99171834558927e-05
2.97938103766368	0.000296992937363858
0.990693423347505	0.000169526932615384
1.55599246844817	0.000225175022017779
0.220074656741594	-8.81733445449831e-05
0.993531628747082	0.000149423973975826
0.200135876888928	0.000108420297538808
0.254913071696098	8.33417039404677e-05
0.307922448158692	8.92156473376882e-05
0.0173197741635876	-2.17990112336405e-05
2.17587238243765	-0.000226941970191908
2.53436779974265	0.00024917016658919
1.38922374171754	0.000230972995135187
0.246003783092903	-7.96678609231401e-05
0.199381697334144	7.52936468760536e-05
1.24603250484673	0.000231559617482766
1.15389599265951	0.000196315737261574
0.557288261560619	0.00013244202907773
0.0112168510873741	1.89380782066797e-05
0.104281762267384	5.79779372263725e-05
0.000413733823028574	-3.55609733906146e-06
0.206295247205337	8.73680416834967e-05
0.0255785844355713	3.30013886296561e-05
0.0362528630477367	3.9090463828928e-05
2.85199568000007	0.000287404132869847
0.265023436556574	0.000104405110943162
0.264271351968604	-0.000101213140896853
4.86731454807574	0.000377668981139002
0.119440466679739	5.98401166815293e-05
0.0106110433902529	-1.79834179494652e-05
1.21138854649277	0.000198867770820302
0.489596922972964	0.000114678553104365
0.0954215589026496	-6.33474556593185e-05
0.624774350927824	-0.000137752722808441
0.333572107502555	-0.000118293357891486
0.788204449469689	0.000191369702158775
0.0879569045737318	-4.90040546963291e-05
0.169910549500315	7.10910705335749e-05
0.614448256643704	0.000122979238684993
0.672309818693455	0.000145203830586078
0.490529399550849	0.000121497864270232
0.756668887624559	0.000172438460205506
0.729015737032559	0.000186677743216525
1.49622442847951	0.000231613598189875
0.0875958522368316	4.12785126920322e-05
3.84722320154913	0.000360093932211535
0.152630194844828	7.01821129615113e-05
1.88092044190577	0.000273924222468633
0.020798168368503	2.77088365182281e-05
0.0588895728869346	-3.65854911856821e-05
1.72997937121494	0.000280882692857507
0.255284278692821	8.15009001559116e-05
0.75938186455053	0.000172883303181738
2.49096159840772	0.000220660546291314
0.00589103009720838	1.32494662037217e-05
0.314175544566001	0.000103641700085423
0.00602358181326176	-1.54616291735599e-05
1.36691567186145	0.000242689881912315
0.387690661106862	0.000114149182855354
0.0303024075935645	3.67094831452766e-05
0.31789292447369	0.000116123972166449
1.02148450295703	0.000167411659629628
2.83397943579107	0.000248767684448006
0.0994715609577024	5.6436189455677e-05
0.0957036519005675	-5.60471626051096e-05
0.00127863232508716	-6.76809437789146e-06
4.63691346405717	0.000396442676140283
2.70486710634092	0.000295770312269422
1.63734605858171	0.000201019061307282
2.45056321460144	0.000310451998091611
0.284457642227093	0.000115073683666213
2.96010675172429	0.000367739413213151
0.775161094405814	0.000139217674966144
1.14563490101939	-0.000169236135165522
0.198227283644673	-8.43239889630616e-05
0.317763309834826	-9.139849294591e-05
0.938887347628324	0.00017931151549507
0.187716794482004	8.52463900097975e-05
3.98515063507542	0.00044004083422463
2.78833993969953	0.000255292851946837
1.52604096761925	-0.000207987017962108
0.240938951616999	8.04053001995159e-05
0.0621980000930721	-4.53310507811488e-05
0.954927804463823	0.000196628693111699
0.1250327403437	7.54528759178809e-05
0.703764579395387	0.000130535888303692
0.0492555806880444	4.52987324332532e-05
0.6148513337612	0.00013405714683552
3.06023531645675	0.000293596114435444
0.895416250091407	0.000182124350132599
0.179048300597919	-7.9241767678245e-05
4.69978521909542	0.000366746747345696
0.0255421665802172	2.8437706311995e-05
0.0316101091633413	3.24771138100706e-05
0.0198581954925325	2.22260576061152e-05
0.363892998716659	0.00011767078580105
0.0873073187233014	5.43774927164645e-05
6.89087277570915e-06	-3.98152671865822e-07
0.355788685361934	0.000122278588305904
0.0148789676463691	-2.30747252202034e-05
0.415020740250736	9.60857673552493e-05
1.33816047163177	0.000201283478091734
0.175366498006815	7.42798485506435e-05
0.312989589570176	0.000103673161339305
0.0156005024439314	-2.0098412409057e-05
0.842596203156582	0.000176550602112808
3.53330953817635	0.000371358790935445
1.21245936171046	-0.000194843670873657
0.804504683385152	0.000170258853548399
0.805097139626362	0.000147222102257811
0.522278759985536	0.00012300798322539
0.142366617757423	-6.57885592378437e-05
0.608107123061878	0.000139430695952799
1.84461774530716	0.000236874054512157
0.952847862479681	0.000215817478670812
0.00337480906362858	-1.16768148774687e-05
10.1447192908194	0.000653122718083939
1.5674848354664	0.000260562879735866
0.895561308521048	0.000177130629328259
0.428501659767219	9.49211919467309e-05
0.358218049915887	0.000118363486666807
2.59358927790791	0.00033292572054747
1.72181968871491	0.00020564964241686
0.662877025466325	0.000147675551297391
0.867900457621341	0.000160874754350967
0.463665590943053	0.000154052430295076
0.00738284539435123	-1.78514876536602e-05
2.97686639281111	0.000386326549107405
0.160068320628768	6.48001710173614e-05
2.03904422855067	0.000288225767887428
0.824363377664544	0.000145087913893896
1.34943400129929	-0.000263049494211546
0.189870305952399	8.4298645218969e-05
0.0462625421896486	-3.78444930824129e-05
0.123564566119364	7.056144340969e-05
0.0848417366942032	-4.76929456899986e-05
0.0110519288471934	2.04214892376789e-05
0.0082408889483855	1.94787039379306e-05
0.0637351466998639	-4.73014729196941e-05
0.299040736375618	8.64328177686521e-05
0.863138736283658	0.000184159094890931
0.224250611119588	-9.44639232106477e-05
0.602519204611265	0.000153145371397179
0.126206916357235	6.40377360027919e-05
0.0057279028494192	1.24964261175807e-05
0.00784445263767816	-1.64379480193647e-05
0.114230337946524	-6.80583354421579e-05
0.158023042748841	-7.12008043396269e-05
1.80267225812376	0.00024322545171475
0.114816276273219	6.60426648597202e-05
0.870652059268445	0.00014877855126444
0.0366566580955662	-3.63529816456217e-05
0.201343940794965	-8.43916106963601e-05
2.40563358647783	0.000227785412058804
1.99802221523797	0.000243519140317398
0.230045632308876	9.16975230574581e-05
0.0210348773379406	-3.36417934499095e-05
0.412604777414701	0.000119188829492536
5.61196262879151	0.000470862036898773
1.29842920996669	0.000224874460280002
1.44730923120148	0.000217064357358553
0.684898958252582	-0.000146873448904454
2.40437621205401	0.000243682827310758
0.0374166507681353	4.12088098580534e-05
0.232741245831067	-9.59333186493304e-05
0.131069450637687	6.60550444355002e-05
0.360110943409153	9.15568967977686e-05
1.27608751822357	0.000262570102606488
0.00105718668418247	8.11120977234462e-06
0.124701348572605	5.62292395061673e-05
2.18613837302986	0.000221666906475422
1.66232850415956	0.00020497775986416
0.122458821358484	5.97290345774108e-05
0.100640945054555	5.66891405717162e-05
0.116782681272522	6.51438219918148e-05
6.93984612521458	0.000576114495455307
0.938186584979726	0.000188167259254932
0.0668405732801998	4.34027462704851e-05
1.05989826838978	0.000171705320094574
2.94137799609973	0.000371512488614093
1.60132124052537	0.000251814114588507
0.239893693473084	-8.1865428033436e-05
0.139861199741336	-6.90213805705142e-05
0.038403195238747	-3.35151446606601e-05
0.233788363743474	7.25297108044008e-05
0.0726659409088424	-4.88663258865768e-05
0.656235051218686	0.000148286625266828
1.57219301083901	-0.000227489596837804
2.4780778701134	0.000228457968556673
0.164895907594249	9.22010677564241e-05
0.142975810109138	6.84407813736387e-05
0.479574662683121	0.00012608872834973
0.526756084520557	0.000109501339972023
0.0287828037036875	3.24922691756823e-05
0.228450406066979	7.62333120151494e-05
4.27825328026363	0.000330425612377569
0.286056561876087	0.000113176487692945
0.00464092729762334	1.19691820192724e-05
0.514364943122829	-0.000131310220765129
0.0185329839044019	2.49219589258679e-05
0.88298424303442	0.000174018779637123
0.0122903258814689	1.95560751371667e-05
2.05494990346233	0.000255289828798351
0.103134797891944	-4.97679616885168e-05
0.00615463686369143	1.41691021271159e-05
0.0360577178802834	2.95404610623285e-05
0.000247495931652124	3.20469488684579e-06
0.50517304170089	0.000162015387572117
0.109242146447841	7.21718485795927e-05
3.58865810384462e-05	9.08669106066152e-07
0.309286588518349	-0.000105583822815499
3.90922843339885	0.000350246605381425
1.35670930326305	0.000186545312545128
0.224849486569098	9.06822083936275e-05
0.740439887705881	0.000186497846321482
0.659296654495636	0.000130408279837118
3.8623359093444	0.000428564955663882
1.85607048610443	0.000251376291581117
0.0030659576203773	-9.09357154333291e-06
0.218297729665046	7.32717845846087e-05
0.448001371194499	0.000115629183168375
7.39328018821802	0.000504537303507446
0.139559840181288	-6.50660946297209e-05
0.00390703085432131	1.36302354243441e-05
0.168844718353723	7.85944870033735e-05
0.863574978667933	0.00014590359259994
5.83598484020129	0.000468645819916463
2.14788051277742	0.000236990302149811
1.01713124898986	0.000164271326631221
0.515478893105118	0.00011831722888241
0.75464847311703	0.000147990170490506
0.4106739093132	-8.75717558270437e-05
0.937771804984189	-0.000180094680620212
1.06165887876418	0.00018336903174488
3.15541557507085	0.000414899565180727
9.11192933079626	0.000520181248971834
1.52857767430625	0.000208578235018472
5.27783762037974	0.000392293270696827
1.81124184934569	0.000308133176433976
0.374279402401085	0.000117468514168523
0.0553677863598161	4.59700740459831e-05
1.33867000450225	0.000186907045487223
2.37665505316421	0.000306788979219111
0.309412681985915	-9.76704429663862e-05
4.92013699950709	0.000413158761562506
0.245719314515223	8.90482420494426e-05
3.20514434645527	0.0003007647035034
0.0917152763236837	-5.27880719200568e-05
0.660115241815632	0.000153683743792763
0.238483861549926	0.000115947012445902
0.0600091324598605	4.44619477604501e-05
2.0158591793041	0.000272440707410626
0.264195135917573	8.43009941261546e-05
1.57843751731721	0.000203382406060932
4.22544346558014	0.000342337215725139
0.421448109863758	-0.000106939148649213
2.45116701410819	0.000261805380288902
1.48948254255261	0.000279595624752406
0.338571039903637	0.000107052718095792
0.300503995322636	0.000129267400778909
0.0807109044344238	-4.76935571269508e-05
0.0929419525122066	5.33385369557658e-05
3.37741428533789	0.000310670589689471
0.750647468566263	-0.000159553314438788
0.0488315853579263	-3.98041087213997e-05
0.123976355580339	8.41478722670502e-05
0.145566599181649	6.69160627888185e-05
0.105819367756914	5.61861077070304e-05
0.406148429034072	-0.000116778088710649
0.00455379088469583	1.15227477704772e-05
3.61044659545104	0.000465418193187198
0.683039092097012	0.000156318593602011
0.809113658159559	0.000165537624997793
0.378335586801145	0.000129361033330944
1.78266776780179	0.000262954784343597
4.39488917087054	0.000322961842292112
0.0842293645953896	-4.37270975108532e-05
0.0346089688485516	3.46202693733428e-05
0.814024000141523	0.000172483471824707
1.09606462102517	0.000181080729398454
0.0654174943998986	4.44115655017711e-05
0.000680101907998563	-4.72220727684996e-06
1.04841241870213	-0.000180316523362133
1.60715148290083	0.00021354820544669
0.0572073638227629	-4.17802603792776e-05
3.65074047289494	0.000333952148046682
0.222963137778067	-7.43759127204042e-05
1.1857843964467	0.000219671614774457
0.00893364758361023	1.78850265101664e-05
2.93433548143702	0.000339099557070625
1.64991526604849	0.000281340551122028
1.12702596514873	0.000186812352405309
1.61917685411308	-0.000246825766514279
0.00620136028804486	1.28686245882692e-05
0.780681489222031	0.000139671074343438
0.151745376045836	7.25549193184185e-05
1.68877714728353	0.000233476089736643
0.0168780753835325	2.13833113517958e-05
3.36558430559111	0.000385610937616305
0.37377537680395	0.000103751066169411
0.0125876718365209	2.39713319741736e-05
0.0201047726135688	2.97791754706676e-05
2.42686422245825	0.000367741770713424
1.32480566573226	0.000222529015922272
5.60767854345405	0.000427089074079325
1.96311453954304	0.000224156737622588
0.0671124123328751	4.27565208922475e-05
0.744227633218822	0.000140304875099697
1.33518617485587	0.000204885758426679
1.22189219711973	0.000202749890073797
0.270735748429152	-0.000100532111967779
0.997718789683904	0.00017092411976683
0.0267124660210843	3.41644560493508e-05
0.161675471621111	6.51888644861185e-05
1.23127040214818	0.000184388872247461
0.652813368331673	0.000134958914810017
0.0615026499603107	4.53593868238792e-05
0.281446712400488	0.000110185173891457
0.566823435101548	0.000120797144869497
2.43518296343758	0.000243459432680685
0.501500636503146	0.000109478574511491
0.494867095099528	0.000119661956493469
1.77345721837467	0.000211268971595093
4.14065920276881	0.000358382009873389
0.398496823353389	-0.00011797058783897
1.1118397244684	-0.000168374946843758
1.65905357735105	0.000215681881785526
0.818379368634165	-0.00020129321404985
1.95143377290064	0.000284638498693346
0.624655872615734	0.000133385270188308
9.29410274316168	0.000609902808169029
0.0382574446589341	3.35088793995083e-05
0.224407772873095	-8.23801638726069e-05
0.68319220824846	0.000149547664575316
0.0125466872824101	1.92130654374446e-05
0.68877670661457	0.000172424155586482
0.110005312737504	6.0147011413998e-05
0.125016313896938	5.85173866689814e-05
0.454124706113516	0.000121709792508011
0.467834574211702	-0.000116100377218867
0.0347925988011179	3.30454467130823e-05
0.182713452970014	-7.76920041071232e-05
0.0663682936723598	4.12114830358904e-05
1.43417884430904	0.000216187700811007
0.0668811205404106	-4.31593491832739e-05
5.63308225358846	0.00038174516990309
0.155878073626325	6.70383618111476e-05
2.47266697173981	0.000280914377761755
0.079919529314625	4.91683910959329e-05
3.38649510651509	0.000373611116516425
2.27039569729401	0.000254604509963032
3.17587179941671	0.000323381825948428
1.01274143365626	0.000198115917835019
0.917031326303191	0.000164710147541058
0.664243424053204	0.000149790390011274
0.169215322066968	-9.07094493498358e-05
0.874446273017232	0.000187223396169231
3.53002475360036	0.000332968342337239
0.167156435250713	7.45585824754748e-05
0.837355704574655	0.000191578453714732
5.2798103272035	0.000511751177440902
1.52197061631275	0.000256629724435441
0.884187514005361	0.000165966124634349
0.000836397968065364	5.24747406363098e-06
3.84806506339007	0.000273557094339645
0.64507692570123	0.000133052402554805
1.20945582133477	0.000220755475264223
0.0759171598657917	-5.38833842381058e-05
0.0844506713302619	4.96022297557002e-05
0.127420956374358	5.54714931132781e-05
0.963640147636432	0.000226186579731951
0.0044318768051989	1.1971147612175e-05
1.46301535908762	0.000239434372063635
4.19555989665103	-0.000333802383463009
0.775821294308675	0.000153739823276552
1.39284595497785	0.000184312226414994
0.150482795233156	-8.64260464958976e-05
4.57188781407527	0.000367595056358587
0.0188778666957429	-2.14291898218648e-05
6.48130041069206	0.000398566209918099
0.410835476363203	0.000155586419269024
1.1165029763418	0.000237621283673424
0.153382183984299	-6.29934871471528e-05
2.54184564032004	0.000349401956988474
1.9740810426511	0.000286856829123482
2.87579569567739	0.00026895979114044
0.0374546783356374	-3.33611674379051e-05
1.02947186187739	0.000167778720477996
0.67762892246404	0.00016563904870798
9.07880217810723	0.000625233901017519
0.211941039223881	8.14976878668733e-05
0.00432694393607997	-1.10946678694382e-05
0.951143823821208	0.000166706609902674
0.0355805582562733	-2.6463219241597e-05
0.154415954797821	7.81452209366826e-05
0.858539953521679	0.000143456365314254
0.143610612464029	6.03886264907119e-05
0.0297915000748342	2.75775963964537e-05
0.0715392735441186	-4.76804448886321e-05
0.723646226053489	-0.000180472191107195
0.936122811850563	0.000194663726277393
1.65979592028147	0.000219895849599441
4.20604460464855	0.000334944792867643
0.171847568512548	7.14452542666761e-05
1.32197774142834	0.000220718554020979
0.19337573540337	9.0949361533415e-05
0.663627349760521	0.000149029515884521
0.423547953680093	0.000142644534268333
1.53813035111862	0.000198628714014719
1.32675079272696	0.000160865887403747
1.85419152966878	0.000231592732557891
0.145930878390077	-6.47145002326419e-05
0.262812625561134	-8.73665722151167e-05
1.03369007407082	0.000215579272871285
0.00110862124064246	-5.99368558190161e-06
0.107922096058983	5.93453119140544e-05
0.619198179423667	-0.000177084344092742
3.41459074477688	0.000366754985902869
2.12388413904994	0.000192464856559605
0.531810845845135	0.000154133733836598
0.0604542336026483	4.25305505297003e-05
0.386062785461365	0.000108722403884491
1.18780041542848	0.000262439038160995
0.497193735332064	0.00013550641372224
4.48820889364764e-05	-1.14570935159162e-06
0.0540165172129472	5.57978581807992e-05
0.226658810703733	9.74449365052966e-05
0.407176535135463	-0.000104532220071673
0.602460380011642	0.000114242936845798
1.88879571102702	0.000266663491170205
0.885207763056643	0.000141199112577815
0.073220018010484	5.5103374527084e-05
1.41202961768999	0.000193224810710596
0.0480860347318042	3.9288562348942e-05
0.0453266769567546	4.03894231552426e-05
3.24413211864907	0.000326223157204796
0.210412588535624	9.10822897404172e-05
0.550127080362742	0.000142440575256863
0.0945628386734407	6.3339543730732e-05
0.0399324424554523	-3.16234068938285e-05
0.619176951659838	-0.000159032031276423
0.0257367660362144	2.66193398231069e-05
0.0457865962257249	3.30988927524504e-05
5.61671550267528	0.000439153563694594
0.624219606740163	-0.000135889283059776
1.9041841616227	0.000231059077088021
0.831535205143338	-0.000166999437856059
0.171185439110577	7.9512852929629e-05
0.0472057090977564	-3.86361798572292e-05
1.63053851903673	0.000250801593001524
0.122364339507896	-5.2720542608734e-05
7.50454696954767e-05	-1.75715782156341e-06
2.01574063518693	0.000281260814422117
0.00113121712446365	-6.43639087500557e-06
3.49015413098146	0.000255090470704262
0.326451546817615	0.000114753588058793
0.000636755266855651	-4.80857530563516e-06
3.81029356747615	0.000319281583295752
1.57856466069191	0.000260715140318051
0.399307828747399	0.000107039538024201
1.81870394985461	0.000263341047162478
3.56292204132014	0.000314743560945925
0.970949939051906	0.000174562894778483
1.00578622934623	0.000208345111185457
0.386462361993335	-0.000133784563659723
0.888759486203443	0.000155523028111944
8.15771346162214	0.000531970066505209
0.180331561743697	-6.5039146151913e-05
0.44398068972771	-0.000138663749382844
1.31204194794533	0.000192133625857747
2.44555115897057	0.000263421348012042
3.73260213748909	0.000358365506875919
0.448532594974908	0.000125886061467102
0.413592107046069	0.00014336098230697
0.730405785913158	0.000166252618856019
0.18015978673154	-8.23612676663707e-05
0.306119021008393	0.000111965205116761
0.0642204211112055	5.16452019943785e-05
0.1474437043727	7.22378815596574e-05
1.36528949102739	-0.000221253731984213
0.507662118119733	0.00015214146147844
0.631548344547901	0.00015795518930511
0.329191178515566	-0.000125220473281043
0.857243811504753	0.000177937224009865
0.195270867157339	5.85801080175348e-05
2.26899624448316e-05	8.63366854589231e-07
1.08292825122708	0.000185602395465016
0.344363976860152	0.000111569090269648
0.139784755885916	-7.27044256221097e-05
0.00268190477244038	1.06313726258163e-05
1.3747879681864	0.00021607165702341
0.0159360377118123	2.39669534681934e-05
0.117189578831925	5.52456624724023e-05
2.02878610779893	-0.000227921829125103
0.524491334381238	0.000124188290267857
1.44058934409698	0.000216153289585382
3.07827998907086	0.000269280606347584
0.101053555523285	5.84990785830675e-05
0.244276147019123	-9.0367033860073e-05
0.564544633752221	0.000122360018357337
0.432825126030284	0.000164680795764226
0.0193937192039837	2.49311682686198e-05
0.443080922223079	0.000130564467271484
1.24550113322096	0.000250330216195205
3.18960258970973	0.000302407055267298
1.38526029660495	0.000238773669373789
3.57035180664387	0.000306285811860696
1.41872024315684	0.000186742231255645
5.49138009261782	-0.000477695057894373
0.976474978868802	0.0001502020888508
2.83738979149726	0.000377467561315994
1.92235374542778	0.000241770899962917
2.36666081224147	0.000238804474930559
0.161880018646732	5.85280657510586e-05
6.69481151817273	0.000508330009878314
0.114556492100902	-5.77969094603705e-05
0.172231378911258	6.01747177365518e-05
0.198210934124576	-8.33621527547425e-05
0.0149574334128873	-2.65875540853882e-05
2.19129984607573	0.000342470280251426
0.0298351274432667	-2.82341870164761e-05
0.787044187309609	0.000176495262964508
1.15887260034094	0.000182120879538071
3.8151697548126	0.00033913127468481
0.908649119216346	-0.000153104026775744
0.518943414010564	0.00012275890126183
0.596289943980333	0.000179446090612859
2.13634115195378	0.000323596947981494
0.0742375000267603	4.74487117856755e-05
0.329192680432855	0.000111551378851527
1.32481244402083	0.000188739408912228
0.252865478006374	0.000106572331345233
1.1864889220912	0.000176177557431159
1.36312887467697	-0.00023662953764303
0.0113390024994716	2.40685223126597e-05
0.253623814564558	8.74299109896558e-05
0.287716305927138	7.99728832273847e-05
0.432342445017454	0.000117300947213463
0.891032200616187	0.000186410942838032
0.235998267678236	7.27289448778633e-05
0.137479892370916	6.78635002606123e-05
0.0073225604269781	1.3335636948106e-05
0.439971253524419	0.000148553241663871
4.4941963392943	0.000331974890019365
0.424593828986239	-0.00011523371152904
0.0477091571518478	-3.49786200977911e-05
1.7562722374355	-0.000243654706352177
0.00109218359846751	6.89963061257562e-06
4.96842230888137	0.000380509005330838
0.248536457659345	-7.7860894636074e-05
3.21454108499754	0.000337938178052032
0.469780980767958	0.000120851084447988
2.28715513463154	0.000306918852249017
0.706793829688951	-0.000133146280702897
0.0939065800910019	5.11324725339856e-05
0.122828215778158	-5.68955680646143e-05
0.56875304057746	0.000173520298535141
1.33283156968141	0.00021776852936767
0.0971829528173282	5.53890500964313e-05
1.60503703005812	0.000196748875566921
2.87876463855425	0.000286301055084058
2.96752651505846	0.0002877904808169
1.21346635433182	0.000231623868361292
0.300399299089224	0.000109758651828967
0.482653366549986	-0.000126751333925159
0.889058541199933	0.000155251866686459
0.820132907462387	0.000180095931321142
0.860267415476895	0.000163726155072996
0.000434130754090642	-4.30196213757769e-06
2.77496108099775	0.000302056900088043
0.000270742362625586	-2.6169611894601e-06
0.18845235310155	7.88861516744557e-05
6.9122489286149	0.000441996002120601
0.0130871201603696	-2.17580238650844e-05
1.05630675627219	0.000149804574515306
0.173882678247453	6.23878443887705e-05
0.240223045640181	9.03056519188709e-05
0.116736802174017	5.91654248889021e-05
0.00371566559452309	1.02842376451546e-05
0.0919891258879276	5.40500133788229e-05
0.684509011452495	0.000189965727341538
0.264126774688859	9.44734846977206e-05
0.129740436375003	7.49379787052119e-05
0.337911463526942	0.000104964259440832
1.29546578962842	0.000198981058532089
2.12499377344274	0.000205855387440287
0.11833858302258	5.69464377401169e-05
1.83453515594874	0.000260094482978588
2.25347786472048	0.000228629241847553
1.61157939622689	0.000201920202389103
5.56462370503062	0.000406003938891689
0.416370361953105	0.000134587366767952
0.0452476764147071	4.31830271282715e-05
0.000299818623512851	-3.45606022171105e-06
0.346859390290165	0.000104047204380496
0.000363530729900198	-3.27851993563915e-06
2.32461492251773	0.000280768115124122
2.50165838020971	0.000257756434002794
1.02511141525435	0.000196369655275948
0.356638567332704	9.92271234601699e-05
0.0109429636093378	-1.90332673553479e-05
0.33395197222784	0.000102396300860191
0.00817016029495146	1.81423855201688e-05
0.0382222930218514	-3.89821916865075e-05
6.22353392239525	0.000466782554035632
0.122697627635227	-7.64108396335117e-05
1.99912606073524	0.000254779610801971
0.90936150978705	0.000197460923334873
1.17822417619262	0.000208848783417159
0.0127996732347324	-2.14619327103963e-05
0.872544307186508	0.000172611417794278
0.779626964633927	0.000149243824460352
0.462997880348799	0.000126648406207741
0.0231929921920309	-2.76507399086326e-05
1.06069759124733	0.000233102801328432
0.666749378562394	0.000167869115096749
1.01921810098527	0.000233546744309607
0.0146319129813574	2.42718960688316e-05
0.302057954927349	9.47394649318682e-05
0.000204348419450446	2.46735752299884e-06
6.7071659982214	0.000571605615200959
0.00149982483065935	-6.0667702142827e-06
0.300294146208828	0.000119484114058421
0.343105503327602	8.82568800630032e-05
1.51001264624669	0.00020464383893659
0.292271809318403	8.99310407665387e-05
1.09807743269778	0.000238389910954972
1.12069743299257	0.000226202199944053
0.319133119786117	9.98220385556262e-05
4.18541473690223	0.000404871388567309
0.087513809667122	-5.87632195871305e-05
3.54678237704734e-05	-8.70660370614184e-07
1.25010204547065	0.000245215140693822
1.02274022355001	-0.000186907767022448
1.08431684509997	0.000224884203447241
0.0602650136133746	3.92525119225792e-05
0.247129900985604	-7.54764173226394e-05
1.64762173857221	0.000207914849141238
1.37169511410223	0.000194313953345362
1.28373416023988	0.000218545567369057
0.367628899892026	0.000130751659763903
0.340566511368497	0.000106017305399328
2.79074587726755	0.00038510875179363
0.0159392977604263	2.57575078340064e-05
0.549412202878312	0.000107210997407339
5.2671194559831	0.000474740078985667
2.95007606529704	0.000320618302899327
3.49538257633225	0.00032096865879923
3.51620823998427	0.000424693097866032
1.10004105967153	0.000220741246968873
0.796808183157151	0.000156765062132879
0.34771109676745	0.000103652170839031
0.213707415528853	-9.45281898409524e-05
2.22189640649964	0.000279666750346923
0.427949964661927	0.000111350150881269
1.42045959832574	-0.000180070574709958
0.110359683838059	6.00274360696512e-05
3.94050291395864	0.000423870214025729
0.492316887823805	0.000134122370262329
0.180476675085797	6.19489052712936e-05
0.701616412098229	0.000120751771057127
1.60246662977262	0.000262478678950988
5.89015660834338	0.000391624063512169
0.00214703220671064	7.98690154848378e-06
0.805858336106213	-0.000214019522129726
0.0322869426644519	2.75591345681686e-05
0.0297036047661473	4.04558963561104e-05
0.158745046099755	7.45092362654465e-05
0.630449598414339	0.000137590286927295
0.344033929612829	0.000113627432349943
0.526819135778049	0.000129248098887155
1.36820225252348	0.000193016829950724
2.62799290765618	0.00026881653309434
3.02662733434443	0.00030492871358229
0.435729817455357	0.000117193070127188
2.53834153635387	0.000278387427188994
0.101824884519538	5.98001766914337e-05
0.00700161274004474	-1.5708883698795e-05
1.0150652895122	0.000170065664991507
1.49209852537063	0.000221038880290981
1.44498424966159	0.000202918104058503
0.572539476488253	0.000125137171585221
0.237005187773563	8.32615001315629e-05
0.765192531092724	0.000160751248395013
0.205843228125483	-7.83402660296377e-05
0.0494638565634566	-4.10945362357451e-05
0.390122340184935	0.0001257297497677
0.270445052053281	0.000112523461052713
0.0372509907736397	3.21121985123685e-05
0.343108372182319	0.000136466840882778
1.27092258429929	0.000230746332127574
0.986380231407902	0.000156072776918592
1.58526880053416	0.000246047564439217
0.990165349056504	0.000165866432613439
0.231436187067014	9.26310738896715e-05
0.522730974641144	0.000128124306418694
2.60620368285767e-05	9.20569018391989e-07
0.481608515713177	0.000130372857943083
7.76889644732515	0.00048915377582577
0.217798742753717	0.000103100384101267
0.0126691104490775	-2.23275093832489e-05
0.00465103952783044	1.07346750985927e-05
2.01435070430183	0.00023706526007829
0.00402951667504336	-1.37343500343406e-05
1.28544020522125	0.00018645696727503
0.547878787052944	0.00012488762288772
5.83536250816831	-0.000549050227561027
0.162359239350149	-6.62091033046087e-05
0.633493193801744	0.000137952817442465
3.24269520327958	0.000302561028128271
1.23558943667675	0.000215485855774261
1.19211939903042	0.000187595797786942
2.7825155846822	0.000248670208761725
0.185385170935814	-7.9617263703023e-05
0.527617460119257	0.000125049508685892
1.18527292250552	0.000183176175210018
0.0280732943162098	3.25203390775296e-05
0.0503465620138998	4.83374132696271e-05
0.255684040884572	8.54259583519704e-05
0.508051507608472	0.000135606397483548
0.148140223368535	6.48762182201087e-05
0.179010809048352	7.33315179740197e-05
0.014839032284838	-2.59739568397449e-05
0.469942176322965	0.000122606701181916
0.809633291270929	0.000118114024149464
0.173893676232123	6.96640638819186e-05
1.27474255138736	0.000183638453798205
1.75753397313887	0.000224987169175188
0.0222095746332838	-2.42872230818908e-05
0.917854032146608	0.00017811096751114
0.838211998608264	0.000147342507310407
0.290353223463681	9.3750015265391e-05
2.24732522831579	0.00024310423413717
0.353354646757165	0.000101517160830227
0.403779674405978	0.000102218364842766
0.453327161612149	0.000134555458606014
0.609557891379389	0.000119854685121801
0.249452313491873	8.21340175894013e-05
0.681263892908453	0.000153428672069097
2.38365287480366	0.000287773457994811
0.00476699566975605	1.42476312622869e-05
3.89714615052772	0.000310799705265394
0.880444152635299	0.000198789286190234
0.0119953638758134	1.90169534196284e-05
3.83237890725116	0.000394518294905767
0.453203289990626	-0.000127374061800499
0.0769397148797712	-4.206979161068e-05
1.40141984143338	0.000255117723954014
0.0577365334664018	-3.6577364803683e-05
1.05985852704974	0.000193049502933031
0.685604789158076	0.000153373394914053
1.02042517798064	-0.000168423261371794
2.22326932665158	0.000319574838684631
0.477371061151662	0.000121490916133111
0.0295742703407116	2.67903132345973e-05
0.0278143245660979	2.77845335896069e-05
0.319774738993007	0.0001235346412105
0.240402456551645	9.9989162074952e-05
0.0328857896534381	2.93664133095551e-05
1.76264520039284	0.000274548488944139
6.49815936227597	0.000454855935821444
0.29019825303025	0.000100559860127734
2.61608424789159	-0.000301814024637764
1.38166749845652	0.000154870770737711
0.694771251358259	-0.000169741754836174
0.842697218785418	0.00014715478306578
0.309423158594226	-8.51591515622635e-05
2.25346982230492	0.000304094104729522
0.678138899154093	0.000143315059335034
2.87706607933223	0.00031983292947214
0.0682475297879845	-4.71904101648439e-05
0.0186784849716956	2.47151081285394e-05
0.202071368008823	-9.95586589671306e-05
2.011290526558	0.000283721398475401
0.342646171499395	0.000130154044782265
0.132138742336461	-5.51902895422524e-05
0.679699750502802	0.000170444683033649
1.24494528420244	0.000242656800333467
0.0991955488295129	5.54457855298758e-05
0.613868178867575	0.000142640539342184
0.686375132919187	0.000128988712851109
2.18565040804113	0.000265216083178009
0.430302917339876	0.000100225256888295
2.97706970712604	0.00028898626608823
0.00782069978057349	-1.5323237599607e-05
4.81342450537632	0.000407789898629899
7.87302723171593	0.000462166849558336
0.102182413023031	5.55615766714001e-05
0.64775345163968	0.00015932843850515
1.071964975082	0.000185366060252095
0.913937690454885	0.000178396015836017
2.53126987572313	0.000368288148397009
2.1397595318637	0.000226125064809281
7.09636060536724	0.000506589305083545
0.321004034279584	-9.25334435742229e-05
0.0638049920283705	4.67194326301408e-05
1.49244577136908	0.000236497334530275
0.459739812753388	9.54821259550618e-05
1.24974683983695	0.000175250790289307
1.65713060642605	0.000203497783083448
2.33935471386705	0.000280670123628856
0.0219664805519873	-2.29520513902122e-05
0.0688870287893418	4.53339504307414e-05
0.123657427413879	6.35413952694376e-05
4.69356749292667	0.000427195517857582
0.189172754598765	8.23193061909945e-05
0.185235893326844	8.04449718225096e-05
1.17529742823557	0.000230418737232559
0.190018163765374	7.59837625358851e-05
1.07966499553423	0.000178760503438662
1.16425453897941	0.000227883451451323
0.0933672360964387	4.90972654872519e-05
0.0127777792832337	-2.57160720453145e-05
2.78301781693419	0.000239100999363462
0.242149220626397	8.90820287223896e-05
0.20036236518846	-7.33251248804734e-05
2.70856017401559	0.000274275851909407
0.0333237528894731	3.14507675997204e-05
0.168092610275737	6.65445912983159e-05
0.504205691275798	0.000149083210757341
0.000407608051997366	-3.9689339015092e-06
0.71392334639818	0.000185110754385881
0.17823928063481	9.63702859981054e-05
0.31380461915015	-9.62708372746412e-05
2.14501698655059	0.000277793550267009
0.265157045925389	9.10355125181796e-05
0.137189107334546	5.56835700954644e-05
0.0588479624155023	4.36280220085577e-05
0.00402171449533699	-1.07259107164423e-05
0.048935480271467	3.75304734783671e-05
1.09135298661382	0.000147558032468568
6.92767272333209	0.000498476127339755
2.43466782174529	0.000308530405116472
0.273693976128101	7.50888212173788e-05
1.28183450412015	0.000183821190077828
1.19970719242208	0.000217542636302562
4.3601368657887	0.000345314249859211
2.43271042348541	0.000312967943943234
0.413170722848215	0.000117796072973741
0.0238424422939429	-3.1895790238436e-05
0.488276034375105	-0.000105934760103112
1.47551777957528	0.000235579614635625
