R^2	beta
0.0525058111197789	-3.92059935441484e-05
3.32854181651864	-0.000344959432495049
0.145967480527066	7.395869106793e-05
0.459359769003584	-0.000119369773974242
4.29057766324312	0.000296549530949194
0.416744602895801	-0.00013813577610902
1.43269344370692	-0.000221285191481708
0.00163182488967968	-9.02509737093531e-06
0.425836869182705	-0.000115351661357194
0.0107856163185599	2.40459033583685e-05
4.23300241128173	0.000413328063823531
1.25204285170967	0.000227259271136361
1.35425337097169	0.000210335228930193
0.177145503682113	8.67672828668973e-05
0.0219001709233218	-2.64096710664346e-05
1.06373240889193	-0.000222475868988207
1.44043066156863	0.000211224230460675
0.042931458574514	3.37945597784445e-05
0.0013844145429843	-6.83592964199149e-06
0.14230827610155	7.13605671308114e-05
0.129578799156182	6.6722648912466e-05
0.337795351124387	-9.42811928772217e-05
1.31316699712344	0.000197324416139105
0.114892325505614	-6.76013125061614e-05
0.0303138487943545	2.83397070710054e-05
0.361265397095483	-0.000116689091902351
0.0191650662953038	2.4653653822732e-05
0.592712202457045	0.000187543101199504
0.209790668263448	6.71448365260804e-05
1.13425484347493	0.000203478536564942
0.0537624083939686	4.46123077429457e-05
5.12367884185028	-0.000437253443062988
0.742390789904716	-0.000156652908288003
0.469556060142102	-0.000140657872378081
0.450203561963918	-0.000139988089494627
0.00993686020399413	-1.88622456339462e-05
0.629287745069941	0.000165257808691377
0.584328247137674	0.000151054792565055
0.0835740800516953	-5.11997927600977e-05
1.22229465594744	-0.000217337511161474
0.000480426201628727	-3.99898808702372e-06
0.0649227958201545	-4.82933015583763e-05
0.954309634273539	0.00017113976805837
3.21706461857201	-0.000293213771120455
2.05095414524668	0.000235016802924161
0.15494981186269	8.2558090026745e-05
1.84758883608647	0.00029696742477928
2.19758401991063	0.000282944918308696
2.82353096672194	0.000248672696167818
0.317347930016596	0.00012124671853998
1.24110563419516e-05	-5.9010418337967e-07
0.11204768130414	-6.87890295493324e-05
1.33988008880997	-0.000177001758817251
0.53677916356516	-0.000125660290662573
0.267936668495087	-8.63440081274885e-05
2.25417974642515	-0.000315436124623545
2.79546831659469	-0.000362246087181502
0.00491448598436841	1.35907150774155e-05
0.860954839618308	-0.000182692867658448
0.48339300815251	0.000134914448464728
0.0464374777551701	3.75008155387723e-05
0.938184410930625	-0.000186477097059917
0.961197744796563	0.000240150587211641
0.666172859106942	-0.000132788347759653
5.01996698410814	-0.000379761311192576
0.81557655970409	0.000200891954656476
4.77994973581025	-0.000407137696834421
0.116641661469001	-6.55498284459409e-05
0.312077547806352	-0.000129443547675532
1.21938067944075	-0.000207446558554122
1.85186693923178	-0.000291466910498314
0.0100920108486803	2.22017318187307e-05
0.0190669538345705	2.58769305921226e-05
0.0805073612662349	-4.54131166787658e-05
3.00121556335652	-0.000355379893976819
0.415921659667446	-0.000132106290547041
0.177023484532142	-9.51647444222034e-05
0.15833424556644	-8.06912186814312e-05
1.2764664567506	0.000225215244969954
0.87835629452822	-0.000155075913539472
0.000693121886316104	-4.95422570299352e-06
0.0079071711265453	1.94925880964403e-05
2.05458460671448	-0.000261583533441801
0.916835122243175	0.000161268881148408
0.436043258748758	-0.000117820744112078
0.132176666993099	7.51142322488461e-05
1.28713513090264	0.000172986811108901
0.0337319413622545	3.36774490443988e-05
0.306339494320236	9.72764067960274e-05
0.0134242549771351	-2.2458886778275e-05
1.38379172912166	0.000221008383740441
0.00476499497600459	1.3384505239157e-05
5.57141247433634	0.000449323442218493
8.01161599319376	-0.000430840775401948
3.35962060476449	0.000371770739264879
0.101653984807034	-5.0639960058053e-05
0.0352690612749623	-3.90658766867328e-05
0.000426840264908505	-3.22930447908349e-06
0.0132839419512483	-2.61219524368033e-05
0.96394399019085	0.000206363737324941
1.58893265236264	-0.000230963227323713
3.09361225070037	0.000351775485567493
0.821904814757277	-0.000175831995660036
1.90381022936612	0.000309358370496418
0.229471024279869	7.50819148037776e-05
0.798502439428873	0.000190664693079521
0.472659640602113	-0.000116599310804611
0.835346872278433	-0.000173704996056682
0.805294425096104	-0.000151178396263322
1.20288154045623	-0.000177848885976856
0.187885185417007	-8.180887217093e-05
0.0597756466529926	-4.28167908756566e-05
4.81463977633123	0.000355375947213882
1.23916031540392	-0.000236485515485544
1.78192455302547	0.000240254448142112
0.193935944101136	9.04384678542276e-05
0.659295240924178	-0.000160340567080424
0.360898379208651	-0.00010181857295064
0.423664488039303	0.000106825773921545
0.00623742588743752	1.66502746853005e-05
0.00543238870039382	-1.31784376546841e-05
0.391827089272893	0.000102191314334874
0.316387540234663	0.000101383382775212
2.04677367409634	-0.000275863393872099
0.638614377038309	-0.000160032079521079
0.429694016625019	-0.000120578415490164
0.0817740863567062	5.88836570807494e-05
0.104528345070341	-5.28174674232582e-05
7.96702976597851	-0.000532374447532242
1.30828407561	0.000233730804675704
0.187837202944736	-8.10853517690469e-05
0.0141211520594793	2.50076800703969e-05
4.80551639800208	-0.000434295094057854
2.29772951632201	-0.000305762933941515
0.736736686215902	-0.000167267468454816
1.00558623674616	0.000172698658899819
3.8000073079205	0.00031928178004228
0.044992229252129	3.84934935068965e-05
0.00114009521014659	-6.86868202112499e-06
0.0186614244489865	2.59695009231553e-05
0.767189751029671	-0.000148536092836234
0.286194860383557	-7.39039742993668e-05
0.0500309388944199	4.00977924345557e-05
0.129638313793959	5.75061506773868e-05
0.0837586567896397	4.31503810653977e-05
0.967710092742246	-0.000150335580722893
0.866082322498783	0.000202974926295683
0.11850274654906	6.19303238936019e-05
1.68617354189783	0.000246571352215938
0.0446199406984816	-3.9543846830443e-05
0.256145092411609	-9.66071420386574e-05
2.64110369926919	-0.000279646136676722
0.0551290940476471	-4.45508626540235e-05
0.277026770477302	-8.24568020127415e-05
0.0803957346048242	-6.13192509137729e-05
0.0059564981160346	-1.05709110420082e-05
0.640847818052542	-0.0001569246910847
0.524889651117289	-0.000129372746964226
1.13427568460572	-0.00022291440525228
1.47595300667732	-0.000205540556287957
0.270820397250218	9.05974149203791e-05
1.06769119233654	0.000182961067386626
1.39903134767114	-0.000219090398247438
1.02626428841002	0.000192040793936654
0.529180979703777	-0.000127457397169977
1.88336217250592	-0.000302560302180907
1.58806302356181e-05	-7.44505705295462e-07
0.103268926024935	5.77524947684396e-05
0.000102475154614889	1.76764138279179e-06
5.43153881840233	-0.000455978072816231
0.264769633285584	9.71288084424203e-05
0.124166772913905	-6.67270609660916e-05
0.0175746454164493	2.23413754534685e-05
0.688331559759493	0.000148362366862829
5.87884129513549	-0.000609190341254267
2.07652987276433	-0.000249412319617852
5.41043960053121	0.000402396863640747
1.98608217354821	0.000223706726979451
4.90191704338755	-0.000388277021367336
2.67300278981155	0.000335660946073831
3.9026402141464	0.000403701853945814
1.74251093434854	0.000207970766000702
0.0940844551200343	5.49475052159305e-05
2.73890308598138	-0.000301550287436946
0.12477446021651	-6.27027179784765e-05
0.993720601479789	0.000217652973065937
0.142340201303466	-5.10235673332363e-05
1.7357441516931	0.000315677075784599
1.37139853176234	-0.000291269121112467
0.0780930026916642	-3.81760057074415e-05
0.541152081110315	0.000149678471700443
1.74799467215765	0.00023673506749193
0.01782951268512	2.56407646936996e-05
0.210400961034178	-8.39823770270824e-05
0.588441558938552	0.000132239087363503
4.87681700110817	0.000536658725873753
0.0678663825487931	4.41549576681348e-05
0.0155736113371205	2.29908345208974e-05
3.5036250550361	0.000369726618225259
0.0337993915998332	-3.65096799115317e-05
0.0891058552457771	6.51750744647235e-05
0.00764104377051857	-1.89557919367195e-05
2.52811556860353	0.000276129440126103
2.28277069212127	0.000315421688091029
0.00107046008581631	5.61354418906221e-06
0.142450487847219	-7.70273643400009e-05
0.259267275250822	-0.00010280731374817
1.89830341914806	0.000266378659146812
0.0121869906875426	-1.81819316535477e-05
0.0544649918303069	4.48682962551391e-05
6.71899613737963	0.000570494045777267
0.689435790947556	-0.000154850479806162
0.172481161449793	7.14599399694837e-05
1.14398497558268	0.000184171367065724
0.0950907143291201	4.91528366250422e-05
0.841348771844839	0.000158622354476416
0.423361318683127	0.000130166345870222
6.07471919800005e-05	-1.90320299124605e-06
0.0145665888306974	2.1423228421812e-05
0.674553697808417	0.000190727772212813
0.122253354435657	6.89825414467717e-05
1.21720606470922	-0.000253968211360324
0.0255890870487372	3.02416663078197e-05
2.1486465809538	-0.000241982479031875
0.045656641166436	2.99548361676319e-05
0.901238610710417	-0.000157621167657611
0.26455890464366	-9.80742992444069e-05
1.15419191070498	-0.000190613419720982
1.75551994922424	0.000270351873969001
0.0100000452754569	1.70273533454778e-05
0.0308527485423621	2.56559682935954e-05
0.0272980385458328	2.5869278750983e-05
0.0209471798913657	2.42502684120386e-05
0.786001599133627	0.000159666231356561
0.461353741415522	-0.000143404576870483
0.565633593822058	-0.000143270026494349
0.411594451660477	0.000141743625504289
0.442494445684453	0.00012429511355374
0.143201521786758	-7.86656158399783e-05
0.785518912657242	0.000180807804782223
0.0119268310320791	1.99623038691519e-05
0.000377582522109678	2.99296409678498e-06
1.18773997275712	-0.000194973726523835
0.482665891276561	0.000114455808475382
4.37189903111009	-0.000343716753969544
0.163971569637764	-7.96939817116267e-05
0.0390719705902936	3.7711737649093e-05
0.00428052272650073	1.22647730120694e-05
1.55598656704726	-0.000282369361694708
0.273155685183746	0.000102649939465985
0.667699200170777	0.000167808693498015
2.08755316861273	-0.000338062464670984
0.552557371663469	-0.000126042638898596
0.821463337168832	0.000199171465999071
0.0445411680845852	4.3492541946181e-05
3.4588360701489	-0.000371663470856161
0.617823918103578	0.000133130225395248
2.10761787068813	-0.000220725745906671
1.62685174723166	-0.000227203698525968
1.279244988904	0.000238168875005149
0.572721231889938	-0.000113299369719774
0.565161376936103	-0.000146985456216544
0.0739169596393693	-3.86816512644647e-05
5.69058377852288	-0.00046457105665649
0.0198230138693451	2.16199610785829e-05
0.138712882601604	9.69135032887487e-05
0.553439354856667	0.000121873184479234
0.514176620332701	-0.0001429438988882
1.16089274369313	-0.000192242695850309
0.402968972939272	-0.000126935723019396
0.688664673884317	0.000166274487123993
0.0458992670005879	3.49393591275055e-05
0.713608424946672	-0.000151978115150808
1.31809790737326	-0.000208056780979728
0.48425153371048	0.00012199731572653
4.67424740832943	0.000354020823366914
1.30940335381187	-0.00022792767546999
1.12121273445867	-0.000191305364477252
1.7535943080495	-0.00028685462330865
0.173782853822551	-7.86938094306027e-05
0.26521587141406	-9.19749298553704e-05
1.12004001514129	0.000157803522974786
0.414307039626865	-0.000135315862614141
0.11225998971607	7.48172948150748e-05
0.700541546288051	-0.00014940879353332
1.52758528077826	-0.000191953309004562
0.145732764491055	-7.3451681007841e-05
0.137469953550215	-8.37028270156589e-05
1.32807765656068	-0.00021278054044381
0.862129232576398	0.000222386694918522
0.0271782331025447	-2.76217231435616e-05
1.05043703428364	0.000200663767935813
0.195917895421649	7.7690137543144e-05
6.86499327475443	-0.000453541564017502
0.000645476174588494	3.99897467696761e-06
0.0416484712030743	-4.21409335130058e-05
0.0858465952693832	5.6633047109695e-05
0.0570224675411325	3.90923973126334e-05
0.502380245625667	-0.000141671221602261
3.42901994447874	0.000300025841555814
0.81428948585359	0.000201738918758461
0.297442760161791	-0.000109785264309137
0.140225055584603	6.54972329377197e-05
0.638765323368868	0.00014096195638324
2.96211424739714	0.000295899423175704
0.296578519461268	-0.000101958186560043
0.62417749640484	-0.000111479651782904
2.30117496492502	-0.000282200922965273
1.7392259678949	-0.000192442676066534
0.375173218520541	0.000145121953660332
0.0218556592435082	2.17665363451223e-05
0.0573609619107189	4.33409948066544e-05
4.12586163898337	0.000373782560733396
0.842700138639801	-0.000202695034095529
4.15794766205373	-0.000269250981280767
1.16548797632712	-0.000207182769989063
0.492659396511886	0.00012934359906703
4.65121862226485	0.000466745769628548
0.0486750859320324	3.56797293624392e-05
0.222022558388469	9.30711455652338e-05
1.79030671166279	0.000299036344526628
0.733737964755757	0.000159559395708698
0.541450858876581	-0.000151619682543311
4.61560033481098	0.000412714838457778
1.85068363264795	0.000287816031676454
0.323984829233308	-8.97300367255572e-05
1.70284985403836	-0.000228993323307892
1.22418602439325	-0.000201951497449344
4.95093361814148	0.000355023315403444
0.15947514377327	-6.95171584608161e-05
0.0702476401206146	5.4426373733917e-05
1.06501098424673	0.000168719891582016
0.722830094048854	0.000141680399595296
0.0388819621015817	3.50380632059153e-05
0.0403969693499788	3.31942322929859e-05
2.5007938713475	0.000235181269410717
4.38154091703945	-0.000365085593421768
3.28194635688518	-0.000439980175447307
0.0258323618416804	-3.08736026707717e-05
0.132661977942239	-5.08139866726648e-05
0.0294282171813417	-3.72768310328065e-05
2.14948701434589	0.000296475711171195
1.4536433156413	-0.000218982009489932
2.31285149478433	-0.000314376873159072
0.246095246429668	-0.000114760075800275
0.629261575013688	-0.000124502857133757
0.254285391432663	-8.70106656803255e-05
0.262154013418452	-7.8165705045801e-05
1.40852679631878	0.000246903165153932
0.0154965496940643	-2.34172922605055e-05
0.11322938954881	-5.14088867442487e-05
0.15507932630152	-6.26494419511668e-05
0.00108502710782001	-5.78776058965158e-06
0.745351008018659	-0.000151123848302419
0.174693515747566	7.89286250650042e-05
0.00483266525328344	-1.21609807774206e-05
3.24058491927902	0.000316196718460258
0.00778544966643723	1.38825652698934e-05
1.09682390353053	0.000197401685759927
0.00011089787840685	2.08661995111934e-06
2.75321441569612	0.000352648145034974
0.00110977233633007	6.27241236646694e-06
0.0225194436610465	3.68760287205154e-05
0.0116825510562298	2.24889444036451e-05
0.0484333106354955	-3.61192338019933e-05
0.0297744357685524	-3.73440484270197e-05
1.3112832218001	-0.000185691627231485
0.212043750410563	-0.000111670294456834
1.6081188123591	-0.000243668256976952
0.0270732562823038	-3.28901383638171e-05
0.39403863275361	-0.000137914289179294
2.33430692737935	-0.000252841598598061
1.81778017314864	-0.000255204463906977
0.417344552393731	0.000102041641235313
0.0828155926249637	-5.5845631508085e-05
0.50864840188665	-0.000120204224760117
0.00400235998580477	-1.1272809404945e-05
0.641116839745922	0.000155750498926142
0.105452648987777	-5.22500724086525e-05
1.86361678099912	-0.000266923550628184
0.762406015513278	-0.000171620949375445
0.0150038017888854	-2.67892134117305e-05
0.222085595237435	0.000107291083920633
0.530936468105737	-0.000125328997891742
1.9304553892348	0.000256415831579671
0.823055268763787	-0.000159147056728479
1.06307120864181	0.000189870988500731
0.018591354467737	-2.24962277495244e-05
0.746391265150976	0.000175121676270967
0.190991872231703	-7.50002220792956e-05
0.471537024902005	0.000109957066310076
1.27448793785457	0.00022391099420614
0.0501000717228704	-4.20310368689416e-05
0.55144217295033	0.000144460086826552
0.00225580783588168	8.74680796440601e-06
1.50967770316461	0.000298943160264925
0.128175459168997	6.79270499991512e-05
0.0874597758229743	6.33613153702141e-05
0.0224534713168906	2.44120277888999e-05
2.82809773578345	-0.000333753833303992
0.158240321706094	7.26503890121006e-05
1.23457418263291	-0.000180406979970871
0.0679195764459389	4.42452934144687e-05
1.45563287928109	-0.000190880933770536
0.0434961368330623	-3.90853751889061e-05
2.62444982101172	-0.000321798040442065
0.00617688618748575	1.29922813649962e-05
0.0428649487848652	3.86601463077918e-05
1.46081655589359	0.000244013799532358
3.16462618903198	0.000303691732829748
0.243389295536568	9.58158091710456e-05
0.809811795965446	0.000166652465504927
0.227355535132169	-0.000103376552215562
1.21038257855324	0.000200481048645064
0.475759684935091	0.00016264882500049
1.10399578416985	-0.000177918648921112
3.01052893228233	-0.000330690192492673
0.042345687330494	3.2756393482785e-05
1.33785272608679	-0.000274629273110318
1.41048289182246	0.000177588165382734
0.0770904188560171	4.98786698503128e-05
0.660467850257027	-0.000145228444657963
0.0120979194782332	-1.92742188686425e-05
0.564352650171521	0.00015470818844123
0.543574004188025	-0.000136334698284513
0.61013926654894	-0.000136412878915571
0.103067961845148	4.71819504371185e-05
2.98889673177825	0.000314303293799323
1.66925334722619	0.000227284762890635
0.118240855119123	7.46205009939268e-05
0.0272270092028652	-2.59655850870405e-05
0.361547711732924	-9.67525713652256e-05
8.75213442076848e-05	1.76361392869705e-06
1.27630906177937	0.000214003081272286
1.46782390095277	0.000236163248386634
0.0873832475526885	6.17486866577962e-05
0.00389435287020068	1.11349171425005e-05
0.508645644675171	-0.000131619976640189
0.0399171291695554	4.63500279100478e-05
1.47015722327652	-0.000190687643000958
0.00571181822442603	-1.1015308863208e-05
1.17400341276564	-0.000201016245918279
1.36552834603638	0.000208217796737298
0.162753527856249	-0.000112976262101389
3.17278989703435	0.00027846137128527
1.76379590212303	-0.000216829199061654
0.337528897863424	9.66827291443713e-05
0.18379041750623	9.51878501818098e-05
0.0996082878514225	-5.43959320790828e-05
5.10662275275424	0.000414894739148899
0.00165533851426387	-7.73075699644548e-06
0.225222929166426	7.15589234780597e-05
0.0452244360196536	-4.14456870559557e-05
2.17068733727031	0.000323505217022258
0.0535023974078266	4.18756087598788e-05
0.694723647125112	0.000131277398142895
1.17849252534522	0.000180314816849028
1.71012710725478	-0.000285341152385867
0.764614049127528	0.000159684305095856
0.595935992019376	0.000140535750043537
0.0943238387041796	-5.89067235496963e-05
0.0501982742236256	4.04869067510872e-05
4.83666374024157	0.000438738956631738
1.10426348251604	-0.000178702682967303
0.0259111860757755	-3.43791391014947e-05
0.987830684722561	0.00017554998675562
1.18435610343187	0.000240020053948808
5.07512741278535	0.000338943644692185
2.04397823978853	0.000245856506176426
0.00562013958371478	-1.70048711362508e-05
0.786905941168053	0.000139996179763038
0.658705104836242	0.000173854991605111
4.4057958430641	-0.000398873299506296
0.484726156299118	0.000123802410507676
0.234215169473625	-9.33353712438647e-05
0.0314931102390539	-3.14257813316565e-05
0.0678058355646095	5.62724220113451e-05
0.755434272527314	-0.000162375659260893
0.312477512741348	-9.66198607530719e-05
7.90338124191729	0.000523392184380112
1.39054153449133	-0.000267739470019631
0.197304270956949	8.34152063328725e-05
1.25006176822363	-0.000189271643018806
0.146009400870327	6.66455766628092e-05
0.0984772624938252	-5.9698356315029e-05
0.175208435043289	6.65250800862792e-05
1.53641160085869	0.000294312441245269
0.119699592189297	-6.80710367076011e-05
0.03779428945915	-3.37500366290708e-05
0.00330853892893574	9.71184372047424e-06
5.45935329019841	-0.000484004426558187
1.67257468205039	0.000247918059615155
1.77291154564255	0.000243545508326405
0.0056482585952853	1.48506697825362e-05
0.031549480465183	3.2900885316679e-05
4.69541005837463	0.000405001134558028
0.483200442007471	0.000132093542107802
0.178556278826574	-9.84070319950231e-05
0.097479596886989	6.24654442277821e-05
0.12428185803095	7.24132973951456e-05
0.00183419932494932	8.56409059399671e-06
1.77837478834767	0.000294324193429827
2.27007120669625	-0.000280667519757553
0.589451788372795	0.00011011772255375
0.536935910830474	-0.000113146195097039
0.00622523586820344	-1.06551595350059e-05
0.489522551568366	0.000130588853447592
2.02816159063017	0.000350023938923243
0.0754612656674283	-5.39271753161295e-05
0.96460594414735	-0.000187650987717223
0.0949496447943605	6.82857415910538e-05
1.33648788698571	0.0001935899339269
0.568954600379454	0.000169670362488169
0.0506089078152374	3.54948260825935e-05
1.71859295194748	0.000215606862326976
0.326854249235417	9.64209950583804e-05
1.59581196053847	-0.000265295531593455
0.656447245923959	0.000163053003426304
0.0833418788261124	-4.40782980861237e-05
0.00327644847852189	-1.00478398481955e-05
0.971871593459214	0.000181904567462755
0.292315938692541	9.39991857818741e-05
1.10713648949429	-0.000179266895593186
0.878589055182564	-0.000220262197905083
0.0196039795704274	-2.41290191404763e-05
1.61651908695452	-0.000289745893679736
0.000298860536827516	-2.71052285577536e-06
0.694680870846481	-0.000150243350635009
0.337656070071525	8.30357208555977e-05
0.232441437968183	5.55194518387462e-05
0.000242589609664657	3.15586070174302e-06
2.50603618847843	-0.000295139411903953
0.299503904918755	0.00013887841836298
0.268979058280774	-9.71997980500598e-05
0.528744440887949	-0.000142947956492646
0.0418062302034819	-4.05553576837675e-05
4.02341116563826	-0.000441209073095731
0.769233093073688	-0.000153209607936487
0.0402056538179739	3.28279110521358e-05
0.699855248171752	0.000172472925399373
1.10285937395707	-0.000199236523786397
0.0452101881492775	-4.29823614138327e-05
0.362698786684432	-0.000107440440073402
0.862103832819453	0.000170949838448825
0.00857090264753945	1.64048788312986e-05
1.40487491972592	-0.000234812525347216
0.388768880532859	-0.000148424102840203
1.52667862218661	0.000257586888843325
2.34686850935197	-0.000308826957476351
0.109544518840198	-7.39125455333747e-05
0.00062639827433993	-4.4566989439929e-06
1.9358558841047	-0.0003416524471109
2.7077718942779	0.000344904535079847
1.08391992247781e-05	6.10100633343567e-07
1.5146122878578	0.000216987705770397
0.0302942731622074	3.53992686103152e-05
0.024668577038912	-2.65449019210937e-05
0.00198490775517583	6.41814982974083e-06
0.0282726104951164	2.76971356757251e-05
0.128443374584279	7.06456501069315e-05
6.22238550346846	-0.00056915965587475
0.32631243501915	0.000106052270252861
0.00987036845716168	1.8546595526619e-05
0.232919070575621	-8.55448662466612e-05
3.65570823425254	-0.000377549528308756
2.36893319434127	0.000306771123823038
0.111926691436683	-6.58543231212732e-05
5.61798318175898	-0.000402267416005783
0.262186657492903	-0.000104498575533827
4.34548858919936	-0.00036240122124545
0.344006274741914	-9.93902029267719e-05
1.0690305807107	0.000194879834991937
1.43698253777273	-0.000195110785458563
0.0179092032636577	2.48716436405869e-05
1.32636374255562	-0.000228291359161445
0.0602780191477822	3.68202850266637e-05
1.1518009403733	-0.000229258397245262
0.982359975103843	0.00018988289258771
1.62774220026189	0.000220135349402735
0.290601746912446	7.55044003902247e-05
2.05016119016765	-0.000271780301001436
0.350432098813946	-0.00010153436697584
1.27378124246894	-0.000215044432794932
0.169254836098584	-7.42867465918037e-05
3.50219373470014	-0.000379361534076488
0.277102588488003	0.000104908345854764
2.79277767150646	0.000331219323858335
1.15746218704791	0.000223784252095266
1.9703031381157	-0.000306849725628507
0.0469226324017202	-3.54922564154322e-05
0.476224178948348	0.000114373721321136
0.00070903669291969	-4.44137196992939e-06
1.1574607049224	0.000244730444135154
1.57062358564737	-0.000235485231348355
0.0539194039056875	3.9747668925525e-05
0.153779044360233	7.31121181712993e-05
0.909042898042749	0.000198234103032518
0.0337300463446302	3.62652865467752e-05
0.201038181905533	8.67989821252628e-05
0.432266442247281	-0.000155907245151593
0.0267609906590054	-2.74505624766616e-05
0.975753268900238	0.0001851016092349
0.182459341678411	-7.17207299748173e-05
0.00761686832377026	-1.71184517091172e-05
1.07738288998339	0.00019492736661233
1.67440175715667	-0.000219197969090855
0.190792177268173	-7.82955530574015e-05
0.000117697432841759	-2.06779287920662e-06
0.0921584989641695	6.79562091781764e-05
2.19864951173549	0.00027306419749254
1.03642071239233	0.000175790386198137
0.719759186355457	0.000178151711232096
1.89653399020199	-0.000247311557580502
0.347300215268536	9.84852552057871e-05
0.00405230833382844	-1.06464140732345e-05
1.92836740083614	-0.00025224784249751
2.24388045714779	-0.000334130395729309
0.00699821427486634	1.60686561187352e-05
0.742856229988543	0.000167099871160451
2.13709443265572	-0.00021212015598978
2.24931767514016	-0.000276811528146537
0.969869716121879	-0.000212257803996752
0.0113243692716323	-1.78524133778255e-05
0.014160413311514	-2.11272441543839e-05
0.525504872984889	-0.00012886107055264
0.574633162386914	-0.000186696901504413
1.18677057896949	0.000251447918155001
0.00439907170258891	1.1441026810466e-05
0.81650597423061	0.000182403383771594
1.14900143039903	-0.000241507111208254
1.60364191645007	-0.000214870140060107
2.46238773388751	0.00030948002969141
0.321629077250285	9.49571761602132e-05
0.915443848799987	0.000151677463902515
0.799960179905904	0.000161801241744932
0.111216103693304	-5.14588621709228e-05
0.0759618151631862	-5.10996542076712e-05
0.0304318279703526	-3.58303919383342e-05
0.810030950407307	0.000203716981482642
0.492379952190382	-0.000120866470689796
0.00155896934369213	-6.71099549065692e-06
0.929689325586503	0.000191467859192427
3.19712154828728	0.000359342725464572
0.392027401322311	-0.000120487795687686
0.0488905522712522	-4.8180150055116e-05
1.44884104144616	-0.000234106557012088
0.400986341430573	0.000131758298432272
2.23272127968272	-0.000271110858680122
0.203619168381036	-7.82915932362142e-05
0.202532114051886	7.96543265171482e-05
0.401286309769788	0.000135786957677575
0.143744959621629	-6.70853667429257e-05
0.00279988734871288	9.58499586444716e-06
0.457657283812176	0.000112846133785996
3.01408397787242	0.000319667745531491
0.226942158797609	9.81368780618153e-05
0.0441579261174047	4.16044507624692e-05
0.294892616541519	0.000102022346501862
0.0653425559137326	4.29025554294439e-05
0.945496171832644	0.00014064254738723
0.630769483039648	0.000143005410004941
0.570454816024768	0.00014278928809607
0.167299861757248	7.93127381072522e-05
0.878038214355963	-0.000145809175331801
3.64272235206205	-0.000350735578079752
2.26036268408603	0.000265666005721301
0.0266210705354577	2.59396912913549e-05
0.542400926885877	0.000127065467488772
0.541468446126359	0.00011938971676376
0.681472857444144	0.000187645931631248
2.06412384302301	-0.00030743660618888
1.29186465512588	-0.000185180928089775
0.378079647916646	-8.97140701399075e-05
0.769049121703879	0.000149995415942464
0.265523338853938	9.34150551924731e-05
0.691848823090622	-0.000140784745419247
0.691198992075188	-0.000151044103432042
0.135398280254848	7.52330715867098e-05
0.00482330677346719	1.41299646567375e-05
0.0211935994021536	-2.35590497442316e-05
2.27390843666436	-0.000294064541915729
1.05345060624366	0.000225704081003303
0.615651610677287	0.000114479973605951
2.30958565210931	0.000339223754016708
2.02721131493702	-0.000260640436923625
1.68007784917111	0.000277491852932695
0.180489541629676	-8.23926906321981e-05
0.599201388253897	0.000142830996489653
1.02683265124633	0.00013922243885855
0.061404992049709	5.23611382599642e-05
0.0573700507426473	4.28958921762286e-05
0.0376343489815516	3.08256196027767e-05
0.0141501786867158	-2.1396781850652e-05
0.158558924920914	6.95979762784269e-05
0.338499421031823	0.00012419615649267
0.8358648538435	-0.000168962387524202
0.342705892078799	-0.000129881222540096
1.3110765550312	0.000149555216927966
0.541642040364529	0.000137847380200018
0.0459913614260545	3.71222946810238e-05
2.65000289310065	-0.000269231810630792
2.08132582146064	-0.000320019844121537
0.0101833310818153	1.78666611542152e-05
0.666947982766199	-0.000128580541187361
0.157328288127085	8.4675546691673e-05
0.49192071604292	0.000150688101169316
0.227929053840506	7.83282455072861e-05
2.08255349370698	0.000266997648405216
1.85435500663352	-0.00023524378531524
0.248561768845018	8.52019655042016e-05
0.922736732992225	0.000162315852648158
0.094458197751647	5.45466529491477e-05
1.88705756112416	-0.000233935204631119
0.537207086051053	0.000142373595618333
1.64478958722058	0.000226642686207923
0.0490595000113535	-4.13983961169851e-05
0.613544154674672	-0.000178916975114504
4.46332114013446	-0.000442898155950377
0.255711421814296	8.37646788293754e-05
12.7085833053074	0.000683467876365413
1.71777299941707	-0.000250706865911339
0.0332208503739071	-3.06852006868845e-05
0.46237823101399	0.000115253589117632
5.95931600570182	-0.000474304122795194
1.18476310155425	-0.000241100021777252
0.324029140224528	9.64171874339403e-05
0.619261755141371	0.000135203467580117
0.0114929179094126	1.67686630742436e-05
0.10199236453413	5.46030826764061e-05
1.53062061479727	0.000215024293619739
0.0653512067856388	-4.60107172356956e-05
0.069136732556919	5.64383371796294e-05
0.101223004720004	5.94119215001827e-05
1.03211631933869	-0.000206200384779128
0.000443991510698134	-4.62876365583979e-06
0.774703717933456	0.000142701318261283
0.00107585159175969	-5.88038144019156e-06
2.21453568282678	-0.000219341095548243
0.608506999936578	-0.00014841180156835
0.306307543377048	-0.00010219297909535
0.148862154809586	-6.88362789593096e-05
3.57219187954063	0.000383307415352986
0.93021962713821	0.000206281519328522
3.45402147125319	0.000295082466333813
2.73255256374756	0.000344171694430056
0.0737971862535692	-5.59565674089848e-05
1.64226061185874	0.000201037038977169
0.595882981929716	0.000125048155559419
0.69888483566318	0.000168911402987603
3.94159751636827e-05	-1.15706498008588e-06
0.00363548177865397	9.0957364229083e-06
2.11965928581868	-0.000314661131979167
3.01350351174899	-0.00032487175686928
0.0204734246127529	-3.12483738572151e-05
0.0104711411929187	-1.67095364289271e-05
0.739049515068545	-0.000188094050766939
0.0909180522389704	5.26070006748541e-05
0.371382865029451	0.000127576703490033
0.00476186191931591	1.39264906387675e-05
0.191595673007053	9.93734369316719e-05
1.35293341700358	-0.000184981059193228
0.304378951301504	-9.69784277541993e-05
1.07490951918283	0.00020424293855707
3.41642975189634	0.000410597243378725
0.367264468444143	0.000108961175718856
0.0780341990145591	-5.083735782963e-05
0.399512565107055	-8.18221779979084e-05
0.152055172128388	-7.27686408258008e-05
6.80032012019526	-0.000625423042721593
0.207497821320116	8.2971461013181e-05
0.267284741266656	7.83781269769296e-05
4.85517162521273	-0.00049124163252626
0.000937329736689874	6.4684104862642e-06
0.214065719678717	6.88170926332165e-05
1.06004661875161	-0.000164901401647063
0.764988988208834	0.000134960535102932
0.848468958389355	-0.000154766406324188
2.4678656886455	0.000234202138923212
0.16686821733583	-6.48965724837416e-05
1.37417440662093e-05	-6.87634706123103e-07
2.76540673847637	-0.000278115661377441
0.066733462921115	4.84105230691544e-05
0.188796369357597	-7.09020244364096e-05
0.0470967596363246	4.02427320495213e-05
0.289204516932756	0.000137364775592716
0.127209473862093	6.41033283174828e-05
0.244412612339175	9.5316177863927e-05
0.0154605614650347	-2.75626268786245e-05
6.38112383785835	0.000424769431603075
4.10207720419985	-0.000387655799696356
1.40101253122812	0.000221290016485939
0.0553464659432745	-5.00372429204723e-05
0.124294819885602	-6.68833228323556e-05
0.0700944994978134	4.71440626881753e-05
0.0520614323634106	4.91013123803303e-05
0.43317780659288	-0.000127680770325926
0.185240753057031	-9.37092088479468e-05
1.64397013554032	-0.000254969720388403
1.25967681671528	-0.000199486800421728
0.508964365863003	-0.000149372115257573
2.24373872011683	-0.000265022255558251
0.295108947511552	-0.000105069080044853
0.861733066616864	-0.000167742014807649
0.466485174164426	-0.000108792400581257
0.0561731080495467	-4.4341527782771e-05
1.67199906538452	-0.0002124704634439
0.0553008996711855	-3.91118807771969e-05
0.274810987206186	-8.40420328148267e-05
0.637154960115324	0.000167574949525906
2.7031342212799	-0.000309915451394028
0.160593275333361	9.45118094001979e-05
3.89645932733896	-0.000329811315422871
1.30342502225532	-0.000277872476139445
2.63774068551209	-0.000352479311107571
0.345304597873634	-0.000147675179646425
0.115051460290799	7.15122387024027e-05
1.12703611239544	0.000187963715210445
2.33114283662928	-0.000299163237729162
1.90950556275864	-0.000220747397366233
0.234339085871833	8.558191122786e-05
1.96086116424448	0.000277132461917753
0.104423542676394	-5.42460296546765e-05
0.0269307479718391	-2.93645923407921e-05
0.0402321951324136	3.47459689448062e-05
0.319894747904733	-8.48310960998043e-05
0.604191695501352	-0.000140786667944715
0.427697259080954	0.000144957660809309
0.0156596108399247	2.56492539147059e-05
0.0530368021012025	4.67094805520747e-05
0.0154625307681775	-2.10738909971168e-05
1.37949176978101	-0.000221729549694706
0.685648721270734	-0.000147073561365589
0.545000423676234	0.000130169157749003
3.3972324760367	0.000279705030300561
1.55318907823169	0.000226915297543702
0.00859291038970497	-1.9596076061753e-05
0.578114307649954	-0.000139846985752305
0.000161473165999791	-1.96585940660175e-06
0.824094971116108	-0.000189402913958754
0.159017449623369	7.58696853925014e-05
1.025543692474	0.000191669314520558
0.0538183197344988	-4.62944716759311e-05
0.170430587498093	9.24025757819956e-05
0.0366883447233885	3.53886886256927e-05
0.372774246515976	-0.000147432714606376
3.19324415487899	-0.000348360239571907
0.991063888123055	-0.000187182774849213
1.49307871123492	-0.000238457652910275
0.0158458881040989	-2.30500253979392e-05
0.645684001137754	-0.000141967634864693
0.170157279857455	-7.07190136790112e-05
3.9707171039749	0.000480664027831405
4.24921201188977	0.000389381028970721
0.358966866607459	9.72656629716427e-05
0.163650884101296	5.28346333559733e-05
0.717981442425749	-0.000156935543407991
0.00354508859594658	1.25015500025618e-05
0.128535900313417	6.44486738380469e-05
0.0257289323449669	2.84623857875739e-05
1.5616990926049	-0.000223834289178193
1.7542714216284	-0.000227257114572057
2.51544788735128	0.000246780116851373
0.899785329961176	0.000204583309893686
0.606311920725911	-0.000161965342194916
0.321415478504952	-0.000102741698113299
0.431753949475361	0.000112577452060086
5.73282391689698	0.000449627977903866
0.00429766015157832	-1.19718792584728e-05
0.372766576521157	-0.000119866986428658
0.00156689059405935	-7.6422569010039e-06
0.348447111095617	-0.000115393994718049
4.47246493821685	-0.000405983099080399
1.05321569093415	-0.000210114138594368
1.09005088077666	0.000176632689986451
2.2517003605792	0.000303637538150602
2.26082110693468	-0.000291265904988686
0.66036658736788	-0.000140536597711956
0.682739735020636	-0.000126219742672524
1.47406016618348	0.000206506179957997
0.348643072209481	-7.47445686089945e-05
1.46511321497543	-0.000200071032668852
0.606395514249047	0.000146262900316723
0.20026595362465	7.98557242681391e-05
0.0202694185481342	2.66858389022712e-05
5.64704871332973e-05	-1.34651628509001e-06
3.40476428148101e-05	-7.87434752625497e-07
0.0148286999385879	-2.22607621926812e-05
4.60386734360842	-0.00037855005110433
0.416777267124628	0.000122766682482814
0.948321185446411	0.000179730073923035
1.01682153173539	-0.000219015472189383
1.68451775575019	0.000308074173245672
0.0390408328491864	4.65217591670493e-05
13.0232217443393	-0.00073438832270535
0.0703680541591153	4.39581401106156e-05
2.59065639701452	-0.000321494761486731
0.167290122859606	-6.88067533868677e-05
5.56491344423477	-0.000449535484671215
0.281780593963125	8.15947780679867e-05
0.697909300114439	-0.000150078450031406
0.00829851650207932	1.53609909918377e-05
0.0141257903491316	-1.9438408057698e-05
0.04721348721915	4.11051603839239e-05
0.0530554527021376	-4.02205895400038e-05
0.696371494939309	0.000169339863422669
0.833537365112285	0.000144257044106162
0.0656063858162823	-5.00579734969867e-05
2.49803801197187	-0.000282591412206236
1.95526127911812	-0.000290498851377257
0.00164520083442937	6.99799524908556e-06
0.0252830430516636	3.01484401181537e-05
0.578425903351608	0.00015520178100518
1.13491949469187	0.00022927620240578
0.641491228908573	0.000142995810633028
1.90675378826127	-0.000291796833945633
3.45600971362442	0.000274147877368372
0.264612277242835	0.000102958871923045
4.70594536380449	-0.000325384297368109
2.3527153184369	-0.000327168994398507
0.984878947340326	0.000122686868876788
0.796199460430817	-0.000147426999366072
0.0468137242900686	5.30469906824366e-05
0.00267882594050219	8.67527358890233e-06
0.665089224139192	0.000156719082565871
2.12420098586955	-0.000192640526731576
0.147488524248875	8.25966759082023e-05
1.01936085424238	0.000181070967712378
0.0508362927446735	-4.38444692114091e-05
0.478045941114454	0.000128814179811469
2.55515085790452	-0.000285468200814714
1.74773812670619	-0.000215349986750083
1.5388954754023	-0.000208784280473189
0.806488932731292	-0.000144743962135419
0.278462455254364	-9.56399974421489e-05
1.91304012865005	-0.000272269224869777
2.28967372927376	0.000273438947808268
0.524560219886938	0.000132202904672915
1.65196545695694	-0.00023296203084162
0.123756169040885	5.68358983657553e-05
0.484985244121804	0.000116389297146462
0.00470403761035971	1.17663912759877e-05
0.752056490815438	0.000173373142678403
0.109448430253659	6.20375098054203e-05
1.45501451266973	0.000255890688986121
0.0550665484037582	-4.02157676325641e-05
0.373340561136572	0.000127806753684711
0.00705166139707123	1.19071407790829e-05
0.59636009337072	0.000122487248350314
0.52380906238504	-0.000136018225525802
0.0851063839997644	-5.24548344726161e-05
0.227298776662075	-9.91319865076183e-05
1.80900278406276	-0.000264169892322836
0.208951297311041	-7.67979186300284e-05
0.256859512678244	-0.000111697953691591
0.511698732719481	0.000162679568126492
0.510016280635183	-0.000133655624594709
3.27420094384618	-0.000368861539149102
0.884740810927632	-0.000191229546456695
0.0541147211391266	-4.96979269241574e-05
0.0530243368400872	3.65263939557777e-05
0.148639208051067	-6.52892760750032e-05
0.921624403767775	-0.000182409835071929
1.35946695643766	0.000192488946348423
2.47809750975315e-05	-8.59034964684654e-07
0.30603280999845	0.000118951673674137
1.36667609515525	0.000288072726110329
1.40055099794833	-0.000294657990666103
0.451061024867259	0.000142143919087489
1.33764947790247	0.000176349013891148
3.51344957154249	0.00039386443122644
0.590529328741375	0.000113065503137246
2.66064136430266	-0.000346474171715145
0.51509212829993	-0.000133988663064655
0.0588407148939343	-3.8289105155975e-05
0.0155783546512111	-2.12400546647428e-05
3.18364640239163	-0.000301813805318209
0.054227348301784	-4.80602983940228e-05
0.243964380189036	7.09690146554132e-05
0.108121750542109	-5.63541819057305e-05
1.52848683018587	0.000224415745218022
0.639547770769422	0.000162455737615738
0.000394513472782874	-3.84883402254377e-06
0.00837048957139464	2.10867085059881e-05
0.000417633327975809	3.86884383639174e-06
0.676574966763809	-0.000137545912751861
1.38581175947638	0.000202926829538309
0.0284574284453023	-2.73222750237871e-05
0.0023560527308889	7.99947594233049e-06
0.0832723339776586	4.91083711944267e-05
2.77971990517482	-0.000348108567214241
0.0815362089353734	4.86765663047904e-05
0.465326166197042	0.000156092854397681
0.793456175780348	0.000146746674498949
0.533532514792706	0.000117390777678317
0.493283008281102	-0.000125647791873752
0.0334593802435114	2.97500894638589e-05
0.859639703673193	-0.000183289196412114
1.01777214205594	0.00019173547243381
1.51183162161557	0.000279882635317052
2.11403045282263	0.000314241597230293
