R^2	beta
0.172327543232565	0.000255302079539465
4.79194346545163e-05	3.48373374833286e-06
0.0740499368715704	0.000136932382627241
0.233253423267649	-0.000243354017794477
3.86300800967498	-0.00097851174880854
2.25836157128646	-0.000797403634106823
0.24293943206154	-0.000264792055821345
3.09503469451688	-0.000908153458068225
19.1329668455499	-0.00213404741837221
1.45855045776174	-0.00062021069766229
3.90121152495743	-0.00116317678265767
2.01071179529475	-0.000741772187594499
0.355360720523118	-0.000310167385770387
4.66062371986148	-0.00106936984142982
1.08060822319472	-0.000439267021923271
3.50146089945967	-0.000974200883382488
4.24154920622339	-0.000962868984799826
0.809960433335714	-0.000490718661378588
0.234683204689762	-0.000200316904728794
2.83674316740124	-0.000928434288550528
1.06179434046779	-0.000553780759164464
4.47736447762075	-0.00119391826947555
9.70706220846528	-0.00174514001231475
2.18239378590713	-0.000772762264460394
0.614693724118673	-0.000476180584740678
0.342685786103819	-0.000299134287208042
2.12134135826597	-0.000702443842158212
0.0934208915419173	0.000152224451577543
8.16364570091178	-0.00163565625867051
0.111391359148559	-0.000175147900126582
1.11422002145578	0.000498931352689858
0.853516283941207	-0.000465971460671344
2.5523221888043	0.00101357089257334
1.16134078040296	-0.000534841932659413
0.161532454780152	-0.00018352904325635
1.48782948320676	-0.000750716610166712
0.0909017082893263	-0.00016079065674529
5.64149814202889	-0.00121649430046572
0.400607678623457	-0.000348628629789423
0.101337131245094	-0.000159499013247988
0.0810288705405144	0.000135584440596502
4.21313942503572	-0.00108565239624903
4.97846584247969	-0.00107504651223917
1.62921228699634	-0.000663993053797477
2.32463202573338	-0.000702447584661223
5.06415075799952	-0.00116317375305198
1.82105691065751	-0.00079528454426503
3.35023513281745	-0.000905570746058291
1.75470675162911	-0.00064733202255345
1.2144134271218	-0.000554607991494725
0.759902754072004	0.000450193478571203
5.53570623101414	-0.00125003147675446
1.26487627678057	-0.000609738411135769
10.3321540754046	-0.00174823570216108
1.7849743341145	-0.000707651891636638
0.115280950498675	0.000147441169147874
0.957592728361888	-0.00053136459985068
5.16679158804046	-0.00123177974084032
2.73435698090993	-0.00092665851523933
0.22492372067036	0.00025291099363467
0.0527736598646084	-0.000104611904441229
2.47236628431941	-0.000809386901072898
5.60306341931132	-0.00115267576131767
3.46243462787371	-0.000943924312679794
1.53282337459694	-0.000577120550868829
0.641897483904555	-0.000390937386879192
0.00472443438880378	4.52175416795172e-05
3.97929610433719	-0.0010042734112272
8.6822602678531	-0.00147348139813397
0.587156111490591	-0.000412803946476001
1.20434654423447	-0.000592142868471945
1.91711674566326	-0.00065727318068344
3.12114725412468	-0.000949551947173194
0.0106576150672192	5.03192889782927e-05
2.27823268972006	-0.00074022111351527
0.635633937257553	-0.000461791792944711
1.18709731219179	0.000554774039045659
2.00761623733951	-0.000583451425873757
0.553911333855974	-0.000412383452171166
5.25803346028771	-0.00111111208372878
2.04722468601646	-0.000823782074368246
0.604868231580793	-0.000365907404975889
0.180507596728745	0.000209176381179659
0.00487704873887471	3.44684371659728e-05
3.10616534946156	-0.000826620627139529
5.02583688379891	-0.00116914807026387
1.73501149897822	-0.000597159184062012
0.866097665865223	-0.000459135191335106
3.50238612250335	-0.000901515712622628
4.98331875996201	-0.00110658832755767
0.0167359320226262	6.65632731940343e-05
0.516161468845605	-0.0003454574538783
0.00016463043557342	6.06800302668062e-06
6.32025508403234	-0.0012652878822287
5.57866294333817	-0.00133684891420693
1.35508859835901	0.00062440988974936
4.1853418948668	-0.000983745504723138
3.69288942788807	-0.000994969424100504
2.88303875709612	-0.000963268836103333
0.407992813402781	-0.00029629573362641
0.0953576151950976	-0.000160596889986445
1.93889259581212	-0.000680863469963884
6.69217718456932	-0.00112142504224117
2.1733004761632	-0.000784637755101044
2.74279624008235	0.000858024111709207
4.38326611332889	-0.000895073653898499
0.672533454195419	-0.000368683841024044
3.54705848179643	-0.000933100074182996
0.944558791320933	-0.0004848952653203
0.00707431264508965	-3.30527967856292e-05
1.26476571280584	0.000539650139212969
4.79203466581341	-0.00108929403777167
1.06938408998914	-0.000648656524410475
0.357740237638902	-0.00027763098666513
2.02002079180262	-0.000637440725013448
1.04256608137969	-0.000531387362679611
0.0464565832433315	0.000114418411945176
2.62865063011896	-0.000781149253934957
3.10933733704414	-0.000990088890392277
2.16082225256106	-0.000759773182823162
0.220678209696083	0.000268978119664636
12.9632624557593	-0.00186586220222011
0.0762854007963287	-0.000167430069722409
0.131358901566675	-0.000201115221777185
5.98466261683209	-0.00146803173526044
4.88607256966003	-0.00104934346887665
4.30164566297223	-0.00104212345013605
5.2105972636431	-0.00115416467551496
0.0572284391095329	0.000127606872738968
3.39393372632101	-0.000852886497807092
6.31874653786755	-0.00124580900934575
3.56019261568559	-0.000915018479410295
0.01641070253923	6.5832799654463e-05
3.16636584721198	-0.000928049218289939
2.06631065267144	-0.000703743569147805
0.0534952588305859	-0.000119236909020244
2.68580282370296	-0.000722588930366543
1.58243484375249	-0.000628991726033918
0.543645402660748	-0.000379045828755053
2.20658245638174	-0.000684746966889183
1.95159932563941	-0.000923495933921468
7.51922234173128	-0.00134613095996102
1.2854917879785	-0.000587675628715617
0.0133121927944543	-6.36543067336843e-05
1.01325807345965	-0.000513328925289701
1.06042921463014	0.000581067456528261
4.03823525564869	0.0011605147680579
2.25547769387234	-0.000685268297072767
4.15297038923218	-0.00103425797570076
0.876366233790436	-0.000475713885198001
0.97871349037488	0.000525746489738376
0.0346433476611793	0.000107368309192218
1.89592981605089	-0.000708591493052372
0.00666040258033279	4.19688673373542e-05
1.08611570715785	-0.000524428859599086
3.60955957411284	-0.000864413834830785
0.432856214942321	-0.000319245038320615
0.0152471651641084	-6.18699217587651e-05
0.113990187518958	0.000185549203351755
0.130373425188475	-0.000167365468770172
1.22755383249273	-0.000554592332635036
1.46697848115491	-0.000626564757139971
1.33224023157454	-0.000642236973838225
2.43951589214484	-0.000917676556330038
6.30483910183088	-0.00109961121816859
0.309868549751286	-0.000305285543648371
0.0584360779773009	-0.000129380939089043
0.024611405420905	7.26378925304486e-05
0.0353455190579381	-0.000101027367999515
3.00922264464518	-0.000939877350089002
3.32216978043575	-0.000833095822199015
0.264141508375312	-0.000259512433054619
0.418039700777319	-0.000299710447473322
0.047317673866426	-0.000109640230374246
5.08115090652194	-0.00107425696723973
2.14781658336775	-0.000859902662738565
0.25532651427025	0.000306378819051952
3.1986219586552	-0.000828444477164751
0.955950440324863	-0.000534545196280583
2.89412108962487	-0.000953173063128786
1.3821491909199	-0.000533176358310714
5.22531327291753	-0.00110385536781927
0.618641564843501	-0.000398889307212545
0.464687907803805	-0.000341268802950513
1.45778712079606	-0.000687483827786145
7.09782446931503	-0.00138907738946669
1.50655610625615	-0.000504018180531329
4.23113441914554	-0.000982104079722822
3.49773093793181	-0.00118952169090415
2.76972167900411	-0.00075767035000141
6.38684787635569	-0.00103747295284236
0.651967879686989	-0.000369318316301773
0.000257625021862671	-8.707119048501e-06
7.22232530746501	-0.00135229307381191
0.21725264900902	-0.000236018796352786
0.622859655959112	-0.000579908214744838
4.27745848148071	-0.00100683210909018
0.0257271079322691	-8.1742491707579e-05
4.71786104267389	-0.000843650953633585
0.8459493525336	-0.000532937938674736
0.602494996663401	-0.000399350776955998
2.60606602666068	-0.000782210829300655
0.643670920919077	-0.000383907721860612
0.318020987288121	0.00032844972628024
2.10107034739904	-0.000791158381647851
0.0445915122841753	0.000115668925562141
10.4974729293032	-0.00158474155351254
7.65523391581505	-0.0015840245194503
0.549609188987754	0.000350402919050106
0.198975637720796	-0.000239528388623061
6.70841806071053	-0.00118731913175425
3.41007396265528	-0.000952963782484651
0.0123092025268952	-4.92113966580046e-05
0.258717664584309	-0.000238657801481007
0.552983641367374	-0.000389309181184155
3.84850275358878	-0.000831473886589463
0.291636257484208	0.000306688061549624
0.311091099860516	0.000298539295909139
2.75495645532064	-0.000852678459148884
0.950847049749829	-0.000546315186006013
3.29101241906442	-0.000933720945637798
1.3141224692022	-0.000608021867444082
2.2606626528954	-0.00086442921839696
5.50182143087398	-0.00109069061462638
2.87376182304229	-0.000963783524495001
4.49618911462775	-0.00116388077672942
5.86939009726544	-0.00122832176939158
6.31939777109633	-0.00122130560506194
1.67055743205116	-0.000671286363578055
3.24898404943707	-0.000951862997387338
0.36391626373551	-0.00028210274751578
4.38927416804288	-0.00125988760984933
5.11498005006106	-0.00100135746567729
4.31782543016496	-0.000999778161342203
5.67790001528382	-0.00118898694817496
1.2679282377006	-0.000460625643991056
3.86095959464223	-0.000966092805701339
0.431789359849406	0.000369868059514161
2.64475372599959	-0.000886351255447341
0.192708893308038	-0.000258158134928106
2.05497779702255	-0.000657951039090121
3.23785287592002	-0.000848023522873568
0.7234071214017	-0.000497771398829699
0.749337760272961	-0.000395738104578444
0.571527744633131	-0.000414721902985211
0.939423075069748	-0.000475440214032602
1.05168177450626	0.000557947564447842
1.38541208224727	-0.000652554523118897
1.19461028822112	0.000592247444921381
1.03613714362557	-0.000499354418048071
0.578213602001344	-0.000390631501088124
6.94647254519069	-0.00115312498559476
0.074206456140098	0.000143700516302417
2.41279812732059	-0.000860714369513195
8.77290501565599	-0.00157103090987465
0.71977691037405	-0.000545479681732572
5.97590124078042	-0.00128609317849731
2.59805285306557	-0.000750637603401657
3.70730914512241	-0.000882903019549154
4.23532249512642	-0.00109184192146149
0.000809585251357872	-1.25727876272494e-05
0.275977147267846	-0.000279073986819872
0.000713426235864939	-1.49544730038511e-05
2.88686402143416	-0.000898335663785261
9.63157499410537	-0.00161606172973502
3.53424033869885	-0.00105784733396778
1.17931188397678	0.000546721772456591
0.750795469275133	-0.000505167796558752
7.05913255722246	-0.00123234357437308
2.10960148491871	-0.000720433264941486
1.10926414163801	-0.000588866762538957
0.343240963751794	-0.000286674922183545
0.000150918385438763	7.46651162845811e-06
0.260340039062861	-0.000281121230608083
1.9911043913197	-0.000605864442942148
6.29532457555582	-0.00122780704048303
0.0082834146161702	-4.97383779334151e-05
4.78328789412127	-0.00113194540755933
0.736748370883912	-0.00044200989529105
2.99928542172468	-0.000843254589828329
0.0818121368242539	-0.000137579554948246
3.76017546228392	-0.000852249723606605
0.0395980630804386	0.00010865829012217
2.16153489659451	0.000681435256668798
0.000139541738425047	-4.94794737150112e-06
3.17472099747695	-0.000952658837970986
3.40228021616143	-0.000840195766585678
3.46184961276919	-0.000768604140240054
1.82782187864812	-0.000739075223148046
2.67289122615795	-0.000683256553624478
1.02376417485003	-0.0005133839615985
4.22547640887192	-0.00115036518125225
1.64006891146401	-0.000703563311607524
2.94319338755942	0.00117558546638646
0.534496825965499	-0.000330996552189653
4.97319802126509	-0.00115068868762989
0.205529575409328	-0.000244656262427783
0.147693698351731	0.000183922473613909
0.0110252555615481	4.28952493409298e-05
0.292189699849308	-0.000259190634009566
0.152419615566017	0.000229265419633717
3.07061293340401	-0.000980906109175544
5.39899908857783	-0.0014158505593012
0.900547707060418	0.000453410156948611
0.657166320184407	-0.000423863852088227
4.19391692242113	-0.00105085664866073
2.02814152007757	-0.000865224448854888
1.91540530666528	-0.000604937254271297
0.602016158328994	-0.000308125571582593
3.37340622778621	-0.000893294975637114
0.157335564809455	0.000185983957562593
3.12289085463144	-0.00096996302217174
0.0983327728951629	-0.000150293103546136
0.102147860122517	-0.000166532337177103
0.13082472049855	0.000194803332326488
0.27686188212254	-0.000283843007424563
1.20264015279621	-0.000586677186257559
3.06883691307577	-0.000788912532545659
1.23114693578274	-0.000629852960560073
0.175568656344455	-0.000227701210946614
2.67564601729803	-0.000901699483763431
5.13065639944888	-0.00128104265542089
0.190775844991276	0.000227215669379904
0.210497114666379	-0.000262294498009875
0.24294583691509	-0.000267149664369824
1.98355087205308	-0.000708004752946499
2.78868631325712	-0.000824813106424616
0.536644473285789	-0.000382696804833633
2.70566300539766	-0.00090012826584708
2.19214611391349	-0.000767520201479445
0.858475369201445	0.000584941214468072
1.05946235084306	-0.000523864552659738
4.28211597544202	-0.00118443563001225
5.73642303968569	-0.00138558989313693
1.17017607240858	-0.000633436474494085
0.299520982810634	0.00027888647078399
1.62301005272597	-0.0007659128723068
0.150665537868771	-0.000169846194563459
4.66356237602976	-0.00101680429822487
0.159659328538679	-0.000220169777553959
0.000370354957329654	-1.00422348635556e-05
8.50818433702996	-0.00151388226657117
1.15907502676523	-0.000511122540376106
1.39699839754596	-0.000548235452202254
10.4133346401884	-0.00156503227469035
2.645473147302	-0.000843205553126123
0.00201013773365044	-2.22471584414053e-05
1.97042412040914	-0.00077309589949862
1.54434529166161	-0.000587369556618885
1.09688367582138	-0.000582776551495488
6.2784017204003	-0.00140681732329662
1.2630985593461	-0.000579924787191354
2.26589383726619	-0.000739253449081699
0.00872747664808777	-4.89602938247268e-05
0.0312706884711243	-8.85458815968928e-05
0.857777511000501	-0.000458245094519033
1.51600592998058	0.000728158658690088
12.1078571586152	-0.00170355580183331
0.800051907634059	-0.000459014417138427
0.146573138942524	-0.000188508803479424
0.0270573330520318	8.20206777869156e-05
2.99042529767099	-0.000944834195094356
11.8056315871788	-0.0018818833387216
1.20818564893313	-0.000592022127018419
0.121069306043947	0.000208453174994999
0.0453792625528038	0.000111831288325287
1.04977617658355	-0.000586858930855167
0.0482312739943549	-0.000116611829896599
0.464784772370028	0.000343779475008096
6.64881500128402	-0.00139240510396284
2.68245609857191	-0.000919288836049873
1.19681712178766	-0.000556485781286342
0.107016340903883	0.000171624476428824
1.6585517097302	-0.000722791030098154
0.291229386890976	-0.000243210392115707
1.32427889461702	-0.000577139050958189
1.31532793767973	-0.000562804142687868
0.442849199706047	-0.000278738848529872
0.383385955939075	-0.000312645259667737
2.34298006263953	-0.00072279291126804
0.000395406352680414	-9.99344736078376e-06
0.471666584619821	0.000352765517024148
3.16543172800153	-0.000948079970103278
0.656575971489973	-0.000448129043493616
3.01128699987245	-0.000791640388747468
6.60136377813464	-0.00130321178553758
3.29242019054053	-0.000890916072777141
0.617557028595023	-0.000387104092259989
3.75147974004599	-0.00107941285709758
0.0998968668371398	-0.000140265551116403
0.429606068341738	-0.00031923563584885
0.308608355236578	-0.00028093033541834
0.00666673724430108	-3.9801353794782e-05
0.373575486127674	-0.000324640345573655
1.80685166418071	-0.000638161998786072
3.87818426356888	-0.00105809387346392
1.03734226902776	0.000468091136990105
0.0810934640214332	0.000158429921116699
0.26419772844267	-0.000270656300554155
0.652540473625853	0.000453837660507203
1.03614436944605	-0.000456527729740746
1.90993531148804	-0.000737484843978483
4.19000699222579	-0.000999840722978918
0.223236375480186	-0.000243379241006824
1.5849642081258	-0.000827078326002372
1.9185617544624	-0.000741053957941052
2.19732211459404	-0.000776018791136877
5.13440158587706	-0.00123580432384278
0.00577128362744233	-4.11750209172069e-05
2.14177461939909	-0.000749401321245852
0.239759359123917	-0.000228857859698178
1.54454518282822	-0.000595118046989752
0.644506829762402	-0.000393317801004379
1.8402589657412	-0.000627966176667452
1.09142675386283	-0.000484126694767905
2.13316224374645	-0.000823625753343117
0.620708909633106	-0.000350958173522676
9.39129937994969	-0.00150007275802793
1.52238226718867	-0.000639619004688623
0.00407082711141936	-3.22467454445517e-05
0.81891110132568	-0.00044169407094379
0.405992375349981	0.000295567357290228
7.03587851009699	-0.00133358177533069
0.328218937382275	-0.000354550994594939
1.93786935640038	-0.000732760353739505
1.59031109819977	-0.000739348802788646
0.0410333705626256	-0.000104491586547192
3.78361537693019	-0.00109042513910738
0.550018939920395	-0.000420792199797412
2.83625624757884	-0.000748161419799153
1.46196888093342	-0.000706670504881555
0.291876773559077	-0.000286081911483298
4.69066904522987	-0.000990041627365204
1.74261486819225	-0.000728364498741173
4.65278153888835	-0.000953695357058701
4.97455051127345	-0.00111190710502412
2.14969980922899	-0.000825271957753722
4.0350507517443	-0.000956815375268981
3.55287565815587	-0.000903632219316688
1.62590720705244	-0.000646755990254522
2.03900414069633	-0.000724701036741574
0.13618842339376	-0.000205321379227033
1.28548296913785	-0.000540530839177533
6.47433156251072	-0.00102779278628275
12.5902868887673	-0.00147502318426274
0.0523529867044778	0.000121105738052435
0.371471386371413	0.000334623464392196
0.0013400503817552	-2.04417412093068e-05
3.09245772501974	-0.000955766011642383
1.1026315419019	-0.000539993581213706
1.16724669758555	-0.000547682457109999
1.92501596199721	-0.000727583914144012
7.66608532324939	-0.0013070550140985
0.0605504313592336	-0.000128624546196777
2.00022067361385	-0.000737315118623203
14.6212214613361	-0.00183338552474645
0.000706736250652666	-1.45156594518927e-05
0.0580506905551151	-0.000123055095206415
0.660246917770059	-0.000409639153221639
6.82234465399808e-05	4.70554554940661e-06
0.0779560493846573	-0.000141274906046405
1.38906388597838	-0.000608972304465828
0.380515424681773	0.000373748768415019
5.24561257358819	-0.0010648126866077
3.33996719872167	-0.00105509967817982
0.00171715885885052	-2.50911619997036e-05
0.00632112505755215	-3.54310037728346e-05
0.0174441241591775	7.14152376803485e-05
3.80150667189455	-0.000961000315411756
1.11777091132404	-0.000371723215866577
0.702102777815931	0.000457272955569462
0.0305780620275386	-9.16422207646969e-05
0.133183928578431	-0.000176204628511784
0.000410712690662765	-1.14921243158392e-05
4.91037417956198	-0.00104862900471158
2.27222858514043	-0.000970889189577309
0.522902920606103	-0.000338994770065541
0.0101594655720341	4.50885536880533e-05
0.425625301364082	-0.000325501608600449
0.558776893531773	-0.000377108942929367
3.68098388448813	-0.00103899246695834
4.84728270826131	-0.0010695363233904
0.00227413493096145	-2.66480519112113e-05
1.80933795355399	-0.000705519105293166
1.39691271693095	-0.000579912954784166
0.113126209140581	-0.000175694779170737
1.98090865900205	-0.000650359172969027
6.50994602112503	-0.00154917877886332
0.306998973980254	-0.000269411693789722
3.02816902286406	0.00089111686712007
0.0406171093758789	-9.73762242314143e-05
1.93697379752703	-0.000694860230827853
0.00568378935682971	-4.13823651458464e-05
0.0718769636786734	-0.000145873856507571
0.0507276040878877	0.000113588562506452
0.015594891737984	-6.90503461834752e-05
0.796205559565608	0.000447006532325892
2.08742010513044	-0.000792141038750285
0.590204655980939	0.00043598492078249
0.00308889711592922	3.18410941833801e-05
2.38577717806363	-0.000764263028244745
3.84547676191199	-0.000998842809224438
0.124547165132475	-0.000185953925362228
0.151470602411153	-0.000219122501284239
2.46067063976149	-0.000868290290699392
0.229087634640203	-0.000242095280347729
0.756983249361708	-0.000491633423189973
8.89703813130668	-0.00162620246125869
4.84668896163235	-0.00110202302785648
0.804099734853756	0.000486276396755191
4.02450894718636	-0.00114222314628421
0.0802676353503168	-0.000146637406948355
2.43668687099119	-0.000656715425222996
1.07156838779916	-0.000485309782427754
0.329186523635871	-0.000262366106701029
0.695479347845179	-0.000439981188537913
4.02704496722835	-0.00101827475497047
0.651516989515776	-0.000384086114042917
2.98250129375874	-0.000819999751256397
1.97111645563568	-0.000819553845314202
2.74095617030609	-0.000860874206787796
3.49965178434909	-0.00101906077629572
2.44579104891028	-0.000768095609126679
0.00598490237873481	-4.85465587615817e-05
0.961226081695618	-0.000544664008578095
1.07809129818022	-0.000625437285137554
2.06277967643372	-0.00063045420512156
0.46311817987823	-0.000367791688458994
0.159691488682222	-0.000212875964455467
1.86341421841239	0.000555888704680987
2.30763629126603	-0.000814742963668267
3.925390652026	-0.000944360069183951
0.249441007077182	-0.000276232626182996
14.0840494802099	-0.00198360532848534
0.307788830137633	-0.00032821854590598
1.32085077049124	-0.000682255116345299
0.335876366355789	0.000260674363027988
0.774977911135642	-0.000399298464643325
1.55001120097453	-0.000602906234351373
13.4069208950937	-0.00159057717615902
3.12761431755732	-0.000901182721113039
1.58892095463038	-0.000713455975381343
0.00609218906783513	4.24991417516309e-05
2.31238879276331	-0.000810535869378537
7.04271636139834	-0.00137526779511664
4.7033212561078	-0.00101651581275307
0.399855480143243	-0.000362443817521408
3.39325266360382	-0.000803097250668096
1.12729485275072	-0.000592933753233321
0.631651189780958	0.000425533204054261
1.20969351037384	-0.000574932757856461
0.670237486031457	-0.000352968298816127
0.187663578772828	-0.000252970984291247
5.94603587573291	-0.00138221207740778
1.80091903841287	-0.000708622148779321
1.00727473669729	-0.000454482608603705
8.439184081046	-0.00163109840788306
0.77538885517074	-0.000494297700421818
1.69085915454799	-0.000663994155276455
1.29952488198454	-0.000465643115612243
0.89498657689675	-0.000522510308285754
2.13932256353541	-0.000767520333712997
2.71303999292269	-0.000759141600561735
2.08827346699938	-0.00084353749653177
0.115162051053258	-0.000169803569042339
2.1602311911284	-0.000615469180659048
0.0122128237882731	-5.59077181013725e-05
2.06379520093308	-0.000702645176517894
3.7097655082306	-0.000958176488792134
2.95866240112025	-0.00107433323619409
2.72014945265367e-05	-2.54150362824968e-06
3.27657765191828	-0.00086114865616915
8.57124999071006	-0.00128621815417199
0.0497309866357756	-0.000117492443176566
0.00145545208784798	1.71278043278219e-05
0.016170144430259	6.66161320870583e-05
0.141482286092884	-0.000185305487981117
2.59164519169461	-0.000832693224023766
1.67363190508564	-0.00082915109096036
1.26872638082722	-0.000506317236303987
0.469403975852984	-0.000401935270729398
5.55792265311077	-0.00136811650313333
2.39924294471979	-0.000769844273134628
4.48121210511799	-0.00090276668531577
0.1315591631633	-0.00015015545464454
4.21643759064705	-0.00100778475449112
1.35983039765235	-0.000569125773815156
0.436755618276628	-0.000309102022468056
0.559912445316338	-0.000414556031121647
0.234039576303855	-0.000274466164560614
1.46842827634036	-0.000552636232587057
1.89937097024188	-0.000662797702505888
0.0458951675624743	-0.000108461600225875
0.284445696646747	-0.000256735430853546
0.433102046208986	0.00033073035843599
2.27587502064912	-0.0007190241549531
0.0101561576107266	-4.3272867201681e-05
4.26237865348114	-0.00127180507950522
0.31094596317071	-0.000306293053503689
1.32831746965409	-0.000563127074921011
2.68904496237671	-0.000878354163906341
9.67618768609893	-0.00146261762886404
0.204791335737572	-0.000226170290005707
0.0258139454967551	8.32545032790008e-05
3.79975690506279	-0.00110936829417382
3.3425191736276	-0.000923809371914767
0.32065449265755	-0.000286128423768557
0.941704277238263	-0.000576880942461245
1.12239807523341	-0.000553170588666916
1.56911241582093	-0.00063839395811823
0.242420141877162	0.000261173007316543
1.34767936881545	-0.000631573516718794
0.188129722886808	0.000213804520314708
0.0107885015294511	5.52734565889401e-05
0.250667638418041	-0.000267522928481506
0.0558261488335137	-0.00014172777598862
2.98456569320258	-0.000906737807179412
4.68907779837487	-0.00117575360496541
0.013695762109773	-7.10352097505677e-05
1.8323538957745	-0.000689131662445585
0.108378925483329	0.000171309430527411
4.19808037470282	-0.000849941498782317
0.0348001739634329	-8.94629336252743e-05
1.84395442659674	-0.000750437530819226
0.822392740999359	-0.000432728792789941
2.05283936580956	-0.000765583282020712
1.59973178628593	-0.00072638526936803
3.20351356541169	-0.000939448020549307
3.11606122806485	-0.00085067893323289
2.82241838337877	-0.000842589509638916
12.2311219644958	-0.00202958127493079
5.16106586340378	-0.00119826370401194
2.42240165920994	-0.000672129953386398
0.650937291824721	-0.00040473226573973
2.28463811058233	-0.000823405983844658
0.634965773571361	-0.000419769001180787
1.12198845600281	-0.000541745661111917
1.18373407689459	-0.000549589765212963
0.0124555475743134	-5.85182658055704e-05
6.0585334079798	-0.00100171059207095
0.155020124066568	-0.000238158449192591
0.960550030917735	-0.000452179643106789
0.145734473546177	-0.000218558313151524
15.9474404773514	-0.00228398402658574
0.00699114781567054	4.35773334020671e-05
0.0544707994205004	-0.00013665982653674
2.32437072302031	-0.000714832768486091
0.295218696758535	-0.000348542879785612
9.4709045240159	-0.00169557351025841
0.196209198553172	0.000249935394423498
4.2110142518177	-0.00103025418956958
10.2003458769606	-0.00187433297501187
3.57754744651997	-0.000955245358118283
0.00424394650338342	-3.72945195743146e-05
1.82186736789391	-0.000772643780579824
0.0602025079345587	-0.000137779877546387
3.15225369104579	-0.000959315488264884
2.01637042334299	-0.000811929459117606
1.61664005643096	-0.000782963870234033
1.74336271408051	-0.000802216729437605
1.06923146318033	-0.000589503414388036
6.50480875804909	-0.00115772191840867
8.62473855506766	-0.00146041169922182
0.0269224680017479	0.00010246160013673
2.4955844896021	-0.000877440996492489
2.07515183604402	-0.000743604060332762
1.19239683984818	-0.000539606975076747
0.603021813616721	-0.000442083578181877
0.327836666327792	-0.000283842601273736
0.0123930651810195	-6.53508294405683e-05
0.978977296884875	0.000598929513386501
0.00768213579781899	4.56512066832081e-05
0.402678092038916	-0.000384114896885444
0.722466645397662	0.000485607522860369
0.382367855031292	-0.000286616898000519
0.128380926465458	0.00021270174342018
1.57149250377217	-0.000706565946452308
0.656344946658161	-0.000397913563865624
1.52141441346169	-0.000573032587552152
3.66081952372064	-0.00108677747555497
9.55438297855645	-0.00178449418630323
1.98017887086947	-0.000733705748677969
0.0129880536374267	-5.92610327034457e-05
1.83625784160146	-0.000766962784158502
3.30213753015326	-0.000920243096805349
0.00881333215671771	-4.67546431730613e-05
0.00792032002357543	4.11663730713409e-05
0.125104013477268	0.000179063601052522
0.0884492452874041	-0.000156944120081834
0.017695689389173	7.07536353862309e-05
4.52468782732194	-0.000945715202119959
1.64245208412723	-0.000628222627430497
4.24095106843656	-0.00105058399495707
0.0499592662306801	-0.000117944991646739
4.11503847763195	-0.0010512234069464
1.00884052824982	-0.000633451081461741
6.47399145492002	-0.00124809413756188
0.011980628940171	-4.91991116371007e-05
1.89820991185929	-0.000700499825774597
1.04563987353748	-0.000536820927817311
3.97862039506478	-0.000976167379938329
0.856371483102414	-0.000501453970039535
3.11928365933612	-0.000950597996494107
1.63373229307101	-0.000642749568406239
0.261120051481434	-0.000245388644248314
7.9360805615856	-0.0012805503999363
0.283844580332159	-0.000308775788358161
3.19787610938738	-0.0008584923438738
1.75140361936794	-0.0007659799157015
6.94877099734687	-0.00133161886217381
0.677518764835215	-0.000383682811700437
0.0743936992068221	-0.000136789795534863
0.989043357706072	-0.000571295856205278
1.19526590592631	-0.000611732659107309
6.0637930568724	-0.00121956978471126
0.853809985755412	-0.000536029045053964
0.140261384561504	-0.000171312534078821
0.0780264341951168	-0.000130422763090188
2.69115058967292	-0.000770925004159181
1.23110163205045	-0.000554764879389639
0.403941414728392	0.000345230426100368
1.17147246353775	-0.000527713675327289
2.69877700086929	-0.000881513221613634
1.35429877553369	-0.00068206978918584
0.150127763673496	-0.000190799985863936
1.01737408950208	-0.00049806628293498
7.59459402409372	-0.00153334549064172
4.72278026742151	-0.00110172876580942
0.204566632612397	-0.000236782588260956
5.21200015905563	-0.00106683897565091
2.17168459426015	-0.000791116421767464
2.46674112648073	-0.000775861298009007
0.245797018878824	0.000238685318201886
0.605576983454954	0.000441631665981843
4.70547443209213	-0.0010265417474891
2.30342214396293	-0.000788147986563068
0.7206647406682	0.00043778537786166
0.0833902172470165	0.000162631591997888
7.6188258917651	-0.0013125294701988
1.75887098682833	-0.000670094828180256
1.09301114939395	-0.000537859874842184
1.36890793404952	-0.000541812294726688
1.58523579012394	-0.000743834183232718
2.17811854852098	-0.000736355920558074
0.172236895204741	-0.000221780156678281
3.30508239803928	-0.000869061946908426
0.0958879703594284	-0.000157993560090039
2.04720700232915	-0.000640134662802425
0.023182237094853	-7.03581328686055e-05
3.51936727760107	-0.00109154179010995
4.08858056738586	-0.000989234445288932
0.672325898483703	-0.000459044813173594
0.90602341036678	-0.000596106779605059
1.8215275787456	-0.00070744787017264
3.91147947617687	-0.00112857784461548
0.60775985936925	-0.000413833769542722
0.792464592849483	-0.000461471156313514
0.315909244194385	-0.000290448452156751
0.271086191462193	-0.000265235150923352
4.07307308468968	-0.00104404377877116
3.11994989100121	-0.000811930558139444
2.52726679058765	-0.000809450163462627
3.01671241616361	-0.000934489145367193
2.06012247191715	-0.000687312092206401
2.44898524529239	-0.000835164977668244
2.22168339322579	-0.000732899588309653
0.263713576635432	-0.000214353553843556
0.26748458657016	-0.000317190653082052
3.47172284894267	-0.000974641565214718
1.80297606486647	-0.00085894984144425
0.0213089680729294	7.1753274951773e-05
2.14442933206331	-0.000741812327493608
1.20561881212501	-0.000509205098697767
0.142276348422799	-0.000177113783320141
1.27861903657366	-0.000507177077509698
1.65365995144721	-0.000670700542359175
5.14825528755942	-0.00117141120929365
4.34195146146244	-0.00118086599170483
12.2000942416909	-0.00164544301558218
0.700264405631715	-0.000456010651941541
2.15325336062446	0.000832772373326928
3.59911052307089	-0.000998090105121832
1.82586961723849	-0.000612794081308386
10.8672281336417	-0.00160777162016653
0.0549298506964762	-0.000101133986502475
0.371341622279271	-0.000286904153194281
0.415950071836927	-0.00028494310291471
1.22817487934158	-0.000534680626844091
10.9094451064682	-0.00156404359805438
0.464498213617794	-0.000385149335494594
2.33194366496263	-0.000845736616145081
0.12090273906159	-0.000164561437212708
1.10572119256471	-0.000495109649075979
3.51386142981228	-0.000851244725110079
6.36628133759918	-0.00119764285473307
2.17658922635828	0.000776760774182247
0.149955842284097	0.000211274915018384
2.3299358406609	-0.000896982296208943
1.4010845672312	-0.000678568015420464
1.81661941925791	-0.000557422855589551
3.13880099478545	-0.000879726650681301
1.90724223355859	-0.000712113171868295
0.813589012152519	-0.000476617405975496
0.975186318979442	-0.000505643715658167
2.65655117838301	-0.000795077960914403
5.49583244576174	-0.00109233795918869
2.93334952983011	-0.00101510994146387
0.000115786801396881	5.55966776060058e-06
2.1297201271052	-0.000774728168383741
0.314476802016217	-0.00027946222742307
8.62081359690144	-0.00154833719630635
1.69326014461282	-0.000625027846020695
1.42133345244147	-0.000567427971608588
4.51311267640006	-0.00104297529241837
0.815095173810605	-0.000433214625978384
1.04679613916584	-0.000431614264800017
2.03616391741064	-0.000609438846994663
0.00161780571862691	2.13482216663512e-05
0.971611743573775	0.000409539682513402
5.19852179136843	-0.00134024680667287
0.33620039333676	-0.000252586480180166
1.77035753759649	-0.000739781936771712
7.26383349798783	-0.00124472626203233
0.899886950399385	-0.000410464335029714
0.392450399262596	-0.00032596987024913
0.0622335525353761	0.000119487462275025
0.44204105280507	-0.000293700249223369
7.53968956278587	-0.00147830753668493
3.03055493637972	-0.000894763744288799
4.59889915551867	-0.0010592340995914
7.40439860533117	-0.00131390593234301
7.27825951187673e-06	1.18494279078662e-06
0.304879194582432	-0.00025428664901794
0.534534797031823	0.000394327622779217
4.95183050345411	-0.00109260479302976
4.87472360552129	-0.000928205362815281
0.0221257854277834	-8.05127964618873e-05
5.61960638535805	-0.00122869229345919
2.19940732344715	-0.000794235602131181
0.053882489464161	0.000122070494506389
1.66987486218727	-0.000663510382471383
0.803648252835983	-0.00045441953743299
2.58610273979007	-0.000716982365826007
0.0385715178695157	-0.0001097777812047
2.45839103045622	-0.000846367709097514
0.75711191923159	-0.000475501188176667
0.440415236296848	-0.000292741299771968
9.33398726662131	-0.00144157500970704
1.90745847116218	-0.000689960170126483
0.713960867454876	-0.000398494563529538
9.2594429704154	-0.00149279359900353
0.168026487853839	0.000187751492684946
0.29022871068626	-0.000255034065829301
1.64818288226694	-0.000605464346334892
1.26686522757691	-0.000638194803360861
0.993258890901108	-0.000532168920731099
0.541454848013172	-0.000416608165339996
3.78078747617638	-0.000856968792465954
0.00218640938351484	2.32197749381704e-05
4.15277485318397	-0.000986121050074386
5.06869988629466	-0.00123748767593221
4.60407580970394	-0.00104647250639069
3.19234612123703	-0.00085933310328039
0.173494554179806	0.000191324860269299
2.20541259397112	-0.000810812441322507
5.31722092720441	-0.00142593366925099
4.54108417244743	-0.00123530275492321
2.10071648072099	-0.000653675776720046
2.20131803404629	-0.000724612578202753
2.56817551403806	-0.000828373668030961
0.277151730414331	-0.000236627228351972
0.985759285469384	-0.000466570611935494
1.59749250730108	-0.00072537576786516
3.1251454649051	-0.00093382667262743
0.14832152930021	-0.00019047512172971
0.70396617821217	-0.000454734583111026
0.719865048079448	-0.000413214696132085
5.7834751457871	-0.0012514605764623
0.245514742734711	-0.000291053448605609
0.0525619096384518	-0.000119510030298719
1.45738278222053	-0.000571672445056933
2.60473309685832	-0.000768833920601715
4.20762955998415	0.00112815354606789
0.671591993717092	0.000420899595311127
1.32730134093735	0.000668952959261199
1.21455422888591	-0.000603738424995329
4.22064818257707	-0.00114028273193416
3.56281216973789	-0.00107509847624736
0.918443988064919	-0.000556370632461167
6.01321995962811	-0.00124023257053194
4.38196510658171	-0.00108440861531707
0.265024760845687	-0.000263118166789127
3.62719498028461	-0.00088013777716532
0.0876410400033462	0.00017454983110205
0.0496754775882783	0.00012647151085996
0.491351876209288	-0.000356332636062544
0.802932129220636	-0.00043540695030994
3.10334906715756	-0.000887286778879162
5.48626247101928	-0.00106064754866217
0.00107859033498634	-1.49239438815466e-05
0.279079546972603	-0.000280874674391951
0.215796234322128	0.000228751867373686
0.210526162993832	-0.000207347053502372
3.41953416713054	-0.000920967951715156
4.91016700046097	-0.0010944983100788
0.0873451640188366	-0.000161528862159822
0.645773028699134	-0.000426996521996876
0.17422194833042	-0.00024973701288446
0.356628545610253	-0.0002884975883603
0.00847664312229345	-5.55048296081976e-05
0.154073695703677	-0.000224505842926463
0.248165316973407	-0.000236823633148581
0.3250888825467	-0.000313336473604158
5.49669572802942	-0.00109200201185509
8.52613303408806	-0.00148504759251366
1.16622461241209	-0.000527800552928539
0.258261386105183	0.000266721272784277
5.04422062420187	-0.00117272215877996
4.12058604087787	-0.00104509389690738
1.01892181901207	-0.000486125974287104
0.735903757845859	-0.000432234587763581
7.76652087145705	-0.00149504837035623
1.85122383508944	0.000654833677039525
2.25482137604456	-0.000892072611398819
1.18753795290987	-0.000601784867160811
0.128923520677149	-0.00019625038579807
4.17101454846305	-0.00119401986837494
0.270601289579006	-0.000274989973774145
0.000122635248987589	-5.36979396689743e-06
7.82332775918101	-0.00135568319587285
0.753891545782724	-0.000486608059854675
4.57644819038287	-0.00129114925478857
0.00968640639740299	-6.20791500369525e-05
4.18845154161969	-0.00113282559248178
0.649421059006342	-0.000460871109003428
1.24221924472087	-0.000554395833905179
3.11090384763264	-0.000963595561437854
4.5864480605296	-0.00110914690996245
7.81680831854442	-0.00143550149103152
0.0853369789700646	-0.00015257999969862
1.09024892275948	-0.000531226200297488
0.550540847129559	-0.000363390957778384
0.493152373846864	-0.000381860597851921
2.5579437215671	-0.000684227611347537
0.41085290081536	-0.000418611922044639
0.119908121290515	-0.000201595308031159
0.392507698073065	-0.000351854195998328
3.41643413763445	-0.000889641931624057
5.51392290573462	-0.00111982600528482
2.39530960022847	-0.000749696355892097
3.71011207311362	-0.00100260790133368
7.23960823175064	-0.00136378105514165
0.110371651075287	0.000138882237652646
2.58290906150938	-0.000901716681721418
8.33141523268312	-0.00135845797143315
0.174409480433793	-0.000190104357585746
0.959945235723484	0.000462895030016134
1.2156633971467	-0.000548132825246863
3.24858837779835	-0.000832082000624541
2.05115479363324	-0.000864597403680187
2.3382215471234	-0.000720122860995284
0.257100148834044	0.00027161640965953
0.0672750299096983	-0.000146967422309378
0.274612514756776	-0.000251861339779042
2.52515913280807	-0.000823456668089662
0.544145682804501	-0.000382505755812139
0.427357116108033	-0.000349136440467069
6.39044665412353	-0.00136745132409883
3.51222598307214	-0.000962586590677888
0.279663246660765	-0.000246336430875804
3.51653626710207	-0.000810344911961436
3.86355794997625	-0.00107969426286528
1.03514547356545	-0.000542672075902495
0.489833569337278	0.000395194913262905
6.98099473508021	-0.001465568155953
0.0137592510548204	-6.23487052432755e-05
0.0241595843062714	-6.80172493970555e-05
1.28121513979756	-0.0005843588924206
2.11544596015076	-0.000724674111996083
2.08711373725881	-0.000720080250976529
3.69551546447154	-0.00107019506173481
5.71967130189068	-0.00130979228349225
0.875789833753714	-0.000511957111308577
8.49296853881983	-0.00162537156018962
5.44303902291865	-0.00119100279169213
0.796839333005378	-0.000504087242266863
0.0884868363343976	-0.000142446419998648
7.42636156221318	-0.00114364279041694
4.76891665805984	-0.00102096388381649
0.326075750120821	0.000294151400399778
0.0182519569059192	7.65268956167419e-05
2.19390215290429	-0.00087894208092728
1.28888367953738	-0.000607643360653471
1.63852796284212	-0.000694655827865047
2.25712301336286	-0.000745546034538631
0.985627138556851	-0.000500635180029958
2.88589146821739	-0.000937751233560679
3.26856824239439	-0.000998326018179153
0.323421417387507	-0.000294018625132034
0.443877376464362	-0.000403929150004803
