R^2	beta
2.28710483145552	0.000679301008856913
1.22270495610551	0.000534168205857267
0.011355971296385	-4.73408410009061e-05
0.0561072031761403	0.000127475115373356
0.0769421106591661	0.000164474665234002
0.717324581036294	0.000394628906986677
2.18966349551568	0.000704652652096613
0.392474470577061	0.000321439458946932
2.17559569390944	0.000609980664277682
1.9098846480909	-0.000677644900846666
2.4082540855418	0.000738996336168014
2.60377802309832	0.000763355549955608
2.75158562337633	0.000806564714135759
7.2568392883405	0.00136962209563633
0.0115935824438449	4.01929734314595e-05
0.743578136915241	0.000391800834750768
0.453688985537837	0.000311865899483106
0.0388188834584849	9.355098320835e-05
1.82798274684617	0.000585615120253985
1.62854942288397	0.000530791436497332
1.33367094671203	0.000453477129273032
0.165548166841099	0.000248795457053981
1.79280042184883	0.000631665114772471
0.0707104765783353	-0.000151479323820451
0.00365066589583256	2.44310181197336e-05
0.00605510300011456	-4.14720482519746e-05
0.0318029150456743	8.62588528943884e-05
0.157328520928048	0.000171018517261471
2.29517231042661	0.00075433342166385
0.00619955744470463	4.29303946284351e-05
3.28561957303256	0.000769822657901838
2.20294813725379	0.000839048304468646
1.65491993837613	0.000627627413860499
0.236228533668979	0.000253175743071631
0.823333940229981	0.000444374090949561
0.253896701859783	-0.000252470883917983
0.251251332093327	-0.000268615136351892
0.0696689257049035	0.000125853484978743
2.3399433618892	0.000759666354363072
2.3847208339206	-0.000807432670656596
1.38752385872215	0.000454804957580345
0.665031498916578	0.000532489153813735
0.374371304780718	0.00027804010996397
0.528120551924451	-0.000359826639869731
1.16190966265611	0.000475022708733017
0.825136278908447	0.00043244446866602
0.0258172515089217	8.355362390926e-05
0.62408122715785	0.000360354609305242
3.53049526077593	0.000805521708303254
0.0639622018069308	-0.000129417801769363
0.15254552737832	-0.000179294410656197
0.248557270474579	0.000253042748311699
0.558385712981173	0.000432728033921891
2.15418349500736	0.000691853272077996
0.395211353833239	0.000296397262632168
0.13771781638418	0.000172895750499546
0.264004060048553	0.000308006488283668
0.59828994824233	-0.000384104209303038
0.066328076539772	0.000136052937334217
0.371368975769129	0.000266504863821324
0.0551499096113986	-0.000115912092974574
0.0369144893100771	-7.69256566762241e-05
0.027516339559937	8.0051132718332e-05
2.59773937286038	0.000840794592092611
2.71712456340781	0.000875641478490793
0.309566821588098	-0.000267075257518792
1.00381745188828	0.000468097010639351
1.22934803369106	0.000606787606276617
0.870715222106416	0.000479785206965122
0.102168474435417	0.000192846681441593
0.00162698806739809	-1.83963069037401e-05
0.00425140452110628	2.75931217160442e-05
0.0149366505208669	-6.58268766712574e-05
1.00042410657816	-0.000448048996453277
0.0650952047168416	0.000154023219834772
0.0566522058829221	0.00011923724110078
0.791709100404793	0.000383441888444209
0.0289921831768146	8.32135595738782e-05
1.39919801277675	0.000542368202073437
4.38956949859895	0.000963639925677066
0.627009487832103	0.000375699660174521
0.236941596697179	0.000239196328991487
3.87555838127818	0.000941864117710938
2.0861868574053	0.000643910812557399
0.812359948175533	0.000451732476371515
0.0248626146744124	-7.95243680331246e-05
0.957998831576309	0.000447910466205039
1.26057178032269	-0.000429516915684976
0.14541298781108	0.000192878054004001
1.16022207920038	0.000480112805033349
0.208869380925263	-0.000277705723502058
3.23206937402146	0.000917208416436615
1.15102160296393	0.000468591810475286
3.51302896581068	0.000926382242109745
1.42242310812925	0.000481871063454489
0.55416603496151	-0.000391978039266753
2.74073794383216	0.000795620623567161
0.00161124748808272	1.80795532684371e-05
0.00278972110426213	-2.67924469402014e-05
0.946407038971629	0.000619032710965966
0.00439816661599911	2.99379183343226e-05
0.00417923098075956	-2.99647058394701e-05
0.306847839636898	-0.000259638667244607
0.414629165643647	-0.00027041315278968
0.825281308343415	0.000392322888946588
0.0556866121743074	-0.000122703949097431
2.41959126676242	0.000720160052232945
0.599424074296573	0.000410306638051517
0.871468651629794	0.000454835640412854
0.444511712240082	0.000316011396463085
3.46322109911145e-06	7.09691331464332e-07
2.32640811570918	0.000613803227945942
0.23341244418465	0.000219775482954775
1.75481292798994	0.000624012014909556
0.319813788327773	-0.000271055563406779
0.02082473341375	6.14574555250146e-05
0.319988052156568	-0.000255395207770937
2.65887194999819	0.000838717472010578
0.961915179237823	-0.000553238513618326
2.38840454252843	0.000643437514288173
0.0223789714016803	6.72298734335642e-05
0.11644118694934	0.000194752909742075
0.477888958381055	-0.000297328360005872
0.074339329381096	0.00012690412432066
0.27026351192155	-0.000237566722597606
3.28037194195345	0.000944924807597137
0.960678211511136	0.000484356884528642
0.0620884394442439	-0.000121678767609951
2.22821468044198	0.00065585822789455
0.0880418938357024	0.00013133466336989
1.95468420426526	0.00060398423323012
0.0916408644359467	-0.000146132872163176
0.439847363668528	0.000309543246722671
0.208018891689207	0.000207788252861545
3.11972757781004	0.000830215924051596
4.35919881420959	0.00102323886786441
0.744105999350558	0.000391848000051833
0.284702575650534	0.000210181612721935
0.642467939396735	0.000336768925239325
0.976261749370684	0.000438845598741644
1.97120256704568	0.00054266946360949
0.014334789896466	-6.2597666971467e-05
0.21995469305196	-0.000224796729245511
1.81082507332873	0.000746083596028785
1.71550297156819	0.000663520390933436
0.181069528471035	-0.000188640732288974
2.66755536984266	0.00078792274671955
0.000190840613463265	7.04153981457556e-06
1.81366570539998	0.000739408654015484
0.156828278132887	0.000199321498826425
0.715625698890687	0.000453567734584495
0.242327789439485	-0.000199886299824369
0.0528020777908444	-0.000101193983519267
1.71795413676875	0.00062290987396586
0.195070717748261	0.00021868512768285
0.381052472792364	0.000305204424733271
0.546479621476774	0.00028540243938036
0.799144491595009	0.000475322436855253
0.129201236469644	-0.000177808098610564
0.119141249736992	-0.00016387572727441
1.61385702248336	0.000666612608443675
0.00445422792119011	3.1299044451452e-05
2.72774480485065	0.000819043067779667
1.41182879461582	0.000611178506491886
0.967308610588333	0.000452006987104383
2.30113301320549	0.000607283313985166
1.04479661858942	0.000493400523373623
2.0468244244082	0.000611604127136038
2.2501186672161	0.00081818290799062
0.792803976408811	0.000366910741136949
1.80584415191308	0.000622483930535072
1.82445297003879	0.000673784302594638
0.00786413054090189	-4.63497010643218e-05
0.618786257541001	0.00033424579816836
1.87569548029069	0.000612881997417502
0.570783302739174	0.000301364747671316
0.609054934346174	-0.000356067368828566
1.23842155284659	0.000558705788209592
4.04140343499587	0.00107820901726294
0.165079840071858	0.000207114047279619
0.1309435309391	-0.000160725342662076
1.12795002323166	-0.000509961413564762
2.24981941846937	0.000594510441392435
1.93860210208307	0.000585910702634289
1.19287265481608	0.000479760221771846
0.563849937031886	0.000347287452166975
0.0221517825682944	-7.90141349723892e-05
3.78306243876864	0.000882814412893105
0.91965828548751	0.000407589654337541
0.86077457540187	0.000553864674947678
1.07629755255438	-0.000622417782096665
0.0625297695353552	0.000116385014777565
0.716970919011855	-0.000440977046365191
0.878101076485857	0.00052344373033125
0.331645787037579	0.000292417327603244
1.85397281890435	0.000613265202511534
0.86224132928819	0.000462881388109868
4.35648251246428	0.000827050861820021
0.119085231881278	-0.000141516618185761
0.59056808815583	0.000420586932847741
0.0109763009356494	-3.93334313929143e-05
2.12026145452675	0.000698475919899021
0.237039974729892	0.000232870347295763
0.208785851018901	-0.000186411554563048
0.141264640128567	0.000152117518523549
0.83278905190523	0.000512772182407127
0.00474774480915871	-3.27414754761199e-05
0.466781191512242	0.000339919051308774
0.0695587428064888	0.000128815178157087
0.15002288651265	0.000194869723314767
0.771113764259254	0.000440246616901205
0.000555074701783824	9.61566108466382e-06
2.500669135665	0.00101831869545786
0.760770393831557	0.000480091590087424
0.617974108825403	-0.000330522377872225
0.524249867030447	-0.000307525436927026
0.515421565427343	0.000334474054213513
1.21799454541903	0.000507821602573982
0.0178138339363406	5.9942556403451e-05
0.041030074420243	-9.09037313394635e-05
0.0036400070685464	2.99270873560048e-05
0.0359076623714542	-8.94240884381009e-05
4.49525417573455	0.00135854031009524
0.110142102026665	-0.0001552552504082
3.03476603713551	0.000923016356778428
0.825962116597533	0.000383388509520394
3.00883548624529	0.000714719878003815
1.01473066634438	-0.00047850845238149
0.5411449157569	0.000398185975246446
0.0735311720962354	-0.000143654125799824
1.16600113034005	0.000536936165948101
3.54726322248181	0.000849612158113551
0.0304046666232969	-7.7760391515622e-05
2.08212927494118	0.000661312427815177
0.114043457276821	0.00013388186678374
0.322465739281497	0.000264466148052952
0.385662165201818	-0.00025711114689716
1.12959589173819	0.000510527953266752
0.503368555601921	0.000322913117709438
0.186653824720494	0.000205513302969371
0.00417026167065265	2.6727028498111e-05
1.00369970273349	0.000470335621425814
0.125657644534254	0.000159494386089811
0.592407927372854	0.000366454787925793
1.49825012103813	0.000587223392011636
1.81627774533727	0.000557956029877477
0.191578414001555	-0.0002146088053843
1.27972092279566	0.000490246770342572
0.57503715174971	0.000384509700125299
0.112165453183248	0.000175265274464219
2.25586361413802	0.00092771291075417
0.44313947992406	-0.000349614826921565
0.3685107917793	0.00030563807325411
0.416128481109865	0.000308299388069577
5.0625837601948	0.00126013771735695
0.848156775197188	0.000445075316588767
1.50885060015341	0.000572818250328757
2.88399769637989	0.000742059247585807
0.625590306587359	0.00037810481808473
0.284405655423496	0.000257914955039226
0.00114963679608602	1.81217873581002e-05
0.709606759219372	0.000310851766554283
1.7973240932169	0.000686145690238134
6.26509007496014	0.00128825012077539
1.87696332416885	-0.000544796865522253
0.0243570733938877	5.88024419105152e-05
0.12086212868058	0.00019364919293836
0.0410711288632914	8.69503270737301e-05
0.771427876677688	0.000484080197858684
0.0504823079436785	-9.99461538388022e-05
0.159578415729231	0.000196744078949356
1.92230778212284	0.00066781856265682
0.153639893024378	0.000184476582344427
2.97469327053428	-0.000841248402370379
0.0158511749312544	6.62704366132154e-05
0.253843820198427	0.00019354650201124
1.00178165292378	0.000466423609940957
0.0968378294811268	0.00014970549436412
1.33324292635614	0.000547659800018175
1.7750116843218	0.000731752714244459
0.00104598569403503	1.54360436475388e-05
1.33740644375704	0.000683726162021062
1.70129384800537	0.000725723269820328
0.0406842949230652	8.9949468456563e-05
0.800483190795097	0.000359478613179763
1.66363492267174	0.000580080041301523
1.50357398446667	0.0006103006774842
0.792555560403518	0.000428432513593634
0.00400245066773443	-3.0060083434758e-05
0.0754922238196857	0.000127053874569136
3.34562924603882	0.000992827255105651
0.283114135140641	0.00028421402158675
0.552001034882868	-0.000382089689524817
1.54030464492047	0.000674834483417236
0.0219085453873133	-5.60408625111805e-05
3.30757058079473	0.000860011353747063
0.13252462439842	0.000218410405888515
0.77318946839555	0.000459373806287237
0.244298157985316	-0.000257368466077479
0.359361716854513	0.000242921251563212
0.419246602109377	-0.000304140125978721
0.654494592888359	0.000343763544139526
0.869521025793004	0.000458924554856063
2.13859997092987	0.000888606168570885
0.0282388724711638	9.47973149655402e-05
3.44538010575655	0.000936929924213289
0.754431576358194	-0.000447727942495343
1.48829607794127	0.000500441293059868
2.66221852035535	0.000757659846716704
0.0700949431729989	-0.000121215462952736
1.41589273521932	0.000518143721701146
0.00667882443182286	-4.49230005167664e-05
0.498839472166308	0.000415057974799116
0.78975195538587	0.000384698832579378
0.0559400394806129	-0.000158833561400079
2.20242956865542	0.000755053797558781
0.753003521122864	0.000428548180245883
0.468958729247709	-0.000335618073468054
4.38664776565412	0.00117259338561968
0.920015907109065	-0.000385270549755073
0.00179610160263376	-1.92596985167166e-05
0.332818105546386	0.000237369894202526
1.80347018850227	0.000523852245383811
0.000120303867494444	5.27385752025883e-06
1.35711461478402	0.000536242160525459
0.150671253216769	0.000181010893549949
2.48994126797667	-0.000695535543359459
0.03463064126522	-7.60223289480089e-05
2.86913923196931	0.000718605230556832
2.53297283614637	0.000773841174208516
0.130579987481023	-0.000157972960857431
0.380453218540425	-0.000328119675770058
0.0121573771981383	5.04491785773213e-05
3.11610805418997	0.000938905325484278
0.309883474859673	0.000261107628053329
2.03207530221781	0.000684329104101508
0.0749344484947503	0.000107134884653437
0.00889728352395118	-3.94709094110174e-05
0.271727134442553	0.00021850713452451
0.410175230678987	-0.000270986845084011
0.0679373797497858	-0.000124955474419608
0.818721603806854	-0.000378683907240697
0.75567959395219	0.000402809413723159
0.0835688606844321	0.000158503287700159
0.450067810223875	0.00034219718585779
0.0883238304511369	0.000142531761456673
0.506106182888944	-0.000310758023991708
0.00499157677885182	-3.13221167219902e-05
0.529566930747773	-0.000339569353504596
1.8327965361863	-0.000548929490744258
0.289956554156682	0.000259486781969276
2.996518452032	0.00085657577242471
7.73635859454216	0.00139495034997617
3.3014596482209	0.000849911419307787
0.687832728522751	-0.000329345577572462
0.281853714053058	-0.000247069721069082
4.045039782067	0.00103644550734969
2.08378000641586	-0.000609598817240444
0.0197241699880644	-6.41345072486562e-05
2.10330853202761	0.000838226173226814
2.16991753268739	0.000801013538438989
1.09100998365933	0.000538614424468915
0.043986919899307	-9.51739440157792e-05
0.392573123029033	0.000296847369544615
0.515301689372166	-0.000385349779682893
0.000279893504794515	-9.90446288356487e-06
3.22304103560077	0.000770880366328431
2.19718147296567	0.000722888876746707
0.117533560861336	-0.000146944611795397
0.996157161403812	0.000478492552137651
0.00506807687253604	3.48867181055556e-05
1.1113808967756	0.000597797347890045
0.952094174780773	0.000497472406331987
1.16166908939847	0.000475807837004994
1.79318447567703	0.00056375143286383
0.0481029802642625	9.59832708935033e-05
0.493876688258338	-0.000350444140701454
0.111324193043275	-0.000205054500323988
1.41356822923252	0.00059858293914783
0.604538395994218	0.00039834607497531
0.0038437718452329	-2.97310583442564e-05
0.00877286451025662	4.44507027051474e-05
1.73364284630185	0.000619861392579286
0.399452770884385	0.00026772645360077
0.504491940051306	0.000311662964254613
0.630932366086882	0.000363584127708782
0.0582884149710834	-9.66413756015031e-05
0.609461587603851	0.000387336786051451
0.758150465831215	-0.000399783458932065
0.977526347529116	-0.00044304888067175
4.53830779567895	0.00102952516862573
0.66852702269305	0.000337867873735078
0.0472557551795142	0.000113679291107382
0.667797719180313	-0.000427477606677439
2.0864569980761	0.000627363917309188
0.0291376667221625	-8.88620744233781e-05
0.0391204461633748	-0.000104212210037037
4.8845063503753	0.000998516995459376
2.16938403941098	0.000819184656365832
0.00245842467944294	2.04103336908742e-05
0.011581083313867	-5.81686182024432e-05
0.108146207561797	-0.00014935866916772
0.102937636979031	-0.00015492437741411
0.370804582710275	0.000341448605882511
0.563168090863435	0.00036468601242358
0.00563834346601958	3.68330947404897e-05
0.301089599149217	0.000250144250153912
7.51329288702337e-05	4.15669102042253e-06
0.232833985867058	0.000249095624826352
0.538056888813293	0.000296225948162985
0.450635763447065	0.000360995735995521
0.0619594782646478	0.000147248963758242
0.560467167625414	-0.000400831069872788
1.51815803308375	0.000593520994820061
0.910738942194019	-0.000374902748270688
1.10348983926067	0.000496406396046543
4.55847401318751	0.00117347123523838
0.559505812522248	0.00030194619140385
0.00624787383865933	-3.54002225734003e-05
3.47452950571241	0.000966130629446435
0.00896871815156424	-4.24825313299492e-05
0.243448055863181	0.000193930242053394
0.257509382124412	0.000263277437259534
0.389900402645639	0.000315842832651561
0.0370323078621138	-0.000108135760773199
1.37963245227271	0.000567957476041854
0.697375577512991	-0.000440824381808589
0.98992528594826	0.00051173683701097
0.939765936387098	0.000488526756562902
0.832531186633902	0.000503237008223137
0.339147851078619	-0.000308999815851839
1.86977077041656	0.000949880248295595
1.64081880462404	0.000527359612704538
0.00622788699899266	3.726907334112e-05
2.00874969407244	0.000664389983584774
1.31255005050403	0.000594338174583069
4.3226692402037	0.000933351298549045
0.847207275553923	-0.000430680328705359
0.567173180490218	0.000321310081308861
0.27045308918201	0.000254299948664397
0.403935243538902	-0.000309250633960073
1.60869870319361	0.00061596639310134
0.262733236095738	-0.000280868526002629
2.03910864526216	-0.000778578733854516
2.93215165912837	0.000863069238557965
1.73660195637248	0.000720269728229245
0.594467301509618	0.000411028564836219
4.6870577287448	0.000909230578187265
0.521584844701096	0.000370402126984103
0.744710852928857	0.000487285367645362
0.277015302980898	-0.000222939231054852
0.0781994832530233	0.000122676707346684
0.399389695471962	0.000251276290761299
0.0855850991775542	-0.000149565675044061
1.99254403746365	0.000725422234072198
0.688366071193047	0.000387079018902856
0.807535859776976	0.00052352153213881
0.698144935222131	-0.000351934948267326
0.0355221766426559	-8.93741300125681e-05
0.178029997516363	0.00022433919980337
0.0986980180084381	0.000153660821754584
2.05724257970693	0.000707136521407787
1.15786360072476	-0.000556886011439096
0.397114864388407	0.000285849666152712
0.0591085317654004	0.000103574949097074
1.23010431264624	0.000431510779521559
0.484722660958683	0.00034892850266849
0.0464029257940801	0.000102993593542559
0.243253508168332	-0.000217342290778368
0.0163936628830016	-6.82931228883732e-05
2.42632059189161	-0.000776743036509397
0.0141334762883739	-6.31606544750674e-05
0.00675366328445858	3.40654640472933e-05
0.010359712708868	5.51939595707879e-05
0.951731247730114	0.000509306164102617
1.97758407361386	0.00065271092913269
0.0509711554868899	-0.000106794634741127
0.961192002135958	-0.000421968523227943
0.0390904820827314	-7.67666161950389e-05
0.303708831075604	-0.000273385483851196
0.0104104869300921	-4.89813277868467e-05
1.29789986131865	0.000599364992399596
0.0274919646436312	9.40593480498543e-05
1.14596555835887	0.000474349061925723
0.439850623837601	0.000324158164314383
1.09424388627232	0.000448894605051405
0.190290705944472	0.000229794806787626
0.178113882931183	0.00021619503943111
0.181652042475034	0.000251681526458646
1.84371785382873	0.000749969641692404
2.39063545352901	0.000706432735463346
0.108892670989444	0.000169283544030187
3.7546756147507	0.00092834585420495
0.33922581502768	0.000257294441157024
4.90630525498584	0.00114513363115947
3.11959871937909	0.00078808854746046
1.36757849621704	0.00056519676211681
0.234619743295378	0.000253654119044026
0.266333648436102	0.000262732040496121
0.0175999406746677	-6.37954452869904e-05
2.01341080745563	0.000640095087674065
0.048047584750514	-0.00012689582672614
0.165599789898916	-0.000213880794458212
3.45004794887365	0.000777730972401321
2.49470858483939	0.000658027775923125
0.775896744789415	-0.000480265396190168
0.446391682884943	0.00034593835800765
0.954968080468805	-0.000430796897706834
1.37904245277322	-0.000562600303788987
0.022399148528703	6.50478234735217e-05
0.0224189563004712	-7.09912867440275e-05
0.35287268044404	0.000259869812619339
1.62422047470281	0.000825817683730531
0.0935161062723783	0.000145780701706733
1.2976286103351	0.000499974657749949
2.33450118292401	0.000761499948381425
0.0519535756786141	-0.000126173054489513
0.460993502317477	0.000315061708659337
0.201659009167977	0.000230681127844391
1.50691081212479	0.000605752585261263
0.12607632165751	0.000170463737457563
1.63567791228803	0.000685966994541921
1.16379761628777	0.000561719679221177
0.355540262888056	-0.000318030651422876
0.0100034395719073	5.14590244107572e-05
2.8935911322767	0.000712906596442836
4.5051125124342	0.00095610337365595
0.158634028022237	0.000183489822278164
0.0454768225472213	-0.000104434998585349
6.70963207754972	0.00108630976042352
0.00223015240728369	-2.48611297245059e-05
1.34135850461684	0.000455953984038334
4.85128058715883	0.00105017928640462
0.0534251483749532	-8.94654422957469e-05
1.30121869138429	0.000536723739720291
0.00949270302359756	4.92219589182537e-05
4.23068895720297	0.000920456839822835
0.515476132681069	0.000333851906116247
0.0371566788753572	-9.94507376842515e-05
0.0115825039388689	5.47128165286639e-05
1.69259944645929	0.000677150413180106
0.102590476188571	0.000168251325586264
1.02029380107041	0.000435952558979207
0.913914170681159	0.000435881260760869
0.746707025169877	-0.000386137663496888
1.14206545714169	-0.000508729690136758
1.70216450583082	0.000633548371421819
5.37944916816665	0.00103320039452299
0.00845443760177135	4.44490051940519e-05
1.17058654913667	0.000555567446157343
1.10375260351406	0.000484876252828889
0.100491366429629	0.000162539882141756
0.00679868847417096	3.67347417221609e-05
4.35283001629103	0.000859235554573801
0.0100990593369278	4.67771049083445e-05
0.7728132387509	0.000475054140732782
3.37499275724044	0.000960708125258432
3.99714535707795	-0.00104772510567227
2.44141688086333	0.00071537327932398
0.76438127874672	0.000404492787109395
1.30080395275818	-0.000484881306610282
0.0980345652976722	-0.000141111868326993
2.09066047663643	0.000718934119518714
1.95161296037684	0.000655246066457232
0.19209489492771	0.000165289649520212
6.53843131962965	0.00106323827379587
0.0189831672823414	8.58226049643454e-05
1.56870034101509	0.000649317518444907
0.050284561523697	0.000119881979083847
0.292135479931125	0.000300248142854209
3.19943590239485	0.000970673004670483
1.30665029534906	0.000572188112204747
2.14671370661616	0.000692111786044351
0.494024351715287	0.000313251620159459
0.784643874031089	0.000387888115439773
0.000386194972414041	1.02380577772132e-05
0.0119643627031255	-5.97432724603645e-05
3.07020613179632	0.00102150700673464
0.472265186173619	0.000369490407299731
0.0712012603560737	-0.000141918862744308
1.72520543465402	0.000647888601103133
5.31867840039825	0.00111348290193619
1.22811116653564	0.000416748659251895
2.54313242589809	0.000778640708625968
0.0196963563583738	7.28324781107867e-05
0.018319649589432	5.71209766653313e-05
1.04070078837035	0.000697525807480889
0.579593048221359	0.000355263018769771
5.15610199819725e-07	-3.2858039153633e-07
0.289943728155029	0.000253656835763034
0.520033406318039	0.000379621010459821
5.06905533204347e-07	-2.86712644868678e-07
0.58448601100077	0.000372901802942299
0.849099488974252	0.000399454474532911
0.0853723915946628	0.000163077682935113
0.80605902678771	0.000390217020775892
0.000135442846344242	-4.8316286038681e-06
1.08940256798464	-0.000456062112225698
6.86916022066666	0.00146952564036809
0.00667612730096159	-3.7820417974208e-05
0.0684994163145113	-0.000126085916619796
0.476678747022297	0.000325626987714862
0.153823674325215	0.000182300346140222
0.411224518050881	0.000317781141776069
0.0572109290670628	0.000115338112948095
0.815806936693448	0.000512043630231838
1.64816742301666	-0.000649611685939197
0.993084672483105	-0.000470424520594919
0.00644680877493702	-3.6594075649979e-05
0.340096181267842	-0.000283290723284498
0.282244543373995	-0.000279070417240929
0.949014069863838	0.000459969461095826
0.201374716159076	0.000256582740429004
0.434492264450443	0.000402848578339376
2.74354880283566	0.000859775891472362
0.26940375624576	0.000235181321759776
1.89686444384998	0.000786853399960719
0.10355419363333	0.000147159941751671
1.95360850521712	-0.000704405502564274
0.408793823988865	0.00038266931759257
2.41271779697842	0.000781266660266284
0.366089970243617	-0.000325916724689255
0.655748753614735	0.000356990749464845
0.0591682904207454	-0.000114971651383178
0.0098254028948935	5.7499523466233e-05
5.32094597553623	0.0013513527227728
0.514157864737766	-0.000311750533657994
0.11837128687799	0.00017724940559561
0.413353795932376	-0.000395019134897517
0.00955599948437712	4.6071650591032e-05
1.68504690078076	0.000524519425652844
0.109431389001421	0.000128449631730253
1.27419246720334	0.000526352997623577
0.639382053803781	0.000409115553234002
1.4905760641349	0.000608362892162946
0.0318537832305251	9.6635570707323e-05
0.156267463086955	0.000203403070076671
0.9158293269296	0.000462579322745279
4.25662914560039	-0.00078850785481171
0.445944536188712	-0.000347837871445039
0.710276573097583	0.00043925600688638
1.6644436217698	0.000687123869627665
0.156974487681548	0.000195897639202075
0.382440621691228	-0.000292914627565579
0.00209490140399034	2.87506045465923e-05
0.196660210695543	0.000218283773066627
0.0271129703938258	9.44509634132637e-05
0.325079039020491	0.000231368423061474
2.23131964956478	-0.000573186386378975
0.00319310404816435	3.16900510037245e-05
0.392832379907342	0.000368114844773813
2.78527175051031	0.000799149971198158
0.879708263000824	0.000513094258262695
0.0152369475563194	6.26397085554136e-05
0.000844335777227332	-1.3913826082073e-05
0.054677256573898	-0.000120593273117549
1.42440628959453	0.000550149016863352
0.216236518729875	0.00024913244718421
0.517348798223746	0.000288332157932297
0.362540023476136	0.000276394476473377
0.0851461099129845	-0.000153491475397735
0.862930722302069	0.000367475052947983
3.5330382804409	0.000821215819295924
1.55832272086619	-0.000634986702580285
0.0230062637630205	6.05100456859356e-05
0.0899628827084673	0.000167451789694024
0.415548855443352	0.00027958105610312
2.20423594230647	0.000851448410418552
0.0359037018464907	-7.76219774745427e-05
0.23099449162773	0.000201593375538959
0.0790715859939808	0.000123223965388744
0.759087726255061	0.00044557637709661
1.87784056672743	0.00059294827372716
0.335822444024827	0.000276911973067216
0.69524285938425	0.000427334058949293
0.067735390590968	-0.000124529493623315
0.00136587691611728	1.78581294441787e-05
0.0113605442203462	5.0681078419346e-05
3.49109859080377	0.000783536927484683
0.575506825182379	0.000341225072054002
0.254080898242407	-0.000277779466825908
0.0853652718031291	0.00013209978499504
4.6384201314682	0.00107972140129668
0.374101454168709	0.000263445326695407
0.448536529970631	-0.000329483029360921
0.933512635948054	0.000438022835823093
7.94266743942463	0.00125344602292915
0.0258549471654292	-8.46621436418693e-05
1.21276837797926	-0.000592183896996687
0.310417084254067	0.000260979974553539
0.0434591306389445	0.000116815352480584
1.01402567969486	0.000498495865240233
1.60323062285398	0.000565229317207955
1.0652849686692	0.00051537952640265
2.03742982402016	0.000766406245662668
0.315562764973074	0.000310124135188585
2.2357077758935	0.000719188081269804
3.54966240829113	0.000823093178735328
0.255283705657521	0.000244236110965434
0.915776855344664	-0.000444252813265857
1.15518467629867	-0.000493322204877765
0.779801825542236	-0.000409497269895967
2.26143131819656	0.000755319038735337
2.05424329804888	0.000630384912339843
0.884265032746996	-0.000381420001696693
0.00981921502051207	-4.24093169874369e-05
0.358207862547327	0.000281443572409469
1.41921543393149	-0.000535378314760825
0.196710115872406	0.000181532334745619
0.637831378803201	0.000382600890019445
0.0307113579062165	-7.62716007390289e-05
1.32723037513182	-0.000525887079214396
0.201899870265697	0.000220240754793364
2.6606572319103	0.000839324360153751
0.763374804211382	0.000506770603033751
1.57094790955217	0.000553986380163542
2.95327797285411	0.000880854653358608
0.0732446252285994	0.000113227345217498
2.66277990136998	0.000851128087234468
0.00039091400333706	-1.04077177895347e-05
0.00175539756198786	-1.90453948549593e-05
0.298910139579373	-0.000262050353626918
0.175267248456345	0.000179148355500671
2.35122041898595	0.000660914029924757
2.72912465008848e-05	2.6716883387274e-06
0.262451453232857	0.000245998805702999
0.0224893303894183	7.30604996213211e-05
0.369860327018906	0.000367732071341039
0.23139693628509	0.00028000023339811
0.02124094168887	7.51400953257164e-05
2.54840294911352	0.000737907847334943
4.22342003175916	0.000935372999562759
1.44750133072224	0.000552028910908045
0.0631349106124613	0.000104602190358096
0.137731192347186	0.000216918364930636
0.31606229520326	0.000275421548495959
0.154459146268888	0.00020517104981419
0.896495495848317	-0.000445232275599203
0.83667136182243	0.000384099762000724
0.538437377346666	0.000347054568132922
2.51544458347118	0.000630825909059445
1.19808347779402	0.000479586963269389
0.823067315276685	0.000450117589856909
0.847567650998863	0.00039784800437377
3.07303414158147	0.000717760825138299
0.139403844452876	-0.000177910275399114
0.0122100909922447	-5.18912985670409e-05
0.26477179342028	-0.000255452353332765
2.53524718655015	0.000878294174754114
0.576305735253189	0.000454214312812447
0.850476583162004	0.000403506823199285
0.755371217875062	0.000452593424328566
0.155804451500688	-0.000175020444630662
0.0492538966587184	-0.000119369937470184
0.0310272492193115	-9.2924310625571e-05
2.5955004116143	0.000835940728336423
3.09424016023908	0.000886376592917656
0.150717711491805	0.000247927839904074
0.120245141426199	0.000154779853763896
0.603839575371578	0.000399488919842404
0.200100795805992	0.000206728469742864
0.68416242209403	0.000437931710494807
0.161750357564867	0.000218189847007993
1.78323777328491	0.000586024502814149
0.0752862222051753	-0.000115422322653812
0.14304333508195	0.000171397083794194
0.0115924724027009	-4.87901972227041e-05
0.034862014525901	8.52174651190303e-05
0.403965564529025	-0.000307699553096858
1.50393268979792	0.000648619659053088
0.68649052505613	0.000428491015000779
0.0983562242036999	-0.000136825243756831
0.0488494695828866	7.57901497823603e-05
0.143624566816669	0.000230128998170001
0.0548349781895626	0.000123130518631174
0.53170149929791	-0.000400647455418375
0.395237827366212	0.000338936168495015
0.228817455853888	0.000219337134919745
0.0929269215772715	0.000149143087695199
0.0317420358471401	8.32547129065278e-05
1.39907537385042	0.000594483936947025
0.0861027805504446	0.000157287802701047
1.38577823312177	0.000559591425073617
0.503508437609924	-0.000265164518060816
0.232599912610344	0.000208461735479605
3.16095357880215	0.000688217982633476
0.600843164999268	0.000303380328277408
0.897309080193645	0.000352302077913852
0.344786775982787	0.000262137015225631
0.380362535427457	0.000303948134708811
0.0466368992574807	-0.00012551600585681
0.310990292337778	0.000303050818752348
0.00466744475470655	3.34054696778403e-05
0.0842197443663708	0.000142162520314895
1.46326910109585	0.000610354753266093
0.037149134707667	-9.28224621025292e-05
0.82796314823708	-0.000407410313600094
2.07856459211902	0.000807123530381913
0.00373801906574121	-2.42002415651538e-05
0.627217935349099	0.00042050191957685
1.65805831044027	0.00046907968567668
0.141715892068003	0.000180424551247153
1.26205175503875	0.000592331822582874
1.83385099922668	0.000721362750196687
0.953845213024674	-0.000393869732342049
1.37283741248762	0.000608030905238059
0.685861206175412	-0.000374541367548215
0.589688075967929	0.000336796238651311
0.552552691283565	-0.000321615273124441
0.823013548223297	0.000432044934071882
1.27728889503756	0.000528155185844012
0.370343578167926	0.000314526436924337
0.0399380724683046	-9.21724695634288e-05
0.831895495535654	0.000431398820718195
0.28820587243325	-0.000225381370912359
1.12992511696705	0.000562891874717125
0.936095693750194	-0.000372782747442917
0.401808541793353	0.000308834562705634
0.134835643389806	0.000155645088944055
0.0842448482180892	0.000119922017318585
0.443899693882242	0.000386088431474501
0.0001567743784838	-6.95210699069018e-06
0.182394751335028	0.000216080570793757
0.497681162422362	0.000313455367515728
1.95833778405181	0.000640736028214591
0.142173156988222	0.000200857003079701
0.74445622163836	0.000494446897817404
0.000114469108218612	-7.07421151384996e-06
0.734322717741312	-0.000391807595022703
0.692213830583497	-0.000383878123954644
0.0943675350161702	-0.000132251534658175
2.52486852468582	0.000804866549540658
0.557651602582485	-0.000458008899409987
0.393681409653349	0.000263503843412474
0.0861124818483529	0.000172764351664857
1.91918517571337	0.000682916727745565
0.389028773639259	0.00036538339253776
0.0528586223869416	0.000110718762370569
0.0311857206750029	-0.000100780027946697
0.0358490000107353	-6.94163758767631e-05
0.0549361851102607	-0.0001067705223783
1.8208679283481	0.000673907933927207
2.65446309018203	0.000773309247160954
0.000582515038750269	1.24306684120867e-05
1.06712179406293	0.000575014258681133
0.0890689352341053	0.000150911617975993
2.69109671207458	0.000784878960993752
1.27273176076035	0.000555826732282452
0.00207264079343341	2.60727073051683e-05
3.70231054478932	-0.000917921079569769
0.193654173624557	0.00022391155544601
4.48219036623976	0.00106614072249963
1.42245458609293	0.000631188436509417
1.22895336985822	0.000580157572739665
1.77041024844052	0.000646106598703343
4.62770946820972	0.000916230374203857
0.107836973761417	-0.000151325427582743
0.247197431408336	-0.000240504206428706
1.14494671276967	0.000487706552663322
1.63564059869987	0.00059419475540785
0.827161893078154	0.00041080271698548
0.827719718724038	0.000433970240085728
0.0322649527414051	9.31736384385539e-05
0.286700004659723	0.000220683978881212
0.395946428428119	0.000263149540602367
0.6888478455258	0.000293192152389806
0.224099801017279	0.000248134600666611
0.215178381948689	0.000174684567940333
1.13589745403172	0.00058022565647035
0.000164286654433595	5.8275545516081e-06
0.0179922582854987	6.74889305348665e-05
0.731236580331739	-0.000408812533590806
0.910793702587455	0.000428284864964934
1.25916478913924	0.000519264353844566
1.01497035361056	0.000468635665947059
2.25830196311769	0.000725902689277413
0.673792516636951	0.000422043258055591
0.0414088006085525	8.7925870711589e-05
2.37745779544519	0.000712226011345183
5.44592838706183	0.00122065523996641
0.635538273964809	0.000392622698162183
4.47688258036069	0.00103955338467833
0.0121987084853301	-4.18015574343667e-05
0.247051984596712	0.000256003964905181
1.33240347378091	0.000562520293927913
1.12014081726051	0.000442632520491419
0.0588029928878904	-0.000101558026762058
0.414343231559119	0.000281735496548439
0.0289382053237151	7.89669869042521e-05
0.00774753671890702	-4.84811375336499e-05
0.110151643425715	-0.000161825656312626
1.15489468274359	0.000507585554594254
0.693883048064855	0.000415191848001509
0.0140580147382039	5.55949881186418e-05
0.190467576066454	0.000199827028537718
0.326497912003888	0.000249434984971115
3.90429647599459	0.000986037731199569
0.181754452365828	0.000213626638109044
0.736282592905629	0.000392586559528144
0.0979751477042217	0.00016312198183885
0.480100578980689	0.000406708058165664
0.00825730690017255	4.42446235380837e-05
0.17577772959469	-0.000198269840603848
0.527654845727321	0.000323833560241154
0.0223577640727965	8.47665381859393e-05
0.00200430666749817	-2.05326426656901e-05
0.822595454984919	0.000472265326592419
0.54151212382627	-0.000374569236071415
0.290971462584857	0.00027967943106028
0.209689707830699	-0.000213085569272484
1.6655841272204	-0.000518368962830297
0.0987710351546466	0.000175476533859821
0.216533866783089	-0.000219043275852788
0.0156557604730178	-6.40120951247101e-05
0.580045082979796	0.00037725647330206
1.37542409808682	0.000724672549424713
0.00584233997463104	-4.14524982685973e-05
0.0677162669238936	0.000124284562956421
2.18657651634547	-0.000474428768861734
0.288457425663485	0.0002101077730566
0.496910032291646	0.000333711568735401
0.167697910846845	0.000190844667931139
0.0473110504251478	-0.000110028340136683
2.04421351280117	0.000810890428188162
0.666589928032656	0.000431517453270208
0.334291486655686	0.000356721803763096
2.7762711375	0.000843658051911009
0.0313851929572825	-8.05493186028784e-05
0.500251006924935	0.000376342313660259
0.808728655485732	0.000404368851327306
0.0974342854303131	-0.000200099862471895
0.795800228750327	-0.000288365620139038
0.160703963610475	0.000189720451245742
0.0081157607747344	4.2723872672635e-05
0.152503454776101	-0.000211437861422856
1.8122627135365	0.000680636719733262
0.81270538474867	0.00041689070981422
0.936931593967608	0.000449447023704754
3.31390898182285	0.000941214643878872
1.63717212621785	0.000662057436477468
0.983410712262254	0.000443741194864931
0.769378303559989	-0.00040078489800018
0.67620537364949	0.00039177466811263
0.198284177284448	-0.000249242420752403
0.395693405837956	0.000262829807464747
0.935784823406795	-0.000518445034249207
0.619014753715426	-0.000434400043358674
0.756997903828646	0.000382405311452305
1.76447413360108	0.000553259533992212
0.119011094383274	0.000151988213315165
1.34104097351843	0.000464130479977456
0.72438602653635	0.000414160164530919
0.263783345702186	0.000308096174792973
0.282131916578603	-0.000311208728514286
0.000846892435941589	-1.5887465849778e-05
0.401793905356462	0.000327585275354599
0.000827142940006147	-1.46997865796513e-05
4.17766392114696	0.000912349446465824
0.283788884561781	-0.000232393781489288
4.53795542335666	0.00103602267113212
0.0746582780207514	0.000135832256564313
4.47520348217251	0.00111730832323581
0.00139084312787041	-1.77506019760266e-05
0.141698237470453	-0.000175010085434714
2.31242320539031	0.000706383577024895
3.36277083114674	0.000805518825476076
0.637383832863967	-0.000366944844537193
0.0761638780504067	0.000115395412741452
2.15879909467728	0.000856158827776081
4.22600624681982	0.000909382114980498
0.0112277611359936	-5.4698026573944e-05
1.25192947180699	0.000633904190290646
0.519665690614094	0.000339497988550985
1.24434263686955	0.000520132068278697
0.392049981978373	0.000327036826786269
0.465759521940787	-0.000301015827276178
0.584021992600094	0.000378721352296368
0.872601550866799	0.000437595104408384
0.136999141884006	-0.000174030344951648
0.6990860305135	0.000417917284454659
5.68229446533786	0.000920501296161325
0.166238959691129	-0.000204260025498546
1.0537279521644	-0.000586521542092919
0.198490250606187	0.000210316424906723
0.434052312328641	0.000303033785101807
2.61733511314026	0.00102962971628307
0.155685004268272	-0.000207882845884988
0.419138571930972	0.000254894522444089
1.75035601026483	-0.000633432110689286
0.187385044857609	-0.000214059556040631
2.72225642220854	0.000751214114136479
0.0139709963507591	-5.9399333791926e-05
0.401036797541611	-0.000349293133488312
0.0877251471952286	-0.000167511154589359
4.87244176504072e-07	-4.17233475338315e-07
2.2773917223827	0.000813874100071283
0.055946592305135	9.30120131320346e-05
0.231698031519178	0.000201529606103499
1.15207855543338	0.000472260926087993
3.27925384711673	0.000962805308891732
