R^2	beta
0.015321144598944	0.000379960064542892
0.605380401601935	0.0022246856286004
0.214910876752009	0.00103426332332674
3.02039038957273	0.00470245457306627
0.101926802707667	0.000676436874758112
1.27808528226025	-0.00343869683782722
0.178716910673215	-0.00122252160686078
3.87903615845456	0.00586543140086678
0.472835092935805	-0.00186143081111879
0.204960102048039	0.00100935364215685
1.55339951380811	0.00348393738052914
0.749208331748655	-0.0023400914008665
0.0156136402436853	0.000328766023538943
0.425165148522083	-0.00176753579893564
0.098345224472685	-0.00111151234126406
0.559040732477908	-0.00189272290398521
0.230378997561642	-0.00126088181601646
0.00307413122575877	-0.00017693108836969
0.00891476285794749	0.000257456637668383
0.223302833523225	0.00121735747833982
0.0630321377734601	0.000626278609143446
0.610328139735033	0.00220958909375074
1.52989844906934	0.00329710423210492
0.0752648692397513	-0.0008195499135479
3.10726089925297	-0.00504690740486892
0.13574120612482	-0.00105017517925798
1.83902255017637	0.00332974984844378
4.19383040407105	0.00467560863055939
2.39395271285144	0.00413080433402342
3.82951145467421	-0.00511140037378637
1.47624801938794	0.00267185108351452
0.0654188748063827	0.000639371224285235
0.00165470053218006	0.000102173557471114
1.06545671932928	-0.00258445535407301
4.28355475268044e-05	-1.55538762446195e-05
0.486255593045555	-0.00178091291587532
1.77038898429822	-0.00323282718310982
0.875604951827823	0.00256023754387401
1.48755648760419	-0.00361494001588147
0.0109719319999442	0.000285176601658204
1.51248025975841	0.00383389519394954
0.78739188092263	-0.00256587623558745
0.0796268003114662	-0.000696659151857252
0.0259530916536549	-0.000435089064760238
0.162106792723332	0.00128994025282959
0.565838313757027	-0.00196891079428995
0.844476315934202	0.00193369780681102
1.78022036993755	0.00381752028347831
1.03086885182196	-0.00285687710220281
0.635145527459256	-0.00232297838063232
0.44707082396953	0.00200079935886146
0.0149843487193591	-0.000325747987276583
0.0116499348204333	0.000328222176114643
1.64548920443846	-0.00399530514011486
2.99128435359114	0.00435463311097062
1.02997859013907	-0.00300980727386631
1.40972458284764	-0.00312110135692188
0.00720268123641741	-0.000276376487233063
0.205119534188832	0.00114533727283377
4.40370587108085	-0.00527711740701549
0.326681369988771	-0.00132219338844307
1.62528837288063	-0.00288992069152665
0.216118291106212	-0.00136560691758007
0.0127047745834255	0.00031654147478944
4.58481386881911	-0.00618002311818908
0.359153134676763	-0.00117010350165265
0.509835480552971	0.001806538060197
7.33271826491874	0.0072244524454083
0.374914198571622	-0.00155262999916504
0.237143959643403	0.00159959946095994
0.597360335952563	-0.00234855840013953
0.393698742098538	0.00211857749722618
0.539410425759936	0.00193572093636934
0.001113228510193	0.000106372011945072
0.0834609289857282	-0.00094668713145465
0.500655377097189	0.00217609121639387
5.21295642788506	-0.00523872366576438
0.316994156812085	-0.00147121877270559
6.44507201582808	0.00510895856541813
1.59605903416319	-0.00307394417438432
0.0918028230871964	0.000800429698571544
0.0383228074728172	0.000579060588116963
0.00249680219756914	0.000157424671960242
0.0427941882252131	0.000510582977570007
3.37822304975697	0.0047415581852152
1.90509390034996	0.0043309243122845
3.47552100701329	-0.0064609043819543
2.55415187757724	0.00413179501523945
0.166796284682073	0.00107333579072857
0.908452587122592	0.00282291715028664
0.773677086807801	-0.00234287349010757
0.0525743435137328	0.000647324022693922
4.34479196871137e-05	-1.67471151531659e-05
0.939612952328885	-0.00293099079559934
1.06599110546764	0.00337968108813615
0.743910014558834	0.00226602206896522
0.952852362777479	-0.00262601368670251
6.17155039439309	0.00666473856858038
1.62701886698648	-0.00317276746367601
0.415961258580628	0.00163718633584413
0.407534165689847	0.00139117648520471
0.453544159847689	0.00165916261216687
0.131861103368303	0.000818963615366612
0.129508054638291	-0.00096065527089842
1.34396433695703	-0.00274224006715517
0.399858617271886	0.00172414886489428
0.0483438719235348	-0.000519448892270668
1.88512643232378	0.00503749211946047
1.03401677803024	0.00277201048853685
0.341468430266905	-0.00191015921227002
0.175529925037363	0.00119221189411856
3.67566735304543	0.00552101652748542
0.845654346336255	0.00292729842459884
0.0322655626294048	0.000500688362607427
0.440480013989298	0.0018479476524383
0.301747333826678	0.00159113288880663
0.0785547983816019	-0.000902100654638305
1.18719466481265	-0.00283120168056553
0.714816106060308	0.00201243660888034
0.0563041764521233	-0.000514624979649429
0.000917155315630246	8.76947494987873e-05
0.243311772077499	-0.00130127731053983
0.026100767685063	0.000294790493421772
0.106699674031187	0.000885935865604157
0.29487875349089	0.00170696303578428
1.61815922528887	-0.00425647411123406
1.44453705994214	-0.00389576929123892
0.0666960122852872	0.000723937137894942
1.11241096654619	0.00347781795962767
0.332092430620293	-0.00158705083013757
1.24439746085161	-0.00295548374073741
0.0318026212333271	0.000554119218308896
2.52834794035575	-0.00467990340845682
0.123948862080712	-0.000976687071497253
1.23049290457399	0.0030504268807159
0.00719399348831403	-0.000213592779212791
0.149845106119911	0.000988676592445238
0.854917864367209	-0.00376997258715725
0.590033404610786	-0.00264568400961542
1.48034183472663	0.00358585387306819
0.383592712707544	-0.00178419951649199
0.242098646516289	0.00121222576090433
0.586410488447169	-0.00187781253670991
0.769234687082525	0.00236484032721089
1.8571113350066	0.00368032293915838
0.432407562551764	-0.00143546673107425
2.36116917299208	0.00511977206549693
4.66617821339715	0.00667493569371937
0.30762679688076	-0.00175450294664845
2.70763472784256	-0.0045600372075233
0.00248849059173313	0.000114265087940791
0.0759502502688142	0.000901975529755299
4.58286564058965	0.00716728562795254
1.21301661088239	0.00330018904957197
3.52144293251501	0.00439960229482898
1.33822248467381	-0.00402429500485646
0.0199166316455352	0.000317655433167809
2.34524564681567	0.00318692248103967
0.30740738848337	-0.00126879645101368
0.807624383866881	-0.00268054113397033
0.428038704703965	-0.00192036969056792
0.910237351887085	0.00277684519506073
1.29699743458888	0.00316953135224184
1.21660184480097	0.00258691609202417
0.0477281996922355	0.000614943132880656
0.0287207168893306	-0.000578147136518409
0.468424271933915	-0.00165877400758819
0.813331767326079	0.00261106449130922
2.13422934182054	-0.00446436297876347
0.00375798261279106	0.000128237479225723
1.89887046772627	0.00357892624314732
0.249569846886325	0.00144732478387394
0.520288335369328	-0.00226089360304524
0.00553179653057057	-0.00023326289550126
1.44071697973473	0.00352453808264497
2.28386594687686	0.00439045102551105
0.150921836620902	-0.00112276526950381
0.385356887261273	0.00140557400388978
1.65169711009766	0.00370259321489997
1.34384234542693	0.00286748544280322
0.651993196328141	0.0029424605197487
0.920460593284782	-0.00280110143078672
0.499662019901886	0.00178903360990055
1.68647303987826	0.00310740758030492
1.5516526862834	-0.00291528164455372
0.101796740178865	0.000857683233988223
0.619999059809446	-0.00199633065151054
0.371870506050913	0.00174399898717675
0.298693702373667	0.00142104069606275
1.74287204821616	0.00357186180396729
1.49408071712884	-0.00349355912635681
8.43412916522635	0.00745760487648396
0.700588842295208	0.00264550611352302
1.60764350354033	-0.00414980951889509
2.46028169463252	0.00406366690212605
2.3726458616198	0.0044720633661363
2.33913687122982	-0.00467003104243121
0.427506458412931	-0.00153412050034172
2.10675193801782	0.00459553368354624
0.000160238102568116	-3.39818961402788e-05
3.48281552930991	0.00571566435139018
1.02917832029405	-0.00260895024947277
0.0580184449720763	0.000619784825939767
0.319140887361917	-0.00135606349747694
0.969103927602676	0.00251927031013878
3.08623610007201	0.00463760672357458
0.542004178211905	-0.00230802625707074
0.646207472037496	-0.0020346986607187
0.640116046442882	0.00252433148934571
0.193875930715232	-0.0012640007311654
0.00453003774567414	0.000206385326459032
0.53809434701449	0.00181583512291108
0.764819893994888	-0.00267768050868912
0.369940792702039	0.00166703737518683
0.0101547597112889	0.000304300041887867
0.128054760464629	-0.000936403655622869
1.15193088918331	0.00323352537596887
0.741770488080898	0.00247379302315906
1.92079282627865	-0.0036953087886685
0.0635454365159125	0.00070665853391304
0.0261745772724865	0.000473529845798764
0.40821546813239	-0.00200004311368292
0.604904679877044	0.00214529751565767
0.780571932997059	-0.00271883505822244
0.0513106061996558	-0.000641607799937557
0.0187280866485119	-0.000422339084040178
1.74153769334486	0.00420605074086247
0.138590277061323	0.00113126333522614
0.595014346222825	0.00198127860231831
1.15424245347686	0.0032159689928897
0.107999817361365	0.00079628392542692
0.288056670770639	-0.00120664015839828
0.0597658251949264	-0.000632391113751268
0.251340179746558	0.0013860572011713
1.52698514959984	-0.00376727840715894
0.21828500170085	0.00147115824234445
0.376300401887969	0.00176821417309484
2.15362332827669	0.00408765887357924
3.7855009084909	-0.00493659838390483
0.142890723099426	-0.000887022931704762
0.000541579285992149	-5.24789808455925e-05
0.334869643369739	-0.00196110681752618
3.10005034088539	0.00467524185770259
0.00843248735617276	0.000267252035632698
0.321980755769484	0.0018303755539457
0.601070261516642	-0.00223544595038289
3.41425346398744	0.00570611107419139
0.724526760894199	-0.00212720986608979
0.301947756228417	0.00164968238034475
0.039158452087196	0.000571505509346519
0.0376118380332631	0.000474130135269616
0.512833167817603	0.00223191899224591
2.34130926243976	0.00428371650188662
0.259993467672147	0.00115620384669817
0.163626267224666	-0.00132572497886457
1.06990171322307	0.00271473034132115
0.0613742502683727	0.000662265983481684
0.0922962970111122	0.000839296918670008
1.3232467616053	-0.00391770657303985
0.970198723356676	-0.00346689017321406
2.40258843244222	0.00429579654637842
0.428310805462239	0.00228643489806086
0.635566573715388	0.00268755271559002
0.000949505336058263	-9.03046094472042e-05
0.00316777559423697	-0.000142440630661004
1.81446118714245	-0.00398571487405588
1.55547964912726	0.002677290868185
0.0659329575408225	-0.000827500957808483
0.0297791177760609	0.000486165674180394
1.89880011110591	0.00421526027910521
0.255968591703278	0.00125143556748458
0.235242435330875	-0.00165031135702259
0.277300081748116	-0.00133869785060685
0.00288099430390619	0.000118102586907093
0.167479295114995	0.00116342812154512
1.01568980684324	0.00255948512174063
0.33166794711733	0.00152008846884799
2.55999418176122	-0.00519635941810646
0.575984642550218	0.00175713901375409
0.0315398829927878	0.000509336725894138
0.666133938210659	0.00223434337958398
1.00304686326316	-0.00294037152355983
0.0200864076709983	0.000339365491173286
0.0548977585197858	-0.000713304275194323
0.0496392457367664	-0.00057485035922588
0.0150875920612101	-0.000327623389834977
1.56558205675053	-0.00364630926606382
0.0269266652189631	0.000400246329039044
0.346336086304001	-0.00152857551164936
0.963028217630415	0.00217242121071106
0.0199838919086376	0.000364293487871594
4.51036603089905	0.00506903659633562
0.147107027766632	0.00114313766778595
0.053614042233387	-0.000724460287627834
0.0586119766075871	-0.000740363525922838
0.613440290914334	-0.00232828889416189
0.430087340381505	-0.00178161110974077
1.91069356768449	0.00345854557217435
2.44184132811644	-0.00385459763654243
3.17667993971457	-0.00506766000199544
0.552434828008055	-0.00208456326233383
0.00529973999733722	0.000224020469682253
0.22289215305139	0.00139304441851206
2.12452021854586	0.00314085390329929
2.18446721470945	0.00401947043178971
1.17469591733767	0.00260919225049193
2.79675290953627	-0.00458082621563106
0.728728509127441	-0.0024888032288669
0.557678336869941	0.00237245662835087
0.264331896351738	0.00141683138922883
0.712816999519221	0.00232360036032616
0.00231127909295242	0.000144396732746184
1.41610789995682	-0.00336130766190873
0.19700044996857	0.00131418043245558
0.105704256707759	-0.000947272522945015
0.212851062865437	-0.00131754436238697
0.845514590840365	-0.00235988302056692
0.495502144919697	-0.00155655100985111
0.00280536579506338	-0.00016639588953607
0.288833252835748	-0.0013760130051831
1.53948779832931	0.00306414311717799
5.34799519172098	-0.00646012799576667
2.45331114603983	0.00405974462749725
0.0166288951921685	0.000355905172794328
0.0547100251440963	-0.000744128505442281
0.0272161025863454	-0.000525041267583225
0.158467938816438	-0.000930738001753234
0.0566185101828906	0.000648663944162201
0.0852461463780905	-0.000722523351070876
0.0660173316874657	0.000577258999403802
0.00031321494546008	-5.43194692609702e-05
0.00363207670013329	0.00020209958903097
1.43126829584747	0.00377086455533147
2.15284080197681	-0.00409932122309238
0.754974004239301	0.00260691171587886
4.62533594737372	0.00573139189952608
4.92078973794317	-0.00475176833443637
4.29236613767854	0.00700826406754855
1.00758425906627	0.00257215876781666
6.14007237974904e-05	2.4377537615835e-05
1.23371002324552	0.00308233225985048
3.8072368612475	0.0046036266228832
0.733815969618437	0.00266950167878144
0.000596261735272689	6.59586088035007e-05
0.762474274811544	-0.00226913172857482
1.30823912430634	0.00278828686236042
0.844205983398457	0.00254107961842094
1.16839473868424	-0.00351329212678069
1.96248465810257	-0.00456792815909825
2.14184707607031	-0.00413785853918195
0.0136051844060872	-0.000289156851069865
0.788031748125295	-0.00271026495549483
0.291550259151724	-0.00178232994764298
0.098559871232404	0.000863501845575986
0.00877442359248612	0.000257812657883267
0.538700651713496	-0.00181928147488191
0.0993608479416137	0.00115310923770073
0.0346138393611701	0.000548603743172531
3.76019272042309	-0.00575814111188016
0.745030652465188	-0.00271400451325914
0.315818849869413	-0.00170272420873743
2.55003053315603	0.00329540014749619
1.49206740232997	0.00375608518641618
0.0563435293424033	0.000522500863573792
0.496790960515673	-0.00190031060301136
0.830951691383465	-0.00282781117561169
0.938892014454568	0.0030196912918146
0.0376983385931227	0.000456545508594541
0.0612994389308828	-0.000787599899402212
0.0227374784399726	0.000361004157911116
9.07103141262697	0.00830484469221485
0.306962382353488	0.00142896113514056
0.0322510640335573	-0.000495862079723754
1.74233646423289	-0.00347343019753077
0.107908141322	-0.000962734699305357
1.24282277461625	0.00277230911887876
2.10029185521319	0.00313793161667589
1.69220738535567	0.00335680742348247
2.45423185214975	0.00459076693911897
0.194109606147633	-0.00110023216344471
0.00636124176660427	0.000217488945794859
0.134052020114315	0.000802581648222395
3.25735474239637	0.00476117564248329
0.184355797222948	-0.00119195504444742
0.551055246102394	-0.0019905320536513
0.0230660681312816	0.000451377141606367
5.53463146496954e-05	2.27834217129173e-05
0.017513168070021	-0.000368253483279367
0.766106244443952	0.00234464823691595
0.00592323040405609	0.00020614313030356
0.161677288278774	-0.00122220507863666
2.60899611666251	-0.00507471163263143
3.33028109645006	0.00497655372414432
0.168848777122361	-0.00116354676738138
0.0493016498075596	0.000576411825512696
0.50032997836829	-0.00196474257323688
0.117423537255724	-0.000825203043089572
2.1427400891828	-0.00349912106690744
5.68382667654611	-0.00612020301672404
0.0378369467368696	-0.000563927338018536
0.0199210669364136	-0.000389396188126463
0.325370035898283	-0.00165082894657938
1.33518215354364	-0.00283299517565149
0.319964889593774	0.00161656347965792
0.0123474064865944	0.000278804275622628
3.75495229714871	0.00455666092094314
0.0211760996812208	-0.000445391321855943
0.0720332410245748	0.000646153196800184
3.2907116621777	0.0039974654789571
3.28982769868398	0.00469943600122961
1.97569919570468	0.00397034743719651
0.684829059910889	0.00268595548288901
0.0961998091391905	-0.000783993696536122
2.59695527514107	-0.00451972138151088
0.0382567728392927	-0.000518783070958122
0.87975317458723	0.00255689628800549
0.195742971488084	-0.00103075834129271
0.382941612609515	-0.00169899479071516
0.00260974254374458	-0.000131811442819257
0.00963713749988113	0.000293527686151428
0.603357537675993	0.00196911058385816
0.135621995084675	0.00110186474019845
0.121314366969112	-0.000849663932793196
4.08240059838207	-0.00530724701012896
0.438541132982944	0.00153362970333967
4.29758903906297	0.00527522064808082
0.165079111696569	0.00112909080358516
0.028153195723895	0.000432270966570283
0.947814271419175	0.00287941025936481
0.0526688848360422	-0.000589856696004973
0.357654196512622	-0.00167339843203419
1.79222478972203	-0.00337066327835583
2.66957541234331	0.0045520906673903
0.289112739919445	-0.00147137546987541
1.27303085379614	0.00325427037821828
2.73686152797052	0.00546512954998919
5.01208788880625	0.0068049746529345
1.71905499873932	-0.00400276905650135
0.0279288856786755	0.000434111015263438
1.6722473739302	0.00348418869924707
1.19275022006024	-0.00267375612160812
1.76884741920057	-0.00347790266664872
0.117744123185079	-0.000947447708386362
0.776126759778913	-0.00207430911340423
0.753459569373631	0.00234331494716899
7.60889756098672	-0.0078883587329689
1.39957955450194	0.00361011803135711
1.20495634545855	0.00252824496153984
0.0320829796001776	0.000573565330943854
0.930380393238018	-0.00310207073216776
0.474227286148905	-0.00183269849157203
0.486894429222632	-0.00213355246109105
4.85093671586116	0.0070710208094508
1.65916501113175	0.00358862824537914
0.205094894013243	-0.00137548074741827
3.09141729642003	-0.00477903236311006
0.214337733204632	0.00123460958928824
1.49946784755694	0.0037526426754878
3.03789947273791	0.00532004034383974
0.0611087555638124	-0.000792750476662529
0.950938463314158	-0.00239071080184311
0.452893658631827	-0.00211755338207355
0.938482947376921	-0.00294867631420758
1.19611551736625	-0.00241775657365036
0.213067376049027	-0.00167069313616725
1.56453683154439	0.00433702552965017
0.0571520372077997	-0.00056886241885827
0.195026429012469	0.00135008927203766
0.495666721994032	-0.00170768738564226
0.864328062580898	-0.00207582396905362
0.0631547158058239	0.000713043152702059
1.68583713238207	0.00336028979969417
0.269941126398164	-0.00143859980923516
2.92712821065584	0.00518950689937287
0.0704872687896165	-0.000702507377428554
0.528672069130673	0.00273734684659985
4.75525506484239	0.00646211269276358
0.0732014404965579	0.000713160713203749
9.8146917984783	0.0076590557537654
0.277451244163005	-0.00164203137052304
0.329976395657105	0.0017191416977214
1.36266948986585	0.00298830806761644
0.914454068989382	-0.00231636657825083
0.730481451409578	-0.00199192971152673
0.673478532747621	0.00223186878657791
2.23260801594343	-0.0038517819301067
1.27826442009144	-0.00326146766090421
0.416817719514778	-0.00189344271493856
0.526015733964139	0.00187426154654656
0.0319226864068385	0.000479992202439855
0.409134442735171	-0.00176872322057477
0.0660352610121477	-0.000697101628941246
3.12327212460307	-0.00537936311712382
0.277029070105423	-0.00155096740452235
1.24117745900988	-0.00301331012032399
0.163850375577337	-0.00127219228902806
0.362817562379547	0.00169124837916766
0.121151999465257	0.000965290938584663
0.0288366357125051	-0.000512883003167527
4.2567909212843	0.00496061539627261
0.0358807145034503	0.000533554974290743
10.8110390099503	0.0118312613107955
0.559413071548825	-0.00222494949115139
0.932532793113501	0.00283749232909637
0.0956121417774714	0.00088115539702142
1.34723003416456	0.00306034695128194
0.000275089982167018	-4.40584603625207e-05
2.27552878139009	-0.00383577743242161
0.420542656374078	0.00167497377776202
0.35812519179996	-0.00136530171588063
1.49229390666884	0.00391245526684151
2.70755478235455	0.00404047099169325
0.0333995478338663	0.000634186619578502
0.0286680404406863	0.000459915253555677
0.00353413358459928	-0.000185671267860733
0.0255778944083397	-0.000489000506789794
0.140161543522528	0.00102972025006367
0.635594091052837	-0.00242744698516512
0.00159790525242074	-0.00011985278997345
0.00677976602558921	-0.000243107682905968
0.635126192475649	0.00207883127885515
0.667663562638572	-0.00191271710676318
0.881146287920178	0.00307461899120704
1.07510700717648	0.00261525776779426
2.36284265965218	-0.00520152371695346
0.0104919091676561	0.000241198080274001
0.104887959883135	0.00100113749137209
4.78983879563488	-0.00708809335385579
0.24458489595435	0.00151589213400794
0.67492461194524	0.00209538108026648
5.44225780819966	0.00492236930210104
1.05093716165308	0.00252885877230748
0.755874132350998	0.00200267101505286
1.67002899319374	0.00322854913276058
0.11230322688729	-0.000764290684137174
0.364028793878553	-0.00176841072570465
0.453387332817523	0.00191720659897617
0.32807610944116	0.00154966541663627
0.258950633761432	-0.00144111494463917
1.28406894300049	0.00340767211594103
2.17092226164336	-0.00466892702398245
0.392925907093326	0.00157121869805802
0.269676418525543	0.0019669212656159
0.182905678329366	0.00133256313989344
1.00539347468402	-0.00284725384580081
0.329585758454634	0.00150749590827345
3.26003486888184	-0.00508859304421221
1.88151896719658	0.0037969427159088
5.83393330153595	-0.0062327990450023
0.502988807025456	-0.00227870444416284
0.341580836994872	0.00192506341962493
0.0048329262988918	0.000242452214821257
0.0606770628369859	0.00084350955405625
0.613107511866173	0.00194578556047562
0.00419783874911728	-0.000176419769327159
1.51347706114902	0.00321741512745298
0.015629845279043	0.000313893713793416
0.931433534843036	-0.00240184801039686
0.143423612141254	-0.000851456514354616
0.00166839498157454	0.000122377424028671
0.390966270379072	-0.00201315187296906
0.397228269298179	-0.00186422669168017
0.0264187722050868	-0.000402820767137184
0.0963967768406422	-0.00092930161761671
0.167859393898746	0.00127006660142592
0.00620986086385519	0.000185612760132992
1.24049187083025	-0.00378621965138266
0.0969630567793453	0.000837341740119419
0.255831133564951	-0.00127740430893374
0.768541325611809	0.00275427131263328
2.75454174615997	-0.0041676020673165
0.00121481030883952	-8.71287388195039e-05
3.09044370531851	-0.00555359532542891
0.29959362901064	0.00171806970152298
1.4037545484727	-0.00304293862018948
2.35276286249241	0.00467778511276633
0.811154999513497	0.00234628422776572
0.97625262973835	0.00297282531102486
2.67779978984032	0.00431025895032461
0.433681255607341	-0.00221363123597167
0.0239339253306559	-0.000447399398449772
0.206681116640463	-0.00131009633435766
1.36496031636017	0.00329706080157182
0.252164418207333	-0.00134662157157647
0.55920447469231	-0.00167998407617616
1.04885799906741	0.00386986500253316
0.564006938689144	-0.00200711174398558
1.1928359180604	-0.00268173729532719
3.47152051880095	-0.00473851921623553
0.491026034602002	0.00190442457098723
0.0928973320339509	0.00101477112744829
0.341777764066169	-0.00163655378824902
2.05123308288801	-0.00395755815135108
0.000259334439102959	-3.73059432352243e-05
0.00117916716884123	7.8438428799665e-05
0.105555394265795	-0.00103947955311674
1.00983692174198	0.00302714609835526
6.4869471803261	0.00778539867586539
0.028686585775303	0.000428317445165929
0.87604280291598	0.00273102725822309
2.58660736893818	0.0041190883769429
0.182229722920562	-0.00101803145763476
0.606182359561686	0.00170350576292103
3.66977168816679	-0.00469169082434859
0.421120181537751	0.00178597222869152
0.262373962521974	-0.00108952370890054
0.723754115090027	-0.00262485584327589
0.203416581957162	0.00138030196485878
0.0549432223201813	-0.000591543155511674
6.50220555183631	-0.00601413129647494
1.49406510672079	-0.00408245990259554
1.60706536523138	0.00293101138858237
0.827111518109588	-0.00208138522578263
0.107378710579525	-0.000963633756780106
0.0710405924919915	-0.000639635196316698
0.0594444537445566	-0.000734233620476561
0.00323692059451097	0.000164868066562251
0.914569243237351	-0.00265334900497248
0.434068631287467	-0.00162352535625772
2.17896730253753	0.00426947977031639
0.0238241936769571	0.000387679263503732
1.4561520396757	-0.00364487935470423
1.61170072955968	0.00301049341746788
1.87267424128287	0.00333545026332221
0.0412894614383046	-0.000630118006541712
0.16618151369708	-0.00127095975150021
0.886884026278855	-0.00251918764861494
2.37903448353028	0.00481766227563296
0.325454003455678	0.00129423389904424
1.54259021253713	0.00359872966577239
0.719922989934877	-0.00265251591550368
0.212919421763663	-0.00142918190274059
0.00274222274366552	0.000145340543330166
0.0122298588469785	0.000281035786536793
0.0430835782457135	0.000567255129235283
0.763501859600591	0.00253209709206942
1.78780064850554	0.00365994725603068
2.27061151403965	0.00475323484956045
1.26184023412597	0.00313809900822338
0.985550274742609	0.00251281792276636
2.27153007914752	-0.0035540079940846
2.06702495878795	0.00440817352941589
1.34127870218567	-0.00414597407124726
2.00829470961254e-05	1.45589406132623e-05
2.23278327777283	-0.0037784797982998
0.0657421178792877	-0.000681099688529529
0.462463330416936	0.0019866753635224
0.0138538064382843	0.000328787925056994
1.31539361150979	0.00364526612212091
0.00621054275790005	0.000203022399644961
0.146836961643805	0.00091543921152476
1.64536775037828e-05	1.3070217805817e-05
1.70222849097518	0.00406334741236665
0.552017510801425	-0.00206611192437417
0.00398787882717422	-0.000172714792336478
1.86156758359303	0.00332193480485198
1.07469266226735	-0.00305966390406283
0.32211532550956	0.00155355348470792
0.354126314420061	-0.00175570766393169
0.608167949092546	0.00237632168492812
0.520087056799101	0.00213544399480862
0.451440811923122	-0.00232660169862868
1.18484733039386	0.00333028697549174
7.02350551400848	-0.00768339729373282
1.24359574061331	-0.00263225923791143
1.36961802517996	-0.00332722133674014
0.404651669956268	-0.00182991068163775
0.0858878178455965	0.000723588476679295
0.361438339621846	0.00173864643704549
0.169187417272739	0.00101222273119248
0.0731358781065183	-0.000889823417994578
5.76319536194936	0.00698968999318152
0.00977543174877354	-0.000260733776703891
0.386464955512092	0.00218708400507818
0.653588832996657	-0.00216542590572082
0.0342019299076895	0.000517494694492084
0.612591530591827	-0.00178267782931798
0.0393547448415836	-0.000626055206266735
0.319385035050705	-0.00167868914938028
0.377027903931218	0.00195443141334671
0.00186270901720643	0.000151382254525121
3.23525336040251	0.00558972203449911
0.158446929479815	0.000996467243287852
2.74168970166725	-0.00380917063625408
0.241109422042437	-0.00104883652868135
0.32339586137553	0.00145787045323768
1.38676227964655	0.00352830409913292
0.0664890975658195	0.000824915949183287
2.28479176758956	-0.00495786460188329
0.564783319968289	-0.00199674233464735
1.2230976357613	-0.00288640801035302
0.609159638824534	0.00230170264212958
0.0363990808689766	0.000453702574719966
6.78227206391561	0.0072709739881356
2.23692810667845	0.00346243306668966
1.32197614669791	-0.00342600287296046
1.32198539873854	0.002972063751112
0.749127568344217	0.00248838555094785
0.520387881290301	0.00167617992293678
0.00300592883821678	0.000141862315783697
1.0950101474544	0.00294528402858122
0.117788777399513	-0.00112032863471865
1.42319754728231	0.00373639262203617
0.013770028404712	0.000278973598037205
0.145629880292192	0.00089011267720997
0.0148289111446397	-0.000360818495346076
0.0357761435731059	0.000577341905323163
4.51845423746216	0.00648233167184184
0.0886412961973732	-0.000940634945844288
2.86672240896898	0.00415418095028156
0.662050682883112	0.00216982927598721
0.0562998679935879	0.000936859994120182
0.0439134296022213	0.000528831930276104
1.82450524751315	0.0034887006766956
0.890141109121378	0.00294963212186088
1.83335312955258	0.00337210487025805
0.0236432710590485	-0.000336095048655602
0.0853948251092843	0.000726195262325408
0.682642400507229	0.00199969856749082
0.000111375311428878	-2.37337138322279e-05
0.90948819923624	0.00278744039104469
1.00053762649796	0.00260319849126337
0.110671390547493	-0.000878502815906476
0.650322905461817	-0.00235676650572889
1.43845953399458	-0.00294361568837395
0.000659823593051653	7.94403797074428e-05
0.249166241981275	-0.00127827772921196
0.382269518215997	0.00202757633652167
5.98596307922287	0.00652178064040659
0.000146921072509894	-3.36916284249482e-05
0.041039773066319	0.000501594748691029
2.75864647701849	0.00551525469491013
0.0629108981431786	-0.000678759672468512
0.311527086261463	0.00171615022969176
0.157034721575834	0.00105999382853168
1.28727091210031	0.00265834276455483
1.136245096378	-0.00333392782366775
2.45318837105301	-0.00389779040883551
0.61073839564472	0.0019848691129438
1.78902500444718	0.00444376437914808
1.20621379566639	0.00294752019914919
1.24016575276076	-0.00274557394771221
0.015658687314715	0.000284779255624354
5.73771656494042	0.0057178149821982
2.12923907650603	0.00450266127789288
1.02296304530561	0.00262661489413396
0.216297459404524	-0.00158904454698621
0.214271353810239	0.00126673914800411
0.00628923829582877	0.000259769636983556
3.2328506053407	0.00397335037591554
0.0904245443059683	-0.00083057849367409
0.55436798118202	0.00199018840997844
0.331656336398387	0.00170921797040012
0.591012257462822	0.00180990466798718
0.126534572350286	-0.000933317723126329
4.29037074380084	0.00484055328157754
0.665165733797959	0.00229316252767938
0.0378860484786083	0.000698745193617696
0.186229438116852	-0.00104946372465251
1.87900213363986	-0.00340582699681726
0.241247130411486	-0.001404440867369
2.65740734510674	-0.00461860205195129
0.63944254582553	0.00235054962747309
1.13166659621331	-0.00300458039178551
0.0299223137585099	-0.000466592392279682
1.49061200598196	-0.00426656302040005
0.0487824307794136	0.000687804307644394
0.862723118602066	0.00268796174972693
0.99187010893374	-0.00292483154192595
0.0173206119258525	-0.000357946438130203
0.00122199664211309	8.62611445511482e-05
0.0286171816867444	-0.000618692929910177
0.196863785086704	0.00106867907156648
0.0660450333922453	-0.000856578649592255
1.72333533555231	-0.00306450428930582
0.0227545096910722	0.000340516485699093
0.0226916869794219	-0.000435954647126569
0.272793901899719	0.00139002820679978
0.612445481727544	-0.00241105630899703
1.01752969873992	0.00232149526029759
0.0434085033836922	0.000574898317864486
0.094381881868825	0.000826264770565398
2.43851481996866	0.00395001812659377
0.341289417419937	0.00134002438887929
0.13469879961631	0.000930864551221347
3.71190832194538	0.00500307148326884
1.81531734126854	0.0040138311067233
0.141149017834427	-0.00103461449389593
1.09028665686743	0.00251578085148537
0.250447291821639	0.00129718648562886
0.150688223860203	0.00149825913472417
3.71246092734966	0.00554334539200577
1.9928234942042	-0.00354219662357744
0.217254436428788	0.00134433127927414
0.282275291378297	0.0016568612394794
0.523216553043238	0.00220377839410214
1.32770854241001	-0.00348592755736741
0.170322561095893	-0.000947054899759317
1.08353865314273	-0.00270411943319456
0.00212350658439823	0.000130108329283437
0.0953478409750369	0.000743864148754464
1.89082611931406	-0.00455434063737268
0.266082258411193	-0.00154013045024617
0.423262475673185	0.00209799574414866
0.292400590364389	0.00187242559436394
1.84273379029215	0.00331984739825585
0.000287187305385185	-3.86374416613323e-05
1.02398679171932	0.00250269273147435
0.0917822313290369	-0.000740946721933653
0.0714479436355707	0.000700794929272841
0.0358727476090955	0.000461652177258527
3.33203831176801	0.00517756536277805
0.0225277424480883	0.000389512623567888
0.431624565337813	-0.00205663922042261
0.0313634512262185	0.000459822140831957
0.163611377309764	-0.00132772821973249
0.0435750294775693	0.000519229012146194
0.230739193665162	0.00147828094228754
0.297829294178749	0.00149004780989141
1.03600390487039	-0.00243278471811088
0.00434778779937557	-0.000180506497542177
0.312344619249567	-0.00142169308829418
0.0172222918407953	-0.000302637629194889
0.15975650760194	-0.00129569042026312
1.10247157606165	-0.00414033974714583
0.599010432727235	0.00183611109391335
0.950244369697049	0.00234843595953437
0.015570692118039	0.000322809317852422
0.0826311951935258	-0.000824222954895651
0.013287999434449	0.000315008975254062
2.11004660652143	0.00364699506078501
0.174507846649057	-0.000999593195679698
2.88119268278425	-0.00444273733080249
0.00638036027225485	0.000231434470025189
0.0405317490907419	-0.000472038864539376
0.011225695455306	0.00030691475259398
0.0263752400935504	0.000430070290466006
0.0969752488228203	-0.000851743785482985
2.00818299245295	-0.00482895039311929
1.57671985655236	0.00368468855268742
0.201234298322514	0.00139442067015473
0.000400474426873476	-5.09187378972612e-05
1.66500067480219	-0.00344233013415402
0.207873988789936	-0.00126248058863624
0.0042362334093584	0.000179892856925957
0.44213199120129	0.00223177347754868
1.04996617540404	0.00260721723025152
0.469907223756102	-0.00172083690439538
2.72788846821809	0.00462362235192261
1.1610434914244	0.00310804690304685
0.00034805200446627	-5.03698527006787e-05
3.96699660145979	0.00465894498717917
0.0366315213827144	-0.000435526327161022
1.61712857357975	-0.00326710383994589
0.771155564810746	0.00253755355957407
0.0284663262402772	-0.000476170616067001
0.574998289875437	0.00220468060007147
0.487196039180022	-0.00183663997925185
0.294349931750366	0.00126637944665545
2.43242881563113	-0.00342975625345843
0.562895347961333	-0.00247228764990604
0.721521776809796	0.00212886780860293
0.401538167804596	-0.0023336788137194
0.620896299314797	-0.00231810273189477
4.82875141450678	0.0079462619956399
0.319405404609828	-0.0015177958930913
0.0475296080237795	-0.000583628144323296
1.53551086239387	0.00329682426027158
0.0153586903001987	-0.000328639616185649
8.0587599945794e-06	-8.06391535492357e-06
0.230930704958927	0.00125746923489251
0.499570258973265	-0.00193574456032011
0.513362772894471	-0.00181638467499522
2.28990552516755	0.00424355241068859
1.33814603888311	0.00371564928511462
0.43989874962119	-0.00195709362425832
0.609513349494047	0.00242347969296439
0.030942659380566	0.000483055151595288
0.272533051576163	-0.00149710165751756
3.60730194525515	0.00432310517175314
1.63229106178746	-0.00332392247112248
0.0796856515370657	-0.000746823031612302
0.031158970071724	-0.00051582989334097
0.194499568470276	0.00124462549535197
0.145573346080369	-0.00097509518198931
2.29879293084528	0.00378622379136492
0.173669763894959	0.00120039141231395
0.527521305602251	0.00214254137377575
0.00123626734765008	9.61250399222246e-05
0.202831044538274	-0.000983745615743051
1.61576836568362	0.00304587518500631
0.0132299820432143	0.00030331074290068
0.785901317115649	-0.00256500910235949
5.86315708903652	0.00594412066075303
0.238035326411049	-0.00148123573582036
0.00157490536695158	0.000123365752621653
1.22628439576295	0.00267927459564925
0.276426114744953	0.00128906660174828
0.723887788916841	-0.00227203662373149
0.479840732572618	-0.00197617904706161
0.566069192467227	-0.00156882512784741
0.660005892305902	0.00215779751450244
0.110307336258268	-0.000825625884610575
0.214740768277907	-0.00130058877464069
0.292901669407629	-0.00146412105669272
1.41264423066921	-0.00268157387063626
0.652238105032346	0.00184143549930702
0.582567071087682	-0.00210415298476281
0.322194051343703	0.00134984687779995
0.00532414287191213	0.000186233740264072
4.73156058362594	-0.00570506551085742
2.4084686468311	0.00356075612550731
0.00924790985437491	-0.000279097048293088
0.84001100052166	0.00286586335538572
0.0794011035607121	-0.000827140587174621
0.955464708969167	0.00296042044158348
0.494735366445317	0.00199024481874431
0.4318787006872	0.0015446356495485
0.496764080267144	-0.00204990000396292
2.84516706114978	0.00421752486893176
0.0952775315619979	-0.000750407998691338
1.99933549814838	-0.00448837395969697
0.00516452613100388	-0.000189940943046335
0.933671855780532	0.00285514304362853
0.11991054074957	-0.000861035762928323
0.37748474334586	0.00208367427876319
1.12656245896264	0.00329517822486483
0.220772126185483	0.00109835938378476
0.43033725418639	0.00189273299134008
2.6776713244417	0.00481828267408544
0.260550103737421	0.00144692529927205
0.681736738571332	-0.00217225587478374
0.00423151325944748	-0.000195026709898602
0.348348545274937	-0.00187232023643785
0.130066389345458	-0.00105478618231262
0.00988412017678312	0.000251549884168433
1.01839026221646	-0.00263728915679975
0.162895548365314	0.00112960658915082
0.767660728012173	0.00221780621060888
2.86325506899359	-0.00515436127969392
0.0341265346911669	-0.000491248118343706
0.451448152051874	0.00178964667610225
1.24387899703665	-0.00338588241069465
0.61212176310745	-0.00190646371490031
2.80751746104074	0.0048605214669434
3.73141355892881	-0.00566078783697143
0.232464427847166	0.0016186013734129
0.0498447884927474	-0.000769199716554071
0.00318174368098438	0.000162856404498531
0.000752072159993072	-7.43312672436893e-05
0.00187298932740045	0.000116311623587292
0.0690115524778716	-0.00078511593397803
0.256903295746931	0.00136481784497454
0.521170079052038	0.00218729977024389
0.0675382106881067	0.000761379338729968
1.76487377544753	-0.00399582016871766
3.18546115272077	0.00443715638843385
0.359156247768596	-0.00164862137548573
0.0445800025610331	0.00062280113046207
0.518879335687879	0.00174747277078587
1.52132998757601	0.00348780202845579
0.778188551280769	-0.00330828430734199
0.00622905657996208	-0.000200986219894832
1.25668047944056	-0.00309263573544247
0.043846398339498	-0.000617504578967949
0.916544173893262	0.0023910334077845
0.0155438062803725	0.000344184383252871
0.698232104331349	-0.00192632666491711
0.0950972747245378	0.000800537622636787
3.04490559663553	0.00463068468939095
1.28144912501237	0.00314130852976872
0.991912040763169	-0.00254972325680723
0.137243020021496	0.00115536194474859
0.0892216107789516	0.000915867799227151
0.15138154184858	0.00109821451087192
1.81282093636181	-0.00370733112867691
0.148952651671022	0.00108655122219411
0.297670963546643	0.00139554441935565
0.891725757553544	0.00293369085576845
1.97024443936173	0.00361327101550894
0.490221406784779	-0.00187825743948917
0.265743741292298	-0.00149518379697685
2.94863646534275	-0.00480443899809276
1.2054036025038	0.00303778147102101
0.0845283226590355	-0.000671521246347361
1.27218068994433	0.00334598275575907
0.00141949469262651	-0.000103520565715522
0.572344516180316	0.00211765729595827
2.33432889060233	0.00574532586081183
1.69258865806651	0.0032420723172208
0.0907385773784673	-0.000895201377835985
0.672332687635535	-0.00233972941679138
0.000661386543477229	6.11406215803739e-05
0.139630433966673	-0.000881613771379469
0.0112180011831322	0.00030093051490717
0.17129964105351	0.000926022400936295
0.786984630493971	-0.00226935278142194
1.26605447324971	-0.00266260028451005
0.481614571936203	0.00192092151241249
0.609635315283413	0.00224079789960946
