R^2	beta
6.08181808584288	-0.00827207880440249
0.553163897041086	-0.00275078420391854
0.404051743451192	0.0021829957325909
2.12879529680102	-0.00481714174992982
2.66787453473993	-0.00587259226726363
0.498222446314575	-0.00270802409860052
0.177719462665869	-0.00141880047498137
3.62088700280681e-05	-2.21424511520318e-05
0.200662543614305	-0.00160655610291189
0.333123332467094	-0.00168169267762216
1.12166927280105	-0.00319002840427989
4.40885234123985	-0.00829321917046967
2.22673724530542	0.00543208241897191
0.169238007149721	0.00149692535421711
0.0275229683445379	0.000563249258256523
0.664983836463062	-0.00291093746186254
0.619375571908682	-0.00236556361891167
0.374044839489287	0.00236137964769619
0.00271290120724871	0.000167557367785813
3.95020418872096	-0.00670721647725869
2.31366800353059	-0.00511331106926592
0.538943685253728	-0.00240639286643725
0.0224780884006664	-0.000475472852029715
0.0534336932617389	-0.000843284896781299
0.492643043285665	-0.00276907709392501
0.650060107490413	-0.00212177842714721
0.284542885092595	-0.00156901027487076
2.36895839904978	-0.00549889758836264
1.13997972097457	-0.00422512792950669
3.53167255893855	-0.00629932235945268
0.273158154144417	-0.00158096766957272
0.31009001989091	-0.00208975734422574
2.67699416246259	-0.00649772651342297
0.0822030015053833	-0.00108990089298687
0.30991766111101	-0.00208306075397102
0.727223329835647	-0.00311881382743194
0.0382018681308806	-0.000649332111390871
1.6007413610874	-0.00406346273142965
3.37139250609741	-0.00659965706901843
1.28733508987857	-0.00435007899167127
8.56333108508967	-0.0108982942969046
0.418664748361816	-0.00215841906240378
1.43544048138198	-0.00453386572722603
1.72140582545239	-0.00383093574662554
3.43368798214719	-0.00624721308120178
1.9714236818915	-0.00514184199366591
1.81979643711034	-0.00533388997893166
0.186034422615692	0.00154695247451524
0.00125084727245336	-0.000124085195832659
0.00699431159232454	-0.000248422409278472
2.12728018096425	-0.00450578743399635
0.0959451787742989	-0.00104606477055503
1.21216084535913	-0.00351908557028959
2.1992161653793	-0.00500837281127481
0.0734667957800739	0.000948608554584983
0.032812507367781	-0.000580484871304349
0.0956243837173042	0.00101375561359181
2.14839141642337e-05	1.42480641482622e-05
0.516703898623065	-0.00254833745268027
1.07096673584073	-0.00366551569788562
0.0603395552452558	0.000888480281729434
9.36228619690556e-05	-3.46563080332507e-05
1.05698536968415	-0.00317340676898844
1.41449220594344	-0.00401475454410365
1.65661205185428	-0.00491228164246856
0.0207228594367031	0.000509504906227673
0.556836123460242	-0.00236797557865016
0.63906807646081	0.00269963126842333
0.266687220428468	-0.00157202229161535
0.361281111927681	-0.00208814448202412
0.779294494228623	-0.00277197614787136
1.80542161426669	-0.00490903744317209
1.07075058712808	-0.00311855532312298
1.0372514186078	-0.00326995407985798
1.9670871762912	-0.00483829233525746
0.00286464579015368	0.000172039809346851
0.340692390556166	-0.00200635235793777
1.36951702901612	-0.00384928398911507
0.172701374615017	-0.00147667762409768
0.322045885440965	-0.00194150381324043
0.0665485134584193	-0.000953729297886492
0.597324305969701	-0.00246651144612739
0.0971354561571599	0.00102590200562083
7.46764226390086	-0.00898775020478616
0.222320998021059	-0.00146028688725073
0.0943513667740218	-0.00105096590318891
0.00565624318101769	-0.000261882754481275
7.13405648937337	-0.0103096445944087
1.60207750717454	-0.00548626636725792
4.92909334209383	-0.00795067859639328
0.0455141527861961	0.00083206928780805
0.7071610350938	-0.00256181509475616
0.0441456079780514	-0.000862456368079194
0.0702163439253169	0.000902100984889915
0.583858038762098	-0.00264771287360018
2.45766236024299	-0.00595327742641297
0.248078815954532	-0.0020796081206799
0.000394951341518511	-7.20799755704945e-05
0.20222123402714	0.00163711601191887
3.20266830838639	-0.0069314268754744
0.607121548801495	-0.00266524861323545
0.0546336519991101	-0.000826130508925066
1.32221020213696	-0.00443890986842564
0.135362467935207	0.001307956324618
1.45867199331066	-0.00432435590082861
0.00528944717552406	0.000246603146336526
4.55635282921355	-0.00630921231430469
0.980101918266569	-0.00337671512635059
0.210163970713741	-0.00178530262154717
0.518490199101247	-0.0024791841226276
0.471802928283937	-0.00211605675949391
0.155595722266291	-0.00133243090219007
0.602792219186613	-0.00322710300842026
4.26296454750789	-0.00780467340430259
1.99228481287217	0.00574210188577325
0.539861307332092	-0.00264237236772274
2.46374042767853	-0.00511217616208485
1.80673734125489	-0.00451732965663604
0.453149500788166	-0.00227563422548202
0.124385604991103	0.00117028058983203
4.8881941567673	-0.00882443904866406
2.65064748606764	-0.00531286314866486
2.84707680986643	-0.00736389404476885
0.390635637231899	-0.00232602716119572
1.09417128475788	-0.00340595920098827
0.726302181437338	-0.00299976486206909
2.55997981476466	-0.00623837134813542
2.10952321207089	-0.00471949795781301
0.630510398569302	-0.00316940335596836
1.42647120628978	-0.00435063993973554
1.01779602361918	-0.003386266540633
2.55218390021775	-0.00490253382738094
0.350190476464113	0.001827112933492
1.52597220166273	-0.00415323029874762
0.110978916013368	0.00104184969967859
1.91585564021711	-0.00481803428132819
1.60635547929458	-0.00417259254663914
0.122680197408604	0.000987083633400637
4.18511904990017	-0.00898149626231709
2.4678367294221	-0.00577568654952757
1.40000482015054	-0.00432436520869346
0.931066828626425	-0.00305503879447226
0.555317162750064	-0.00305274220225218
4.59156526337445	-0.00685014031016527
0.822423558432678	-0.00307368211843269
2.62758451813409	-0.00639742126382891
0.458613112031893	0.00247899897390268
1.77660629778251	-0.00416735595766351
2.4276851927319	-0.00480882336075529
0.0332900627681559	0.000587703292977748
0.505810162630553	-0.00297597012410544
1.01610063482827	0.00392257796717542
1.296149155994	-0.00416987567574915
2.56025956759265	-0.00639648825849285
0.187026449632254	-0.00154203185535797
1.82958219488064	0.00525674079548488
1.67273790055114	-0.00403079477048158
0.234944765044698	-0.0020533138026997
2.45172990445916	-0.00509695010474257
0.00636856809304923	-0.000303229122883945
0.00338132857027637	0.000214682114773401
0.116565180591417	-0.00119944782215194
3.60735099209733	-0.00752437566794192
0.0862723025052959	0.0010756024204146
0.379372785567902	-0.0018527354101055
1.14829815407999	-0.00433192864124142
1.47739000189086	-0.00412971647713709
4.65764323379205	-0.00745450579115458
1.09068599355185	-0.00393843668568505
0.594973665152177	0.0025718286858052
0.181703401661846	0.00159807985140476
0.579615535757254	-0.00218479864293927
0.00852944900116501	0.000298132905760739
0.0863879221952994	0.0011845327073873
0.119226194987416	-0.00123012608156366
2.67438826527914	-0.00561801438187578
0.459597077863289	-0.00228917723885577
0.0215882237302661	-0.00052343930611799
6.09622608604071	-0.00937805013669862
1.57289201389943	-0.00424564326135975
0.00781226271656694	-0.000291956040876159
3.13411888352417	-0.00535080530230904
3.83868174579592	-0.00652419050881628
2.27208589902604	-0.00568555116042498
2.01653433174144	-0.00533168828928407
1.91714357072688	-0.00498914866019332
0.504342241568752	0.0022640008182903
1.97908705349723	-0.00597108555210833
0.82661995923027	-0.00377056861729979
5.61102693524517	-0.00802421818967943
1.11640475269577	-0.00273431181199237
1.08692174953132	-0.00386547746827617
0.0590963950983302	0.000645159494366318
1.30781931813404	-0.00461426229888673
0.162673045885981	0.0014130384522349
0.00772603669509946	-0.000300894408129448
1.77965596439626	-0.00473011362175797
0.0350738492466653	0.000731518838712655
4.98998816676297	-0.00848110515735157
0.00622814411865878	-0.00022308846940165
2.02346166959575	-0.00507492335570382
1.41554646071863	-0.00426900932174351
3.9169027722568	-0.00661558294396359
2.52274721967169	0.00569023264566084
0.488608007734364	-0.00272470106943953
0.277849875255469	-0.00187042544519335
0.797192319061386	-0.00316650758252959
0.907751725036006	-0.0040653695506273
5.09026363984908	-0.00805775547846628
0.0410482555198492	-0.000951598098771687
0.242323736937608	-0.00169271611301619
4.88911307085304	-0.00753034652002233
0.139003956818432	-0.00115148895062236
0.521622474001621	0.00290837201553382
2.19687779232571	-0.0039822281723112
0.235824913820592	-0.00157484714741738
1.11077532393745	-0.00337252792283783
0.305053116277531	-0.00191116748867749
3.60958204399757	-0.00582748735092502
0.70146296214799	-0.00329919932649374
0.00347386994448757	0.000219124177868906
0.15791646419209	-0.00152114573130387
1.91048352870213	-0.0052177816703899
0.230124243933612	0.00163350504245128
0.156604018455932	0.00146931154539821
0.0317254166709069	0.000574881356085732
0.217589847593624	-0.00155936111870006
2.68754599164477	-0.00636026211152885
0.975289283094386	-0.00368986964847166
0.638406731367095	-0.00294091135114473
0.145276103603761	-0.00126994110599292
0.561892502030439	-0.00248384980945732
1.96989456784212	-0.00430812336027942
0.521127284403773	-0.00335229700052727
0.978105326361812	-0.00403689081109198
2.4609167328047	-0.00545079061866463
0.315010365047002	0.00220368712845522
0.909538803160822	-0.00295669011581672
0.482213132453099	-0.00317347878896955
0.313746380787234	-0.00183288738912113
1.0484400444236	-0.00395573289302932
4.83633463192764	-0.00838519365553517
0.00906873351668338	0.00037867599156724
0.0167024672359364	-0.00046485285513563
2.28579781970703	-0.00504044330062088
2.23983434750872	-0.0058214347692326
3.0046274859592	-0.00628969817419889
0.00626415674758567	-0.00025365273256772
3.90958018596615	-0.00672517415206054
0.208037440510764	-0.00142656903977788
0.0584041886710789	-0.000841236427818351
1.05246060455014	0.00381528504679755
1.16314871391206	-0.00357532171276277
0.143380533047426	-0.00113888399431994
1.88826819216014	-0.0045106589459106
0.752953544825176	-0.00363512679086372
0.256250026766849	-0.00175530131000534
1.28000051825685	-0.00389954135204031
0.0372517420513476	0.000683942332637039
3.08970369431547	-0.00591680927393793
1.87520789591062	-0.0052363571174861
0.555674400929888	-0.00238571820618608
1.36064781551582	-0.00371257511824609
3.52701074074553	-0.0081510778729672
2.23867897439158	-0.00530504712218347
0.509835209953705	-0.00270698800119223
0.139516125366982	-0.0013561986942828
8.11727096592882	-0.0105357010608891
5.12790130724687	-0.00957984964996704
2.67229171607248	-0.00526868413907942
0.266866229245708	-0.0020183677520135
0.000342821860128595	6.19178711493615e-05
2.21923010418735	-0.00565936518759367
1.59045507674791	-0.0042337987255901
0.405777873466213	0.00221537704071198
6.92804400605972	-0.0105676117165723
0.262634414626635	-0.00163305335604502
0.0478028088419154	0.000704625901408697
0.244869464363644	-0.00180028321206003
0.904063154840285	-0.00350980317537941
0.884169119010702	0.00352620832530026
1.34467472605895	-0.00437136895921301
0.444953826806279	0.00236643644456867
1.00467890833615	-0.00422099966464695
1.25936742727251	-0.00382165466582665
0.0047605160952264	0.000230212612083422
1.14961226645395	-0.00381432956749453
1.86500050582196	-0.00463620260424285
0.180309185698152	0.00157748009976644
0.920145058267296	0.00340990874193283
0.0245426303983704	-0.000511841811706567
3.28375546971055	-0.0060414727924457
7.9940588449522	-0.0106538413563997
0.373693019526346	-0.00210683072693203
0.0859070525510607	0.00130945658221188
1.61240449809447	-0.00436014019627933
2.1150762777928	-0.00549140908145758
4.95530287097283	-0.00738853233370184
0.924798468659195	0.00339968240473382
0.84990820355185	-0.00294245612050012
1.85546474850127	-0.00453787657258967
8.48986360993075	-0.00982238737828116
0.203097525438678	0.00154300601603916
6.16857393464938	-0.00671383192969124
0.274179560902956	-0.00195745381902804
0.475758635156487	-0.00223151638492347
3.92757388321996	-0.00642641475460054
0.378706763711013	0.00178727887259245
0.137780187394586	0.00162362260768286
0.180910498529544	-0.00148341165176364
0.0292155240664407	0.000641103577643323
4.31493057932805	-0.00748341731386179
0.0361017474000204	-0.00068203022918562
0.20566734448387	-0.00168226885195314
3.80357080251931	-0.00626160656134615
0.0935267101696994	-0.00115110492020773
0.0152770460597213	0.000419339801465663
2.80135103741951	-0.00645803790560053
0.840948738077481	-0.00378149744910066
1.5457596746967	-0.00392426982506804
0.313161056698205	-0.00218742531492994
4.32922472818562	-0.00773162958162295
0.825207806025018	-0.00334713655880894
1.94197563233997	-0.00465576751855941
1.81394417995531e-05	-1.61500769550172e-05
2.99557820528668	-0.00623720427485962
3.56255399775222	-0.00590241722868997
0.0364202317543953	0.000644374895766588
0.982439639808511	-0.00327526153652103
1.1963022236882	-0.00369469934115697
0.450082274714804	-0.00226769560306146
3.75620403485014	-0.00741126570428385
0.172819601366344	-0.0012921993561251
0.447837331784445	-0.00197593220564954
7.67345978960556	-0.0104684799242086
0.211433385358402	-0.0018323085212935
2.04769485618795	-0.00521070252420657
16.1986309245759	-0.0166113549337881
0.465479024128753	-0.00221426925810191
0.0704647851390097	-0.00101734953526847
2.28943456450269	-0.00481995414062623
0.451140610962109	-0.00187271932469971
5.19432554749515	-0.00759726876108227
7.3318612776473	-0.0113969022396456
0.0315568941142182	-0.000658027583428927
0.00728362596303699	0.000341608209384637
3.32120814323742	-0.00611190190723274
5.17187605855886	-0.00652014999070424
0.0973497069077924	0.000958716652168414
0.0158168946056115	-0.000434469392150989
7.87055500407792	-0.00920147457475586
2.73031699357207	-0.00584174293648457
0.794079082197701	-0.00289841003813365
1.45473232372396	-0.00458576381626937
3.19946153194542	-0.00528921892794352
3.25084576297114	-0.00646673329129986
0.40225561945068	-0.00207731082411345
0.281265822142065	-0.00189683514601597
0.113531431261217	-0.00146817063135738
0.800528778514719	0.00310661221929646
0.00829965997091143	-0.000338112426353788
0.0178873594224756	0.000405699894367848
1.79703815899047	-0.00467008573579303
1.67757941213905	-0.00460523170324805
0.0290990460482687	-0.000582816709187061
0.104598414299756	-0.0010608357836337
0.000995941431596023	0.000101438391324718
4.18854179536842	-0.00739079424450867
0.755624607092294	-0.00302093559558382
3.44266182544083	-0.00540715058185911
0.0487057536724276	0.000648184980929191
9.46070269337091	-0.00956303807316093
0.413979197867746	-0.00201468488037226
2.54660242948334	-0.00620589413060599
0.695854486385067	-0.00274620068467133
1.76659819923164	-0.00525475568230069
1.10291665516067	-0.0039141007297956
3.16720909680207	-0.00680833255282808
0.0294042298533644	-0.000530369019153634
3.81588594281683	-0.00710576946164304
3.37421673160938	-0.0077919537112618
6.68563310509379	-0.0085414563638755
3.98322440309833	-0.00650547133738126
0.000449004827325352	-7.82011219891996e-05
0.589139177202975	-0.0027837842869201
1.03548454432912	-0.00382615493704123
0.260954463284691	-0.00184111732841548
1.95009805320969	-0.00560644828119635
5.73380056503599	-0.00748780523957089
0.916956378794707	-0.0033592310930399
0.401629347179375	-0.00211527316021962
0.2374187971572	-0.00210011854657403
0.219924314157009	-0.00151290348530962
0.233138674306363	-0.00171195172523878
2.20498176383419	-0.00463090851028715
0.0146005903853779	-0.000470901514751952
0.586235461583137	-0.00297906620115721
0.0716368431915593	0.000941887067177262
0.0894079523101149	0.00119981972763687
2.47613738707409	-0.00508499249016815
0.679085314833109	-0.00311205995996574
0.0583256502450382	-0.000889043398973453
1.16799066127162	-0.0034267950888229
1.86182288071557	-0.005357942172599
0.0438447694167988	-0.000742535781677376
1.08788307805719	-0.00324385071613906
0.0349649323829648	-0.000636268667315109
0.00248567291334659	0.000202923295097335
0.119654658993633	-0.00126328726660792
2.03474316113791	-0.0056059996224391
3.32151513257061	-0.00568633106437422
0.000797319825916345	-9.48316843876027e-05
2.17973645186268	-0.00461380294896626
0.174039141157918	0.0015340499977616
0.00699640558742244	-0.000280234428180636
4.35785757256756	-0.00649014541208976
0.102403067528372	-0.00117601953424898
0.0070385664027595	-0.000369537401603118
0.664278517202409	-0.00268244971541067
1.89456432017255	-0.00489769736605285
0.0775081409230833	-0.00103962664127807
0.214928593990017	-0.00162261673877054
0.0355490331405076	0.000686876849131076
0.23893743760837	0.00200135115586407
1.72816720466506	-0.00467181067762781
1.55359137090617	-0.00476635132843503
3.82476759713214	-0.00657552172080823
1.07144705299867	-0.00375002976478951
0.0125736089791447	-0.000372246172368621
0.268054575808754	-0.00161373086857621
4.39428663217776	-0.00746099201272557
0.885703115926828	-0.0042354028854648
0.158296434366017	-0.00128665856156659
0.309355306519328	-0.00178532699768325
0.534347468670376	0.00294871423117891
0.151337352217656	0.00148950218855724
0.0920785772607084	-0.000935600597558772
3.02288953150333	-0.00683077449931775
0.0081554582106697	-0.000314096096748492
3.66127430926587	-0.00716292301699022
1.50884887419981	-0.00388634692723035
0.375504148183202	-0.00232885834162055
0.979589620385491	-0.00385719604032042
2.42840285666706	-0.00551553049800532
0.551447591339711	-0.00309242483048663
1.14853297384115	0.0036609786016004
0.160999626205764	-0.00137495295657325
1.17815794495763	-0.00427635436719032
0.00629996564545813	-0.000287070669075992
3.1058482797192	-0.00709841713141617
0.0326442457355486	-0.000581063311239118
0.164588486611524	0.0016781971496721
6.0562175115569	-0.0105113010137524
0.092120097365222	-0.00110216214665728
1.83251507440065	-0.00507832975291825
0.120651548718056	0.00118965474739122
0.351619837694981	-0.00203727766984461
0.444695412045581	-0.00233532629852927
0.0778384830331348	-0.0010082246206733
0.128928226526801	-0.0012587540243531
0.119915123491164	-0.00122102959226824
0.541438482598867	-0.00211899099511241
0.000334677970281081	-6.30109948689155e-05
1.58680660436952	-0.00450224492246177
0.843108190084486	-0.00328210367503101
2.71807849592084	-0.00522701020747635
1.74647314928792	-0.00432864546159089
0.0952300684181995	-0.000993106246484729
7.66949603074351	-0.0109727764962963
9.81150012670039	-0.0107127555862327
1.38397517060356	-0.00432407870186861
0.640036033089514	-0.00260977205180652
1.61090956778155	-0.0041529953699235
3.18302318286803	-0.00662348490327027
1.05192180287068	-0.00376495987848916
0.932211652278329	0.00323390912526484
3.21289136022704	-0.00605600065626791
0.327394286360556	-0.00204131303011836
1.57049900086866	-0.00518124196772248
0.0167834861313786	-0.000457142347288384
7.67797709209014	-0.0104315754699602
0.218647480473004	-0.0018469513100633
4.24714323923883	-0.00747912476856825
3.51013163135495	-0.0064824365245774
4.00496030658617	-0.00801243590604965
2.4039155294904	-0.00556470408136456
0.0215337152775397	0.000503965584189941
1.48073160757794	-0.00462154223989592
7.17375071053203	-0.00823588311254998
0.181665175796707	-0.00144451153474575
3.5876632524136	-0.00723305567247858
1.93880044238683	-0.00413902933876586
2.21509811988183	-0.00570298288187942
0.247033659368189	-0.00183032918184227
0.00852033741521349	-0.000315621618936688
0.390125247099837	-0.00206812420491546
1.28928771359176	-0.00359073930828908
0.554590663408976	0.00250794940367803
1.01456372952826	0.00391817115017043
0.0110688925388916	0.000371633935837068
0.365625827532195	-0.00210342818149993
0.797433230981609	-0.0025142908821239
2.11739289827697	-0.00508862804736802
2.30683472561404	-0.00508981213681277
0.463368384880069	-0.00242643879783404
2.89249854832703	-0.00599036305223514
0.722200397029239	-0.00350518673891219
0.0202444100851148	0.000510598254952801
3.31615107393627	-0.00712466454102603
0.375922934972594	0.00182197906260131
0.721967277560576	-0.0028995518695976
0.021759357684165	-0.000480195408785467
0.295490341024318	-0.00189510211653988
4.40578447498474	-0.00707701926328765
2.8404671613249	-0.00626120733959875
2.53029741961706e-05	-1.72782875701554e-05
0.00335749707911229	0.00024156462877638
0.161512190646954	0.00150906204809825
0.922893728186215	-0.00362749588645844
0.21571976375445	-0.00175727632122846
1.05292625786115	-0.00353598910780627
0.1587608433496	-0.00160592417278077
1.51698901484215	-0.00436548228608983
0.0472252110478129	0.000859741810055886
2.81845115418746	-0.00541900003850717
1.43712054933035	-0.00477262160377705
0.335079502286456	-0.00203084984428014
1.71471998636213	-0.00528360623170467
0.000142262077942112	-3.99559589387684e-05
1.86647014989871	-0.00600056673369186
2.90839583565714	-0.00544766218204453
0.0378170022933551	-0.000734341938983339
0.0325420742780408	-0.00058232692558957
1.15910269080007	-0.00382865453046068
4.77569970030559	-0.00757070611949478
2.47317671128456	-0.00586348427146956
4.31207721738328	-0.00708671975917902
0.693802970870082	-0.00352842296318185
0.0137825389683403	0.000398723948494911
4.66703496624865	-0.00859366545879966
0.0434937138012096	-0.000760575882834985
0.413061764636228	-0.00234937179224663
0.249250463371064	-0.00141056425261784
0.00924130604614284	-0.000309068712673931
0.00593840067671589	-0.000230197118202753
1.0897760926852	-0.00412310261264905
0.643469768172944	-0.00275863626034861
0.980198985164897	-0.00300687377473202
2.60737725710045	-0.00628647345756823
0.0736564657506501	0.00098409955053661
2.33710968271242	-0.005218937809671
2.27420078294235	-0.00474052194254988
1.05334182456149	-0.00367986224492438
0.917548317030536	-0.00380818316505238
0.884952502546814	-0.00286955519444007
0.269963893995898	0.00209341009082517
0.934987784246518	-0.00356208109835703
2.70411181608254	-0.00653187738864318
0.522996995588597	-0.0025497844170637
0.679971449867603	-0.00326520023662964
0.140016700134854	0.00147104712113529
0.10808642397022	-0.00118748105656358
0.550145165147674	0.00271622192941528
0.0884932162237234	0.000979982388782784
1.91246536671783	-0.00538843604816377
0.291325217808192	-0.00175614882194771
0.922987554467256	-0.00318567314452744
1.32823641906724	-0.0039642449009964
2.17495713167554	0.00618121949777909
7.01415592800758	-0.00904562676400264
4.84079900885935	-0.00858922357908943
3.24038979485675	-0.00665912216558467
0.0949744582384361	0.00126614858205727
0.499580715536858	-0.00318155860085961
0.429071091829772	-0.0026051754127462
1.28489068875585	-0.00448234550429358
9.37783218408385	-0.00971021774786845
0.0654756549385211	-0.000911314315875195
1.33454544431387	-0.00378555281228626
3.90609748821748	-0.00706080796743124
1.69542580495292	-0.00454237443396872
0.88273537118888	-0.0031771163239972
0.775249950282465	-0.00303639039161946
3.06038294754141	-0.00678567403965295
1.61747816999523	-0.00420339325495888
1.84234146610403	-0.00411689474410514
0.00118384137124398	0.000119421891662831
0.477710209927093	-0.00236422472090655
0.877116236585473	-0.00322657865016483
0.599969136062513	-0.00311397195672729
1.30879004404553	-0.0040524387190412
0.405710768913891	-0.00228880653801396
3.22712647478307	-0.00674225166172636
0.0855152051298902	-0.00101103494416058
0.101868983499328	-0.00114849346653117
0.0815737545080175	-0.0010503747363235
0.0708818625810633	-0.000943894767759203
1.94244263890029	-0.00435630109375151
2.94846612465106	-0.00687117826433518
0.00838348053528726	-0.000345676592994985
1.07126807860386	-0.00381253517339449
1.06992499326432	0.00390091247649682
1.024893431762	0.0040725163621321
0.0816190813764803	-0.000794054953634933
5.50924546329015	-0.00809037060596287
2.00549751346571	-0.00498872356207453
2.46069694948823	-0.00627609469930529
0.00117383976853178	0.000125728960796839
0.552244064845617	-0.00276335031719413
5.161685880041	-0.00727406694805029
6.09373019781476	-0.00847990320943518
0.476006603472919	-0.00230501975688254
0.0969721083589743	-0.00107416411627016
0.357616854269048	-0.00237113260496403
2.22349177461502	-0.00454394342370959
3.51024121451287	-0.00779011583285975
1.08636795337933	-0.00347816965020061
2.35214891542567	-0.00484112881037397
2.98317086182395	-0.0063666388887953
3.4750686578602	-0.0068481034758613
0.567663170641103	-0.00278314412398654
1.58493986832557	-0.00387928988894895
5.12105288362123	-0.00850381849868147
1.47936350589805	-0.00403605464497946
3.36675538838614	-0.00771058342111326
0.755700514254385	-0.00291609914858133
0.137079651773933	-0.00124755329524141
0.200591184174544	-0.00149649414018522
1.24809190073549	-0.00375770584590912
6.73805895946524	-0.0111765197642128
1.31206142358574	-0.00383799099313013
6.49665030907919	-0.00846813719137851
2.0921754306518	-0.00532490482589682
0.215832578331169	-0.00149494196139432
0.0431813696158405	-0.000635585454300355
2.00865597183349	-0.00452548577597031
0.644016955739314	-0.00263077013319533
0.433481623304013	-0.00199452536326817
0.869409628015421	-0.00304117929503352
0.101691565853482	-0.00096358453579239
1.29643687085129	-0.00377907925504265
0.430665099493413	-0.00204670044810536
5.08080979868997	-0.00854050656703949
1.50454275931313	-0.00394915924304093
4.54018644711074	-0.00794219132689014
0.564976868810932	-0.00237555188596072
2.96315880617388	-0.00801606637663749
0.485078708248874	-0.00256507360299701
3.36361714318266	-0.00719778073261771
1.25335850956857	-0.0033082698486504
0.618311198941173	-0.00237122842713166
6.6711895710442	-0.00955678526005202
0.552771391311014	-0.0031405116400391
2.56653258709945	-0.00581148319389949
0.00189243842902809	0.000135989367348179
1.17886259540566	-0.00401606512915005
6.60349783414209	-0.0104406269284299
6.20948966490111e-05	2.96787343097775e-05
2.51883460612907	-0.00526075580586179
1.7939156545815	-0.00499372073133272
3.19770153403018	-0.00729361070482539
1.02703160994089	0.00358420712427842
3.07706136484653	-0.00508780101301296
0.814905161943119	-0.00303700901180875
0.0490809707005731	-0.000812854750430981
1.87786337658553	-0.00485083997859068
9.25001069633639	-0.0124688126807466
2.4469098084095	-0.00558241357119092
1.12872808180668	-0.00444139398299727
0.335882741946028	-0.00239351726506921
0.0188638153424944	-0.000475331260227896
0.451510686772878	-0.0028693726700133
0.0579086925538046	0.000862233619145911
1.72979868758185	-0.00514677209068072
0.617534195643391	-0.00292620627659113
1.50054250695839	-0.00425275070514356
1.05428389416314	-0.00316335172058305
2.45840686702183	-0.00586814329317673
0.0583928240082581	-0.0007937771944555
2.57554496230065	-0.00601984019137772
5.02926476026468	-0.00976617751508514
0.193332398980967	-0.00166279812883666
1.05502494134557	-0.0038304734383867
0.688591513059146	0.00271410382388274
0.019729068307048	-0.000511976851836191
0.00386451449300337	0.000202875399244032
4.63705955046418	-0.00864340942779431
0.0804314742057094	-0.00116941152105307
0.479390205919058	-0.00244795786612762
3.03069100113965	-0.00578875579539375
0.695871220721651	-0.00319264664149998
0.187756407534601	-0.00142440676722109
0.354649893644788	-0.00213158806513033
0.463272679412481	-0.00234592597107861
3.66025939084733	-0.00666241635930255
5.68853909024332	-0.0091619961421294
0.41107448596625	-0.00206750877380426
3.45449323041839	-0.0073496027009944
4.39718587080217	-0.00775356322118803
2.09423482198647	-0.00561091155869311
0.885877178229633	-0.00294421384774949
1.90876711253775	-0.00560217938810147
0.0988275208429253	-0.00129667160502883
1.4702808466175	-0.00357543928998585
0.428331701009582	-0.00238694917507962
3.46734162414486	-0.00706556545893023
0.0538569930311871	0.000829045570172908
3.20728995609849	-0.00662262632587572
0.0392048209438277	0.000646077569299503
6.34882749373614	-0.00699028372846567
1.25814630200964	-0.00404630575349735
2.68660251746778	-0.00598658380078503
2.72531700785425	-0.00574279823903404
0.217711666717532	-0.00140534895396175
1.44927019290015	-0.00385599129541736
0.000612175077033461	7.47533906166429e-05
2.0766911807723	-0.00482210455551814
0.318196740432447	-0.00197321348132125
0.150332596058622	-0.00134862347873681
3.51453779513798	-0.00658665297119288
0.0373867975317644	-0.000611641529760532
0.816346462917443	-0.003435953210961
0.483076094200391	-0.00219368910249035
0.213452875620571	-0.00175501562197198
4.44086461505404	-0.00752464727945304
0.0470451869251713	0.00061809774048673
0.441597811186907	0.00248279096696922
1.63461410485168	-0.00478211425619863
0.950496238439991	-0.00343929956032438
0.102479451752112	-0.00109822371511458
0.597767899126939	-0.00291737419055389
2.51627124289183	-0.00629820426969026
0.859526126056655	-0.00311055729022465
3.65741248650846	-0.00661991134540481
1.94721376630814	-0.00494414664083103
0.00693577513552151	0.000315312897840163
0.106519411155492	-0.00116781831681847
0.506662729168233	-0.00230133602510385
1.31026198912343	-0.00427829699569701
0.0774815488166178	-0.000946678904701138
0.765326176424146	-0.00307630014449396
0.644100045035846	-0.0024759074233948
0.430458360082171	-0.00217973404929614
2.73138561607046	-0.00575652950838378
0.765797230051875	-0.00356077962381019
0.592563543783159	0.00306137115073787
1.16021059264458	-0.00321163741717704
1.85112288928405	-0.00370013205487278
0.0312914967024281	0.000602201672970368
4.00744880944626	-0.00807569839130358
0.220473461295327	0.00154671503276067
1.94103006816452	-0.00586428949555004
2.70743019724395	-0.00563793637744428
0.263401260022643	-0.00156875570588118
0.943750910070027	-0.0036055748776658
5.08486659656712	-0.00772930600176085
0.00904701872957588	-0.000268352402475992
1.36955677147413	-0.00450042563728966
2.03075692621762	-0.00566916653007977
0.111162494327225	0.00105384779680971
0.274765178135369	-0.00193668568410304
0.390157733865823	0.00258931530424769
0.318082416228837	-0.00190342481468114
0.0064278160525788	0.000245572161948598
1.35328520100358	0.00413501923131905
0.570253748311947	-0.00256142228619745
0.466380144729477	-0.00272466819628552
4.36487838664616	-0.00872108985140909
0.416073421156804	0.00191126984488198
1.23297131787878	-0.00422231219593502
4.86309837822865	-0.00726348449775196
4.54317547427994	-0.00730160166806463
0.733783454579792	-0.00324435252731623
0.561511774412795	-0.0031552112217414
1.42084484259916	-0.00471712211487524
3.43446899656567	-0.00585449982208563
0.00996006226732965	-0.00035642188057315
0.0166614978649942	-0.000504241048497333
1.29750757392224	-0.00395638609962403
0.173438455629759	-0.00132596389324936
0.0025704254856421	-0.000159075744977858
1.38933908335431	0.004164580797312
3.96475756664061	-0.0068231643025066
0.734492869492127	-0.00291018451947398
0.0404695316076194	0.000617571584200605
0.992302100303183	-0.00337688265720199
0.0511957171200418	-0.000748871399765886
0.0132424297932519	-0.000477663819417713
3.80036004662278	-0.00735965831164569
0.213942096096629	-0.00158027518858786
0.0998717163354332	-0.000977883180381752
1.93391578426026	-0.00477376210815774
0.143373307684536	-0.0013476084018519
1.56128091102254	-0.00442344540252609
0.153569776819232	-0.00147103132580657
1.9030610534889	-0.00402429541874475
3.49191697361721	-0.0075646411154027
4.97654996182013	-0.00844277373142711
3.51209506004954	-0.00696550165200828
1.99495050557939	-0.00435939087365879
0.638485513150519	-0.0024376891739703
1.01966360367832	-0.00323953029572964
4.25277926178569	-0.00756905583805982
0.517682219425231	-0.00270092773479017
0.373826483578027	-0.00214491514558603
0.413227458850996	-0.00208627535756946
2.96058403890016	-0.00541996421572305
0.279117106734383	-0.00149115962681096
0.609288990017331	-0.00265636448991188
0.632617714812223	-0.00272660402351701
1.15626676765484	-0.00432819979793093
0.545482337508971	-0.00259844504790361
1.11536151331747	-0.0045072415985142
3.83601138529499	-0.00650801341133068
0.687162146146958	-0.00291572770934911
1.33725518642021	-0.00438503654970985
7.71403042499839	-0.0095384973832506
0.63744674662263	-0.00324772247470146
0.0421873218575163	-0.000686887986334151
0.608708075303014	-0.00307504763274664
1.66900451101699	-0.0047405172727472
2.55457659395201e-06	5.81387491129284e-06
2.97992776417927	-0.00562174638111283
1.34660748633383	-0.00418501849167574
4.79571075047624	-0.0084005517608491
0.0165495965873645	-0.000485989780224957
2.58543576127828	-0.00563491856390212
0.0987214478901244	-0.00117599517455836
1.54422826439957	-0.00419116149948362
2.03876958702437	-0.00560448857285739
2.79291578349778	-0.00594019384425826
0.028877124779946	-0.000594945109902501
0.00114472936621475	-0.000134855625052019
0.269731441002555	-0.00150523853391127
1.51317622322111	-0.00445020643835907
2.75181450484434	-0.00514769633375187
0.322881058277179	-0.00227156247393282
0.602961960966859	0.00306260647193509
0.384960520617611	-0.00229412816015341
4.27038822701635	-0.00855570605358883
0.400571691738494	0.00244949008149883
0.326413584944145	-0.00196196802908053
5.53731274947173	-0.00706193252485924
0.928513398738713	-0.00340223049424777
2.35444234382191	-0.00594807437786815
6.496890522039	-0.0100190911761765
4.9142914955326	-0.00869744898145311
0.0136682182837522	-0.000474106461144305
0.0258029118847716	0.000699784356217627
0.648149262550834	-0.00303078193054618
0.411581331211681	-0.00189438081887747
2.65699560785863	-0.00511180530531862
0.304488161150549	0.00203127837068296
7.76562280056204	-0.00945171766381081
0.00120040726896407	-0.000108660183417623
0.488366407511734	-0.00198627079117015
1.28661596803866	-0.00398580142712774
0.215744410687805	-0.00132983480651252
3.89745192889798	-0.00616306995270059
2.5904659730888	-0.00690458666776704
0.0733636279688424	-0.00100751608930247
1.38316392640604	-0.00393135918550995
0.204420832168246	-0.00155410895120707
3.37843298759931	-0.00594311459034817
0.389528662086867	-0.00234773214108346
6.69338167352573	-0.00913144771608511
0.790977992388254	-0.00340654518109002
0.00680595907979493	0.000277200975691809
2.17310021952535	-0.00559783904544273
0.0635418824732503	-0.000911695594427327
4.45821909728055	-0.00766942809156733
3.42548547447164	-0.00567607574281305
0.124844150888703	-0.00120774806894246
1.70234521462553	-0.00487315418721939
0.961751497795606	-0.00354885121839483
2.68271311772179	-0.00638679359352325
4.44242508494309	-0.00693651899332032
0.0546714458650551	0.000787782764406568
4.44588676211337	-0.00656922714748056
0.800774419387	-0.00351325783592472
0.670017912824602	-0.00304188997155971
0.47158159862406	-0.00226521652824753
0.827646178728558	-0.00263556905275292
0.432712131977961	-0.00252703203990824
0.961099534534434	-0.00355562763099519
0.572632633637163	-0.00272064441640307
5.02749974301339	-0.00804477242729217
0.3868714900269	-0.00253134976459249
0.829058311167066	-0.00313859503232284
1.64378716928848	-0.00433913017741151
1.13485462239315	-0.003404669804846
0.493435258633584	-0.00242188352513147
0.264602592661618	0.00173626321956944
0.668393048908402	-0.0032843125414751
0.917257216421898	-0.00367664127729489
0.0116645963515294	0.000453393321280275
5.3833820685337	-0.00733733130111644
0.278312641265509	0.00166244549270491
0.215277262051183	-0.00179229814236057
1.18480519770764	-0.00378245307318654
1.95579379302663	-0.00488566889185727
6.03367313849402	-0.0106411821665268
0.164663229386807	-0.00134348046238909
1.35597774367634	-0.00407309876230931
0.108788940155445	0.00104633576853971
7.60935688737945	-0.00796178592697256
1.84458556551827	-0.00507863614290593
4.24971007746603	-0.00820262173738626
1.35194466318677	-0.00325141892203563
0.000901980105803727	8.87060510321506e-05
0.140360838200926	-0.00121886710177352
1.11255004189441	0.00369791781807159
1.10685472217442	-0.00390415157491449
3.3426197575777	-0.00744868123313149
1.39134097312875	-0.00405847079710697
0.128127510475723	-0.00114011257028294
0.969997419199949	-0.00371939904275937
0.0587477763547727	0.000914668790782714
0.0179009322907325	-0.000543715355156767
1.06307020122768	-0.00361628637519223
0.114076962464777	-0.00128652135833769
2.54401984243835	-0.00569491255083532
2.20659643454786	-0.00498331751676718
2.0782949461504	-0.00531046455370389
0.0535382434445144	0.000803659679315431
5.21485523421454	-0.00916592095817417
3.07188762779551	-0.00651146594222998
2.27178325251006	-0.004845211889704
0.695772776258195	-0.00263338219346443
4.24675459786596	-0.00717534959281842
0.358340371955208	-0.00234007099565409
1.32900161659302	0.00475617060704968
0.150556686323792	-0.00142193303991529
3.58305495079025	-0.00706426540137123
0.901522779807303	-0.00291617983357147
1.36284877500806	-0.00446539205094484
0.879404569235391	-0.00308626712062129
4.47297167748714	-0.00785690980555076
1.28322230740217	-0.00481920906330701
1.95993814888687	-0.00520211212419746
0.648882352737593	-0.0029938510753394
0.312739896014354	-0.00194462649601054
1.39836403527096	-0.00386616022352126
2.43207830520621	-0.00631938892825265
0.0148547696529548	0.000354998499113462
0.025856351547442	-0.000688576285671798
1.30517206984601	-0.0042993272310328
0.804657596680569	-0.00339393498492288
3.0407561950764	-0.00633478206495836
7.64834321312415e-05	-3.53167120778682e-05
2.73635323848376	-0.00521623774429331
0.897248550364678	-0.00320961634407183
0.457947448788266	-0.00227308281985141
1.54989126223238	0.00485256574713817
4.49349537125352e-05	-2.41023903235941e-05
0.0116662528067025	0.000371222489373302
4.9936313953776e-06	-7.78944681974207e-06
0.745759613803765	-0.00349995009909376
3.07242439775362	-0.00646350077947503
1.63059047521263	-0.00455133986478844
6.36724030885468	-0.00936556153179218
0.249172723418846	-0.00149839239693374
0.0627395403270036	-0.000839051965899137
0.372371814639078	-0.00214268262973953
0.580739281906151	-0.00280178552376967
1.21265545227046	-0.00422657777309601
1.04496088398232	-0.00374074432945782
1.79235539547094	-0.00514654622894833
0.194625342009113	-0.00129690986627747
6.19722636267441	-0.00961396008645886
4.85995910317446	-0.00746866964750639
0.488066989523758	0.00245566464633748
1.40171128271683	-0.00433952730950396
0.038111508657664	0.000743698637331692
0.0853040887191409	0.00121073297199979
4.35987707369477	-0.00716093877386028
0.652732706400741	-0.00271822951644923
1.7642560014193	-0.00439901083912063
7.62498091752	-0.0105286383837678
2.28856325846552	-0.00587366537914278
3.85074776852099	-0.00633266580490252
0.160865866063089	-0.00140164225943404
1.73630199006935	-0.00390065138026618
0.592625380662262	-0.00261060684977464
0.262539926340368	-0.00144156325323137
0.214796689506334	-0.00173183114575808
0.218705610810897	-0.0018395549424306
0.350666719112782	-0.00225182658591722
1.95133065572121	-0.00542413675895567
2.67312156345559	-0.00474555337741209
3.0590981280934	-0.00565942007716424
2.00232020771845	-0.00442179362914686
0.191712872661417	-0.00125171950930278
0.00794746772790058	-0.000311292606979921
3.18966988084662	-0.00576035931295559
0.206916487473766	-0.00177322129410827
0.00367176076901012	0.000216587475413651
0.204101793913511	-0.00172726997891819
0.215559670956003	0.00164057828983826
5.87701150523275	-0.00862528775438831
