R^2	beta
0.224055359985608	4.55074637066244e-05
0.000154862385760072	-1.15946528434557e-06
0.034639401777745	-1.65863287508634e-05
1.93523538216134	9.97811484736691e-05
1.42153636153786	0.000110510415684152
0.407180699464038	-5.42721666194217e-05
0.294645170880543	-4.63786641491082e-05
0.62081351399762	-6.52503272986355e-05
4.54299155563202	0.000168986445673074
3.73682026753976	0.000182955009893858
5.98986583575103	0.000249657048062944
3.01697060518628	0.000181437118032007
0.0538046174906303	1.5522561281628e-05
1.29144263945162	-0.000124321538928623
0.604083935199574	-6.31042940261825e-05
0.0896594051203789	3.12559168926841e-05
0.986668049915526	7.29293705862587e-05
0.0161811949211581	9.41165299534472e-06
1.71120876995717	0.000137965696725234
0.0596901130869204	1.98302706884165e-05
0.0678773587315985	2.57005852357541e-05
0.343338620022577	-5.25905676933582e-05
0.0345770990783803	-1.67341635042798e-05
0.134462143739871	3.02076644863454e-05
0.0771677974439085	2.39552333144963e-05
0.38781581233085	6.17319536373046e-05
0.854718644213058	7.83658360361294e-05
0.00548757988058283	6.51925490902123e-06
0.0301370359200136	1.57794860369591e-05
3.45830165683144	0.000166122480758134
0.48707830658935	5.91788891067808e-05
2.08945918564989	0.000136183360893551
0.348272199049036	5.60171155884248e-05
0.376498785161286	-4.42775082867237e-05
0.000270634202918715	1.88908001797099e-06
0.119753786136685	3.22439146105824e-05
0.561781197126104	7.00305837408688e-05
0.392995121434461	4.90975142724938e-05
0.223289427446846	4.65954148495525e-05
0.211941706926696	-4.66504758769203e-05
0.0670226724835575	2.48964516631027e-05
0.941753446912133	8.25032172176324e-05
3.902402085655	0.000195819916055951
2.27676933865584	0.00014545987044504
0.167132917786708	3.02433703722937e-05
2.19689075591756	0.000153669029861571
0.716090005014911	7.13537098908455e-05
1.11781712741368e-06	7.54548856031354e-08
0.0258388147915188	-1.53100817462321e-05
1.84166319949187	0.000101133726808808
1.17473245844167	-8.95762447610721e-05
0.0596857458784439	1.89196271080336e-05
0.104510291842254	3.05210002694522e-05
0.131360519460828	-3.5281386274169e-05
4.07725015492056	0.00017205898109023
0.00290854519892374	3.91338339085029e-06
0.213847005309193	-4.06818941006041e-05
0.177522588381992	-4.17649502411133e-05
1.51388560234976	-0.000113945887414677
0.182911544513418	-4.41496313832622e-05
3.80437911186556	0.000188037362509475
0.716869291118926	7.51311625099438e-05
0.237106262284126	-4.79707862323544e-05
0.596715898102815	-6.38079141824704e-05
0.50329719287144	6.77408147754013e-05
0.508516029682982	5.76989825663975e-05
1.57168093744545	-0.000122424505446574
0.0608526282786519	-1.65016169194603e-05
0.0370914124298607	1.16301940513603e-05
0.57814610467663	-5.5426467874934e-05
0.186547358958087	-4.13315777248804e-05
0.252786239675044	4.85763496090943e-05
5.20239477963207	0.000193741948615709
0.507601908710602	5.79467255772543e-05
1.52153042041895	-0.000102372443244348
4.8975454427449	0.000180100642766983
0.835839827808	-7.39055597912482e-05
0.934006346055122	0.000106028569746374
1.59482641007387	0.000106178704168396
2.00466352427901	0.00013428172222389
0.01463779219108	1.18608571640351e-05
0.162536175716974	3.06769954519803e-05
0.648052338539138	-8.54943153537259e-05
0.678655124969062	7.2924547035289e-05
0.302564433187646	4.77671682386903e-05
0.107667939907586	3.89857251581874e-05
0.112605022179299	2.90569360736359e-05
0.0150231789342594	1.32483974292069e-05
0.0436042836210374	-1.6614861207307e-05
0.140247070466232	-3.48890542592454e-05
0.322797783980859	-5.88261114102158e-05
1.1444518796521	0.000101027119268594
0.821371149895724	7.92047925082764e-05
0.596970887600541	-6.72914717751355e-05
1.43905149533056	-0.00010477052295154
0.0767649860267797	2.57044650967857e-05
3.61110729229565	0.000192335001646113
4.21185937751689	0.000178993354807977
0.208538951116683	3.98722616451058e-05
0.0427062295432996	-1.9430055358652e-05
0.000521399730770337	-2.12677611836558e-06
0.351767077705498	-5.10656998291399e-05
0.509945080589787	6.01629806292963e-05
0.000184719271874388	1.28317441457328e-06
0.752684245698044	7.70313116391067e-05
0.329994701379552	5.20226920546343e-05
0.00482919205733499	-6.29727938117995e-06
0.300691453139263	4.31389544572389e-05
0.190898174120227	4.27561675419211e-05
1.27081615516695	9.18620015682906e-05
1.83105103773931	0.000126585521666325
0.0148228728682773	-9.58919604591416e-06
3.61914041414708	0.000186417182364273
1.02643557939391	9.49718003550481e-05
0.250634555019807	4.36518607093234e-05
0.099712827681662	2.46307104122228e-05
0.177016506949938	4.12640856383215e-05
0.0141159595217812	-1.06043681270375e-05
2.29824681512226	0.000163077704861175
0.414752978450485	5.17135231792354e-05
0.462293296304011	-6.57536490995059e-05
2.89147968448269e-05	-4.25549587369473e-07
0.549771771926583	8.01138783697177e-05
2.26596266912883	0.000109478986972616
0.313205844508676	-3.65721677634759e-05
2.36412054462435	0.000125831676742037
0.0156379675459884	1.04653511015603e-05
0.976217351250438	9.16479494787277e-05
0.0432788523914705	1.85123863554177e-05
1.46355402392417	9.79955033662253e-05
0.00210526471432001	-3.340390488393e-06
0.128486555525124	3.20058197642926e-05
0.502026688136131	-5.58539029246423e-05
0.401830513092099	-4.3216883057677e-05
0.0652074848865528	2.25979670030804e-05
3.77289336859743	0.000176604216080079
0.664830479050258	7.79156439471605e-05
0.0436024851185874	2.23869690087532e-05
0.38456107239688	-6.26619257162379e-05
0.474986677529719	-6.91117482546391e-05
0.0982912126785983	2.68922553156198e-05
0.0011410086486116	-3.13875912779632e-06
0.394069128141406	-5.79724700419103e-05
0.392624089872372	-5.43559289951179e-05
0.553548075926767	-6.72142398836923e-05
0.309417380020616	-4.3896076848267e-05
0.046330096764376	-1.97427092760935e-05
0.195014230572261	-3.65887527506551e-05
1.02922579717308	9.89281740876196e-05
0.152409034503092	-3.1203373702993e-05
9.51803543115826	-0.000277031195302215
0.97614295760121	6.75995440892391e-05
0.15275007421214	3.36777207568826e-05
0.506608520806753	7.21424902481551e-05
0.0183474123141395	1.24793506007421e-05
0.000150627042959133	-9.59053901145899e-07
0.500625253324055	6.50467786542425e-05
0.011224499329373	1.03091477992157e-05
0.0229369466044256	1.62400344616234e-05
0.00782751758604118	8.2869595289504e-06
0.442327807391587	5.17993398774596e-05
0.153837042377132	-3.76771346881567e-05
0.0842846289339955	2.26595587371795e-05
0.549881496677044	6.40817120001632e-05
0.666504925386405	-7.97440964070353e-05
0.370062605439612	5.266721982796e-05
0.144067163437736	-3.52359445600835e-05
0.13724738453499	-3.19205977761439e-05
0.478719186492573	-6.14825619212813e-05
0.944461482247058	-8.27260918270946e-05
0.851707415012475	6.8742228404986e-05
0.022800321276543	-1.11102362268755e-05
5.03019180947455	0.000185615056999333
0.876353676987465	8.58222831151195e-05
0.047317758981701	1.99220718726913e-05
0.217694792739155	5.70520144939941e-05
0.0189840198304305	1.3868098530676e-05
1.37051889750517	0.00011855183758604
0.00303817917689504	4.91669261841701e-06
0.0359963701162777	-1.41494470910855e-05
0.0069163465646724	-6.03992314482458e-06
0.0275786178586354	-1.25561455488627e-05
1.30422389615825	8.05863014932085e-05
1.69470841060634	-9.03421541589014e-05
0.267178789622739	4.1291941869458e-05
0.900868763424549	8.59406424019461e-05
0.0336490434088546	1.58305264802736e-05
0.126175647247474	-4.61376140254167e-05
1.94854016252471	0.000127497981628336
1.20200114602545	9.74748139885669e-05
0.370892079308491	-5.88466996698013e-05
0.13699668490337	-3.2557715861058e-05
2.18021541787269	-0.00011647526143198
1.3093525769175e-05	3.41734305178594e-07
0.0109175512504797	-8.459327437621e-06
0.0303870894799428	1.39082687923443e-05
0.360730276115659	4.24573575881119e-05
1.44000548264376	-0.000109341479988275
0.0124815774364553	-9.55452792509457e-06
0.091826750077704	-2.48615734022101e-05
1.21723911092116	9.11471861635543e-05
0.421044648004818	6.5862345407049e-05
1.03195715265245	-0.000116603829010259
0.840927810535703	8.06691243227819e-05
0.491927577506462	6.03380898883029e-05
0.158852761218226	3.50402721433816e-05
7.26524221868317e-06	-2.16914791050853e-07
0.0338568849006145	2.04164265405144e-05
0.820714782585487	7.564321078792e-05
0.427907801271296	5.54283827449535e-05
0.0304785985995719	-1.66963854631437e-05
0.26042173133329	6.02277593265391e-05
0.161782939532632	-3.60198801258275e-05
0.0271005098802281	-1.23444469815534e-05
0.272424228405051	4.27094239273633e-05
2.0919127504571	0.000116649056732587
1.32022574980921	0.000114958820259775
1.20852062630292	-0.000100711071172623
0.0570953841462448	2.04287723802076e-05
0.0865802235483995	2.62076275057695e-05
0.796414914796439	8.8184616142244e-05
0.0142732760224481	9.34325319646469e-06
0.238145888060195	-5.66695785472248e-05
0.0358163563648286	1.34147358005662e-05
0.572463707512171	-5.98059215908689e-05
2.47831732260227	0.000122638385364075
0.337375135015374	4.55727583272979e-05
0.0685649381654632	-2.20096598775716e-05
3.37324954346713	0.000157479724881204
0.0693044588814769	-2.20876320894667e-05
0.107478615701361	-3.13852790563171e-05
0.0999336857069351	2.90664242163541e-05
0.101095771844949	-2.69280105275805e-05
0.00404219992425123	4.77595252673586e-06
0.0514422938524247	2.50980767665663e-05
0.504667950440515	-5.3382419352773e-05
0.0136416756042986	-1.19352562820902e-05
0.0450875183720806	-1.60537729333744e-05
0.0016460060865964	-3.56221686026727e-06
0.144073465555929	-2.80532946832897e-05
0.178093492395332	-3.60739340627166e-05
1.65582251361746	0.000120469058150474
0.0289399962509356	-1.26553078246134e-05
2.38041183020794	0.000156347546058611
0.0165469940733548	9.7588874463596e-06
0.929841549904225	8.55020951206785e-05
0.147377425106424	3.33100410422075e-05
0.33771565564512	6.49904477020314e-05
0.36860158406562	7.7132222568953e-05
0.631255690843562	8.58844967069665e-05
1.94352650722093	0.000113904169386492
0.524605751776163	5.56604077885367e-05
0.000901606866728963	3.24825975848776e-06
0.344183458182325	5.42892559936112e-05
0.260752077703009	4.40256074041442e-05
0.0130433237106282	1.3630704074685e-05
1.05414719781708	-9.00125946861882e-05
4.8060630609041	0.000175628370831255
1.77514553639905	0.00010140617174536
2.60540758577159	0.000145399492093156
0.877281004435016	9.64018313366059e-05
0.331596069941003	-5.85151135066195e-05
3.79968700213568	0.000162452758418827
1.06046150703742	9.19424930354204e-05
1.74201359430736	9.58918621207506e-05
1.66600345008409	-0.000138831046056196
6.34049700587716	0.000275291238395026
3.0581190272259	0.000159871246559366
1.54337364878724	8.56940424456165e-05
1.68723516231367	0.000112444315825863
0.552830259524709	6.50012189337444e-05
0.801130356811321	8.5182239369134e-05
0.401576468674515	-7.19259326377512e-05
0.409505967372021	4.99773507713659e-05
0.0153898682145935	1.2115379486394e-05
2.11726067038474	0.000121409336280591
0.0992144663245025	2.81634229570646e-05
3.95863078038795	0.000215829864464688
0.145084097369725	-2.56594922038111e-05
4.41563896273446e-05	5.19271671965867e-07
0.0185507333672401	-1.19088011226955e-05
1.2477323730129	-7.49341048717728e-05
2.00414383823518	0.000106041868968907
0.185304087053817	-4.1370968836358e-05
0.0108066494864094	9.67983276117086e-06
2.53196780417423	0.0001550881053002
0.0185930744883768	1.37330234387135e-05
1.36174697791012	0.000125594172260178
0.000975724048404518	2.171387085483e-06
0.0058680601000115	7.31901872847204e-06
0.0900669913570304	-2.96862469979038e-05
1.25279618654262	-7.66640513420618e-05
2.44628900849825	-0.000137421702969311
0.000811117065583468	-2.29949202111239e-06
0.102668770073038	2.55900361592563e-05
5.15088149991551	0.000159585357600967
0.284557471223329	-4.12087257569267e-05
0.093908929040992	-2.46346733479121e-05
0.311565521017777	-5.43982377808198e-05
1.44589739007251	0.000110162982361152
1.000339328594	7.75269195163949e-05
0.0768511726954535	2.68155970695788e-05
1.02119822388516	-0.000105366489383447
0.00795679619693498	-7.68448851799098e-06
0.973568954977471	8.53789346689477e-05
0.759622782201844	7.39727377579187e-05
1.66040343996915	-0.000106978105033666
0.823868892425864	6.15045085057399e-05
7.99278585214462e-06	-2.29663142232858e-07
0.489249708357227	-7.2414513700614e-05
3.59856175220039	0.000133412420398774
0.0824172271330242	-2.04004989912534e-05
0.0663092034627766	-2.65496111903364e-05
0.502330220447374	6.67375488799086e-05
0.588517916304411	-5.44091771613565e-05
1.30342010254911	-0.000108309499300186
0.275955307818461	-4.420517173301e-05
2.14176596721225	0.00013836847512071
1.18631529265776	0.000107556993286846
0.116624999432876	-2.77240013151476e-05
0.381437593126757	5.2703650917641e-05
0.00145305297415841	-2.9717986583079e-06
1.29248116267295	7.51614966901119e-05
1.75090655250276	0.000122905420488262
0.00608603286870619	7.85589525390982e-06
1.13440181167891	9.1832360193549e-05
0.43742303006674	6.64633139044821e-05
1.00274986512724	-8.12957473997254e-05
0.295822843368763	4.77624970764466e-05
0.307412175488789	4.42363420114814e-05
0.832842687262224	6.26098676470211e-05
0.82324995009559	-9.15178597403795e-05
0.000281000520716975	-1.38685824576973e-06
1.65521614008377	-9.65471245330254e-05
0.093238733774736	2.54643459432423e-05
0.0614088541661077	-2.01524490646188e-05
0.0769756984208936	-2.47397356853415e-05
1.69626988015987	0.000149333285233334
0.700667756103094	9.30044157362095e-05
0.0226092390291632	1.36402692763514e-05
0.288584301010176	4.44507027402136e-05
0.00314011828053529	5.29152836048326e-06
0.0934400348542758	-2.18430218133056e-05
0.0309582336499309	1.12189010558581e-05
2.46939679539115	0.000130282197361118
4.18785478752831	0.000211715294298228
0.158874027434427	3.90697854610518e-05
0.803554408858739	6.93316087302168e-05
0.243998120123521	4.96337756184839e-05
0.959211566188784	7.64971566799314e-05
0.441583406385365	-7.1715056343919e-05
0.0341946382865376	1.78604179069857e-05
0.341253279020102	4.97138520419865e-05
0.00215619975431483	3.36347357814122e-06
0.1107013915306	2.34962701293168e-05
0.297608578767194	4.3376221526836e-05
0.870935878632373	-6.7618108885764e-05
0.482007144504135	5.11868044242632e-05
0.0684137900668046	-2.61097050565352e-05
0.457481848315508	-5.85408737071908e-05
0.0375365953348943	-1.67895087977141e-05
0.372675092432608	-5.14842721330879e-05
0.650140006434328	6.19085599577835e-05
0.528056899079988	-7.18715588383144e-05
0.638345408492772	7.48799462847066e-05
0.59478238572608	7.07186276867086e-05
0.00380225548682893	4.79931351241064e-06
0.123484821022103	2.99993079132104e-05
0.789059099206648	7.45872154105485e-05
0.81101591382632	8.20302382081729e-05
1.38899570701714	-0.000112447089963105
0.780722296547382	9.42100490561386e-05
0.616916850289865	6.99594849634968e-05
0.3050384288504	-5.31115137204504e-05
0.269436841985273	-3.99003585359871e-05
0.536359521532662	5.96953698839288e-05
1.41442574600533	0.000120577469200679
1.37348416040729	0.000106196058000559
0.0216577386550346	-1.43825693711522e-05
0.0986350754639659	-2.50429396818943e-05
0.322793859880573	-4.73679422952919e-05
0.00758556473143418	-8.59697706279359e-06
0.117603562033505	3.70069311723895e-05
0.696445531320251	-6.31865417331675e-05
1.14277647009267	8.63546262951394e-05
0.433758082422781	-5.33994231541706e-05
0.830034854378243	-8.81992460802923e-05
0.015272578613471	1.08640038892048e-05
0.12330478332815	3.10535647802395e-05
1.75356283236251	0.000111436142449252
3.9310325459522	0.000199694482722228
0.0913890365032351	2.57210230528847e-05
1.06142319327225	8.84544809826898e-05
2.37621788435373	0.000109033741806687
0.0205003677203567	-1.38906803070105e-05
0.95048513234973	8.55165231840254e-05
2.39722881195484	0.000103729147061076
0.299678009041296	-5.14963469406191e-05
0.0399095381313714	1.71383277368565e-05
0.286610344329077	-3.95975391705804e-05
2.38378975549176	0.000153883524570878
0.19862333871039	-3.62989727768363e-05
0.0846474822776248	2.77538811187838e-05
0.531488815074169	-6.13720340360936e-05
0.0498358124510669	1.97200208970679e-05
0.928872391795342	6.52294674181631e-05
0.798372573162167	-9.08542266993021e-05
0.390055155523321	-5.76992905881042e-05
0.157551263965733	2.84280862932488e-05
0.0284420680850057	1.61107651890679e-05
0.927662100811791	8.66656431796833e-05
0.0549660150538309	1.75863193634942e-05
0.0081566092094576	8.55308687025016e-06
0.116875289772293	-3.273385235497e-05
0.0877177817018321	3.74375320361893e-05
0.204451552761404	3.64405863487867e-05
1.37593119112133	9.35564737554474e-05
0.256459893178864	-5.28366419549202e-05
0.277801790758425	-4.19947265801744e-05
0.311079679850662	5.86900339077369e-05
0.0896613135047657	2.60090668625954e-05
0.00381627544810705	6.59352710673187e-06
0.0850578272123831	2.56719263877312e-05
0.133630885658425	3.43578455514033e-05
0.329178612133659	-5.27313446315792e-05
0.144583572203248	-3.20393613408954e-05
2.21582362957175	0.000153858639646885
0.222232548058486	4.49478739525973e-05
4.89861405540501	0.000181956051457416
1.25462823015725	8.90774397939976e-05
0.0109390592885258	8.16230133433537e-06
1.39373979244042	0.000108073903482519
0.135081699012218	2.99075147472567e-05
3.52126268018169	0.000155903884344566
0.711561897383763	0.000103948012400745
0.821283026535833	-8.07817844571167e-05
0.0868952449500945	2.86505724116073e-05
0.468129517265892	5.29894958594439e-05
0.0356588348360409	1.43033774561203e-05
0.00516465948077404	4.94720202403471e-06
2.07058854860966e-05	-3.91006107827825e-07
1.00246184426964	8.3499722636838e-05
0.122449625221362	3.86768577804337e-05
1.58833528311605	8.92811192300383e-05
1.86734723251519	-9.3507104002345e-05
0.0349297394754916	-1.64151710777891e-05
0.122484115839563	2.23067193621903e-05
0.158272034960933	3.12155139537908e-05
2.34396026279433	0.00013901799996331
0.336030448292057	5.99819661399706e-05
0.626335952055569	-7.59287355952634e-05
1.11321107600956	0.000117642325592172
1.06979053147799	-6.60962570167915e-05
0.96404892348257	9.42825498962318e-05
0.162524383152855	-3.52523017873052e-05
1.3432078878639	7.35870150159387e-05
0.358193106749846	6.23501994833032e-05
0.97100738164194	0.000101980345649795
0.491419533540401	4.80093654387286e-05
0.917178354512774	7.35578812341032e-05
0.910852722976963	8.54831278042525e-05
0.130995402538103	-2.82635471073226e-05
0.745137424494926	-7.0562128458749e-05
0.405488070244734	5.19671341705765e-05
0.77677971623798	-7.8505447884435e-05
0.0131754532519966	1.55809943878513e-05
0.968763375623691	8.43250908384767e-05
1.94538280754534	0.00013244675372116
0.257921278676149	4.06616523597834e-05
0.239535389022032	3.60510096311258e-05
0.0698313167016862	-2.53277468454811e-05
1.38151487706511	0.000116419674823944
0.696800782089452	7.67376583891871e-05
0.0163440876274796	-1.08202372770399e-05
2.89439019532476	0.000138728845133008
0.0203825150827565	-1.11823644648828e-05
0.00877358468880667	8.45368822930945e-06
0.0166686950837134	-1.46776479068793e-05
0.525145052164945	-6.79147315556773e-05
0.341954514882228	5.70838596107802e-05
0.0516013935692372	-1.82266355427177e-05
0.317686646051427	-5.43834098472038e-05
1.42679673708244	9.82075620399144e-05
1.27491969162372	9.55159533105181e-05
0.343775096458136	-5.02418116252621e-05
0.00298053332276322	-4.64234840693153e-06
0.00757326496710039	7.508876765577e-06
0.703325702107346	5.79124333826696e-05
1.00922927570095	8.64532495534593e-05
2.48421273422946e-06	-1.20721837332137e-07
0.360171080803682	4.50932999304212e-05
1.37386260110571	0.000102949824747212
0.564991736023773	8.20917399295939e-05
0.186367500343336	3.91565856770914e-05
0.58621740661129	-6.34477205751931e-05
0.0429247700045877	1.72952860841304e-05
0.0801381468535159	2.61697034049126e-05
0.879655743842399	8.19270777716164e-05
0.00121598149273649	2.87566101908778e-06
0.359733837364062	-4.8103384278664e-05
0.852020119546081	-7.81040765677013e-05
3.50301453123139	0.000160447133957945
1.28155112420184	-9.93026838566616e-05
0.0927309310077903	-2.70706678858562e-05
0.338031872870681	-4.9579383317497e-05
0.00610744052068141	-6.29210245423688e-06
0.0468900503617152	1.68097675241347e-05
0.139527206912385	-4.12839697637399e-05
0.0270953945508899	1.181105760006e-05
0.0355997705611305	1.62464570651305e-05
1.08934693912369	9.15050026658814e-05
0.634272119702796	6.94229842018152e-05
0.0151575234716779	8.87741212563738e-06
0.271862848199445	6.15256282273135e-05
0.233736148087661	4.36312204365493e-05
0.00999603593926463	-9.11411026987492e-06
0.716463063768641	8.23444447606353e-05
0.766915892722856	-7.33844935166125e-05
0.518759884446984	6.22783086167218e-05
0.135936793565814	-2.90809473344559e-05
2.28941452075161	0.000193811061934149
0.834419707937421	8.76789645557581e-05
0.250468373118843	4.31070701469681e-05
0.388615926742142	5.25323679170968e-05
0.00301375355923971	-4.68108660666472e-06
0.587959361241809	5.95990464460998e-05
0.34997394549131	-4.68893711965995e-05
3.26189239574255	0.000164658356597356
6.9714828732433	0.000264945581782553
0.0353843961012262	1.63458578242667e-05
0.012595611079462	-8.1413393470942e-06
0.136947234860592	3.22846908714305e-05
0.000124454433820498	7.85738776670431e-07
1.37126826292592	0.000102698848442896
0.29082388249328	5.84881001310638e-05
0.190777585986724	3.05503097920857e-05
0.461098316206803	6.74908634885147e-05
0.0446818496375276	1.50176215879908e-05
0.0552888359150446	1.9577767964082e-05
0.0598679274920469	-2.02512444412685e-05
0.00226003281043046	-3.58149998726309e-06
1.80441348634109	0.000117771391830721
1.21012650679709	7.22725608881031e-05
0.349661065284874	5.43055242402368e-05
0.0233237193444762	-1.60249203749628e-05
0.75105442573884	-8.90636813095798e-05
0.0851543693740911	-2.75856739267379e-05
1.94741462886728	0.00012611335075896
0.310061840057745	4.04924213505232e-05
0.728945968254706	-6.88551244455682e-05
2.87223383521609	-0.000123615269753008
1.71797841644192	9.85417142794696e-05
0.161220642501387	-3.48811681481593e-05
0.00896814795685068	6.56813715274744e-06
0.945016047599904	6.72515316814983e-05
2.2677838170646	0.00010701655265522
0.0123523116054122	8.29140390651422e-06
0.292548598364785	4.96220315285821e-05
0.56576573756511	-5.99843514994223e-05
0.000275127814686605	-1.43712662314183e-06
1.42641804633357	-9.76377133604213e-05
0.246621750036729	4.94216495038947e-05
2.13329744330452	0.000111899684262464
0.167706857203498	3.56802379895112e-05
1.13494479759732	9.06882041347665e-05
1.17230529220717	0.00010624414951226
0.0529447117496342	1.79637308820878e-05
1.09827238465079	0.000102384829995577
0.44109162305099	5.81640898483866e-05
0.13263593427931	3.09954207457901e-05
0.0544636991635805	1.54867458346761e-05
0.918046385255903	7.31007156940755e-05
0.255490642470245	4.42040750295942e-05
2.18756407859914	-0.000108501034921033
0.963904655754574	7.32800333032068e-05
0.0251890331203612	1.48792085527817e-05
6.70926089331915	0.000223310381152951
0.0228387055343118	-1.13839154093414e-05
0.120371100263978	-3.48524902522188e-05
0.00506920985742714	7.28887090394062e-06
0.0404821886928776	-1.77821479999905e-05
0.113699917362562	3.5418616827556e-05
1.11164601215752	0.000103104881332461
0.436542543311579	5.67031184230346e-05
0.000851844675195161	2.22708491520002e-06
0.449003974757159	5.52727181471881e-05
0.481943599587384	-5.94217441710157e-05
0.01452954058887	-1.02559521524051e-05
1.41826027768531	9.43762338307713e-05
0.0139651808528347	8.81206317802904e-06
0.364485695886118	5.07475595363793e-05
2.48193882504662	0.000128674531706289
0.853557509463471	-8.01235265979096e-05
1.11555877309546	8.46886309125936e-05
0.0199000879158944	-1.29898264893449e-05
0.00196417924090525	3.87497459343004e-06
0.0185155221073953	1.12254890797263e-05
0.746074556343644	7.58676535473343e-05
0.0755553129792657	-3.07330496400535e-05
1.69451516106874	-0.000100599586955132
0.00364233331977597	7.30404892206296e-06
0.217251817631125	-4.02729694308442e-05
0.0244074300408031	1.14578503996742e-05
0.397262679000664	5.26118412422165e-05
0.15164788840956	-3.36688057428447e-05
0.0639145144974339	-1.98170551043297e-05
0.00867481112463983	-8.89044642901899e-06
1.2173779542917	0.000100349202554942
0.0900518565799394	-2.28278161123811e-05
0.00888500034483538	-9.17052438510947e-06
2.38050024144427	9.89149983832161e-05
0.545356960804315	7.33902121474219e-05
0.000966538223691161	-3.10143134460732e-06
0.242689747197131	-3.97013918108811e-05
0.308619503855219	-4.8326423863658e-05
0.781536982727633	7.50026835480819e-05
0.195130067218072	4.74241593741382e-05
0.00580676980108622	7.9838075164673e-06
0.354084382144302	5.48776273322469e-05
1.61242358576018	0.000109575225897407
3.88198480271391	0.000172388319859679
1.26292599975034	9.66765879190266e-05
0.631384028620675	-7.99305122130813e-05
0.291656086390173	-4.91281972114275e-05
0.00104864058738121	3.13727868082848e-06
0.113063374359217	-3.03253905088443e-05
0.711665046240527	6.31919145547123e-05
1.12801158424656	7.96254241456183e-05
0.677835278125431	7.77847737302357e-05
0.0151155588060912	-9.729366135914e-06
0.493009235736149	-6.54296013486146e-05
1.6512931983685	0.000106041569745993
0.219698811388987	-3.97692139041912e-05
0.191775490078629	-4.4574824198958e-05
0.171617194329572	-3.59245580868347e-05
0.141601288179232	-3.64412094861107e-05
0.0321799191993612	-1.47794521370086e-05
0.190341411452993	3.72667528635067e-05
0.251223778826597	-4.4890321686445e-05
0.0799134597111789	2.92960530315926e-05
0.497818366861244	6.4321604776218e-05
0.0298178214435512	1.69313060024951e-05
0.193207602084028	-5.06334669310556e-05
0.35988854906119	3.98196114467009e-05
0.0561073365535002	2.20509955341641e-05
0.00515011113972797	5.54323439635372e-06
0.402206029516972	5.03496440879533e-05
2.66863905669658	0.000143792218571642
0.52306519357107	7.08317845354849e-05
1.555071470261	0.000119352161540479
0.973467523649548	-9.93147003757647e-05
1.31316499020983	9.38256297803244e-05
2.58166523660243	0.000166980698708268
0.275374962302912	-4.47021554998027e-05
0.489761137208109	5.07433498446362e-05
3.23422156627458	0.000177680362681137
0.410631834019386	5.28760800087167e-05
1.09050251449156	8.08409959554534e-05
0.0229985609160403	-1.18657867859931e-05
0.0606822815695346	1.59952881338733e-05
0.0206918012702901	1.21710193040733e-05
0.0840499906233983	2.25989727863957e-05
0.488656255027216	6.38785829138481e-05
0.00659852711101005	-6.95033767996308e-06
1.41713520886625	0.000133664801711837
0.176938023870663	3.10427571750453e-05
0.234369743578814	3.98903014001623e-05
0.980438260151726	8.18550971188332e-05
0.917099570991571	8.88785241678924e-05
0.0846920465744585	-2.83001656332299e-05
0.0264872852973159	-1.16039570630518e-05
6.68741884987418e-05	7.57895949071593e-07
2.37016852867487	0.000123592594084175
0.0167011234953171	9.6654970013067e-06
2.13689912960773	-0.000151587026841919
0.172681312563968	4.11959908032918e-05
0.0457790060884483	1.90458539038039e-05
3.09052040521614	0.000178536453453349
0.250698851480725	3.88432119078654e-05
1.74135282669727	0.000129476986148679
0.940112064395386	-7.04917221551954e-05
0.000541297044784354	1.88204170906553e-06
0.596021780007261	6.43638514310022e-05
1.19921941327191	0.000112036672574311
1.18728684256151	9.00108304671901e-05
0.770612054357039	6.87302237268438e-05
0.0116150326264016	-9.15476132907271e-06
0.863374233845725	9.26070434212748e-05
0.528796976885188	7.95074549159223e-05
0.108417559072905	-2.86459125821512e-05
0.918533438650296	8.334466629368e-05
0.590487940422749	-5.94518750129037e-05
0.276425973403566	4.57262904260982e-05
0.0228892406992329	-1.19415795942285e-05
0.36252091707361	4.59611602224635e-05
1.81113919744498	0.000106995534339616
0.215553084910899	-3.9450352364981e-05
1.07870327569783	9.62301365718371e-05
1.31456755817099	0.000117768603324745
0.0472550116563916	1.76079339731818e-05
1.45081156843275	-0.000104683780992778
4.82691811042348	0.000186138426115708
1.05633409355364	8.99289539611413e-05
0.750980290674229	6.3712281295992e-05
0.418071143753625	6.65186784561816e-05
0.232941546374772	3.32325863647608e-05
0.113369773335923	3.12106614264972e-05
0.169094665313526	4.05553936505574e-05
0.0462171700278355	-1.56717084848061e-05
2.64576100442026	0.000147701026221522
0.0119698577896096	9.11431911020329e-06
0.681930836356985	7.72767569397917e-05
1.34525026431021	0.000112878402049269
0.0629816411666988	2.17622699665506e-05
0.110653305303981	-2.8730432920753e-05
2.15802276589003	0.0001540552852313
0.355361124035101	5.9848170597214e-05
1.41901576429829	0.000107233902301188
0.825516617699552	8.26393231067944e-05
6.47766798774019	0.000239214502841388
0.0116017954597388	1.03320935898482e-05
0.070038427986133	-3.40441775820648e-05
0.188627754049613	-3.71624523291174e-05
0.111378620984995	2.56849644084017e-05
0.025601334486926	-1.17119183689217e-05
0.0481175059251417	-2.00526485022928e-05
0.18166886411539	3.5951425257655e-05
0.0489162833904659	2.09784076103151e-05
0.827522300799486	6.71656172325573e-05
1.49107651913257	8.52969719134425e-05
0.0282465513769041	-1.45059363673487e-05
0.154770995899863	2.75279428405073e-05
0.3424899460174	4.31510139053542e-05
0.717137418184594	7.19419412371343e-05
0.224412211150518	4.2632016456158e-05
0.000707326126763489	-2.09641980001997e-06
0.59140858481143	5.71234682144237e-05
0.271143295824302	4.55580814335414e-05
0.312771404520941	4.51026098516133e-05
0.143130374878348	-3.40707952103249e-05
1.91338033695893	0.000108580491114229
0.0172405970622012	1.05698139562007e-05
0.215688101565498	4.60520957514554e-05
0.207717475101409	-4.90223747915728e-05
0.0132349914869674	-9.59138856295901e-06
0.166014120915625	3.65808758126564e-05
1.97917868675162	0.000114147122092471
0.159241983547733	2.86406627479396e-05
0.401809231954292	5.11974400626002e-05
0.5106151078281	6.37736719390162e-05
3.94344831274423	0.000174673924870956
0.0143082550397181	-1.09098216110229e-05
8.36684661808734e-05	-6.42811832532537e-07
0.409145569355532	5.90209081779511e-05
1.22134080891954	-0.000126564294523912
1.59899036765879	0.000101986298478415
0.0561687721677419	-2.40561260912565e-05
0.260366200772871	-4.67217365247471e-05
0.0954148430880578	-3.07887244463911e-05
0.0535458500224546	2.22284494741076e-05
0.991218635464519	8.38079442335278e-05
0.278255755334175	4.0818024559533e-05
0.0427692915895485	1.55398287543308e-05
0.0168804668068329	-1.11265801015873e-05
0.207742067158794	5.16546071398848e-05
1.92666622413092	0.000116891061100706
0.122425607398802	-3.19332481735721e-05
2.81171685280992	0.000176017299017389
0.0648546987902941	2.25751602298094e-05
0.437284263078834	-6.60113051229576e-05
0.408753366035269	4.65217888832336e-05
0.270833564178839	4.26125106345804e-05
2.11694637065046	0.00014352822044482
0.868148952862293	8.92807325897776e-05
0.00279493805659765	-4.98650382211491e-06
0.173210656991615	3.48328460680362e-05
0.153946589807744	-2.91932397196444e-05
3.01483558663899	0.000210332397208256
0.0362190219686737	1.77115465228258e-05
0.305275095903536	-4.29154805478563e-05
0.452751893701028	5.11342481808748e-05
0.0163264127731175	9.60415019013984e-06
0.0334941879516715	-1.36378619800064e-05
0.185304286750291	-3.37700279392423e-05
0.0308230315238978	-1.83282166718882e-05
0.443816035312155	4.99177372260002e-05
0.00111674688037266	-2.96612513944881e-06
1.41063213152074	-9.13529631562731e-05
3.84626611443824	0.00015503442797348
1.29924951956697	8.90327244168671e-05
0.317258123422747	4.3267317198425e-05
0.256200402291404	4.55969278683542e-05
0.0864967893353425	2.78979732707059e-05
1.15825781645893	0.000105915971870446
0.373735705316448	4.58395161949783e-05
1.08344596297811	7.85364092468407e-05
0.0864216958557322	-2.77402338190019e-05
1.32401042109958	9.04858128370885e-05
0.421662729142169	5.84179201077796e-05
0.00581090226803441	7.13662010947778e-06
0.0976313110541671	-2.54337238016448e-05
0.294080676016688	-4.24541345369901e-05
0.0304299550074926	-2.39151442127419e-05
0.0939988634702958	3.49354346339694e-05
0.0217901744475789	-1.08850282070512e-05
1.35015938025275	9.77332976228137e-05
0.27919061655489	4.29933861803448e-05
0.11683248333386	2.87911716800956e-05
2.64004973708451	-0.000128415672637182
0.230916825718282	-3.63739886835832e-05
0.339864120574055	-5.38642048948766e-05
0.744024178112704	-8.15726831635349e-05
3.7013806859586	0.000215689425885069
3.89162324971814	0.00022363839857188
1.61244207932188	-0.000119161901372802
2.03962836924785	0.000115006414231186
0.0561874100346751	1.98563975892555e-05
0.241554563084542	-4.04598080970545e-05
1.35507310337382	9.68001071250189e-05
0.659662734889469	7.11757159446542e-05
2.09409808295257	0.000128348051155927
0.0423145629130346	-1.92722278836634e-05
0.686027815565677	-7.85536256544562e-05
0.431947830532729	7.63874349474855e-05
1.14937125870684	7.38571540064951e-05
0.323738027088685	5.62639884194493e-05
0.01368398022962	-8.02554358999901e-06
1.60427359518271	-9.29285834173111e-05
0.164728558143473	-3.89823360204347e-05
0.363016730148382	4.83125382108778e-05
3.71462882465576	0.00016832329066933
0.0612477169713716	-1.93179615375627e-05
0.263448662098122	4.96845463141315e-05
0.904836070698582	6.31112942014814e-05
0.133178320442991	-3.66647509160507e-05
0.0771046268107701	-2.23851239591059e-05
0.375911080082164	5.77992096918922e-05
0.909579521456066	7.42720420211546e-05
0.00125759528729797	3.74371960548573e-06
0.0153018657673508	1.1443247467203e-05
0.0660859720465622	-1.83509223239904e-05
0.77457787377351	7.36350067859542e-05
0.000767777027751967	-2.68689882845971e-06
1.63490840194952	0.00012164103246085
1.7909249098671	0.000135359899124484
3.13962951579156	0.000133672462464492
0.00972606682846776	-7.66229965315187e-06
0.112220020867592	-2.98613128178433e-05
0.114386860981561	2.79686617306136e-05
0.00557463693229543	6.22515337432419e-06
3.25932366310228	0.000197982026895064
0.628096777928635	-6.89394699956721e-05
0.0642259465908309	-2.05877245916511e-05
0.078939468859855	2.88259443822117e-05
0.081604945935824	-2.89155973408632e-05
1.21633888148955	0.000100156370354121
3.95355061359162	0.000157848845908056
0.0948045838718352	-2.37664128765186e-05
0.185693620921556	3.60724621986876e-05
1.54679819685312	0.000119003310856468
0.200510008057744	-4.04202728955305e-05
1.57360661044051	0.00010190228213552
1.15046415601502	7.72433789599366e-05
0.105741645284611	-3.01787118868466e-05
1.42006799581243	0.000108392528427365
4.60857714958957	0.000169656797224352
3.19077129262203	0.000138150028736605
1.16270768170789	8.45750581398885e-05
0.716516279139627	6.4635519690765e-05
1.28851116325187	-8.05386093811965e-05
0.84218376995562	8.93151573756953e-05
0.0203730242444068	1.18377203248641e-05
0.250095411115052	6.49602352658996e-05
0.28128154844503	4.72929736337433e-05
1.50287726425441	-0.00013053335203177
0.0130872358643297	1.21156190640506e-05
0.782300973267662	6.69993615174133e-05
0.0203459252357976	1.18844759179032e-05
1.36250197284468	-0.000134528049361942
0.527180120095366	-6.30740998963008e-05
0.00910715005228954	8.25014580514215e-06
0.314093957112496	4.73473876959912e-05
0.562280957781152	7.32473728769045e-05
1.05680437671063	8.99697964778429e-05
0.724011300456247	7.20779151758296e-05
0.24017137071559	4.00516309405338e-05
3.45118563091396	0.000177744918667594
0.238305373975558	-4.90802877665129e-05
0.0922573602317779	2.19830497475549e-05
0.000300478271372572	-1.3637922841965e-06
0.0352033481087324	-1.3295466978253e-05
1.02942427578994	9.58081827887146e-05
0.436298646457559	-4.99255342997107e-05
0.209502891307353	3.51914421486793e-05
0.0963681483613146	2.68898533598607e-05
0.0739372092165594	-2.47528239697663e-05
0.432639657516859	7.42877620959049e-05
1.08501397733966	8.65159075522654e-05
3.16775360307619	0.000156986481949035
0.035090208710615	-1.16424643543614e-05
0.146839605006475	3.68824138432862e-05
1.70642600051919	0.000135794439156386
0.000722032999600102	2.29017053832825e-06
0.0825828942187197	2.27770698278887e-05
0.0801292043364746	2.28449257226651e-05
1.76296456895092	9.57914832160284e-05
0.15497477573284	3.29460075001211e-05
0.00693015627190602	-6.33260113520848e-06
0.543108692528731	6.32215176278894e-05
0.00633296126945077	9.96883929812564e-06
0.294991824528794	4.5387319157902e-05
0.985938318417532	-6.93180702353596e-05
0.115785899926355	2.65214644878323e-05
0.742442391139881	7.02620936856453e-05
0.00161825776539633	3.09388302570384e-06
0.0834992075433562	-2.588103910619e-05
2.70575293287491	0.000157405372525464
2.17134434018594	0.000134180676764672
0.601837633702679	-6.75515703898154e-05
0.418202520658181	-5.63474156498347e-05
0.00104724779463111	3.03399352884904e-06
0.0865792546100003	-2.47389552307534e-05
0.136750944672014	-2.88218077946026e-05
2.1843684493157	0.000125930996365752
0.654224886794263	7.21551413711717e-05
0.13383210644936	-2.87697347725305e-05
0.0113710987009322	1.06728294268759e-05
2.00563177319323	9.45555660943694e-05
0.00322399841707963	-3.9008469314582e-06
1.17399036717198	8.63040700738027e-05
0.0121829384962676	1.01405841785589e-05
0.976711952314931	7.5476595914626e-05
0.159167009650103	3.3448415046109e-05
0.320231647267676	5.70857861648685e-05
2.19047286159604	0.000123847263877309
0.700823080069895	6.90851450815493e-05
0.440463623500548	-5.87166356962186e-05
0.910762205175047	0.000101788558213392
2.66045649368252	-0.000128030486304015
0.3544294915521	-6.11300263561758e-05
0.287913515849722	4.95694223254953e-05
0.711388368722141	7.08282182964057e-05
4.81156518638474	0.000174495745201475
2.53849109442775	0.000134243206200658
0.0410599475032314	1.73295491870698e-05
0.943811105748892	-8.75278594387921e-05
1.06008763088418	9.03623586989198e-05
0.0538450198207462	2.31318796515852e-05
0.0330398111647513	1.72948558310019e-05
0.574049441223229	-7.22185639799685e-05
2.55280437558767	-0.000125534047135101
4.5082710275155	0.000241549767792356
0.510439719656553	7.64365648020375e-05
0.734180762741479	-7.77190837112422e-05
0.747079042684133	7.00250421233514e-05
0.340580614299095	4.6505275683292e-05
0.0763696302866563	-2.43493110498224e-05
0.00345649668210578	-5.27351388784264e-06
0.25448754921974	4.60888273343876e-05
1.17506508137194	-9.16412117999332e-05
0.103858229715336	2.36030346854011e-05
0.000479303883668118	2.01762699288191e-06
0.205631869239624	4.31839373419941e-05
0.0858398951453857	-2.51587265825262e-05
0.159235466421057	-3.25736692606218e-05
2.43703120061055	0.000154942988200386
2.40727220695787	0.000141906202703325
1.31383466781854	9.28780551427504e-05
0.694630525259779	-6.35891153804754e-05
0.0113014261057958	8.36526818825942e-06
0.202714240602152	3.44733888303956e-05
0.00173040798167046	-3.75116636441833e-06
0.202543843477087	3.97813624477455e-05
0.013342974771316	-9.33951666659634e-06
0.666202142416575	7.15808888355543e-05
0.16911766099639	3.77022802299803e-05
0.00570751920765518	6.84196779662658e-06
0.0784580409365654	1.99181948913789e-05
1.00093873164059	-0.000101779916265875
0.00524621995272866	-6.41311581907088e-06
0.249195412045783	4.05433762475377e-05
0.00374538509009359	-6.50670253594606e-06
1.17423991218333	0.000108379859674682
0.822060938376899	0.000103561256398336
0.0145021112147079	1.02516411062288e-05
0.821873333431239	0.000103225786903754
0.000202596691268421	1.22335087327401e-06
0.656026533435406	7.00108384770791e-05
1.42376575655991	0.000102835860821415
0.234104300327644	3.48196634134706e-05
0.154425149636327	3.18260998121317e-05
0.391713322633021	6.0636328282502e-05
0.0375999497479528	-2.33144931630745e-05
1.76079699088586	0.000126353857819012
1.88678105991364	0.000140030127171523
0.128532905196876	3.3008012541541e-05
0.880021224493406	8.54431436167587e-05
0.0203943738044814	-1.38309509794257e-05
0.530632391818845	6.66507989311847e-05
1.51054910533541	0.000107938206560078
