R^2	beta
0.00352282808624927	4.21544474436587e-05
0.0102376409999703	-5.46555039928592e-05
0.157796032082958	0.000169035608586662
2.91846519918777	-0.00104981002126435
2.40690261933338	-0.00103327971353173
0.725284230245287	-0.000465080324564721
1.3046229547301	-0.00072840929528046
0.0193211775169307	-7.60788143933123e-05
1.88865662654132	-0.000782728341051973
0.30300104845076	0.000329105210256115
1.18313219730645	-0.000671726419682755
0.122721030833422	0.000198959692597238
1.50780286293222	0.000892817403774389
0.223485175953417	-0.000299715519028549
1.66972173759741	0.000844139811176781
0.720171691052927	-0.000476732327243185
0.0502911438449316	-0.000118745406532644
0.159596575541748	-0.00024141443551456
0.0178416911785239	6.96492696561561e-05
3.59798493170094	-0.00107174296206476
0.081091728903185	-0.000210837651263186
0.832207998409997	0.000622065334667589
0.158018986057763	-0.000217832803329132
0.20628471559378	0.000278463883038592
0.569386003547518	-0.000460680349768619
6.37780838992864	-0.0018257405884868
1.33088657956913	-0.000590372115262442
0.687549494162673	0.000565521078381388
6.16989604117941	-0.00161490518794501
1.17349812982535	-0.000642645064339052
3.75594236213954e-09	-4.50007407791601e-08
2.80504676177475	-0.000904481858202262
0.020256226070619	-8.20261872478007e-05
0.264375422959073	0.000296913448310737
0.428694853580554	0.00051841035126839
0.766246341901878	0.00049481067685615
5.735562190342e-07	-5.20574534933319e-07
1.67508571747587	-0.000689076886151253
3.65798606373169	-0.000962423606259986
0.0302147625867426	-0.000131379061179246
0.189425135958823	-0.000258557048768397
0.116187677735978	-0.000196080400635883
0.511982998138315	-0.00038000133090533
0.198325346683037	-0.000221970905051189
0.288401014025079	-0.000314029707532943
1.25433943246463	-0.000871808118803376
4.27936129497161	-0.00133557635249571
0.115542569570955	0.00020092156241057
0.828177166119374	-0.000530909929751119
0.0107292583486859	5.75748486992839e-05
0.00286594706849414	-3.47475942315706e-05
0.0695447535388419	0.000136980685020862
4.20465455268063	-0.0010970817465557
2.09521405271777	-0.000853828733594002
1.75689783238809	-0.000769324316479012
0.877866154491261	-0.00056735821574789
0.162973303698781	-0.000213815366932597
0.00321853554656417	3.98187538166162e-05
0.668828901199676	-0.000431586220001293
0.261267986642518	-0.000289169530990559
1.75438409482435	-0.000809016782087916
0.0677271346885476	-0.000140997593193418
0.0780585981088567	-0.000139394853445646
0.849225423321344	0.000523173249281274
0.00657541794639124	-5.08693719701135e-05
0.374907248729761	-0.000352953283816937
0.572173879419076	0.00044988779746008
0.085580561732194	0.000185827406422837
3.09316235523818	-0.00116118809912609
7.92259891529814	-0.00176100695754212
0.86384656422186	-0.000548248329076096
0.372635394320868	-0.000327363142202941
1.53929563961253	0.000592400984341489
0.0263331629387398	-9.03043933302575e-05
1.04941791598853	-0.000655951591920738
0.6392118535786	0.000423288407606138
0.0655334882207533	-0.000176377371283865
0.494448497405352	0.000493317832775484
1.26041817482925	-0.000622556366197204
0.355213518999928	0.000318439007002159
0.0539186044875279	0.000156726484724939
0.704588194714814	0.000637050147214298
0.0200569201800644	-8.76404554765656e-05
3.66041960806752	-0.00125822745597049
0.607949474431066	0.000456957815761855
0.626870724471096	-0.000480371682355242
1.96341930622604	-0.000834302376956662
1.83091710743982	0.000725896881393842
0.708590903557736	0.000444576005560966
6.45528453246974	-0.00139569638730909
0.226321689144768	0.000237420811949403
0.667806223646359	-0.000475411594539309
1.03712383372745	-0.000496122098027615
1.86339333810242	-0.00097316394963807
0.00088795508907709	-1.94897112184978e-05
0.237067430458824	0.000383529862615228
1.90123085644195	-0.000873685367837705
1.68537701615081	-0.0008308647490902
0.270214151198033	-0.000345312745393451
1.30515576823408	-0.000646848548292623
14.2907236545846	-0.00207675927671081
0.027169028027418	-7.29454194494239e-05
0.129743037527435	0.000170537921198443
0.028880167069067	-0.000116438252725737
1.29679667958236	0.000657049315341039
12.2621221513793	-0.00204825350325415
0.00340579481644535	-3.59812722324899e-05
0.0189842724653286	-8.27039900649171e-05
0.13096136510315	0.000213229964496936
1.23478565189265	-0.000687202719787036
0.00958958604280319	6.71619300243691e-05
1.199191833101	-0.000541361331431462
0.00235985700413829	-3.60064808208256e-05
0.00555561447270635	-3.91844106548367e-05
2.46703514061136	-0.000805430281973309
7.26141882754719	-0.00152829405608654
0.505811127801319	-0.000381484866949888
0.0272584920012009	0.000107163913324438
0.00661076933415373	4.80591337480119e-05
1.0677558974815	-0.000748913398878412
2.26367831808958	-0.00100880943122844
0.0647040500616628	0.000184289299200301
1.36247897291248	-0.000720766265249489
0.111507964406092	0.000206722361501987
2.79795029434672	-0.00108008709928913
0.179619685048659	-0.000264045562375362
0.153644316556102	0.000248386322561701
0.0110427040071723	-6.35462477765975e-05
0.0830736221003387	-0.000136837244906871
0.0741328618525035	0.000165421357750542
2.93889650031204	-0.000999231022626724
0.00245481879862052	-3.27419298938947e-05
0.998341886909471	-0.00071242820280484
0.618555825175893	-0.000470684873833472
0.685086103260027	0.000503564652546616
2.51281946419449	-0.00112560655848012
1.17750576933192	0.000525176327050542
0.00548566084533658	-4.82078837063429e-05
1.86738976527725	-0.000839807075075404
0.547510940111325	-0.000433924091812408
6.14135614477518	-0.00161139347221916
0.374066975956276	-0.000391129032588927
0.683972692672372	-0.000520856938297825
0.0595724167581288	0.000155265566591114
0.0252064279167495	9.23692402866608e-05
0.116500229819361	-0.000243580091153979
3.47324866004722	-0.00111174493880359
0.816659235060004	-0.000658162499777302
0.157270995609936	-0.000233341110520553
0.000325044679481362	-1.20168117598756e-05
5.79011367405739	-0.00155812510817926
1.16384526793656	-0.000572426568752487
0.117480075001053	-0.000197377505774903
0.207802406512134	0.000252119648112495
4.37851269003286	-0.00142423236821028
0.193477921662174	0.000300580603896086
0.687197493564009	0.000441649169128149
1.81487176950405	-0.000935986652480676
0.437801183050229	-0.000455567790819136
0.366102465918734	0.000424208809697002
0.613796989233505	0.000486402997959941
0.294520778584071	-0.000328190233368584
0.64034218619953	0.000488597866664792
0.596634731057383	-0.000498937125508474
0.0743870614715643	0.000196804110011551
1.82010727749753	-0.000705777273924201
0.931442380709525	-0.000609401225257726
0.144540938000341	-0.000203372263151104
1.59094173505954	-0.000745432544118721
0.276552210339677	0.000317424818823554
4.08540711293888	-0.00128113760295827
0.565610254134835	-0.000400405071640037
0.00213644002815307	-3.39768179868976e-05
0.57925705237227	0.000424345994734833
0.0402563160182082	9.23001116878455e-05
0.00758189730776342	-5.80004051252717e-05
2.56649335161619	-0.000829379566981906
0.1052442409743	-0.000187182322706657
0.06561457028128	-0.000164619236628558
0.0350757447770268	0.00010380962790479
0.162082087643403	0.000241961269064594
0.012791510868085	-7.44134779227387e-05
2.82224434301038	-0.000878236823673144
0.0577930240124994	-0.000114630356223948
0.963860606013328	0.000582881274896527
0.620892965335349	-0.000377191940211422
0.0477517157497748	0.000118662128241076
3.38427136058078	-0.00105034803430688
0.884346920902167	0.000472828663726538
0.877245453884748	0.000471163622926335
0.189489385670226	-0.00026348343874189
6.03137680353871e-05	4.4124524514018e-06
0.368867775046368	-0.000432085366215306
0.121333886842875	-0.000189525118516804
1.27526474823191	0.000702934163938487
2.56799412486171	-0.000824795885051217
0.115374543786332	-0.000228798429341813
2.24667968879568	0.0013259483507928
0.234315009684306	-0.000269874193468426
0.276066244870427	0.00031921199082479
0.162317044034275	0.000204404112437148
0.256760769270918	0.000283518444699954
1.96340516933817	0.000841228333681039
0.160361438356193	-0.000187939895959702
0.00106597138857879	1.9118358300492e-05
2.72523888217071	-0.00109228385958787
0.33177968215898	-0.000268695390394766
0.426663844610971	0.000331150555962782
0.0665326504847617	-0.000165452180331306
3.14322396268103	-0.00116194876623378
0.0708392654682848	-0.000183708252451803
2.4910673830558	-0.00109291448688507
0.45723602609367	-0.000384172881932878
1.25147468872837	-0.000620970014336395
0.327552651483789	0.000259846838054067
1.74758887024847	-0.000724376813551376
0.0370246147015988	-0.000108026166726421
0.591238424450305	-0.000313942910016948
0.533566016849979	0.000461689295017823
1.11293032172743	0.000606773853143436
0.42995297444176	0.000490952452607536
0.055360860276459	0.000148413553409032
0.307495590129244	-0.000368103282648044
0.247074360777495	-0.000297869923363341
3.13670005274647	-0.00115477008790936
2.33319511709272	0.000949562279411097
0.629782100428038	-0.000441384551166282
0.0599743538800959	-0.00013590335284218
1.16441141241559	-0.000687317651158922
0.0821259849579531	-0.000163116848969045
0.0313924082621961	0.000131640553362981
0.0126531971548088	-5.90362944442493e-05
0.404039374058029	-0.000314631172381173
0.911311862209781	-0.000532147476544473
0.275876596395328	-0.000356650836186831
0.087712250803542	-0.000189668787262791
0.00584745870306057	4.3502639827233e-05
0.800991622724723	-0.000663352127809325
4.77876474106283	-0.0015223439307268
0.038106092219998	-0.000128970224292565
0.197460655067084	-0.000408248021422553
0.0621153453240985	0.00012284752963865
0.000337042482169985	-1.00680220776331e-05
2.08391059259548	-0.00100067445821801
0.395216200575687	-0.000352867379447028
0.0286070353153605	0.000135191996748124
0.837096978392487	-0.000643349549700036
2.20032035527587	-0.000865237486689564
0.139580754299291	-0.000242397884418857
0.185966632407143	0.000273415221007901
0.0080000076548718	-6.21552416748081e-05
0.301053264369222	-0.000239669732075252
3.96126172479836	-0.0011195376642084
3.13673333292772	-0.00109764536554384
0.0638072551951751	0.000129404292321403
3.04124878618883	-0.000885772523514635
0.504332016376561	0.000451701867685902
0.316693189338435	-0.000285302873188687
1.83118703652751	-0.000763167654767432
1.29678498959249	0.000892991072305361
0.669347530125243	-0.000616913791741378
0.261901139270118	-0.000275556437415654
2.18533618060886	-0.000779553611438647
0.97664541531816	-0.000670682349363681
2.59885967917202	-0.000894558523859206
1.57818261605216	-0.000821792276287583
0.455594459795274	-0.000507629607308511
4.15902568671777	-0.00153133717820736
0.444783848099554	0.000399838994489132
0.398387094267196	-0.000361928228315376
1.73197481996337	-0.000769552896943376
0.561031720022141	-0.000501958310656668
0.650789725873005	-0.0005571266178466
0.382065096475605	0.000431826990285529
0.237845236252733	-0.000381565370618207
1.56177710640058	-0.00070511370016787
0.208596301312954	0.000293851441212348
1.31005632572071	-0.000691180125812609
0.590736537546764	-0.000450535516636134
2.21875433717803	-0.000949759765290675
0.235863309767118	-0.000364635610853827
0.257836712083798	0.000303128131694699
1.17188949861181	-0.000747520471475669
0.271150318627292	-0.000308690768646838
0.00769825118849294	4.7295461847884e-05
4.89714920346818	-0.00142285844098981
1.25239943951763	0.000595422545204739
0.0824391520795706	-0.000171334775148122
0.0931498231381711	-0.000188921425409827
0.0576552745848361	-0.000139206129672178
0.170736676138273	-0.000270897484493796
0.429582349971877	0.000446922830658195
1.08218768515287	0.0005179389524305
1.87376293929518	-0.000775582352962645
0.197311306489975	-0.000318957372585767
0.0378937234483899	-0.000124558504479937
4.88869860006399	-0.00147621207583929
0.670051838595986	-0.000449083873255786
0.502927832977878	-0.000469562265886367
3.62184780978138	-0.00120735175290406
0.539787969803524	0.000401178919251209
0.465747222643925	-0.000290800885152374
0.585196641441706	0.000563382278719359
0.269336499429889	-0.000255503968106563
0.0146585583406826	7.00827633822547e-05
0.25595696537583	0.000245342539795079
0.00798983101369205	-5.4413984989992e-05
0.021490721343045	-7.35787641284306e-05
5.15794602631613	-0.0016793094595816
1.40465793866984	-0.000772284448844481
0.258002724646197	-0.000339104533475433
0.298351436452923	0.000365409000898769
0.5439991924215	0.000565233926554154
1.36664737492868	-0.000769467219457598
1.50442380255413	-0.000581228580027192
1.92972311113065	0.000758937354175654
1.0215526223956	-0.000590131425088866
0.0740481331209677	-0.000177094397172609
0.336695132965611	0.000458365304611078
6.04143382859613	-0.00159298632381463
1.95132164781342	0.00093248763467525
0.0077290071418593	4.79867303491558e-05
0.0915964220132639	-0.00015782888792824
0.665921330693137	0.000447122310530126
0.545249876574723	-0.000392027228710723
0.0291321675720728	9.77407736272778e-05
0.536110115550122	-0.000495766322726527
0.726407870333145	-0.000538349565162631
0.0531405651372957	0.000142871414984536
1.17483170905862	-0.000671302539941972
0.118442462509662	-0.000164070510816071
0.147936626805336	-0.000219645761603741
7.78396609054538	-0.00179467168235073
0.0828159606638647	-0.000160144979933153
0.67653817250407	0.000483569541557722
0.52258027915329	0.000420929233495836
0.543657643485406	-0.000394507890497906
0.0402472432946191	-0.000116274295334742
0.0838368044492988	0.000174409192602235
1.62303207826816	0.000646330667000426
0.138341058796223	-0.000233040471305698
2.08210914860598	-0.00101018914527405
1.40072360623797	-0.000917668400867128
0.232171569259073	-0.000283671565494498
0.505774546170743	-0.000432251065193421
2.6962390960359	-0.000821672146272399
0.886803023377568	-0.000591342704464363
0.992264163586842	-0.000570209580459194
0.990888330567942	-0.000558271008531691
0.0133226517732239	-5.35027853949866e-05
1.26924553100542	-0.000754541423183751
0.15888532800017	-0.000233369878269687
0.155570360786895	-0.000213266939010607
2.04825744201685	-0.000743518179042402
0.575195468048599	-0.000479933729049426
0.0624732540963985	-0.000155927255911626
1.21334508992667	-0.000630947583926235
0.00952041411712775	7.06641266835224e-05
0.137111138811979	0.000259028963487908
2.58420823945701	-0.000944502240040821
0.604982077067389	0.000409590154277258
0.088370204060644	0.000146317757087271
0.0179296024949194	-9.22900234173721e-05
0.585530560131322	-0.00045633101086065
0.291420844987793	0.000328162568591009
2.28406324552202	-0.0011153329864482
0.123091902310431	-0.000185466386130343
0.72969239733946	-0.000558557909559573
0.306147687531331	-0.000366293040371977
0.117029920870507	-0.000200679360186646
0.0413596667447676	0.000108593558473655
0.328237789710296	0.000336267803053887
0.630725872650247	0.00061098405513824
0.541179647239689	-0.000423185607754224
0.0221412473019704	8.22325027469393e-05
0.161311282891209	0.000232477501753793
0.35092609659192	0.000373888913647536
0.0614183966319499	0.000135624222009325
4.51409451390523	-0.00103221422064382
9.77264737709977e-05	-6.45569497599441e-06
0.0940647141611496	0.000170061257913624
0.0180781340968347	-9.77941062831487e-05
0.119315315548832	-0.000201149526340224
0.334001668232053	-0.00034956508570855
0.855069744781305	0.000670042792876088
0.130155455181542	0.000210661099296522
0.262369369795164	0.000266476784184147
1.99975979778493	0.000782710400366556
1.54323693844561	-0.000733802179661984
0.030529291110161	-9.15224134592789e-05
0.0525676101607755	0.000133807185786031
0.0443366018834749	-0.000110922378550715
0.850119565299875	-0.000607623220002958
0.0880574315229494	0.000167411522749299
0.023398662348365	-0.000100551986070652
2.52911672283843	-0.000886225906202231
0.730846748694011	-0.000635291429432199
0.881790724952402	0.000639553189952154
0.00219229876048173	2.44614410717468e-05
0.995526520964227	0.000647298903931213
0.0169241302592992	-7.88049206591723e-05
2.22864748839172	-0.000975983689567131
0.0074160464689259	-5.40980815563475e-05
0.0117653778319987	-5.7293109721759e-05
0.0362756566826986	0.000106673615870945
1.15976805527981	-0.000554594697778441
1.21446474517082	-0.000664292491834041
3.4661911858911	-0.00114973259958012
0.374125509519692	-0.000362112039161917
0.235088868943413	0.00027096429165061
0.0557412307574018	0.000126237123122413
0.00952364953555969	-7.27709153018533e-05
0.463421175745267	-0.000344397270459694
0.00855934102135707	5.98693273489103e-05
0.0280772273032283	8.05237144541464e-05
1.29475631104042	-0.000773505921236064
0.190800038452729	0.000273559638750564
0.167486414450708	-0.000262526250464584
2.0596060333136	-0.000724119776830857
1.38904937336161	-0.000712980918108728
4.15524234792165	-0.00127176446329406
2.2117006582041	0.000857789846675221
0.0929020655020575	-0.000166493169340144
1.03012521809034	-0.000594153181709809
1.41031299864076	-0.000594123244268446
0.319922117489443	-0.000391259998279631
5.4603042088706	-0.0015825527888318
0.111025606814642	-0.000232191205130562
1.14945635282905	-0.000548157403995016
2.69976501597014	-0.000880628036362348
0.571432372277579	-0.000426485385037466
1.67656864150827	-0.000863652116353521
0.19703074493378	0.000311838639073543
0.850579152826358	-0.000584612934754945
0.138543393798572	0.000210489683228802
0.169576992909796	0.000291441111681925
1.42750498271793	-0.000709247562598963
0.101543193390597	0.000203960434142425
0.144912167372435	0.000228715847836823
0.00475869346212611	-3.76839135716517e-05
2.37099891121757	0.0009057088185079
0.000525008961488215	-1.69628718530332e-05
0.131547580106719	0.000193877275569885
1.16335538641076	-0.000690084984225226
0.226559347939914	-0.000382048316417106
0.00364106070472854	-3.70226577816437e-05
1.23133428006905	-0.000744771994513352
3.2104587972238	-0.000951470674646327
1.64952619175278	-0.000708292869496729
3.50805924562516	-0.00118833713059481
0.00837330254569782	6.42682758708233e-05
0.0247640129030284	-8.71211896456168e-05
0.055750516624642	-0.000121800639882697
1.3968649860267	0.000617821555261726
0.872845775143238	-0.000667977272029705
0.414010799315635	-0.000389457171797105
1.85154568046156	-0.000613747666893953
0.590826840140243	-0.000484316820143786
0.228584059160497	0.000253707400495264
0.908686130271256	0.000638992729696306
0.913863527645701	0.00067265973975767
0.659112363749521	-0.000411289450762776
0.0779218609330736	0.000154887914988511
0.362286125278243	-0.000325162532248727
0.00095263817327061	2.14837954081935e-05
0.0678544757669262	-0.000135033468277802
0.000964907222290923	1.65441456499311e-05
0.0756699636358829	-0.000227982272840745
0.0109079549715396	5.55570507157821e-05
1.49027386682543	-0.000569825597409101
0.0349520521752326	-9.39141734461385e-05
0.14037727966181	-0.000277288398661377
0.441083465412172	-0.000435695642758978
0.332523995664504	-0.000301801716421155
1.6903235504551	-0.000756266108011941
2.82428364002533	-0.000879477346747135
0.105378576978756	0.00015433170832963
0.385102005183058	-0.000343608015033535
0.163068202222445	0.000252061612811211
1.46075580422486	-0.00068022282944309
0.0101617200905478	-6.48881536685955e-05
0.327229356641379	-0.000287958903974585
0.00193804052808283	-2.11983182696262e-05
0.0126915077786008	7.04142255078943e-05
2.27289553884099	-0.000770438956360475
2.55781068879842	-0.00096223712691472
0.0232795801951271	0.000115479734742353
0.475056620279416	0.000424505423904846
0.214382495507553	-0.000253712307028035
0.00946703628795655	4.95595970139114e-05
2.11274926500435	-0.00101318885578097
0.303714935458451	-0.000397918487352481
6.6274462320933	-0.00139850793064244
3.98494404539098	-0.00121923555855511
0.836809298409812	-0.000579705362985611
0.884598619871916	-0.000512932425264706
1.63143400376004	-0.000888862443737916
0.711793008280907	0.00048349002844043
2.63504940660484	-0.00106544745510191
0.719246443450739	0.000388216943641759
0.993629355783323	-0.000660705924496453
1.48810125727721	0.000804820078128877
1.59138772426003	-0.000722308256976175
0.711030985143213	-0.000576982977730788
0.00636056750919477	4.99064322693018e-05
6.66975375041903	-0.0015941555563001
0.483808609301311	-0.00032289617255632
0.557729573634733	-0.00039183178239479
0.619561105953887	-0.000666616583613083
0.501794410559715	-0.000336178474607196
0.0523550980939926	0.000117874916831352
0.270207934048512	0.000296255593163688
1.164394456238	-0.000617915114742383
0.829921692116382	-0.00059231167586244
4.45109346895355	-0.00131958509353156
2.43389750074115	0.00104765858111952
6.05987391308115	-0.00146810573257637
0.00871797568407132	-6.41129947225293e-05
0.0211384611538773	-0.000102301231947712
0.21899726795113	-0.000303962562298233
1.00687643661865	-0.000645132637620372
0.0253573346823722	-0.00010346530216283
0.0384213629215531	-0.000119138951843028
0.880096433589331	-0.000636907513333988
1.70339058099299	-0.000625787045107558
2.18523424707961	-0.000943690141719962
0.169018990735827	0.000209012006910875
1.78906860786581	0.000837837128681534
0.861382981279242	-0.000458113467664027
2.44779652373178	0.00117261734541963
2.67196489736468	-0.0011831883557341
2.64503604756354	-0.00109131469082862
3.84618674718645	-0.0012234092597578
0.29144787146529	-0.000390575230858305
0.3808134186334	0.000399204712518303
0.00524618322027366	4.16329678092583e-05
0.0421121242034663	0.000112361064745447
1.49910119171587	-0.000738250629538444
1.90641796160577	-0.000670951901834821
0.00103781290323642	-1.81386891719145e-05
0.272993035586671	-0.000393625836438058
2.10760968502631	-0.000705194147337765
6.71418383724213	-0.00175195937023836
2.35428164893322	-0.000944580237565981
4.74120258826583	-0.00141810602689753
0.0364867523811231	-0.000136306114260192
1.10761652219912	0.000675405760453023
0.124735739988373	0.00022903278242401
4.91082028514734	-0.00135648832616372
3.09194005928775	-0.00107192676354302
0.0738801814160529	0.000143550630976174
0.333783127647608	0.000351792558169461
0.145106047634905	-0.000200249784757797
3.27912642148038	-0.000932386879454511
0.00484071299210672	4.5206867168181e-05
0.0283880881900625	-8.76952357114004e-05
0.089745618630568	0.000164012873962902
0.697272416281542	-0.000433328015504269
2.45494854042027	-0.00097811503006261
2.90519937910449	-0.00103089128046907
4.75978641941734e-05	3.42269768164402e-06
0.177568920293916	-0.000285347243639433
0.0036139494423766	3.86226818703782e-05
0.390211397632831	-0.000317129261899852
0.717416890112314	-0.000623375846535488
0.178984076884002	0.000319883210678337
3.22415985595871	-0.000943813824162897
0.211510211407827	0.000258035538929477
1.48103633888755	-0.000778959891247848
0.155007305701784	0.000202503229516623
0.656177565594874	0.000534602606206827
0.0166806478080827	7.36204575876735e-05
0.214107355538803	0.000246426434745677
0.00542472099114975	-5.06830153623283e-05
0.464626815375222	-0.000424341049873524
2.03190034135961	-0.000723879464677824
0.234287100053546	0.000314242634681738
0.000140879844076102	8.91569875303765e-06
0.96985729665875	-0.000559298037456334
0.947202791908134	-0.000566424305395704
0.50387264502145	-0.000347932283676493
0.0376374418216967	0.00011746215791073
0.650739585153129	-0.000369127674070375
0.051713966754349	0.000130356987573152
4.18209755881881	-0.00114805248585278
0.13441314560133	-0.000203171507778898
0.0510359165103109	-0.000115226498177386
0.0205766554880231	7.64340582656712e-05
3.39491461638273	-0.00142087032371476
2.40512056412955	0.00093509197653046
3.30155685900415	-0.00109856600681842
0.0379055734599734	-0.000100456930736083
0.291970545660041	-0.000296028183923996
0.486040998874602	-0.000426851835431517
2.00287714955377	-0.000894679278692978
0.0648055496926395	0.000151343131303135
0.453463606863248	0.000476183353622387
0.0827799650689076	-0.000164746292898607
2.20502988903504	-0.000830447597656803
1.02077886751704	-0.000681954665966065
0.12115175681063	-0.000189321200789056
0.0799463617888438	-0.000160477342904767
0.0166116306781535	-6.15316865405195e-05
1.16141998967448	0.000656614988580544
0.522463171130625	-0.0004749827538296
0.504263058915987	0.000533133910296597
0.0261980282005683	9.53681110898739e-05
0.00848034450611747	6.82773462432693e-05
0.65178330633673	-0.00052671998320592
0.869723077959787	-0.000589054658233378
0.253823172582699	0.000255205487257563
0.0563263419557418	-0.000132199340087603
0.481852225694368	-0.000388150474437824
0.431127321703719	-0.000318517742565947
0.229874377530764	0.000274339537748451
0.613744566866326	0.00054828245201762
0.0309295977409727	0.000109446683058569
0.00103110383726184	-2.19713936328409e-05
0.467952902789151	-0.000431832632313252
1.66011154549031	-0.000723828071851194
1.39206845422284	-0.00068257671806044
8.56542262399481	-0.00179826961290475
0.972083143179844	0.000476203332535591
2.1642232712847	-0.00094090870339606
1.40271534771717	-0.000915704935275037
2.23510509900123	-0.00095928201899289
1.13125515858387	-0.000460487277170478
0.108881215500835	-0.000206684118224388
0.918265656688939	0.000594349404270505
0.813225489934192	-0.000611246490189588
0.104435036852929	-0.000138476013931799
1.33355248136886	-0.000762961152448823
0.221473561039241	-0.000314406229568702
0.40383240309758	0.000473234423753445
0.0739624827290096	0.000161803620087875
3.71189175595963	-0.00134947510050512
2.57158199647896	-0.000912128238440939
2.29184547847376	-0.00101845352467423
0.819148361416979	-0.000541820103408429
2.83361229731989	0.000923818043584582
0.0109599132465371	-5.84985393333712e-05
0.0888341526429167	-0.000162889840903737
0.201366521416067	-0.000240304482124336
0.476448694072383	-0.000376323575868781
0.0030164364556492	3.58772093499081e-05
4.5527481982984	-0.0011470324861969
2.5932034562161	-0.000972695938856156
0.125241654562137	0.000184672177079413
1.06196193570513	-0.000476694048834683
1.55418982752002	-0.000701505702981768
2.23092326118445	-0.000767286281612052
0.166208377168308	-0.000186954189886304
0.443664520952049	-0.000336146895291947
0.426745231968221	-0.000381384161424703
0.583433965385795	-0.000427930766397768
1.84516338636879	-0.000669294238300535
2.16295300881697	-0.000849548046222913
0.15290344642855	0.000293393419993834
2.65813293474	-0.000884656594827041
0.376435914695611	-0.000454900161194544
1.21477199770146	0.000553749610776048
1.951061727357	-0.000854783110501759
1.90678293584279	-0.000763374218394021
0.653934588434955	-0.000516212464996019
0.368953112967247	-0.000390582336366283
0.035960372507753	9.6812729640566e-05
0.963760024744789	-0.000802138427959474
4.43768771834321	-0.00121994052755023
0.00550397255882807	3.6596494212067e-05
0.744104988000473	0.000593624854452741
0.405403284619563	-0.000405657989403725
10.5696926717179	-0.00191613827202085
0.314095489727526	-0.000310131047698399
1.30585654463232	-0.000738518926566346
0.0121715854887145	8.06596647935051e-05
0.333409006525265	-0.000280178001655463
0.854356675660936	-0.000609766750810134
1.32756374596635	-0.00068981456585334
0.169307628751775	-0.000246664725034211
1.84850977296361	-0.000834833132125778
0.508110491172523	0.000414307244793374
0.768548220491207	-0.000599043916272376
0.438189741597115	-0.00032663929237017
0.0499786729417792	-0.000159793155283737
0.217258292632155	-0.000226229569489244
0.0335545308109191	0.000103856150774238
2.89428521465842	-0.000987206545015464
3.50566063527028	-0.00109624809112935
0.176262792987866	0.000234787383174412
0.453214612697382	-0.000408686006462993
0.00841332419331055	5.96827905474284e-05
0.406186280685487	0.000377082085492871
6.5203226990068	-0.00200753032301898
1.49835533881746	-0.000796659942707507
3.00825403493225	-0.0010183004944468
0.0593868803681248	0.000130695877344963
2.18706128782078	-0.00101328565212276
3.56500926818135	-0.00109236940993208
1.09799448858153	-0.000497106452015044
2.44023321207784	-0.000914019299623514
5.03619733053059	-0.00127719157739645
1.60165170973921	-0.000574268128706968
0.24135495284243	-0.000259997986148417
0.354857613964291	-0.000277037473257044
0.0377670829200821	-0.00010853863470174
0.00636445359013516	-4.80307709184506e-05
0.345578863666343	0.000383025842591519
0.990254960213799	0.000712422817750917
0.0405764616492293	0.000101305082853213
0.324440020065948	-0.00036902855146805
0.437685381394259	-0.000280747619191514
0.0478536490719307	-0.00013041753368246
1.40284261924888	-0.000838510450568878
0.0016938782131084	2.66854791029612e-05
0.710565413636788	0.000475974374046951
0.469481253442985	0.000432913793639714
0.246682372213976	-0.00029955858705047
0.996260241485839	-0.000683654859343089
0.176911545693485	-0.00022649262125317
0.854670092199639	0.000530189494965932
0.49397311219818	-0.000428109774362214
4.65709904508363	-0.0012899433497437
7.62202246026616	-0.00193148913343533
0.120147170325935	-0.000240983192829336
0.394143517506008	0.000446419744278562
0.975164469957057	-0.000509421680822717
1.01648154752639	0.000637187575974913
0.546936602186601	0.00039856283420857
0.0894181157466621	-0.000199691370407462
0.0244883085296141	7.43536139066566e-05
0.943702090154195	-0.000561831111931158
0.673985968400393	0.000486837653241577
0.651686647440197	-0.000565825201303502
0.0312996181545495	-0.000134750904884339
0.353491728498948	-0.000416672373494903
3.93098216950495	0.00118011588918618
1.95575059865882	-0.000724067207685861
1.17895868559623	0.000599543347575527
2.49073058627184	0.000882361064974435
0.259063522878195	-0.000258981138288678
2.71866453255627	-0.000912678337790772
1.16772006783656	-0.000671612261793206
0.0186910344324518	9.07000649021447e-05
0.548818946768547	-0.000501349987342337
0.0382381337842417	-9.91934372732224e-05
0.240070108151656	-0.000323303196371211
0.472395113872187	-0.000428027659628135
3.30538123676751	-0.000977062706199769
2.12865515947278	0.000732517095882626
0.509958303764929	-0.000465471183340657
6.97098730405614	-0.0016083061934682
1.39958586906878	-0.000707766163875114
0.816568445578854	-0.000708511456867801
0.608351626916484	0.000441689154670656
1.24425305065369	0.000738172058792983
0.0022787333255949	-2.67931323663334e-05
0.102047329677778	0.000170048855350099
0.571761764583746	-0.000438616402527196
2.17050287815855	-0.000898326367095709
0.029248588419859	9.47023546914645e-05
0.262446192202839	-0.00034370989360705
0.0962773132399588	-0.000211385356682043
2.1874926442741	-0.000652563729643023
1.13018512462459	-0.000642235031736612
1.34478872456145	-0.000777395696424464
0.314704497527252	-0.00030277510721853
0.689990878768956	-0.000472558303491816
0.726291700675504	-0.000561068755563609
0.675898046864521	-0.000443401809582799
0.00538648435505773	-4.74865333240524e-05
0.0577022696497859	-0.00011090104029781
0.815472744906067	0.000603682124382239
0.699610634817564	-0.000518172658146401
1.62839008438982	-0.000778213452813889
2.27934828936141	-0.000998821567286534
0.771031584538295	0.000573079790979731
0.658392737557278	-0.000511737398904744
0.123672677467566	-0.000177946491691616
0.59928297011449	-0.000525580354656121
0.476180280839526	-0.000472028874603147
1.36381219384546	-0.000590742607866244
0.486563228200432	-0.000350135486805943
0.630921136762323	-0.000447750287837592
7.43013912793741	-0.00151516482308629
0.336389888687656	-0.00036793707041269
6.01521802733047	-0.00155534659051886
3.11333111976323e-06	-1.27521164067832e-06
0.467708483063924	0.000380269684310057
0.00197717408108909	-2.91763953032638e-05
4.98741051644994	-0.00140228178268312
3.46035942680907	-0.00103701049460942
0.0778470197596268	0.000138769528243569
0.00933512794269514	-4.17881537266779e-05
1.09088490977649	-0.000613197857748139
0.91004680563339	-0.00054651659111995
6.3499478203699	-0.00142028732946917
0.359939787706706	0.000377204256961251
0.667089310067259	0.00046051905675293
0.057712599262233	-0.000156240362163176
0.141487458819004	0.000232584281185727
1.10652988056984	-0.000748893192959269
4.18616698063101	-0.00112792197882759
0.0530142331691474	-0.00014057900225996
2.45113473392411	-0.000937156343028743
0.0802276334965323	-0.000151313746381592
1.89119199652986	-0.000736291806120089
1.91993526108295	-0.000776245373483456
1.50449669644035	-0.000589539520333114
4.59341572357196	-0.00137899976040599
0.197574844235284	0.000252969324166521
0.507220292963129	0.000401384234619481
1.13329343951839	0.000825863027048981
0.333444927506488	-0.000273235824103808
2.59569517344338	-0.000925073481958082
1.60176602890271	0.000718994147417727
0.00339280063186932	-4.11164625879209e-05
0.434192074427942	-0.000451527162297587
1.12911335618293	-0.000586593492456377
0.0332755145357204	-0.000102753380373293
0.377240283415433	-0.000399472238546429
1.2885629139725	0.000639714160810538
0.137087251429661	-0.000219642441880449
0.45043346111988	-0.000537044442301851
0.990058807033273	0.000530726532987682
1.3306344613582	0.000915972288341247
10.5236047562213	-0.00228582544374172
1.96340213163239	-0.000705673906459972
0.13985070510889	-0.000261255566101613
1.49245266735776	0.00065466674681761
0.759938741757033	-0.000413566416932306
0.0881470116727131	-0.000205849885261742
0.712761797475973	0.000579816182958018
2.33436714066995	-0.000686511322576868
1.65279635705104	-0.000651715497046617
0.00402687146487078	-4.28014089092392e-05
0.00284995547025237	-4.26635030356268e-05
0.278219595398889	-0.000299889674884287
1.91719065347418	-0.000944532309787569
0.166578941175972	-0.000285940571191098
1.60589629730364	0.000864602639524786
0.540867796560036	-0.000596004517852027
0.114342041240378	-0.000203359120681378
0.342506254571328	-0.000330538684696827
0.200847936910315	-0.000235215764723681
7.22207038257794	-0.00163149052310819
0.238594234366748	-0.000327945746549075
6.59236038066232	-0.00177366179693361
1.31375634737623	0.000675237511393691
0.144726179848937	-0.000189239107393271
0.547483429206355	0.000470449164451094
0.317251241031012	0.000368039124810089
0.144883883010656	0.000310260676685933
0.937535444730458	-0.000575578473648867
5.70803328707345	-0.00134758504711244
0.0249735515852834	0.000115720569341848
1.38235041800734	0.000641366510637644
1.16136913568088	-0.000595932672165344
0.424015103843917	0.000368412294439068
3.04785102048463	-0.000976356640282474
0.177129290107614	-0.000265743545211866
0.186304492283161	-0.000256786820398831
1.05838699178749	-0.000687266356055461
0.000118759526366804	-7.91309360208201e-06
0.00233685330762672	-2.69544655254666e-05
0.412524395648901	0.000389996595575518
1.54205925470358	-0.00059318523203006
0.623164824776786	-0.000378045150262734
0.0302385946856933	-0.000105754556529061
0.487435256759075	0.000389661840185463
0.352179566041072	0.000317091940372809
0.69343871075866	0.000615734812556992
0.397977124325135	-0.000340550117125854
1.40980917670344	-0.000753418650297443
0.272158497346928	-0.00030531265144011
0.794160727711576	-0.000649360892503724
0.0497531081941255	-0.000143293411658217
0.102821610673874	-0.000186257297987546
0.0499707895976162	0.000104907748042068
0.0114930323158934	4.82128793173473e-05
0.00199272852816266	-2.53372345616094e-05
4.18193044402216	-0.00094579477861997
0.0483032143856873	-0.000165459939659315
1.36025600230904	-0.000603384581038698
0.765704912136311	-0.000533938208838106
2.48939977168885	-0.00105798154866002
0.231123579358075	-0.000263667404319984
0.487006808514921	-0.000414138316763718
0.350923959444929	-0.000309213212290419
0.00668233964670047	-4.12713824431049e-05
0.865559400435776	-0.000506246251087535
3.81588764141119	-0.00140468852778123
1.26419579468223	-0.000618960518219976
1.61220959302472	-0.000562714276792336
0.0227992171052614	0.0001088683366176
0.00328258349583427	3.29771249277142e-05
0.700862570322521	-0.000405921726584541
1.30409908887196	-0.00057744146580203
0.239480326461304	-0.000282844471617849
0.0636096077095427	-0.000145955831287447
0.574471045092777	-0.00048361936152428
2.54822056717129	-0.000977538372889608
2.46901682624202	-0.00101402374764198
3.00883658995263	-0.00119392095544678
0.612570157274658	-0.000504902700755184
1.54608606693512	-0.000863693472506412
0.357128238263091	0.000442123989461375
0.704790530820969	-0.000524816543422231
0.0752476342633282	-0.000150023890983397
0.0418442875675205	-0.000104474822950127
0.0697203073569071	-0.00013959357224913
0.295219313870369	0.000373318855840997
0.308827724698648	-0.000313750697205676
1.37185811089823	-0.000768861299822656
0.00193804948287723	2.20414936179103e-05
2.07316060000334	-0.000971383930214217
0.0169564549843974	6.93723171142285e-05
0.319107388312225	0.000287185478605985
3.98966047295048	-0.00106611221941387
1.32072604999789	-0.000759640884419243
0.0215296305483152	9.29022443301146e-05
0.213386143201659	0.000265719983567309
0.422231165533637	-0.00039749023842394
0.186604613375773	-0.000216280359283636
2.52809459073899	-0.00103588538054577
0.0223491272994133	6.60825890401045e-05
1.19701445879296	-0.000732325967363485
0.722920425334866	-0.000530491738651914
0.825334759196882	-0.000463172326035872
2.44123103974476	-0.000995774506081844
0.145303682101556	-0.000196973929332259
0.390060984717498	-0.000313679477737339
0.774248198671103	-0.000594721363165738
0.00907287754035108	-4.98332346459253e-05
1.12930528588023	-0.000576420633774097
5.24129517919648	-0.00165292825085527
1.77664341845802	-0.000896658494345129
0.0462427336093588	-0.000108382982104638
0.454651135693445	-0.000348144681899354
0.0881738136038573	-0.000161021688513731
0.00811686352820647	5.26314872823982e-05
2.79808194992912	-0.000975764518853693
0.183147578990344	0.000268579790753338
0.255776165057907	0.000277299581426281
0.0853138950271233	-0.000184580140226306
0.676637020080289	0.000519436664408018
4.18883794603627	-0.00123423947500843
0.0205684160231093	7.2753629886669e-05
1.04461186886633	-0.00052799383627622
4.2080848126457	0.00140305536037197
0.61858859211433	-0.000537918775779617
0.00792762931146947	4.10269340489766e-05
0.729805120526092	0.000595191113092603
3.4731762321907	-0.00121786318191572
0.0162036483732705	0.000100593769788591
1.50359467516186	-0.000784240402679831
2.05338548589771	-0.00084204397695095
0.5990741898733	-0.000507979613499716
0.1614160539497	-0.000244689097213527
1.59627384772905	-0.000896323785922432
0.000188024312884033	7.19592953829105e-06
1.21906084242898	0.000667349687149691
0.103872525927626	-0.000150148344778682
1.10782420523769	-0.000645000122657825
0.435396405460414	-0.000388264987817766
0.0413006559655426	0.000131012434070322
0.0053233015038194	-4.92277738313957e-05
3.26670252575135	-0.00130133378094122
0.643269597081475	-0.000493243893258496
4.18453784312509	-0.00135247295889754
0.0689096189204055	0.00016300537023517
2.6161730589226	-0.001076967212442
0.959395589016723	0.00051533683298775
1.23446962783234e-05	-1.69671315404881e-06
0.00963526979236316	-5.9656638671397e-05
0.154912680965888	-0.000283823487536863
0.00928126446425281	-5.82401014613013e-05
0.291860832063477	-0.00035235425438843
2.3648499112796	-0.000874927871185396
0.34003678473555	-0.000293469247330856
1.69302598317413	-0.00075336952448616
0.507075159205792	-0.000443138768876414
0.0354445317021227	0.000129043412807838
1.05433861592121	-0.000642715500464853
0.929712916197526	-0.00056712492860849
0.299350598569498	-0.000418916980906863
2.57937914399223	-0.000942135530104729
2.56874789046964	-0.000956118608850129
0.00178113083823317	3.27296492199954e-05
0.0732247047037199	-0.000172049549315442
0.0570636028081302	0.000147258825295888
1.8292100632957	-0.000871891809927756
3.11834030046645	-0.000904598511619358
0.00318401114540888	3.60360735781512e-05
0.0454178165957048	-0.000172673728757979
3.08108037507549	-0.00115366989400513
2.08863895927213	-0.000876079383225122
0.153036411769178	0.000309577838981665
1.57205244772205	-0.000775120733170598
5.65874089385431	-0.00134140581590636
3.23708854681851	-0.00125609309628264
