R^2	beta
4.85179454861644	-0.000870857183605286
0.875326876951004	-0.000280925630235314
0.213113913780929	0.000208098760651918
1.07482916020763	-0.000387994684908869
3.92988722262858	-0.000859700619428179
0.44520171373533	-0.000229152956803847
0.181603831314452	-0.000168184950182594
0.261240853550338	0.00017821249913943
0.087473895160875	-0.000116994712397562
0.281302393053325	-0.000164418041241429
0.228425062857063	-0.000145350038120944
0.245200744609546	0.000137227670420836
0.0738128677840264	-8.47235711413685e-05
1.94412170449545	-0.000476017621138001
1.22839772487841	-0.000381909656330128
0.602292943673629	-0.000277767868304987
1.07229986200292	0.000364439076019648
0.131782131024742	0.000136899942107206
0.273040554977558	-0.000224893991037174
1.22529271379563	0.000378808837061496
1.29946700946805	-0.000367143166988362
4.00831867968595	-0.000748683516266086
0.450680345027008	-0.000225306729662738
0.0113148300218289	-4.17072917157186e-05
0.144310720128147	-0.000133040594883904
1.24526652723268	-0.000407789174618904
1.40333463403995	-0.000469030975734066
2.89029403659939	-0.000596103851057524
0.0217201571366823	4.48273911631096e-05
0.223978770257839	-0.000191810591863049
0.146828552003096	0.000138219772299917
0.248080449776735	-0.000169790369455555
0.344821793311973	-0.000232397620351644
0.651363587245331	-0.000292987318582464
0.0538813383976578	-8.5069887439178e-05
0.263529099278149	-0.000196195798274527
0.47165076303198	0.000283122814068163
0.390921996478322	0.000208240508130839
0.809735251677827	0.000262622163721409
0.822113664604931	-0.000357477052887412
0.630910680969651	-0.000281719209318726
0.439704696521052	0.000240064174119365
0.349215899460001	-0.000201746867370759
0.422270132030095	-0.000229826367809871
0.133793717580666	0.000139184437878945
0.0714923609073567	-8.63823127676413e-05
0.172782522649165	-0.000125986489841455
0.472733712221344	0.00022275171097348
0.0880756451714164	-8.20155004153639e-05
1.67179787875585	-0.000412016721847501
0.172931712389208	-0.000132466220355838
0.363338984469866	0.00019737221817424
0.546225193156427	-0.000250421462031023
1.88580392969727	-0.000491525665839532
0.42526834603069	-0.000270266830537082
8.65128032272477	-0.000979201889833472
0.0389684066288921	-7.09226330894945e-05
0.969979154984895	-0.000311533117398008
0.368930942627851	-0.000226679408699032
0.51413176772783	-0.000286832389720851
0.12401909992571	-0.000136607442228906
0.347395897092238	-0.000238988616108756
0.445009318943287	-0.000236756429767305
0.337643802714304	-0.000174533614581138
2.300281494424	-0.000521021458394006
5.75281439226028	-0.000781824513009124
0.845936744917855	-0.000264909854728054
0.0623455798653764	0.000109955015734383
0.00074202523802091	-1.1277962326359e-05
0.00039325994236091	-6.67759916063636e-06
0.000857050741411821	-1.13565049115013e-05
0.286214977650729	0.000184320231290933
0.509939101301814	-0.000293306713407285
0.564260882258744	0.00024056024953457
0.106057946496007	-0.000119285290629205
0.124531050155715	0.000145397086352927
0.0913544860778882	0.000107051117068059
1.05950017550427	0.0003962826390627
2.39967015867401	-0.000530141491633484
0.733118177355689	0.000308219034540744
1.63090912609799	-0.000500254620338527
0.101881265579301	0.000120999325910413
0.052557019118796	7.1104493047084e-05
0.311420858794632	-0.000196950326098792
0.0218753887348295	-5.3103984474442e-05
0.706382989987572	-0.000288440545806747
3.97480897880026	-0.00066996189625776
1.88995812646238	-0.000510981730376912
1.24511077620228	0.00045002816262775
0.795508573114595	-0.000261996118925832
0.000169535036289642	3.9558507678903e-06
1.33450329347173	-0.000390360409009733
1.99763848152946	-0.000516322356455577
0.0228557558814549	-5.49932468649945e-05
0.112066022267697	-0.00012724567883778
0.167471195997669	0.000166555127541368
1.33611681750612	-0.000439464803328551
1.17556531699751	0.000478685772058643
0.161623617873743	-0.000172699127687213
0.668391951095613	-0.00029320539076986
0.751195564846574	-0.000337098306200686
0.0858838955486616	-0.000114777082173
0.115979602335466	0.000123227438766851
0.234948737742644	0.000171786978466843
1.09595715107058	-0.000373699493950596
0.833995396742345	-0.000438593854592337
3.01739142416265	-0.000528859064786835
0.110561255175764	-0.000103013800126
0.0530285225195657	-7.40750659193632e-05
0.493822785687635	-0.000302653308345787
0.0562580772658332	-8.73044076041921e-05
0.214268423507279	-0.000177560447422917
0.707309086665895	-0.000301739117462932
0.103601640185049	-0.000134491089730946
0.867203627597461	0.0003174197874745
0.00318704917645996	-2.44493015738346e-05
0.315689699184193	-0.00016231852252559
0.657957802375402	0.000337468495254793
0.00889108471569406	3.44083280008903e-05
0.0939050352557655	-0.000120192343866596
0.0853802664447788	-0.000109362121822154
0.642863148684434	-0.00029313916447286
0.533650992865393	-0.000219657019861358
0.728654818178258	0.000279944865357448
2.9855795579694	-0.000585355600088449
2.13107265508373	-0.000423124558425363
0.471496206469413	0.000211113153529856
0.0355321988830118	-8.14751525505564e-05
0.0573668279388875	-0.000111682061217315
1.39586767024094	-0.000441713337507165
0.0404734408600204	-6.90252259025825e-05
0.549933111212071	-0.00033440354458108
1.63003738911094	-0.000469014955748413
0.23443938811683	-0.000182847133205925
0.518858280215306	-0.000264944995404746
0.671764868633073	-0.000371358106180689
0.123341315132714	-0.000109301434849859
0.191590610050579	0.00013563210193092
0.754777870179043	-0.000288028250618814
2.74510833488507	-0.000673537934976356
0.0740724005547269	-0.000115239459949086
1.19347254988515	-0.000360118941049682
0.338831558162599	-0.000222044119509913
0.0172961394206819	-5.23152368500131e-05
0.760607507700898	-0.000337268170238557
0.295971715615776	0.000178199828036305
1.48454758482489	-0.000397098516826992
0.728652777338048	-0.00030916071447169
0.606758807907654	0.000318269401900263
0.306108732584483	0.000216644470049025
0.382185566015361	0.00021320599196088
1.24234211547342	-0.000397758280073975
0.620188681555843	-0.000285648646756012
1.42490188773303	-0.00042233556299278
5.29105158355993	-0.000773770395634469
0.631639419794077	-0.000255414591698915
1.39998621120776	0.000407924791748056
0.767444561191123	-0.000303984050032187
0.431742005167965	-0.000224596273025669
2.19023644971831	0.000484904980988554
0.0255789929275828	-5.61626928186136e-05
0.309634931088224	0.000173455335882861
0.423336413643002	0.000279408227746822
0.23929224159945	0.000190141913377934
2.3587011238048	-0.000552624684569179
1.14134709644623	0.000327492945826245
2.13491704238007	-0.000579221870035271
0.0166917993696466	-4.87353612427939e-05
8.59794852437082	-0.00104170543763817
0.241587026705591	-0.00018571921146832
0.226335018259395	-0.000151905555655215
0.306352481951412	0.000221832272756044
1.25841488662616	-0.000400646610490376
0.289714883651844	-0.000192052998598987
0.0153327900920574	-4.33692922145618e-05
0.216195247518478	-0.000177321067209336
0.0293079032195639	-4.69451332230824e-05
0.000134787323394058	-4.0249183952144e-06
1.54328551909236	-0.000463332963180948
0.0246018752544554	-5.72137190203147e-05
0.0011196279612716	-8.90745065975072e-06
3.25612458909018	-0.000670202073803835
0.256335639156648	-0.000189584958521914
0.00141091261401209	-1.58729988652874e-05
2.56803136985937	-0.000652043266956958
0.550933179325994	-0.00030903564354931
0.0388497794131821	5.97399958014258e-05
1.30025982706239	0.000392479988994086
6.06115166972265	-0.000860519365277666
1.66346228940093	-0.000512551146845637
0.121610070726912	-0.000127402253798854
2.31037974424189	-0.000490480101891138
0.0835802462623771	-0.000122406026989917
0.351119508028673	-0.000271379372369212
0.869424340430254	-0.000440716309044676
3.1829389622216	-0.000652175122126712
0.285884573647567	-0.000166715175463523
0.00123343870021763	1.07204145758568e-05
0.133729838637993	-0.000164076802311684
0.0445228632642271	-7.53706195027175e-05
0.743970775526509	0.000313160661225423
0.589406219609903	-0.000303789420968419
0.0801297163943808	8.57704683342061e-05
0.298870246285882	0.000212024685417589
4.91082930407086	-0.000751070335089275
0.996723017608402	-0.000362105582815641
0.605417217334802	-0.000311562681420081
0.850247634659596	-0.000379437850945689
0.461925541261329	-0.000240690171640742
2.47375502625022	-0.000600267663063781
0.0451562351429793	-7.9694689033947e-05
3.42482182700184	-0.000566669722703701
1.99664518672742	-0.000484756088316275
0.263319830498287	0.000179826270837203
1.13082059816842	-0.000370401454602695
2.23062418774999	-0.000462345445839828
0.736107867969733	-0.000311976380668165
0.0107352311610363	-4.27364348626134e-05
0.466112276013782	-0.000239975449476409
0.002789387187097	1.69821345464345e-05
0.0361130032073852	-8.60192642400872e-05
0.0949969745453662	0.000113370587667191
0.000410232334487387	7.69201535101212e-06
0.0661871225567291	-6.8484162400127e-05
5.52214315823346	-0.000819619089901777
0.0810943212926171	0.000118690870579113
1.21071514948043	-0.000474021343635256
0.21250641524383	-0.000179689443027378
0.292714872275349	-0.000185990101000832
1.90105418610645	-0.000470859670228987
3.53733821053408	-0.000783096805914759
0.883161511765945	-0.000255543932029874
3.88252148208516	-0.000593695147870951
0.878681603012609	0.000273338704593879
0.0346832708115499	-6.42867786269386e-05
1.63785655895145	0.000394000250105254
0.974367643653578	-0.000354810813889247
3.13831937986777	-0.000698146797967641
3.79673290074449	-0.000616938081661192
1.85874571357804	-0.000468138262514564
0.710208550356487	0.000312977764401697
1.78329871595419	-0.000432197173033113
0.00312749107805411	-2.41791546675472e-05
0.762283335948004	-0.0003513735427179
1.18187600686033	-0.000329933313182574
0.251095223317003	0.000185478246687802
0.778117244138306	-0.000299504219331488
0.594407404046716	-0.000269039877734405
2.14110029262032	-0.000504146652182943
0.444705280882328	-0.000207747547266925
0.137454985999188	0.00011913347283752
0.345838667196027	0.00020359400920517
0.0119720166606461	-3.4608529241262e-05
2.34784577106154	-0.000447487676093805
1.97074010576381	-0.000516582421681458
0.114315347758375	0.000112905453487838
0.0711898255250497	9.8990558695792e-05
0.284181741571724	0.000197327695032878
5.05649671000485	-0.000759704183296152
0.0419494675742002	6.95852862728649e-05
0.942413693964633	-0.000326340949291829
0.201273831747642	0.000149498149135269
0.512188619162473	0.000282096990377883
0.068091541743288	-0.000118488512139241
0.6036175659294	-0.000251942285024583
0.0191019948470196	-5.20031090561035e-05
0.0341196221047425	-6.30259879116094e-05
0.0382041416587079	7.10604114307526e-05
2.08240457671914	-0.000532530779646708
0.159884577052995	-0.000149670495720062
0.496774202566526	-0.0002596086639425
0.362674992914829	-0.000188845912603976
1.55926263637192	-0.000512005172574574
0.0123784218246708	4.28438337537185e-05
0.448100493529228	0.000213898219152451
0.0022471157005284	-2.00115695253727e-05
0.11731734379887	-0.000148803646580987
1.62301706645908	0.00047338452605525
0.509147231303153	0.000289559602745413
0.0230334888836886	-5.31317696603611e-05
0.10949554537139	0.000115366624078801
0.0463648159972969	-8.20088918698505e-05
0.675408938856135	-0.000325115749078239
0.00161572734306229	-1.43605773570813e-05
0.588059469332955	0.000292088214215213
2.60651442056265	-0.000528685149579105
0.703394449679641	0.000307081048292528
0.0923581957491132	-0.000125226206722403
0.108138629954828	-0.000103026219082571
0.0180030448187767	-5.75515552028118e-05
0.0387048183906204	-8.17704310572455e-05
0.00148624063708983	1.3579777776716e-05
0.0980627147590861	0.000115842884218525
0.0260800029259844	-5.96477379066993e-05
0.129995554167743	0.000107386238435073
0.441787430585362	0.000281930692420639
0.123936201889736	0.000106515316276302
0.820717103980559	-0.000352639913756667
0.341084045573474	0.000222077888976574
0.484630860373322	0.000289225898139272
1.4089803128041	-0.000406844224735325
0.186861205798683	-0.000127936944132239
0.00025355909689167	5.60797816215379e-06
0.453675929700304	0.000224539668647837
0.424182771887127	-0.000227447502414227
0.861561347909757	-0.000341369294847597
0.0523055050735207	-8.9180275257723e-05
3.91299329707795	-0.000648498209025648
0.160364641741257	0.000137156834999225
0.00698472127105705	2.92058824654012e-05
1.76747412531041	-0.000618955592866585
0.434682078690678	-0.00023089898767909
0.788042584015012	-0.000295327428524862
2.19815006196882	0.000553106741046765
0.00531667434388331	2.67188468940744e-05
0.0402786903510026	-6.96407444067059e-05
0.0155947831246637	4.08882514128653e-05
2.49552636898126	-0.000544374291809193
0.711076412228566	-0.000311494014053706
0.00135491728347093	-1.29840830720306e-05
0.367940695502933	-0.00022079506930453
1.26176998442862	0.000379395478444183
0.241494661567555	0.000185432483532154
0.0145578562226468	4.58765008758748e-05
0.136009870209153	-0.000124134498398339
0.992925587340285	-0.000369489282594141
0.511844175087325	-0.00025060581655248
1.48701763232061	-0.000422265529247949
0.0791143756242407	-9.96393786376996e-05
0.210482503482471	-0.000158279398466307
0.0113613427245059	-4.05683197498426e-05
3.38026319792972	-0.000698186821963802
9.35546901261219e-05	3.612208985958e-06
0.00804657008276503	-3.6125247348936e-05
0.0618374894821867	-8.80169653797219e-05
0.189229724105193	-0.000137921192615994
0.0415932780042313	-7.18411675272005e-05
0.295477387955222	-0.000169871368189712
0.978336749267221	-0.000323661615956236
1.24272422569023	0.000381310607707856
0.225853370638054	0.000217031356687436
6.06016507971303	-0.000777475461317957
0.204925923387148	-0.000160923955952294
0.133944425921531	-0.000132283719023132
0.792067701188066	-0.000311476867239513
0.230103395154671	-0.000150983669152026
0.974724976178752	-0.000359276068041866
0.247109670574475	0.00017242370961571
0.0610745657418572	8.64281016668431e-05
0.99112612695245	-0.000387842669163362
0.646226356443558	-0.000259839925994441
9.64875379482594	-0.00126179214330307
0.407592266271586	-0.000246128822805449
0.0119506786552335	-4.1534392682755e-05
0.0445957615627451	-6.92280257407636e-05
1.44754425398501	-0.000422887091906968
0.822786929362043	-0.000357207350817794
0.140760282027087	-0.000134910529658241
0.740957064851859	-0.000305876898430535
0.0766450764654145	-0.000111210542796353
1.16958301782581	-0.00032041125096669
0.405611281799871	-0.000230123103553545
0.0868420307890314	0.000127483338527882
0.00313257740534081	-1.65099301872007e-05
0.33687232130738	-0.000209678446131097
0.713397237694904	-0.000305356618675563
0.679421993179217	-0.000314419977743062
0.038486452973186	6.40259387365806e-05
0.307281216528139	-0.000192283867692188
1.48880330308833	-0.000385374521810651
0.0241812570461549	4.66742921306191e-05
0.608385315831638	-0.000339318472735798
0.252623730152102	-0.000147647166533181
0.310138634449691	-0.000188484153664771
0.36412492686821	-0.000181337947102056
1.07974319310334	0.000337544013828259
0.985287025575825	0.000312349840846593
0.949938035660423	0.000288917134138441
2.67375601232795	-0.000626868264278918
0.226366795458187	-0.000162976459722202
0.00390828314507637	-2.34111278523157e-05
1.40273987141853	-0.000467541720210305
0.0498454226626848	-8.21387723720996e-05
0.742844702801037	0.000299598274771861
0.683620230613897	-0.000271115131113248
1.00744977122905	-0.000343413899263354
1.21767951063543	-0.000436214594379208
0.000418438832270385	-9.10124360926359e-06
6.65977714252317e-05	2.72189769009846e-06
2.27898682884418	-0.000479463729293333
2.2195624404353	-0.000480389003546868
1.2488017996017	-0.000408285708406364
0.330857045760227	-0.000204356249347339
0.0361474366601398	-6.25468736794803e-05
0.0816394730648586	-0.000111337032072334
1.46892821319208	-0.000410341850676779
0.0303784778504283	6.71574663500954e-05
1.77362958769617	-0.000505727195758256
0.0528623892222308	7.21556385286759e-05
0.113747889533785	-0.000124927720081364
2.74324209736361	-0.000555760730113
1.5195804195787	-0.000464549766189133
0.0938903020361867	9.97707855090053e-05
0.0195564206671076	6.38132692800015e-05
0.020817409636092	-4.02566014783122e-05
2.33308674692639	-0.000471652044461903
0.0183884524258717	-4.33496078290081e-05
0.00336117925378191	-2.06907715772326e-05
1.84165577137393	-0.000485111527000284
1.27762366034452	-0.000373224223946168
1.99833843266076	0.000647543510129591
1.20713247589993	-0.000316414668865517
1.69969928983957	-0.000478496202130548
0.468854862815279	-0.00026006770479853
0.741756936378881	-0.000318747948754501
0.052763097833107	9.38653216904333e-05
0.281278481837717	-0.000180568684665998
0.0587461901691128	7.64459991811748e-05
1.45362220824181	-0.00040420585152508
0.0421175487502389	-7.56733264316992e-05
0.190902515059297	-0.000168966488522709
0.376959576664455	-0.000217643189293935
0.648325993354065	-0.00024917545631702
0.041436012158564	7.89564716489172e-05
0.04037176070606	8.67237423901959e-05
0.00168399020108809	1.30097992915674e-05
0.357629574435024	-0.000204159835783296
0.6717998047637	-0.000293445947053057
1.18128497884363	0.000425256219637581
0.81473543080457	-0.00035783632348281
0.00911813116863889	-3.11558569467736e-05
0.0135652072096893	4.56797272081737e-05
0.0443445170522715	8.29075199995748e-05
0.0532540091146615	7.35213606943774e-05
7.06417762347024e-05	3.01747083327704e-06
0.0442259484925169	-8.02979914985161e-05
0.0838102488073695	0.000101292826856205
0.000661665847518146	-8.65733932714244e-06
1.88457098156794	-0.000514708217847261
0.328766147523358	-0.000208231425980764
0.0300265071774477	6.39010744439904e-05
0.622251144266005	0.000228332109448587
0.318118443872863	0.000214410834154872
0.848987894833778	-0.000324752574920648
3.90230189785108	-0.000746927609751272
0.23448934370835	-0.000216308675614362
6.80286454780771	-0.000944951033954144
0.886914829463979	-0.000357036110419408
6.11267948122055e-05	2.8037636020841e-06
2.17694596335382	-0.000465343784365657
0.347490875997147	0.000216755780010611
1.68104602419467	-0.000476981259382804
0.0107659383993265	-4.0836101326256e-05
0.490919490028056	-0.000257612676829721
0.00799321457413155	3.28313080931945e-05
0.270073389077712	-0.000189748656844274
2.52948314678306	-0.000565115894979345
0.527386563035514	-0.000262120548749127
0.0955170914565948	-0.000126733624798856
2.61501423762374	-0.000625194267513148
0.0198084679151119	4.37092319349948e-05
2.17455231851484	-0.00054852191920606
1.47387968698735	-0.000476776491746216
0.168944920617238	-0.000158537351037739
0.519650975122967	-0.000250402687940752
0.0980077335885512	-0.000120008975451665
1.62474824027281	0.00047152948567533
1.55880513347327	-0.000474455882797357
2.65072421992708	-0.000642209064792286
0.0160692713331321	-5.30561537636596e-05
0.14680010080233	0.000160219048605725
1.43436934772221	-0.000354106123275686
0.87344631713312	-0.000403464744129585
0.24152542637452	-0.000202346120521441
0.704218722697082	-0.000305104279850188
1.31532927100338	-0.000416321677257292
0.110783311450857	-0.000116554543281527
0.346055197802179	-0.000199021945217073
0.9323406419852	-0.000335449787027343
1.84255824075746	-0.000521624431541449
2.92612072846593	-0.000556487631675283
0.0156460548739361	3.80074857439494e-05
0.396401158683628	-0.000211904548604715
1.45609893311907	-0.000476282292461604
0.576731721121677	0.00030792850260366
0.0462999365097585	-8.88282301170985e-05
3.09668428018007	-0.000621973245206748
0.560558071142355	-0.000320871643311949
0.396470139632332	0.000258821298607555
0.765359239945838	-0.000337859168164068
1.78601903710919	-0.000542810607463061
0.820832874139988	-0.000319324100201643
4.56747227038812	-0.000738050028755282
0.00908774892039323	-3.66236782383828e-05
0.180594767719882	-0.000135977698776349
0.530300259236176	-0.000225266106003648
0.256643696129378	-0.000189134503222313
2.04574030578353	-0.000594499747483689
0.107691919982829	-0.00012440837760343
1.74142123220744	-0.00058720525337952
0.100999793198028	-0.000138441446840245
0.253619796827266	-0.000155051520029848
1.47376075019309	-0.00042966794307874
0.988406689587095	-0.000314567606620183
0.837605084016161	0.000351769895055247
0.889782581890136	0.000341886352620779
0.595527025482619	-0.00035147788174881
1.15902819831097	-0.000390062427504501
0.142941172816706	0.000137304836956517
1.06878036556782	-0.000410026412901701
0.019134713529917	4.53832913018554e-05
0.0946737082462979	-0.000102502465864373
0.331372279280736	-0.00020562537194872
0.200318392485904	-0.000126039936735989
0.437573627326075	-0.000245352553775827
0.251502875428405	-0.0001963277825329
0.320833570415262	0.000193911333017959
0.207344860129211	0.000178801883440073
0.0743299764699003	0.000119508572628954
0.874670335120101	-0.000356553284850969
1.14982105897293	-0.00039538424647628
0.779987935998714	-0.000317160763440274
0.0475490706358198	-8.44338550491997e-05
0.273779962421455	-0.000192564363116782
0.269100135885053	-0.000231912003296144
0.0830962131059447	-0.000104198437742365
1.11949719499123	-0.000376802416860209
1.31896311095647	-0.000418877098791949
2.28661811784174	-0.000643537753513088
0.41336484946947	-0.000202335082299359
1.14471511421166	-0.000368992602812811
0.0808383382629539	-0.000110710795522232
0.127988743696273	0.000133805176508471
0.0672261976989369	-9.20292242232442e-05
0.12531052232825	-0.000123298667821128
0.097108025792275	0.000115437033203599
1.43154181143289	-0.000438809269802236
0.320270126358306	-0.000225227678473253
0.0132153416292712	3.8392821105033e-05
0.00157237179127562	1.30518671923226e-05
0.0199134890240243	-5.11865620486565e-05
0.171912384124098	0.000131476308419831
0.550749508599125	-0.000268544237616185
0.130529673256648	-0.000118460040045942
0.188274704650568	-0.000176596720539472
0.55601222883385	-0.000249535200742593
1.08707600360458	0.000330730942343415
0.00199737434891552	1.9657828662018e-05
0.161307106590986	-0.000145972294572047
0.466154281390048	-0.000287443921019333
0.0741480218073114	-9.3925181760262e-05
1.13047283537085	-0.000344084830061456
0.00143366647069635	1.50092458815854e-05
0.274980404932204	-0.000183538685897594
0.194731276224235	-0.000156127929443797
0.0010283091174932	-1.14234500768496e-05
0.0293117157793682	6.11819199886183e-05
0.351749921639587	-0.000222225724825383
0.346833518645914	-0.000219653505747985
0.478739279277217	-0.000240933968916278
0.000287150036574185	-6.30533044994948e-06
1.62477956731068	-0.000384559453497286
0.532917401527718	-0.000276267586263862
1.11362882814144	-0.000446202190399784
2.34648554778522	-0.000503976892802362
1.25100499480507	-0.00046954819708429
0.00246996601300015	1.66088000222025e-05
1.47065147400855	-0.000453690731914819
1.92651797802211	-0.000589388811604092
0.321213656324735	0.00019108502542365
0.0202766858703963	-5.90108688285326e-05
0.436834925392373	-0.000231954183227258
0.0179687161540165	4.43704666983899e-05
3.24007887373996	-0.000631252626695043
0.00331530118636183	1.57747255913692e-05
3.62772652184769	0.000717099606979185
0.00908032536744464	3.17463224639315e-05
0.138605396777245	-0.000160737441485802
0.216045917462719	-0.000185756824026764
0.143958143870493	0.0001278532258461
0.136264537292033	-0.000112018806875513
0.146265098714351	-0.000109217864307626
1.40693088225694	-0.000391312354348203
4.88531187491621	-0.000755711566764967
0.0907847444234858	-9.52847502670211e-05
0.206464441325408	-0.000160691456169828
0.372697604515666	-0.000212117739817435
0.389817991436301	-0.000260342070623472
0.159045317560937	-0.000140279194633636
0.803768014338768	0.000266586022779296
4.40813480854374	-0.000886933496456115
0.832994347453423	-0.000355027738819202
0.278551504824926	-0.000196168443479198
0.201347833424322	-0.000188512760018838
0.0364818545223313	-7.26126178901125e-05
2.13514920493362	0.000570248454633906
0.239180522303406	-0.00016656983941472
0.436152997018917	-0.000207416831727431
0.908574238162908	0.00038810551565905
4.94078105964761	-0.000911918176012552
0.0681628209972102	-9.77207840953375e-05
0.926438149122553	-0.000361322335465671
3.45699356483171	-0.000613674388504781
0.00861680168652737	3.34365069127401e-05
0.00676114060587468	-3.49648964163687e-05
1.16105706561453	-0.000440844057891517
3.02729703504516	-0.000753925545221494
0.00077230787993586	9.99944531486899e-06
1.74893486381949	-0.000562859279382873
0.0798054523954131	-0.000101308336903189
0.235429843851049	-0.00017835285032385
2.63439116092005	-0.000593392855934003
0.490367351960698	-0.000220191288614344
0.041312074532673	6.6728896702007e-05
0.0466717748652345	-9.24548057244255e-05
0.458902092281005	-0.00026492065376185
0.620167225848144	-0.000302981428662821
3.53944508447696	-0.000555385386927392
0.826464709271753	0.000304262874131777
0.000821906512243088	9.87853453092853e-06
1.82475045177637	-0.000494178933942647
0.00640124454122594	-3.48637275936094e-05
0.000994221940057927	-1.08788544235397e-05
0.000286016535320825	-5.49488827606122e-06
2.35411821322094	-0.000587738436117558
0.320277714601734	-0.000176033321759326
0.00055590167786877	9.11373547542353e-06
0.218315064003397	-0.000161406786096684
0.961826778282634	-0.000353257207159385
0.409063465072597	-0.000206906374177499
0.0170891487333278	-3.98267737322796e-05
0.681229896193241	-0.00030538629423985
4.05022197665334	-0.000713745863005812
0.0105852277500068	-4.05922608916476e-05
0.0144451433680834	-4.3130030655961e-05
1.11773744473934	-0.000421127949014762
2.99231079001349	-0.000674485533401379
0.728912113607686	-0.000294708689844411
0.0488285584629321	6.14876026192852e-05
0.104382134884599	-0.000115918654049581
0.0122580745122713	-4.17538238117253e-05
0.0453163729884145	-7.91942214623554e-05
0.820729541206977	-0.000349810830483165
0.810020745638688	-0.000308969625201891
0.0606290138045216	7.50837446913112e-05
0.247192873196599	-0.000211551720492019
0.0558742034231214	-8.53712952548349e-05
3.40299406908065	-0.000587004141205811
0.290454643266614	0.000189550417502444
3.38838732224402	-0.000605432245942175
0.00151175126799203	1.43435069371563e-05
0.47332873312768	0.000254849478585207
0.244389500377409	-0.000189577816439653
0.230769885210746	-0.000178355602846853
0.684923431147956	-0.000301683636225374
1.27408032017995	-0.000383666771694349
0.0426558904643751	-8.11091316705221e-05
0.758859396041329	-0.000298108440630888
0.0217193333543652	5.45961022727664e-05
1.79967349028784	-0.000409169635371171
0.0566560754363924	7.96884712234117e-05
0.0728328752070811	7.837647735764e-05
1.01915976305962	-0.000362784821258594
0.780964600751983	-0.000297093658034721
0.311588871581616	0.000179511119282473
1.11142783853741	-0.000383375249169671
0.0891535904980068	0.000100317857283714
0.415220207984535	-0.000254667067954261
0.122669592594804	-0.00011073947245228
1.09552310548701	-0.000417063633462882
0.40509024101602	-0.00024396631074497
0.87309960088506	0.000346985289863237
0.82672062847733	-0.000381763998132108
4.83739996091152	-0.000955177645234077
1.33174690307383	-0.000433889078029509
1.68879710347908	-0.00042683740748184
0.801107960101707	-0.000297614982627334
0.719504103250494	-0.000318525527479695
0.00524450815448498	-2.33646292494906e-05
0.595639302315157	-0.000271679197548403
2.11442291290937	-0.000420481865306539
2.20819930027758	-0.000492758533826674
0.0161127408677099	4.50339456238647e-05
0.101121712860572	-0.000139250627861142
0.00013334934872119	4.00023225988058e-06
2.51132827509665	-0.000547344443470609
1.50128015461802	-0.000386861397965884
0.27382134541048	-0.000194302131193377
0.422119590629455	0.000250579568246151
0.000514424193512374	-8.78879541568925e-06
0.626781468282405	-0.000255651551909054
0.108151359471807	0.000126981844367343
0.0345160779130609	8.24026204194993e-05
1.97183414645446	-0.000457114298601913
0.560945944086035	-0.000208719658643432
0.0339921886958044	-6.5012939085514e-05
1.65025861018075e-06	5.17918001086743e-07
0.0203867185975987	-5.42652270298882e-05
0.236198450458898	-0.000180123127048392
5.61543101383091	-0.00095432177268531
0.0215839575727964	4.56157126359553e-05
2.06007867014332	-0.000461401707141471
3.90164567534724	-0.000692829329032378
0.602342761943042	-0.000337116828423832
2.04515042670368	-0.000487893550468998
0.165869907153447	0.000176162240430065
0.85861968660767	-0.00033482399576423
0.451506529510431	-0.000276407789744492
0.00661994961052999	-3.24699442374397e-05
0.482825276516703	-0.000229701861580937
0.0337789058317164	-7.43043238931629e-05
0.330490565617822	0.000217528601993552
0.671484804919976	-0.000252289240972487
0.000672944178699561	-9.42821676995359e-06
1.53303598151408	-0.000503638491771718
0.075081632553903	9.44169583014195e-05
0.609928949831038	-0.0002601142705371
0.0701212858211427	-0.000102325360131952
1.83835865178612	-0.000498899813497108
0.00677738270382574	-2.90346916749901e-05
2.1542590639559	-0.000486168545311177
0.094226821189377	-0.000105414806781048
1.55162157914834	-0.000490912668186946
0.711296248681453	-0.000346603201416171
0.411811674420099	0.000178603619851551
0.763143898513637	-0.000338952773903759
0.641055917123141	-0.000337632494912366
0.150136231989454	-0.000141735206582951
0.611452261382982	0.000253271781653815
0.00125037027977537	1.23470628208684e-05
0.0790657725253288	-9.8610029201996e-05
0.0207397564873359	-4.84756146371396e-05
1.64058288917192	0.000496324026628746
1.29230255564638	-0.000453143871025874
0.0232041243150706	5.02636042532384e-05
0.109908014250063	-0.000132539913416686
0.611819075581937	0.000332768516896485
2.59733595395655	-0.000604864441297256
0.145955785350543	-0.000118281881042335
0.866075929314905	-0.000230533962287834
1.1100804469264	-0.000306291572378353
0.741698360026132	-0.00029861552106568
0.379510507543656	-0.000231082969928642
0.264370886566964	-0.000202940782413282
0.524524593362212	-0.00026322321891259
0.280065902758495	-0.000206968977171504
1.88923519140596	-0.000545994574775726
2.55044593958702	-0.000505658466885211
0.151244936471685	-0.000117920041011094
0.96025656737981	-0.000409012865294888
0.287018287328379	-0.000170690068378618
0.0194604117966122	3.96143397770363e-05
4.82670147104359	-0.00073137269216734
0.468310326080977	-0.000259071005810761
0.119549041398341	0.000136719806817839
0.00995106474138857	-3.48072345970375e-05
0.221764733536426	-0.000165753081142723
0.150992270295833	0.00010340583407782
2.26493250706908	-0.000564498405766563
0.00748615858875503	3.21107957149279e-05
0.305616795687915	0.00017587988358027
0.0565204248345553	-0.000102545476191765
4.56802798094622	-0.000818937006571499
0.461978842426878	-0.000268519003653884
0.14050179787884	0.000131980334833824
0.198131892242445	0.000199895748029605
0.00500522802382173	2.09276431516044e-05
0.0238787352585779	5.20099342944719e-05
0.134768793076282	-0.000122606275730248
0.568740782627563	-0.000263491653312864
1.35703093846131	-0.000417221019504672
0.000197985275753974	-5.35748688611395e-06
0.310365213759467	-0.00019929022077701
4.43633401190156	-0.000790361382054561
3.15442015557547	-0.000663572018096722
0.24945400162025	0.000179720546012603
1.08039032571462	-0.000447159621310672
0.0255506913124954	-5.41819395879342e-05
1.23995163163686	0.000393176177839943
1.02603838934909	-0.000398550766550957
0.91096165008849	0.000311767117904297
0.0920369364642628	-0.000113688958558847
1.46037762404202	-0.000465022997271522
0.489782436153441	-0.000252440915703967
0.206685360016565	-0.000177501636114285
2.53436095707549	-0.00069233515238296
3.80677635943871	-0.000697847866401372
0.638528097907667	-0.000334221417797116
0.629095059536313	-0.000256859153280379
0.026415388747442	4.97160696709213e-05
0.84477967479875	0.00033854977741597
1.02238202591086	0.00040984711624423
4.57024355240849	-0.000750903622894419
1.8312112073562	-0.000523424342129815
3.20427078248848	-0.000662671245721692
0.0554317933909628	7.80084330665787e-05
0.193237975628368	-0.000163999487492398
0.365781061322852	0.000207040424085991
0.0101519859463004	-2.95856399450889e-05
0.0309249033339576	6.40380071590669e-05
0.146285662636736	-0.000128891448753266
2.08756353267391	-0.000604971564812213
4.11080187767598	-0.000797054640271817
0.197191615353816	-0.000182448419812016
0.741305473035139	-0.000262560736914324
0.290161441313808	0.000207638750919739
0.148055110193317	0.00014458343800595
0.716821352812184	0.000284078272552353
1.84932521590026	-0.000537918391774187
0.0359752935893042	6.29749521967031e-05
0.819511651223087	0.000352394081706072
1.38164679693784	-0.000444381976533679
0.183859963710194	-0.000154372257988768
0.817592465756165	0.000304762329727671
2.64433610786438	-0.000564185579699268
0.256060279885364	0.000248356319086632
0.355484114646186	-0.000204890553806807
0.0425540978291842	-6.75616402379298e-05
0.459174321881344	-0.00033521802904561
0.00380270505389597	-2.01220406424016e-05
0.432261487289202	0.000188410999674986
0.0334666046148601	-7.57435064563834e-05
0.0114071104110512	3.44008118545958e-05
1.12663185188001	-0.000339989025313802
2.13024285938209	-0.00051272781630929
1.93654015008083	-0.000451346172072756
0.35625401320274	-0.000185681299785345
2.80649354882387	-0.000757591461433367
0.154119176336507	-0.000122271272845956
2.16413964149717	-0.000527056108959684
0.0311406538960697	-7.11385075623697e-05
0.683755015945981	-0.000317275178533614
1.45429584052338	-0.000351167790810646
0.108525101881135	0.000132641844863233
0.626668310066044	-0.000327007464821656
0.0367214200226854	5.90210754409207e-05
0.248337285315478	-0.000176816121651423
0.544730485513673	-0.000249835435859219
0.263669515566158	-0.000179138007839235
0.066412339406314	7.99999524555018e-05
0.0623158297172547	8.2443742261807e-05
0.368122056037968	0.000186989895836213
0.0734134566279662	-0.000109946988823463
0.980068180469684	0.00030388285632746
0.654922463911483	-0.000283817230746568
1.12784863369409	-0.000402533890582688
1.46697628635957	-0.000495132661470392
1.81299280887598	-0.000486901012850308
1.88576658859205	-0.000541911905529127
0.0193421099143038	-5.647136675939e-05
0.0540865524732011	7.90260903371141e-05
0.137452628229623	0.000155837595420057
0.240923110568569	0.000237714949350746
2.23561508063811	-0.000595119376328603
0.299167539517748	0.000192166539242904
0.00327388828865087	-2.23543297868003e-05
0.0996277882785076	0.000107389394180781
0.0915693144632575	0.000108241078014462
6.40268936434863	-0.000809258089009405
0.623850740263188	-0.000268799148654031
1.51926290281572	0.00055356292270019
0.108680274673191	-0.000134848984704906
0.337025281293698	-0.000223944187589198
2.99258039151847	-0.000562106681969303
0.0874748905009468	-0.000116155176474761
0.322444650356365	-0.000191350763304124
0.115340941756048	0.000109982692397874
0.139822123667212	-0.000131031345669075
0.00237275190090443	-1.60130509366902e-05
0.218802877369272	-0.000142434711092513
2.46935572256266	-0.000548898393945074
0.0713378273804836	-0.000104049250372505
3.78695637635842	-0.000827321213612035
0.90518870184102	-0.00030924490486203
0.220713915055209	-0.000163770150205698
0.14846891983505	0.000156346663248854
6.38359734421947	-0.000791355723303651
2.69059412525065	-0.000637550572831379
0.867072878185528	-0.000336523295994969
4.68210819681096	-0.000741122702815354
0.892182008121026	0.00033881658536667
2.22387392759993	-0.000517229159237418
0.0811538656345886	0.000125220607434296
0.698856742975602	0.000268621015018569
0.513438094123689	-0.000245840445047693
0.83837359012537	0.00036008421698743
0.00292510077888063	-2.05790203882575e-05
4.95244685775299	-0.000882686434326361
0.036545554084326	7.35912390448921e-05
0.491552540362591	0.000250274347510507
0.930189944767682	-0.000285146476650541
0.650496050600487	-0.000270861895574368
0.138452937865801	0.000123557417415707
0.157606697167939	-0.000143496960407915
0.745444900024279	-0.00027138252294885
0.331163657111486	-0.000185752750123753
0.114544431301336	-0.000124317118854095
0.523501441363158	-0.000286222283916324
0.341780244183433	-0.000209736495755618
0.356583207805953	-0.000225581370673264
2.15108252954108	-0.000463167743549158
1.9936668864312	-0.000493682408413673
3.1118046336304	-0.000620762048987747
0.705229253683811	0.000287013016108421
0.490638077925722	-0.000281936424107816
0.565537185328003	-0.000266284675185642
1.82143038519527	-0.000490557255005426
0.483519958401649	-0.000257415434251481
0.529156101922984	-0.000281946640104002
0.884499899200278	-0.000276963726477031
0.0616576237129252	-8.74291680338019e-05
1.71155904961121	-0.000470884171747994
0.00633791990468188	-3.07293719358307e-05
0.402484699252659	0.000198820569951269
0.506116240686103	0.00026388417787089
0.0424984237688968	-8.0087825617364e-05
0.185315956666803	-0.000154537191341003
1.46387551902331	-0.000419329984707683
6.43027430808895	-0.00106209430860419
0.0207458834539223	4.44795141051315e-05
0.893713903681049	-0.000365152891354116
0.209068824151179	0.00017592220696643
0.7074636356144	-0.000269330250714834
0.0746260687080905	-0.000112459641900489
0.701271934061359	-0.000280857514298851
0.896691758687701	-0.00034611482254118
0.183495510422512	-0.000164730431240943
2.12252716150988	-0.000445340905197609
4.14886479913011	-0.000676038145753136
0.00572930921352436	-2.66810214221778e-05
0.944548420106055	-0.000367377201832281
0.105881393755089	-9.91443051258138e-05
0.085099142844694	0.000120282497383416
0.359685198522693	0.000226963211676727
2.12038568456653	-0.000513160238223983
0.0531018049519698	7.4643265960816e-05
1.50924390854791	-0.000433153043233932
0.343568807630008	-0.000206773520881232
0.135660157645096	0.000114300055905867
0.36780856032411	-0.000211886118595719
0.26893254022188	0.00019990948165386
2.23129474544634	-0.000583195613493279
0.00480145679066397	2.32768528516163e-05
0.449111621731777	-0.000212947084020579
0.0895630562442263	-9.41338134662133e-05
0.0555591031046307	-0.000105155197891803
1.6641815592361	-0.000440818619492381
0.000304463802502285	-6.44412998271837e-06
0.7238948840874	-0.000252956141441538
0.939973600883686	-0.000353125515975263
3.61711605456774e-05	1.96013548178916e-06
0.00130353119559928	1.23607939572484e-05
0.205639844593871	-0.000195758862718103
3.89314435842847	-0.000724074027120074
0.0430328052486815	8.19173163720071e-05
0.363864064159006	-0.000193691099099015
0.829784778226787	0.000311101046281981
0.609882690251341	0.000302444591715086
0.150738249645352	-0.00013028216746025
0.00370110219799957	-2.38267624647095e-05
0.667107284020431	-0.000295996879175861
0.937605032485822	-0.000372519568961962
0.920415120624304	-0.000319354392157595
0.0501693962930726	-7.80309440973909e-05
0.149572220615142	-0.00015047011833098
0.503114452824933	-0.000263370381970313
0.705624886840298	-0.0002619660654126
2.92302159525133	-0.000637392584831366
1.08406500814883	-0.000381441442824127
1.38838946768281	-0.000417712986609774
0.823913256889114	-0.000325783781336158
1.24514512108668	0.000396730794715792
0.0226692039285409	6.28046898721779e-05
1.21097270548693	-0.000415966563630044
0.337393360510905	-0.000202900861974698
0.153659281114527	-0.000136648855002952
0.361676863109083	-0.000237684626569099
0.0487824335689202	6.83668042571607e-05
0.0248037081079601	7.15412881555324e-05
1.63359053760292	-0.000470896161323407
0.123686855395103	0.000138944709610703
0.0130460663743338	4.24706058010688e-05
0.12533067341709	-0.000127045538880264
0.626916776782675	-0.00028089337291135
1.14502312840364	-0.000407172735182747
0.376536116271684	-0.000236096654089348
0.196370417545193	0.00014693122223377
2.1893133490856	0.000595344184752073
0.0108176617251634	-3.1434961262172e-05
0.675048110475471	-0.000254969081613653
1.66841892831065	-0.000417539566184233
1.74417205142606	-0.000414856412825974
0.483329929469292	-0.000272637018675909
1.61600594093277	-0.000447596947572743
0.152068617636375	-0.000163986254236567
0.00799979237450971	3.23396745903182e-05
0.0670975219228298	-9.96652927674567e-05
0.365814222378833	0.0002305254664196
1.25729151875499	-0.00044363806367545
1.20726886354488	0.000352216129569641
