R^2	beta
0.351975303757153	0.000197223267114222
0.0140370308254229	3.68951214192679e-05
0.154740225860587	0.000138731687313432
0.0752121570754895	0.000125099175294468
0.204731202505548	-0.000132408743232904
0.468598765328112	-0.000232022365545205
0.00438566255045555	2.13412230639137e-05
0.0594510052092642	-8.99220649909634e-05
3.00285908237841	-0.000573127776668167
1.71362113282038	-0.000507884558120974
0.289290987236967	-0.000203676001843324
0.390976616034068	-0.000247271104883449
0.0965202479409165	0.000145066864302222
0.251567017118838	0.000173390537019019
1.17125543333382	-0.000514912910954549
1.33943716961685	-0.000322847564220454
0.0180420724447612	-4.34853303212349e-05
0.901769771733771	0.000305770746917752
0.201214378473645	-0.000160527245328688
1.03470153519334	-0.000390377061586886
0.0447680188883944	7.92061758563969e-05
0.0332417457385953	-6.69358063713757e-05
0.570575873381927	-0.00025956599628012
0.064444684036702	-9.86465576221062e-05
0.118784145880161	-0.000122342730496189
0.0610872571131277	-7.26894757152348e-05
0.00185570366898508	-1.479944360148e-05
0.929189135645635	-0.000328064308362816
1.70560514428387	-0.000462400661027304
0.00286095464157824	1.97795207530961e-05
0.787020026274853	0.000281692613646552
3.52658477422404	-0.00069758318009122
0.0255796553090721	-5.53032439531905e-05
5.01438250741669	-0.00076440481759036
2.04363147187387	-0.000425658089148141
0.132283548087275	-0.000118682207848003
0.786861036901653	-0.000310351586692374
1.72462342451458	-0.000460495551849325
0.192779632342245	-0.000165537492560586
0.31381033927932	-0.000193943307850518
0.808307246861839	-0.000294448740577696
0.461540686930555	0.000240276064935295
0.0682700071614155	-8.51686212981971e-05
0.0813612791833569	-9.67897772098887e-05
0.0402084778389531	-6.70920235446801e-05
0.557720668361812	0.000233320673969925
0.160740819505008	-0.000143311406854705
5.47934750395702	-0.00093405350598552
0.195705011478233	0.000153046889601531
0.0194942186405851	5.02996674715983e-05
0.0506868466786005	8.75832629919662e-05
0.875392256257501	-0.000297526806023763
0.223014515048414	-0.000154800381620314
1.16303365477038	0.000348568393820764
0.231226125444957	-0.000199833526335002
0.39981957257452	-0.000224482560654365
0.0140629661104296	4.10001103074214e-05
0.0235551240884861	5.78816746900904e-05
0.191118513187891	-0.000166775259050715
3.18191218865703	-0.000698056393928894
0.257292665905594	-0.000170540228543283
0.0829645817433958	-9.51647662400434e-05
0.194351120037966	-0.00016251031674193
1.65010636904816	-0.000496047549191112
0.36720104337416	0.000216198558137879
2.69740065466293	-0.00064106602454856
3.49884361657115	-0.000762244323958947
0.0743559442777958	-0.000100041100314875
1.57192401709763	-0.000492112409933084
0.549119773237903	-0.000279598397644959
0.0474405218142631	6.95793321771341e-05
0.0121663846798437	-3.86095015950527e-05
0.0148982059049976	3.92317821026915e-05
1.2299756497574	-0.000317932736679058
0.265573122399189	-0.000224901296418148
0.0490187212688427	-6.44584305250371e-05
1.21462648115071	-0.000422495132592437
0.397109606454001	-0.000254279087208585
0.0789873394748101	0.000106370916976458
0.724938777393876	-0.000251747235485477
0.0227931878499246	-5.88968297463235e-05
0.389994363697469	-0.000235347572522503
0.235456118898383	-0.000176082932092783
1.22336864927008	-0.000502077829929782
0.147848296912646	-0.000161620110637801
7.956038481247	-0.00108033786411329
0.0277327496523916	-5.97149657502378e-05
0.00226195905931154	1.61251111354473e-05
1.33900026701553	-0.000420558258021703
0.200750959840855	0.000154785850452273
1.36415211700797	0.000395852403815198
0.70563065185078	0.000298602274850019
2.11328105535334	-0.0005196662647808
0.567100821791781	-0.000278444008987286
2.37721839766589	-0.000477230526978806
0.255906273791448	0.00016227512237331
0.00400390834621037	2.2283169897362e-05
0.601345512193353	-0.000296082769538797
0.329546289167507	-0.000215887452361436
0.260340207926009	0.000180139520370233
0.750381540579743	-0.000312411749028914
0.148097244718082	-0.000146455475634145
4.17443051790157	-0.000710371163293096
0.345118206942832	-0.000202622292158324
0.232316614379426	-0.000168515754975534
4.63814876570465	-0.000858558198179488
0.0578280318677206	-8.4844240594527e-05
0.557274982683555	-0.000302462367839038
0.0442041998020497	6.31731896898554e-05
1.16296739319581	-0.000353991896876659
1.12595304137273	-0.000398648967331507
2.02016354919161	-0.000434734433676558
0.191973468730893	-0.000129638646922053
2.8027452776213	-0.000618288986563138
1.73082329216764	0.000477765305451836
1.56850384345567	-0.000472121317370919
1.09493380458706	-0.000408339789821975
0.017548464188511	-4.86971319878033e-05
0.0215398897721107	5.95299297601483e-05
3.88631361285882	0.000684101708320239
0.0850899510311681	-9.38805333424012e-05
8.66160939956665e-06	1.08356596176746e-06
0.404915662837943	-0.000203705554225755
0.146090096266068	0.00015711522644178
0.158101815598036	-0.000149308930909084
0.495176855751967	-0.000240906427790729
1.55290611401566	0.000487011771641796
0.074406018953696	7.42386194672791e-05
1.30919183668691	-0.000431877811262318
0.0255154522115491	-5.29456287795632e-05
0.777966577730729	0.000277590115849173
2.71765879642752	-0.000598208785199798
0.0216883284828751	5.79715550293029e-05
0.0196293278065269	-4.74953311061087e-05
0.00050510649954817	8.42653552231345e-06
0.515876321607626	-0.000240633367007596
0.401954186057556	-0.00024107188683608
0.273937550223211	-0.000175542947579028
0.206829574286357	0.000134729970889199
0.370730353280391	0.000221801562352246
1.09864970863783	-0.000320453261085906
0.0952242203234627	0.000101066333420657
0.677979726233112	0.000332504725592789
0.129838014235132	-0.000118346423746771
1.75722507064721	-0.00043330557250074
0.129290497010717	-0.000122693522877333
0.0156923787907572	4.28733379326267e-05
0.806363942156537	-0.000282453881792417
1.2925811706378	-0.000451032586915411
0.629840671489561	-0.000316590027585148
0.0224646739273924	4.43374415967531e-05
5.03408264322857	-0.000819037797819784
0.0329088432305693	-6.62557661549576e-05
0.0806050977461435	9.38462916218694e-05
0.967243711930996	-0.000338509000497357
0.14181582800184	-0.000135662666421421
0.105832686333854	-0.000119512270295171
2.61167842759554	-0.000499730169199427
0.0150406359620238	-4.47788051903957e-05
0.729531424507375	-0.000273395231952975
0.221361063052248	0.000150721645145027
0.636050794496738	-0.000290971204018312
0.171679499402074	-0.000131231751884238
0.65427647212993	0.000256188227125422
0.0236228313750174	-5.47104337941171e-05
0.542486158266582	-0.000269727525733092
0.0712781296790959	0.000101572456438098
0.590286402843507	-0.000284329495838061
0.2523910596133	-0.000243413905112224
0.100974211283825	0.000106118882924878
0.00526126006696642	2.33697014898807e-05
1.55738710534665	0.000492981781725836
2.46698842319526	-0.00056814124350939
0.634248929916317	-0.000310664580074252
0.888328752751796	-0.000401504225874583
0.0662208575532613	-8.85122248864109e-05
2.74372704136917	-0.000676975557098266
0.117126412377027	-0.000107831403167595
1.02300054653579	-0.000296927899769885
0.0930367680787739	-0.000108695744115252
1.24400051141085	-0.000437141049465667
0.544837463609941	0.000234730160646407
0.747513768167305	0.00029407474324016
0.633498169660106	-0.000285972170366045
0.151097215443715	0.00010936127190929
0.541411412158351	-0.000287811015306693
0.0750020431828327	-0.000104968017949928
0.227470590328804	0.000186327168157223
0.173855688057349	0.000167040299709911
2.195981045866	-0.000490794666699645
0.133156587347626	-0.00013040508836664
0.0977053001442802	0.00010387667306354
0.426251027911147	0.00019506474314795
0.35636154699084	-0.000195387232696628
0.564527234548423	0.000275403450507757
0.0100775334568831	-3.92241934111003e-05
1.79016070723836	-0.000401240298235519
0.166080952379677	0.000149144982384271
0.0553362869346546	-8.87110782498894e-05
0.863734253239914	-0.000362345570196855
2.41973801348731	-0.00049764682848164
0.131572618834416	-0.000123969695013882
0.0395351541404299	-8.0479084561859e-05
0.00594139893821847	3.02966181919622e-05
0.228607710922604	-0.000143683373802633
0.305846524448625	0.000168252031630427
0.22341709412671	0.000119366596799969
0.137946232674866	-0.000119501379538164
0.262575177600551	-0.00019219158165803
0.006707850305157	-2.52798303044094e-05
0.122897789637085	-0.000145816725898636
0.452209408881509	-0.000239022202987843
2.22217512946087	-0.000505149936173615
0.0125478467108815	4.19003001844184e-05
1.63673510078097	-0.000456126771929312
0.256481512851019	-0.000168479358132515
0.0913697171403849	0.000105471319681981
3.17609804914097	-0.000537161375323206
2.47675051368291	-0.000485881133462645
1.39777886159683	-0.000363757935711075
0.0505297716805809	-8.31744373686315e-05
0.994606789108724	-0.000348648670430897
0.0309773189289267	-7.96304403395292e-05
1.22532568235412	-0.0003614025196716
0.0599573509401345	-8.63079596712974e-05
2.24308927820842	-0.000517262155778613
0.0088554457217804	2.99795885613321e-05
0.109026831499518	0.00010909172717439
1.16899590371185	-0.000350107369704049
0.0221604035765117	4.96918996757771e-05
0.103335159351335	0.000106722190707788
0.188079111337913	-0.000129397041936511
0.242045782041676	-0.000194209559722321
0.884679837574835	-0.000296433430252112
2.92623204445087	-0.000771071176437761
0.469491642992969	-0.000284585246676009
2.98301023845548	-0.000645179230696786
0.203750854081629	-0.000147146236358661
0.0304449947451317	6.2404019241508e-05
1.75107409997835	0.000596369198429783
0.0743771084926567	8.26535372282908e-05
0.282103782699523	-0.000201085987922533
1.9612145995307	-0.000470999845571494
3.89029054883088	-0.000701553236365954
1.70227971947309	-0.000399839084697108
0.150265002303524	-0.000131256014238673
5.38396653218908	-0.00113784991530986
0.458138370902586	-0.00026043866183326
0.658464039430722	0.000324766806417377
0.666290031236616	0.000315856002589872
0.271406946687171	-0.000169821702622234
1.39838767379212	-0.00038415069196258
1.2582769095268	-0.000331298890781394
2.9294919175199	0.000629980341752072
0.100564314378211	-0.000131388185174693
1.12718752018399	-0.000397290687815492
0.4295603146326	-0.00020186270282877
1.39279126929443	-0.000367632932526202
5.90758478810664e-05	2.75535156209041e-06
0.102691015026027	-0.000115397783410628
2.18778979517951	-0.000499591631254445
1.14861071469502	-0.000362918988130074
1.79712838454878	-0.000483067054596912
1.02738702394382	-0.000356057748519369
4.88788455485719	-0.000780344159535081
2.62504995953332	-0.000559943022181266
0.203849729590726	0.000138133414145174
0.69682083075382	-0.000253241147252683
0.184994751900004	-0.000173246955694527
1.06642359513721	-0.000389980308615587
0.00803785161279887	2.95895395612232e-05
0.30819618038719	0.000199418730783426
5.43142253644646	-0.000918974733881846
0.723212878534015	-0.000288301957928056
0.578583467481187	-0.000240177095774561
4.38900653202431	-0.000744201006280851
0.0666116233022639	8.21825724202588e-05
0.0382680575913072	-6.93227001375707e-05
0.0961934900106186	0.000113349066732073
0.192636474412954	-0.000147487281932394
0.292660679595808	0.000229110436233224
1.01351238585052	0.000316458410423548
1.86592161141209	-0.000519840001577432
0.173603901801751	0.000152507089680071
1.7127011446947	0.000357854189622905
0.0923390383900547	-0.000102389090843802
9.1464351037309e-05	4.37198181887865e-06
3.45368201074927	-0.000613664963960363
7.52514574165998	-0.000930250421834342
0.0211777142827879	5.68993452865601e-05
0.220473610985999	-0.000164143713328394
0.419414775277069	-0.000263000373656607
0.012295578210305	-3.69737621119348e-05
0.88577653249152	-0.000314079030350546
0.0810493708321611	-7.87747514953114e-05
0.0135025294722848	-4.19336514221006e-05
0.0610426344864583	-8.05630400241207e-05
0.216220656683198	0.000175155493778408
0.000863996784788148	-1.03383969573001e-05
1.24878363915613	-0.000435812775247047
0.0718434029141917	-8.08314284435379e-05
0.00930001861512857	-3.26256315823812e-05
1.84354837850979	-0.000480539649741382
0.766934556314025	-0.000284907913154336
0.234530408653357	-0.000155797491459739
0.350078510096781	0.000168995974385289
0.00539479727519421	-2.04537303330524e-05
0.102958987373433	0.000124938772440848
7.65611259481708	-0.000974641948570293
0.00891616125404694	-3.58546616000757e-05
0.0573565927763592	-9.2949134193371e-05
0.268463971541153	-0.0001790118079739
1.76421730315761	-0.000393445630419531
0.0375192956285	-6.11802337351093e-05
0.0247144643518203	-5.76361532368707e-05
1.69398787303343	-0.000544078738306107
0.39324079172925	0.000183606042442229
0.315687809558355	0.000166789830153545
0.306231850883027	-0.000190162205895628
0.0332993522584116	-6.43620636296259e-05
6.74510975906846	-0.000859822418093953
9.25175068606777e-05	-3.91765665150201e-06
0.131190103436644	0.000120908586846624
0.224577996671801	-0.000150033074638641
1.37866060330942	0.000470041705808153
0.920515246049469	0.000368770495538844
0.711614148685965	-0.000263017025150732
2.41114311874443	-0.000581869189159376
0.76479845164005	-0.000309662273254231
0.518981432029649	0.000198921817098587
0.108948846389668	-9.62053305345453e-05
3.20606468027902	-0.000674407429865201
0.253530319402012	-0.000192758235866147
0.0238689718047897	-5.21288266867907e-05
0.944555987275415	-0.000285304594052725
3.57208326194825	-0.00064209111632179
1.96771109260985	-0.000528112499807768
0.076570666802936	-0.000111809014390785
0.305408408958545	-0.000211211872763361
0.638887062912287	0.000311027842834256
1.13735348685112	0.000356121857038276
0.0674827086888352	-9.02965178261572e-05
0.471456503540204	0.00023865784117157
0.191901986877711	-0.000174984865204925
0.532964130358185	-0.000271626344316234
0.021669834516332	-6.11152951421259e-05
0.0644779771908361	-8.76873445726382e-05
0.0110088925660713	-4.3658635743418e-05
0.817761135827412	-0.000286697129637062
2.83664131212648	-0.000635795277885414
0.763257772574257	0.000286506226518959
3.59687405473738	-0.000617635546775111
1.17013366026517	-0.000375930716991581
0.401355379595412	-0.000206049927822402
0.373847268069688	-0.000192760708590707
0.00402820057260694	2.24893039133236e-05
0.331334207107788	-0.000225832396330012
0.124657265307094	-0.000118625534979523
0.741793817713796	-0.00030391172635083
0.13602501910915	-0.000132313749081201
0.0581459739097771	-8.44673043142658e-05
0.00521302563026818	-2.17654254588342e-05
2.36269456412761	-0.000533547648734614
0.156241916154455	-0.000116004645552705
0.189693208765685	0.000143647180569371
0.407180922122512	-0.000200106374417077
1.86071149283362	0.00041163493620816
0.242339618969894	-0.000171857347100863
0.555440219870876	-0.000223879280643304
0.192203259488365	-0.000174396867735694
0.285580054056841	0.000172643132744237
0.1587248416323	-0.00016725342853299
2.36677179650365	-0.000539725746941103
0.18956357359216	0.000141800684995577
0.745077312275121	-0.000271099305508891
0.0903351343654892	-0.000106934372715892
0.0217188075186279	6.02375440810947e-05
0.119113180269766	-0.000109740694503439
1.75987316530196	-0.000413380207807959
0.401064578283363	-0.00020179097271334
0.237147684303308	-0.000208624682295203
2.42074814128967	-0.00046525597054712
0.0128148455259823	-5.17312421123512e-05
6.65434890392814e-05	3.20612062479626e-06
2.47048405605971	-0.000609876962019576
0.919014720454559	-0.000393839548714185
4.21029610239263	-0.000799311896469868
0.673777814606823	-0.000263414764680084
1.30530056466847	-0.00037651618538122
0.424640405004589	-0.00018606647816526
0.0174197732496526	-4.9888320560957e-05
0.000326846789682573	-6.59512476070803e-06
0.966742421065832	-0.000328712022386552
0.168651143393555	-0.000148602827132885
0.029238621623987	6.73457690056555e-05
0.255277323649565	0.000223935827112033
0.291172892379814	0.0002098030501467
0.15405615947022	-0.000148977298022685
0.0503128206004487	-8.65174423861248e-05
0.834332479080533	-0.000351453266081965
0.410814403509083	-0.000225473721414978
0.00176840560333129	1.29243049282452e-05
0.103434693519459	0.000117303613450436
0.619262032710803	-0.000288136080996156
1.17136320344122	0.000441443505746895
3.77194276684613	-0.000674706477605262
0.0357329597130279	-6.14180703543718e-05
0.396342930215909	-0.000231928062641295
0.206733137880029	-0.000158459578921849
0.131011492774072	0.000124409050557698
0.105148549592936	-0.000111364022882634
0.435413691362409	0.000270924448093012
3.55821579954928	-0.000632690096167197
2.28244024450026	-0.000547517198814133
0.479556984705086	-0.000273637106788799
0.218726878171925	-0.000169086353150538
0.116817075462247	0.000111428922209013
0.434654697003872	-0.00023362009727521
8.74759497078705	-0.00130883197335168
4.25658866466543	-0.000700844622312515
4.1417608609957	-0.000906967117790456
3.16443470582509	-0.000674392263871454
0.534234073980858	-0.000241185074883789
2.70588042654805	-0.000563773992405628
0.0399355177728208	6.80108735048573e-05
0.357125823190857	-0.000198082674985038
1.53266333019837	-0.000489334336194094
1.10880690961997	-0.000380641699213354
1.04303614635374	-0.000342194133708383
0.0207605163027228	-5.00453766136708e-05
2.72217255372896	-0.000589881914989781
0.465286540380836	-0.000247854209969995
0.680194548725133	0.000312155284048436
0.106353068701107	0.000128076054523232
0.769903963433807	-0.000360068420925195
0.542614488633843	-0.000220270216894102
0.786264094527661	-0.00035184001742179
0.167588614861434	0.000158820281294528
0.246885326232288	0.000183765907828666
5.06601166294678	-0.00082332181274275
0.107475547569346	-0.000133420577263343
0.113922784025161	-0.000124851626270425
1.27116332881349	-0.000423435158620217
0.00562623219335155	-2.59077689947049e-05
0.302897282993448	-0.000210328985727444
1.79691686047592	-0.000509729577188239
0.167459772197965	-0.000138186388296911
0.221791804505653	-0.000186857187658473
2.34250081103337e-05	-1.44482031530691e-06
0.83813145485707	-0.000323877021666109
0.493995615347664	0.000225327257090481
1.21189981184234	-0.000378464625412691
0.302241337299679	-0.000198730349149208
0.697556278160518	-0.000314002574907255
0.0942021299205824	-0.000105765753511928
0.148010057784857	0.000101604446472785
0.354500040608484	-0.00023363467263815
1.23494430504539e-06	-4.12041876835729e-07
0.4161868508643	-0.00027146600421265
3.82045084880393	-0.00065518128879502
1.47787361102394	-0.000414702391418517
3.28919957966474	0.000609255661044693
0.0109279952067072	-4.24858595755078e-05
0.250054989890578	-0.000189257049581547
0.367431106737346	-0.000202997591634445
0.936274366712156	0.000491504688550096
0.1930147227151	-0.00017712545874511
0.463867466845898	0.000165596238976432
0.242649565881106	-0.000177732462079287
3.061140971201	0.000563520066047341
0.855292672653388	-0.00034314912522677
0.74896851875661	-0.000283162782520713
0.150463808507524	0.000114037760190077
1.17485446905275	-0.00031798844901266
3.35457998796758	-0.000653207219250952
2.09783183726354	0.000612045984799546
0.762517842959887	-0.000306146860654036
0.00119133007396613	-1.17261167130588e-05
0.441015797481106	0.000207654961882335
2.20937239093314	-0.000562293347122572
0.00563375828455791	-2.46952222360155e-05
0.393239623670404	-0.000197655061374867
0.00146546714784113	-1.50525787617825e-05
0.262129216396521	-0.000159016114242316
0.00237221183201235	-1.74554603009151e-05
0.847320039078253	0.000322077923837107
3.3546822101824	-0.000631880215862194
3.00688206467719	0.000648250479597036
4.29562718312559	-0.0007987852206728
0.10462574906058	-0.000113471464119789
3.06380318637054	-0.00075989463711276
0.171345044663078	-0.000147211710502236
0.0161137149346617	4.26851604532169e-05
1.96801466251085	-0.00055799914507555
1.76503897847486	-0.000456514035653916
0.401598544294385	-0.000253678031173911
0.0379486212929276	-8.25500750430438e-05
0.00713429240381821	-2.76881733904302e-05
0.00282940462089559	-1.6991533659986e-05
4.39557099402186	-0.000844770350015665
0.647923699990542	-0.000270795205429938
0.277075455467516	-0.000195284912960176
0.202928352220185	-0.000153605649150234
0.0748050301538759	0.000100910307917453
0.146187962561204	-0.0001462323264189
0.065416590572747	0.00010920164058264
3.40903773585222	-0.000685414138186725
0.273018487137285	-0.00019249692715844
1.89108870817669	-0.000603518286822794
0.95979055707724	-0.000341201974055334
1.546539725081	-0.000467623208322189
0.0729231709781503	9.32653071008376e-05
1.48810561613892	-0.000415618856143007
0.381850743820918	0.000241764775876651
0.31060652477636	-0.000198149515643938
0.870451713536292	-0.00037102516015279
0.0197658748656228	5.19937426613144e-05
0.413384120349115	0.000218105566871841
0.773277363592713	-0.000378809316753642
7.60252661566325e-05	2.99046957261679e-06
0.0543151405455338	-9.61400556472035e-05
0.285103606168389	0.000191551810381321
1.10636535168152	-0.000361507344654243
0.280057892485047	-0.000181277890463148
0.360770075292	0.00020171489509294
0.0331737872651302	-6.69432640166465e-05
8.15554880112966e-06	8.57716343672062e-07
2.06318683761358	-0.000455216979821466
2.25442642466809	-0.000489246807163706
0.388345391918501	-0.000230948955853952
4.02238934314029	-0.000650342749735549
0.0196354608669722	-4.29749556618746e-05
0.054625134409903	-8.00173651628633e-05
1.05674535019612	-0.000348126756110474
0.0149823138040258	-4.63939647001785e-05
0.245516131694709	-0.000164634963477822
1.41962191600614	-0.000365413810166466
0.372159598716175	-0.000231643291191174
5.97287210193327e-05	2.71797991572064e-06
0.269734567065287	-0.000171370425203058
0.134241242707368	0.000142155589840939
0.0746916460628849	9.13377616127018e-05
0.13691049540646	-0.000119268500411968
1.96112085004361	-0.000445529486402155
0.791186180831047	-0.000327598638134197
6.62272979640129	-0.000989747888293804
0.242968315550168	0.000178425989307707
0.378170725198089	-0.000203079311728188
2.12790582112784	-0.00061776791185376
0.467760474317975	-0.000250840442394751
1.75670900531853	-0.000543144114646259
0.0664611314731684	0.000104387990368752
0.23446755469026	0.000175962232445263
0.000184391678943947	-4.16657360648608e-06
0.438886634736847	0.000230033208863642
0.289498600873415	-0.000154216748070156
0.212695236067532	0.000157677527236853
0.349119297368214	-0.000198688677886491
0.403192482852701	-0.00026637544021604
1.77037178197518	-0.000581490528789403
0.102229968885007	0.000111425101979997
0.323948453578607	-0.000178783009307839
0.625390986732633	0.000289446179237334
0.539437750400118	-0.000222074300611872
0.156863247790937	-0.000117042147994746
0.928289580242934	-0.000371579695986596
0.114311473410524	0.000114055823322127
0.0683244096461913	9.70479562251604e-05
0.965511526728625	-0.00033351068435222
0.146413921774485	-0.000115849382665668
0.121336301474125	0.000122185093653535
0.228705000817284	-0.000185211519226093
0.105462512331026	0.000138511184792339
0.0525782819043226	-7.58843969060112e-05
3.84720886045327	-0.000545460167189735
0.0136604860009395	3.84921306509806e-05
0.0256926322715567	5.47799086237924e-05
0.837332340453205	-0.000294825060768459
0.1628851108448	0.000105529146892548
0.646984338507832	-0.000293177124155051
1.35824233821076	-0.000469293495343006
1.30244812777537	-0.000461747303569729
2.09880165827078	-0.000524597936958501
0.549392527590205	-0.000286361293512799
0.209010381047	-0.000161073382831177
0.430627695769132	-0.00025854657939762
0.0175107503626529	-4.61523400951254e-05
0.0351092793279401	-6.77125979131717e-05
0.137222197474769	0.000113856233442722
0.358904352711767	-0.000239730521625162
5.20334545774177	-0.000820527216826927
1.15839332023051	-0.000370123368668564
0.675918094928211	0.000313094650094476
3.53523006782924	-0.000621768721557087
0.00332473307487657	-1.9823837107884e-05
0.563520388579243	-0.000330183823912024
0.341602159096285	-0.000205568608564724
5.5672541246589	-0.000875984680617533
0.00992001830193398	-3.43800053005873e-05
0.0752191023373139	9.13865404726859e-05
3.70289308534523	-0.00068130443801185
0.974842705984874	-0.000365292853845377
2.08220686018759	-0.000605863963678155
0.000174234772083097	-4.23456895005498e-06
0.534346284820597	-0.000216666036799416
0.0159169418300541	4.42159263744969e-05
0.579265495260703	-0.000265075289315725
0.788212333082083	-0.000296772202835761
0.409561302456824	-0.000261818324545368
0.310982881605637	-0.000178788347435642
0.54794622665248	-0.000243901539427772
0.336455723918137	-0.000196521465576723
2.49566431992386	-0.00054611104734601
2.93408765754159	-0.000477372186304799
1.6290832821324e-05	1.40623987261125e-06
0.327070359296914	-0.000183924361278714
0.468752239394976	0.000219828502824669
0.0476905764788391	8.03247981986794e-05
0.464908126387738	0.000242685939942765
0.0198056422774507	6.34645276120309e-05
0.405285004306713	-0.000243998663252811
4.67346183613991	-0.000771855720890618
0.0809686800222994	-0.000124546217050019
0.179553592885167	-0.000161507459121465
0.15060960970134	0.000142432528976303
0.0848145322834138	0.000100520780786185
1.18082707513543	-0.000391975443222017
3.38051657327699	-0.000700494109811901
0.423152526067411	0.000246387100750672
0.143855823769585	0.00013001986097536
0.0232544144368675	-6.02459486981579e-05
1.64130185609831	-0.00038861673963877
0.2000849727691	-0.000144233650606112
0.0762102225139713	0.000108266098716357
0.0585894906559822	-8.97099129824959e-05
0.83657562834559	-0.000347885670819544
0.0770209172223382	-0.000100937860747706
0.772294186746964	0.000335118750062967
0.062000534792993	9.28387752785546e-05
2.65285070427911	-0.000620284176504573
0.480731280726267	-0.000258307271175397
0.611724575978327	0.000267257587435836
0.994085005521577	-0.000383462876964965
0.261482928995325	-0.00019714837681745
0.00376461032548241	2.41689052929975e-05
0.274523427231754	-0.000159435470112811
0.0819969723889417	-0.000103628460814785
1.15854610546474	-0.000375550599713643
0.00983278553734752	3.29642201111527e-05
0.344145199371428	-0.000169108278111633
0.535672301225493	-0.000220738582033609
0.0341893656568266	-7.4204004935545e-05
0.0142000114899	4.27866766493224e-05
6.81583782656783	-0.00107736921824173
0.620985962562539	-0.000255457875880222
0.0110839194756086	3.71932674866263e-05
0.288649464537651	-0.000240665717049545
0.869813323387808	-0.000360110993331032
0.0877473096257906	-0.000104312023761343
0.2246257972512	-0.000163561075264117
0.0850577898761088	-9.76174437850706e-05
0.00341810500653189	-2.18304064739292e-05
0.056293698497367	8.99497196634503e-05
2.78170022569217	-0.000536742403551031
0.161161065831011	0.000143845064450417
0.849776294223419	0.000349707498161027
0.176891848391386	0.000161515898403281
1.31313590955131	-0.000431538008952933
0.16600256125671	0.000146887145488143
0.676217456219653	-0.000297848277976043
6.53389886350248e-05	-2.6500124384067e-06
1.58597213373201	-0.000475981384144028
0.0769671215150732	9.88965286426596e-05
0.0020268651703911	1.49516922502721e-05
0.392642982720943	0.00025259502859532
0.948923852318555	-0.000419077758592441
0.29496970362577	0.000192074397046942
0.394704612666635	-0.000220810779999331
0.385674168394813	-0.00020458811049947
0.467029667091465	-0.000255004832784421
2.96871593690307	0.000587226418856758
0.295742726498848	0.00022654836990164
1.24982121880406	-0.000446096011519135
0.00695142595356699	2.84747513002134e-05
0.045749767277747	7.55410603201939e-05
1.81908613675909	-0.000519589126064649
0.200450327711925	0.000179213414224017
0.021622733453924	5.48454209703253e-05
0.00805467118804628	-2.57694987083267e-05
1.52244104384255	-0.000446921647726633
0.0511732545978046	-9.14166965486972e-05
0.00452077724470962	2.29713639699968e-05
0.761724133262213	-0.000318971749833566
3.19703856184161	-0.000561920373056884
2.05075059167707	-0.000545584081004754
0.0128157431190811	3.3294075214613e-05
0.0725097830235374	9.74677361154138e-05
3.02654985289263	-0.000612445386138532
0.251126720262475	-0.000159982909036728
0.497691641662451	-0.000252703494785912
0.102768103226622	-0.000117326286424389
2.13969877018434	-0.000449950304247006
0.744694225726693	-0.00026859174464742
0.117903295543264	-0.000127858324099327
0.0262045062698973	-5.8535114953377e-05
0.777708674330091	-0.000340613492087084
1.56944463619535	-0.000470568827869432
0.243663285250262	-0.000158683945876361
1.37059643666502	0.000299658259477747
0.198776074722732	-0.000163484370325564
0.0374349359977898	-6.97692647153608e-05
0.588539505007526	0.000271190953869488
0.150765727748543	0.000133414649424203
1.53012045506306	-0.000436351218570775
0.0161797842355308	-4.62827899533459e-05
0.341830777465997	0.000197295136681389
0.094015303670418	0.000116121188907343
1.18655799943272	-0.000383925875672958
0.4532229705722	-0.000228125284535111
0.396967395957046	0.000206341489576113
0.0512217365186916	9.37293546968393e-05
1.46713404055594	-0.000388265856493073
1.12896529207567	0.000368297996862055
0.0361661890686408	5.88751415585302e-05
4.22424529796668e-05	-2.56546110515435e-06
0.155376846390641	-0.000165878231179057
1.43661358834211	-0.000378841767304793
2.26433212754585	-0.000462673389524346
5.42469331484951	-0.000883169971168475
3.29694616207702	-0.000717638605157006
0.0337720276876099	6.49189862810177e-05
2.5389855330973	-0.000517080714347901
0.558121122637964	-0.000278811313221335
3.0806858963146	-0.000559382224262871
0.0174770033432019	3.38847620583694e-05
4.394087773321	-0.000754969505372977
5.10463063139558	-0.000822893053839728
0.0385020941128454	-6.84934764809071e-05
0.434149480771418	-0.000228811086265343
1.08926517834955	-0.00035227380910796
0.401148463420068	0.000232499159958103
1.25511943652906	-0.000398716560040906
3.4032414611449	-0.000791102437433729
0.293397129377609	-0.000190498174041284
2.27560715846325	-0.000579775193897792
0.191231424782835	0.000162232074381554
0.0322539442426476	5.6220959653332e-05
2.00247922137788	-0.000586987523847939
0.519379358170481	-0.00030350927037354
2.23858410160938	-0.000572903278496234
0.437070549841015	-0.000256305731297379
1.75347834198251	0.000508202803423913
2.84071777071834	-0.000532268464130164
2.319226216363	-0.00050603923749357
0.594551921073481	0.000317511975402045
2.89787352223036	-0.000649308626202784
0.00610540392100639	-2.83990058465089e-05
0.181442361199271	0.000163715476727614
0.36340211543111	-0.000217293155099253
0.473786471020329	0.000234611419739012
0.374911787717368	-0.000193857246595991
0.940202907327749	-0.000325140204472744
2.95786808096262	-0.000571231738927927
1.39898851110474	-0.000472290721724602
0.0344096024251686	-7.53583612352232e-05
0.194728174222113	0.000182061774509693
0.292349581015944	0.000209005488828825
0.067985657871783	-9.73822095517545e-05
0.648477289755788	-0.000275661542813572
2.12526272418177	-0.00058794942089484
0.160577958466334	-0.000134877936517178
0.607712433506633	-0.000261797662073531
0.349314245909579	-0.000192154488503058
0.0510130694743317	7.55486408493278e-05
0.735811433088509	-0.000313987307534404
0.334142297950161	0.000201591727414762
0.612856742880003	-0.00030520048149121
0.257090834137874	-0.000194887324091371
1.42806904884938	-0.000356357194712475
0.0119881325844535	-3.66334320932792e-05
4.97193814876895	-0.00088546909236286
0.438576757974804	-0.000231612284462499
0.655963861224282	-0.000288362370294689
2.15544341035264	-0.000526837611821701
1.21660437824552	-0.000360180457265362
1.19580321829892	-0.000346209287569323
1.48789107873146	-0.000364333085950539
1.13934506538598	-0.000335029448573035
0.0698629777393822	8.8177350392815e-05
0.049321857234801	-7.32687991925368e-05
0.760672178393523	-0.000341250037102247
0.30321578814807	0.000163067341162055
0.0136393434558404	-3.5451890745534e-05
0.667950755299483	-0.000301785616580916
1.54506590357638	-0.00042585419001171
0.0486097429098975	8.29264786727013e-05
0.098062055449306	-9.93228360821624e-05
5.0781186089483	-0.000893650421379157
1.26422496288709	-0.000399386241398247
2.6732448640951	-0.000577676754942322
0.436972353941032	0.000209457964294778
1.00399579300942	-0.000381715788101506
0.483180521901058	-0.000250764022704182
0.301885614767158	-0.000164436192894641
0.1028009784829	-0.000111759912492565
0.0819109185951453	-9.3230777280882e-05
0.0191838192305532	3.92859418508825e-05
0.81149169952574	-0.000345896365404498
0.437055339049032	-0.000207223777731359
0.0204021118295766	-6.23021199798332e-05
0.379956384856605	-0.000273779028292972
0.211246051475332	-0.000156233038522883
1.19339444268346	0.000302269569903582
2.12932168185089	-0.000527429530083833
0.0052696773641708	-2.49217696521466e-05
0.00462764837881551	2.77784227421506e-05
1.18110315107326	-0.000399186334104012
1.3008703132858	-0.000398805478053678
0.00417432082323086	2.30623160586621e-05
0.518071414781496	0.000211605884732745
3.33020788689036	0.000745674152872686
0.479380700512892	-0.000223975762311267
0.565622832489248	-0.000276116790821636
0.0413134032288912	-6.05310209144948e-05
0.316460826480364	-0.000196634618582147
0.182332995904232	-0.000154104111494561
0.837036491985728	0.000313962065389124
0.809232926753238	-0.000309773310585006
0.183317395600385	0.000140672242905693
2.48368097332639	-0.000616035039013196
0.0708908177906397	-8.73557656575087e-05
0.023314971916063	-4.65504023637207e-05
0.229626143094099	-0.000162665956005518
0.25491113529066	0.000135814135182038
1.141411792672	-0.000370107870406406
1.38196228703432	-0.000409400300265309
0.252170354364037	-0.000155690866156833
2.02721450254845	-0.000489930244193628
3.81136086202483e-05	1.88501740047164e-06
0.00228977985024741	1.9529461872954e-05
1.22963508723857	-0.000442571797282768
2.49234895967544	-0.000628730056769345
3.20448890488078	-0.000562149109991143
0.0041916075945448	-1.73859675424928e-05
0.427601638137798	-0.000218026851817873
0.422540996247096	-0.000267630421108463
0.0632115954878541	-8.34764866339803e-05
1.61653497589368	-0.000427878726531908
0.360555483856804	0.000213478583274165
0.814592187164815	-0.000340156943387546
0.00288571968369486	-2.1493939263472e-05
0.00336005355833587	1.91007325733071e-05
0.119822160645023	0.000112695208156862
0.0395955716897085	-7.57296084741403e-05
0.473826404398462	-0.000212799862924128
1.222278891647	0.000377131358958291
0.435334992494997	-0.000251113166118597
0.748073244780678	-0.000278328280693209
0.000530832084576678	8.38687529205263e-06
0.114507460834806	0.000141253423120604
0.1258496553717	-0.000106570236791376
1.50227633130324	-0.0004376017246589
0.31010875731021	-0.000192586557057107
1.38549957632117	-0.000413109775528294
0.185508203636024	0.000169046744742671
5.47919758265043	-0.000931786831962498
0.207274043617881	0.000168521363264585
0.115827290981646	-0.000122301404631392
0.893379979481545	-0.000340545230528626
0.0655634019198221	-0.000104904079719127
1.1009442034134	-0.000368019037051638
0.180232613625115	-0.000138848254650184
0.354741773057143	0.000205562093229597
0.421335903639995	-0.000191484022469919
0.416782802601955	0.000227833215952369
0.150893255933974	-0.000129416562646177
0.112951438384551	0.000105703599658623
1.61209665244079	-0.000492744036225363
2.51425749849516	-0.00053816328810038
0.197717189934784	-0.000193463823847718
0.0138951273818033	-4.04526862159121e-05
1.3680411031424	-0.000494880511105703
1.429543989901	0.000451311997429049
0.000462364479578785	7.79383303857486e-06
1.25702032961095	-0.000402884407622365
0.723434041157184	0.000323519268679037
0.911985865008818	-0.000376564920072952
0.000778531317157144	-1.12463640415593e-05
1.16514942399452	-0.00043210300915264
0.095668958616117	-0.000116576710168438
0.013965527395928	-4.36836446330739e-05
2.29410548178741	-0.000530524991906532
0.978507336237532	-0.000396325986188281
0.279113945327006	0.000178576555884954
2.00685450492408	-0.000514292705292574
0.0371910519068427	-6.88875658358323e-05
0.00513505969076178	-2.75096538998004e-05
0.691596681290304	-0.000300431755102102
0.252930617723039	-0.000190513942292846
0.342619922908953	-0.000227063707227861
1.12558788728849	-0.000405719173491559
2.33703494458375	-0.000712451794919733
0.317235847679095	0.000183373219528297
4.63372709026553	-0.000827825171159374
0.281635692990313	0.000213732949739595
1.0718659809152	-0.00034705256116044
0.102651101169442	0.000118830014845423
0.758594692469197	0.0002704674861709
0.336490534129036	-0.000195620534616859
0.389501045287716	-0.000182948995505295
1.30028629095881	-0.00036225621044961
0.0343375680526383	-5.9113515427275e-05
3.36962733815196	-0.000651060928148097
1.6623335552858	-0.000578764103206204
1.546981264617	-0.000473141200195763
0.23863578024048	-0.000143697617212061
0.870061009701151	-0.000287058405960649
0.119034078436629	0.000126253767714659
0.579299030480146	-0.00023832112847208
1.55290621578264	-0.000506159298807432
0.239933833606601	-0.00018431044323705
4.08800618621676	-0.000598332012903869
0.437766086036989	-0.000227948311788468
0.135925546125016	-0.000138456893421641
0.0262522032929302	6.55573737816975e-05
0.830414192148935	-0.000276090291056072
0.299291792390499	-0.000210430247343086
1.46255518395963	-0.000459276239215103
3.04276468724133	-0.00061055760993393
0.565656430292908	-0.00028259289091447
3.97337025900235	-0.000595439815809437
1.93149955507739	-0.000507172133535204
0.315395063090051	0.000187270117077031
0.0806349221288412	0.000110636855816288
0.323880064544694	-0.000219847642367732
0.304402026414032	0.000202588209869737
0.885433447055335	-0.000350780527107303
0.000133765956456075	-4.11138202122922e-06
4.22189004512828	-0.000735640390969593
1.01496523320308	-0.000418399575439682
5.59766433630473	-0.000864387167889172
0.00598038452524115	3.0159141147534e-05
0.0150464857184235	-4.32126569351851e-05
3.79681495529342	0.000711801660697612
0.0122409270986844	-3.53419521961261e-05
2.38011372245955	-0.000593569237682535
0.910310327750905	-0.000298998520070345
0.396823755529375	-0.000195097525852831
0.585582939481242	0.000257007965505807
2.31926370548561	0.00046707880514685
0.799793737360958	-0.000310721178530136
0.042105185245474	-6.06953556070399e-05
0.459491150195284	-0.000231583177757263
0.00680229830942237	2.89663457200717e-05
1.11086701824557	-0.000358139991065559
0.0602239245924198	9.4878600540661e-05
1.58905051717856	-0.000416121435660278
0.726770135184588	-0.000345223205623633
0.0307532253675593	-6.29947205293246e-05
0.250316936488162	-0.000167231540998567
3.00215151894552	-0.00061930690245063
0.20439885135368	-0.000155659450338442
4.19437123974891	-0.000739740051378842
2.25910565987952	-0.000521552505559823
2.80505023244528	-0.000607750149766212
0.0225954605270538	5.70624550314577e-05
0.20092613258972	0.000181780668814183
2.41847777012943	-0.000511740619184368
0.00307234681774376	1.74911456463527e-05
0.00183325917572719	1.28764094088718e-05
0.00964255934140153	-3.40697458968234e-05
3.60756209786359	-0.000616038473875162
0.568636953698691	-0.000229439796335405
0.162276043197715	-0.000139764628600356
0.0554791205265041	-7.14622922000614e-05
0.532887388151175	-0.000253429804503246
0.0363789724785915	-6.74383082672348e-05
0.00175120962983535	-1.67010604739858e-05
2.22889951976177	0.000591613390179254
3.9177882484491	-0.000652302886568203
0.0141162430796362	-4.39546872114518e-05
0.0563090353724418	-9.11883979068987e-05
0.107940551992587	0.000121794777505132
0.429142627887004	0.000264781807199129
2.62518407558982	-0.000551013729876301
3.12850653053385	-0.000590563448592856
5.83889523196379	-0.000816669346243489
0.998938383254785	-0.000307806056476387
0.310610124506215	0.000176110899983325
1.68421405843264	-0.000450967029173164
0.00437070154295416	2.51504802983138e-05
0.0015366292395859	-1.23170608970388e-05
0.131146975096551	-0.000125167142308516
0.0353832768445786	-6.26516834411432e-05
0.34222968041853	-0.000219484980420205
0.0794284773796225	-9.94707399806469e-05
2.57598778923381	-0.000604420542724448
0.0870318611870113	-0.000121688038052036
5.02656176857247	-0.000731698662015278
2.3829945051373	-0.000542323190909603
