R^2	beta
0.276601753591607	0.00109424276306288
0.132306589210522	-0.000794686580116876
2.56692324786104	0.00322912076382052
0.0189200638404691	0.000272402134358671
4.34365885718181	0.0043275999961759
3.34617756822331	0.00395268200311028
2.43705658661996	0.00383507177675937
2.67377147509355	0.00428339518116613
1.87425383963946	0.00351046564397403
2.00333289118578	0.00373368595688255
0.150898421599425	0.0008157555529598
0.92631022065185	0.00208405034877204
1.59960846823164	0.00301068319516698
2.41392239281502	0.00294727244753157
0.0794076155526564	0.000618777375431356
6.04933274037644	0.00542043807510735
0.00158124217215067	-8.07303517153208e-05
4.23830469462283	0.00438859230373939
5.86611450910956	0.00554470299990574
3.04145507992997	0.00448582328262601
0.45770575670662	0.00160408439515595
0.650678433674602	0.00185823868655329
1.55234958414462	0.0029701362195667
0.649627335773741	0.00184850088453215
2.39222683241304	0.00309536438078668
0.283377833976754	0.00115390455451984
4.48606213549416	0.00469039019229763
0.357600756847985	0.00129744869592164
2.46685996795821	0.00365617705755466
0.000981175590726582	7.36557460237237e-05
0.039599965742074	0.000400105640068678
4.37655110095324	0.00486347699771686
0.144012821299937	0.00075167813193095
3.43209863659323	0.00506144919792016
0.00522466642152483	-0.00015535460894449
0.557400160599506	-0.00162789518181306
1.6885147574686	0.00251948080668517
0.736311356653779	-0.00203930298220961
0.498879088148542	-0.00149517782109652
4.95456061935305	0.00453945685224623
1.06411997756704	-0.00214661131546134
0.680391290552132	0.00183363615612141
0.00141391360952195	-7.74912421993093e-05
0.253434076664502	0.00115433291033602
0.529709369785696	0.00154264636590912
0.902555774782526	0.00217759243835697
0.680837365521173	-0.0016668086457262
6.97896299034023e-05	-1.61864978042998e-05
1.31394276315629	0.0032639015906677
0.552414699175493	0.00176471790494541
0.00518507945711366	0.000156037168697854
0.918328716815664	0.00222929386538408
0.339918729412686	0.00138366955964261
0.00536550612802082	0.000165602534085921
0.270458107865313	0.00113340595730458
0.42394654837191	-0.00161728209231739
0.127454751173203	0.000743070924351681
0.236247862932062	0.00116454332142226
0.00726566165471099	-0.000168764615082702
0.67139038682738	0.00158683979922469
0.549338584296767	-0.00171303433427053
1.67199311926614	0.00347152596008497
0.0172575650528514	0.000276504587218157
4.00465613654915e-06	-4.92290673524053e-06
1.11761774259067	0.00227900408020725
6.34118503276477	0.00650952545386586
0.916274633863981	0.00182163385646461
0.00285223081975857	0.000108148218839092
1.6332073409315	0.00248968763625772
0.763703073670162	-0.00191815105341146
0.0528633021646036	-0.00052851044159956
2.83941902136614	0.0033251948799559
2.69917039818815	0.00409461273948641
0.739454854783865	0.0017759714246025
0.432148095524094	0.00132716550353112
5.35043871888924	0.00428314986002767
0.000277126266746989	-3.60126071246546e-05
0.910995682223595	0.00257681891119504
0.0134019105247575	-0.000248758873889369
0.262820715161997	0.00121086978120419
0.0301264211222084	-0.000345619609959851
0.375619409305108	0.0011415936501298
0.0674750665023182	0.000552371537814932
0.106924019860841	0.000832851983694269
0.215639165705769	0.0011440443068479
3.67816555952359	0.00474634651201103
1.73630791598959	0.00315837582537171
0.753063351713942	0.00197796740544529
0.075570869828532	-0.000492533973347516
0.48109860307	0.00161861003104671
1.50499883116936	0.00282972135691727
1.49142498659174	0.00364862517648777
3.18329070539002	0.00389833833311881
0.00233964210298259	-9.90344845846124e-05
0.512973171831626	0.00133906916971754
1.25874418654425	0.00260785209913809
0.236482008218473	-0.00112427167061996
1.44085940711087	0.00233693221808885
2.67703834637377	0.00363757897131063
3.98834437179485	0.00413889737075654
2.84418071428529	0.00343282887974745
1.41916681753342	0.00256974020033269
0.0303937054561683	0.000356503242481118
2.36062651203621	0.00349268768485717
0.373680175111655	-0.00112598358526876
0.0147917746163424	0.000268253385255327
0.796726018091436	0.00214614007744288
0.94512020426998	0.00217798836725518
2.5260096779737	0.00340158212451325
0.64200212476693	0.0016726285605926
1.99278458123804	0.00288930420668027
0.163611783722823	0.000984965268959443
0.2384137981091	0.00110768221410695
1.49534298807086	0.00294514217061252
3.83402671383499	0.00397675343232957
0.175349671791146	-0.000956388323078757
0.0271195683847503	0.000340279663562242
0.0751024543874235	0.000533328519542067
1.38646774656238	0.0026686141357738
0.875402237801152	0.00193761823139645
0.0532160781653862	-0.000550158501016963
2.71804048779966	0.00363771001845984
0.12091507476895	0.00073499942489398
0.727490706903854	0.00184079951852973
0.328736290323581	0.00117585952736202
0.333017216696909	-0.00130463798245135
3.23054798354807	0.0041275725488427
0.985537346130898	0.00241428020125049
0.881242139203535	0.00212460688138755
0.730393910133405	0.00185986222252541
0.346501927118752	0.00146492581889454
2.11650888349192	0.00290242136463872
7.11535226929944	0.00508785672548834
0.00124789039923251	-7.39405089820473e-05
0.181724225540634	-0.000970391684877088
4.2930310627951	0.00434401323001065
0.0198996300247077	0.000279207569856537
0.298368361692048	0.00118194206106038
5.28025064341359	0.00570724014979185
3.94733871707902	0.00376194657178085
4.21183991127552	0.00437772550911611
0.139180322947796	0.000706239400544231
0.0898742999267505	0.000586380244356069
0.0138672489761968	0.000285547654780554
4.78764121983895	0.004674011467653
4.4102713958898	0.00492294168558884
1.03451849071303	0.00193986586798119
0.34977301002659	0.00115144663492157
0.578403201279852	-0.00146760620266029
0.247801883098011	-0.00126907693234491
3.41062420324938	0.00444690604579532
0.0826515997868154	0.000693737111518159
4.55774990909291	0.00502258516942975
0.315343927577288	0.00140372286947412
0.310728267759133	0.00117330610865692
0.0627890086963666	0.000651276198240914
0.00521265226090752	-0.000156774333031582
1.40658362941045	0.00295484396953715
0.0230651923489758	0.000362167077400924
2.0445685907914	0.0030794096365894
0.61950873750279	0.00169512824760391
2.60307442728652	0.00368446185509416
4.17526635077797	0.0053974944928076
3.94969835044013	0.00461313098366415
1.60900653529044	0.0031084655092144
2.84308942802383	0.00383938936670279
1.49964239112545	0.00258981485558191
0.553930513484438	0.00156359405075876
4.23651914505586	0.0048748999317443
0.643777016576617	0.00167373941164436
0.751762637277545	0.00210172054832318
10.0525197028989	0.00702264298959338
0.75502692751658	0.00217158802377525
6.13485526675804	0.0058255818039354
0.0364208668010226	0.000424292997323352
0.236128427428626	0.00102159905425325
0.734834865117793	-0.00189575364866898
0.0283551779029571	0.000498007352091092
0.184813160670335	0.000903240741496659
2.69890058921707	0.00373568686457005
2.34564557685724	0.00299647029262054
2.86982893040363	0.00381525985131808
2.42156919669735	0.00345932335937511
2.06594690762247	0.00349319614082293
0.577791846491561	0.00162800979326072
0.444741365629645	0.00159399675385738
0.18930520149817	0.00103724348444718
6.02387274341886e-05	1.59326190288636e-05
3.75280050607819	0.00374764217275086
3.75337588123141	0.00385573519007033
0.628304309520738	0.00174850293129164
0.427198806178814	0.00156958869497987
0.231602614441702	0.00104916895013408
4.10275014294982	0.00430490437195355
6.12927486530297	0.00554162275190515
3.93024192429831	0.00376621019392347
1.05999339445085	0.00235104886178989
0.652547418048152	0.00174338663548516
1.24104348315665	0.00218929336405916
1.76488238153135	0.00251568999817531
11.6606474287039	0.00764948814670082
0.950890754296227	0.00225945529351365
1.11968145681718	0.00256423204949435
2.45343980137541	0.00368341724057848
8.66141390176631e-06	7.13785993724537e-06
6.6882776807199	0.0053373436195245
0.414257476851135	0.0014055680938515
0.0104353074128479	-0.000268948288334185
0.116344258729571	0.00079656205977356
1.38531767638825	0.00238546459640393
0.317929611191666	0.0012607475173699
0.436893552923886	0.00164112823783874
0.474720274003398	0.00148688230401053
10.9703378595616	0.00610063179041758
8.52363996456006	0.0065837841390367
4.33846403623815	0.00431595103612705
0.213944913383062	0.00115864705605288
0.0396675947565081	-0.000381418927967443
2.28714430203208	0.00344569329536483
1.73867634644533	0.00297424292156205
2.13779992945313	0.00317581190394449
1.78347418965829	0.00299526973715433
0.575746107734837	0.00167903427295021
0.573675352463611	0.00162139176091206
0.160537819960301	-0.000874071912790608
0.118786670634963	0.000801362211367041
2.10407552949965	0.00345543025795804
1.96034398086001	0.00286052787506442
8.1027318879983	0.00549861677257821
1.57629307835249	0.00268363185148607
0.462670255388666	0.00160434767391298
0.116051553867421	0.000652351533396453
2.69275399026815	0.00388929461161285
0.599059095197386	-0.00185798535351143
0.300079493196517	-0.00116045075688009
0.0708369898104182	0.000533796306167453
0.00403636465067596	0.000124493790412039
0.00920000065370279	-0.000178252194008189
1.85909791590191	0.00292869518815236
4.68890490541933	0.00490540718222469
2.05078627323266	0.00295175737993022
1.83217373661602	0.00314565479381994
0.120059587561773	0.000749023432356133
4.71726712344013	0.00509250078843365
0.0143210206617811	-0.000241240829657539
0.3429606620049	0.00145399174297487
0.610907162191576	0.0018131037272971
0.0197965999422808	0.000312433774097425
0.181907515614418	0.000752319078639917
0.448318571401655	0.00134960178794366
3.61087369755328	0.00515218141986434
8.43522194760616	0.00639233220078572
3.68699312675859	0.00449333986854025
6.87889052574803	0.00589290115971324
1.74831535499753	-0.00262645912840395
2.47235899011472	0.00463416876402987
0.55005685221096	0.00163491298882176
8.31418772894211	0.00815397963055041
0.00132757829571077	-9.26499929661049e-05
0.0289261477620849	-0.000345384678801987
1.1032086165711	0.00214435426365665
0.000808353990363102	-6.63212191303432e-05
2.90981189788289	0.00427597018831755
0.302132477634839	-0.00113560938946416
0.00449307844800174	-0.000134939674444361
1.79755796701865	0.00323963955979018
2.61866934812639	0.00326513065680821
0.201334498495551	-0.00080456755706149
0.763347066248795	-0.00184397670251246
2.50775575065369	0.00331076235788277
0.00189198315083369	0.00010109554805696
0.0104644512663137	-0.000217850349379177
0.261978209767214	0.0012722231088583
0.0215753647383578	0.000274473702731805
2.82701638652144	0.00392350631429062
0.805105404748494	0.00224200486536513
6.56382971986762	0.00562377298168146
1.21239677004306	0.00296906785924723
4.7468527273288	0.00397094018167896
0.0135807311311554	-0.00023599522545531
0.0175201797545021	0.000295816388161374
0.0454223175894355	0.000457934628852844
0.769042386317029	0.00211740316934656
2.27601916251114	0.0036328786222223
0.844532315538581	0.00217994573203699
0.872450276367729	0.00219631341725771
5.442359216472	0.0054034370658346
0.0135936753265991	-0.000228130319204921
0.151671520464082	0.000896678046316846
3.38232726970319	0.00525131970708353
1.02126326549228	0.00237215950362257
0.869158162667805	0.00204947135074594
4.69984442000538	0.00588603173797317
0.453644316818507	0.00154287149619033
0.582531742755616	0.00150658296672821
2.7589845235977	0.00349745172220575
8.71637990832958	0.0080551789004955
0.0146027541324502	0.000228978019125167
0.0402218605316597	0.000490014778713675
0.0118313374322132	0.000207492709444159
9.51473887639568	0.00723844409000525
0.560671082957876	0.00153385087493853
4.16556113622897	0.00479572086601113
1.47027488964131	0.00253877532663099
2.30292690054596	0.0033598527994068
1.43292350743711	0.0026695695311541
0.0861575313348372	0.000619171043367643
1.6659088735397	0.0027682055601789
1.72999861260445	0.00282730360693597
0.561614678932775	0.00139477827284695
0.0471723906433182	0.000473893867483752
16.4031460606003	0.00858055589985121
0.00212261517655021	-9.53557129689699e-05
1.91944301756594	0.00297266274481753
0.0397910877130484	-0.000443785607899812
0.0624945227502942	0.00056894872070344
1.98800642897485	0.00320748236728018
2.86823798954301	0.00418004165300201
0.817775190616662	0.00181716102706454
4.81559849461539	0.00444065943987957
0.00448919866032504	-0.000149277475163376
0.0484122989148664	-0.000470821463654412
0.258386364047638	0.00116255485006851
0.974078906941753	0.0024847698501773
0.35938379724208	0.00130497500012792
0.996142386580048	0.00194315781286046
0.07717699706817	0.000574102770124556
1.42595715098942	0.00261395605748708
0.527188268180499	0.0014286553928985
0.278448794108712	0.00117379429974389
5.51791147013028	0.00555052011417513
0.41543550384414	-0.00139775607932102
0.181517212230628	0.001133860412082
3.52115448761897	0.00415802270539157
0.0229645492005109	0.000313617038006483
3.04881725700727	0.00467037852408124
4.30313347859117	0.00474896466458219
9.11659372576758	0.00740946202653998
0.162116189760355	-0.000891075966910572
8.17567045369133	0.00553669830478784
0.0127742366844987	0.000230851515384694
0.1128344642791	-0.000671095874562312
0.782745089319956	0.00166508723932293
3.69485222660211	0.00470476729188503
5.80486793757823	0.00541076745430811
0.887549577658098	0.00241273845478409
4.28296064033723	0.00409255541562881
0.251191212128781	0.00098096419799745
0.0203780841659303	-0.000268734650836975
1.24000069183866	0.00244810155401017
0.171898678134179	0.000903083835282204
0.38341352525776	0.00129118342701853
0.472841875551284	0.00151736705906333
1.09591360221741	-0.00221615854435763
5.52569924798918	0.00543052773308062
8.47084633463268	0.00680522383155508
0.697717124591078	0.00200995062014772
0.780163810327553	0.00191675288769793
2.1428123698701	0.0032946378736839
0.955095567687023	0.00191282047743599
0.881016931684484	0.00248311787143177
1.22707922717448	0.00191810320686402
1.59144667186068	-0.00283049617717956
0.159606498305989	0.000904557552426196
0.441527002973337	0.00133340533398981
6.90782909430655	0.00630836231632602
1.55136198806915	-0.00268015592766695
3.62504864912789	0.00382264310515584
0.00942779203279716	0.000203999884945993
0.429326075754349	0.00140644359707103
0.155106875546697	0.000760614648766854
1.51150484735362	0.00280865825950943
3.82718147318037	0.00365750469025423
2.44869741048241	0.00370147394292151
1.13149185349497	0.00184768280461726
2.63259876650947	0.00353222930263299
0.722734085816485	-0.00169563614025701
0.69570031814142	0.00194534244817236
0.307074479640431	-0.00121138508633012
0.678193232462341	0.00198863668577221
0.175759061090112	0.000810878563986212
2.09785545775696	0.00336534573737447
7.14025324988468	0.00702159846103311
0.454514402941494	0.00161569192066246
1.17013415380051	0.0023626572846078
2.57642936271247	0.00365293265680967
0.0215257193686803	0.000367012727219779
1.05285767348898	0.0026312950027897
4.20615495416493	0.00456442433479904
0.615795811402347	0.00213797635467854
0.0279444295540935	0.000342921815965367
1.50930592368086	0.00318662259349652
1.14248582161743	0.00216551655288181
0.0206787287501159	-0.000338433472156703
2.64284556071294	0.00323040753369382
0.0190699226221268	-0.000288375555239527
0.886634311285242	0.00215343005086397
1.75935164737761	0.00309792343525671
8.00434278447617	0.00636324985157891
0.00889126986874971	-0.000214539003754954
1.90529324551355	0.00329996795032794
1.57671404123415	0.00256417303182364
0.212222646617496	0.00108571434355896
0.055584828890689	0.000511044978613917
6.23298092281224	0.00644134088122453
3.13599634221404	0.00415625314352992
3.28636554151708	0.00400355820198754
0.585432080036244	0.00161481516366277
0.00119833923482701	7.85713078171771e-05
1.09253780665146	0.00231023615926253
6.23548124957768	0.00558855217084404
0.0450506282068861	0.000529847763430332
0.00751258853473874	-0.000193190770896924
0.796483483658373	0.00188767328277534
0.820144161897586	0.00199598380524357
2.33478974914779	0.00363521624291172
0.635513677344261	0.00183454539930352
1.76823942693131	0.00303124692984439
1.55408832884701	0.00244390216319049
0.030115679984638	-0.000409375742725435
8.15229142914689	0.00681128697587374
4.62109710468119	0.00466352336010756
1.46727164542831	0.00211897660280107
2.26960466742929	0.00277293444432965
3.72892877877344	0.00464933714936535
0.239194514105771	0.00107781081928159
0.183810089329428	0.00101119411623909
0.960157639043031	0.00227606258631366
0.181852412105477	0.000875782234210364
3.21731433903164e-07	-1.29613943870094e-06
0.893400912593908	0.00196952738199647
0.876693174821294	0.00188443935567363
0.652861063703664	0.00210824235904864
0.149530144735056	-0.00080549632504519
0.934480617422449	0.00205563952505539
0.332593323515948	0.00140520001860591
1.99807609543119	0.00316492962508849
1.8781351320524	0.00285503089274587
3.96285322734079	0.0049995968551487
0.373518560913244	-0.00112577513123982
0.177653161324669	0.00077832445262254
0.579423702573404	0.00137657366065079
0.433376298978099	0.0016916324870711
1.18263284645931	0.00232581498120742
11.8376460516266	0.00844501322123723
0.00072356874165972	5.69263253862024e-05
4.92052349154535	0.0040889308074124
0.209158372074448	0.000849245068110337
0.0122096773594345	0.000266252707401053
2.41415976331844	0.00321658056122947
5.48958746085345	0.00549528425860185
4.25356738486693	0.00447529535807365
1.32883718189962	0.00277908289974059
0.207592402660157	0.00109123449372336
2.87867175776535	0.00341363688458921
0.0691541918468432	0.000535440440809234
2.86330724850798	0.00396991638239681
0.202245353243477	0.000993561999302274
0.203290440139302	0.00110103857641017
3.3432381373162	0.00384365218884227
0.177015833974726	0.00102974905568995
1.03532912004321	0.00220768016497502
1.08484514536317	0.00197640009805642
0.489886467261625	0.00143587320673568
0.817398626161009	0.0017513114675049
3.76615006198295	0.00429245843849985
1.26302666136586	0.0024517190677864
2.90801777315854	0.0043124032006807
6.61507676604996	0.00555046339106987
2.68969710704704	0.00351574318932584
2.21741465810025	0.00344590743472098
0.503071183056853	0.00170554384424608
5.0130101393301	0.00560330410349981
4.48742919468328	0.00505101778733262
2.29553937151146	0.00302555798402636
0.613041316680551	0.00177258682320281
1.75442181233009	0.00210427902486821
0.400533952219082	0.00152916356588305
4.5797314771273	0.0047015387955098
2.83880408701065	0.00367321304882766
0.60176729341873	0.0019310434881752
2.42066951238934	0.00341883468770282
1.51048825339588	0.00250507191341978
0.118796113877915	0.000709799253301558
1.61890254111881	0.00362512112427136
1.50582990786895	0.00215290952624618
0.708572741545462	-0.00193294718225655
2.68232830861167	0.0032855328179562
1.12059663387029	0.0023722384181454
0.33289537531425	0.00144495096730346
0.880636323393926	-0.00214236353111666
0.65512100680139	0.00155118865838751
5.15709052550127	0.00488629676502427
2.34961126248366	0.00340791208821539
2.33159516571354	0.00344579085474237
9.22767778742226	0.00760910308493325
2.73479409744761	0.00374801673535588
1.86821191379514	0.00296282757672733
2.30881634177853	0.00396925550715052
0.686565272447086	0.00198549404340997
0.0423352489709888	-0.000399464955515286
1.68018334858145	0.00265061256124596
1.25680329593096	0.00298085808997985
4.49220476902182	0.00514812551368546
0.134250990377396	0.000994156805881671
0.10019604130267	0.000601404027921929
0.0614245352710048	-0.000555956440826639
1.98212221142529	0.0033441150783332
0.630803992119094	-0.00149093237131677
1.29228114158453	0.00278734154316319
2.42461461498682	0.00354586261483819
2.52306841170828	0.00362176689225565
1.36180360756046	0.00239194342049466
0.236056666273334	0.000977361883434758
2.23575808514534	0.0033043702142921
4.29991410165716	0.00424841109768145
1.66605826485783	0.00308679791224063
0.189352666823089	0.000896189288219388
2.75722060270944	0.00319262953361431
1.52124055674879	0.00264268593378087
1.83406807076408	0.00297119289562687
0.786938365585702	0.0016941469604329
3.77356668665535	0.00439092651859961
1.70318313782722	0.00303963035752613
0.12564514396096	0.00075584582663667
0.422543382595974	0.00151519096982554
0.0807748762365	0.000588949884620405
0.163444347795844	0.000909411993941503
6.71413796323881	0.00587440896119156
1.20515310635164	0.00227308619729472
0.0509380812211196	0.000541997431762257
0.963219765139726	0.0023582662605885
0.0443334881078	0.000510711954406541
2.37908990478537	0.00326369815789862
0.00652280962699952	0.000172529107810662
6.03598112008174e-05	-1.65189337529002e-05
8.88427909085497	0.00632648954862215
3.87378281012932	0.00425501917308004
0.0368768113490321	0.000462345235711447
1.7011095380547	0.00261438072211614
4.85422427267446	0.00500390481750185
0.539358380173023	0.00163925478388629
5.33569771454349	0.00567543746889375
0.0035146255570248	-0.000137370830669673
0.923863922182928	0.00180941655729422
3.01694332746013	0.00367669370626143
0.0490208001478264	0.00044464052050709
0.136909621032354	0.000840936650748977
1.17700161915871	0.00250739798606884
1.21364986325476	0.00197468541285285
2.61657117636434	0.00339775542838289
0.170027714819327	0.000887552614085108
7.59247190399159	0.00623648471176759
3.67475207843292	0.00450002550196812
0.00689959954821086	0.000185789700206343
0.700373842484886	0.00156741468581005
0.0510445666921246	0.000403403988173332
0.552960582670068	0.00152239240837673
1.60996030874223	0.00254673279176068
0.197579478683365	0.0010317227187825
3.70618697627786	0.00471213731857624
1.2896234706645	0.00237417160789072
0.134217738567302	-0.000768540346437713
12.2073381410695	0.00902389256392196
0.104842997024893	-0.000899733566501736
1.22065411903159	0.00236634212972799
1.25595078197554	0.00275385260391072
0.260814877110677	-0.000967499996920912
0.699973506440053	0.00162236571828647
5.05850674883304	0.00508620554537273
1.97129198830915	0.00385045320536102
2.43275939265415	0.00373296024547506
0.0562958268745982	-0.000474903087692127
1.9207658219268	0.00311694530383821
3.82211380363226	0.00439417376422333
0.394100420567953	-0.00120399597334895
0.109788476200971	0.000769843506945399
2.32388197169804	0.00350639369863544
0.233398845459593	0.00104809807005431
3.23054919135059	0.00475793382508346
0.310644645695534	0.00109914468956662
1.00555950413608	0.00238304091524251
0.725869896126321	0.00212255002733172
2.11953329583615	0.00348251316814013
0.442486048003927	-0.00147676230057026
1.57713619412739	0.00289345499569882
0.425052687770574	0.00144768980648739
1.24977416009888	0.00198470114527811
1.1948974164657	0.00256301391832722
1.56941256484667	0.00292522795703242
0.64251840598024	-0.00159129229656356
0.100551178550526	-0.000739747712069818
0.00788112443214413	-0.000176363456874172
0.864259365704761	0.00189324335545468
2.77068217115095	0.00374331634832705
1.34493826624808	0.00258309773919941
0.0546654844457616	-0.000475527503214749
5.53583289676236	0.00466836722318076
1.20570468687907	0.00229309161740369
0.51485440902864	0.00161290533008228
0.819551864686589	-0.00208053293784757
0.0872530112112745	0.000733454675776614
3.41807726726007	0.00378991742055712
1.92659977240991	0.00298319589848226
2.58635434443626	0.0032386456288189
0.459887275710881	0.00141153530057371
1.24787256559863	0.00247583906984657
2.08342425172678	0.0027377128357025
0.672267374129413	0.00159671180098129
0.288878090568906	0.00116077964046847
0.505475391259039	0.00133656658524981
0.486833740366087	0.00145419710611824
0.947511897332612	0.00222733675860333
0.0152108850980274	0.000279880074122444
7.47943976577157	0.00723651735846417
0.16621652861401	0.000832790940791513
0.646945018036144	0.0017665142212963
2.37000460503297	0.00332282642639787
0.244635267735635	-0.00110300962035396
7.17245030251702e-05	-1.98425185503028e-05
0.0018255352651494	-0.000114266191991107
1.21968078862716	-0.00258958259585602
2.77168422048771	0.00292818414031304
0.678390348619514	0.00183057814105166
1.71434579557007	0.00242028503443715
4.92201129659314	0.00487869444297566
1.66791308213604	-0.00271864189110886
1.01507403314763	0.00237171591069246
0.66249601670643	0.00171346634577047
0.0660155198501732	0.000573577886180089
0.693946153208733	-0.00181128702494614
0.0763055791162691	-0.000600932441950825
0.818179484124544	0.00198769365303918
0.514004678271675	-0.00158160946908561
4.44963340291289	0.00488797767873297
0.792253159243168	0.00172548074614353
0.0190972721893143	0.000302897949767583
7.79624298866877	0.00643487981637306
1.79408675293497	0.00285824055604388
0.376932585449239	0.0013500107003904
4.1844526612229	0.00464901220452158
0.350330370403152	0.00131403477837846
3.57867652580538	0.00439335199553724
0.0290532391133604	0.000354587216797967
0.0702404827698655	-0.000641761655531227
4.97120561050879	0.00487355044005367
2.3541704925263	0.00349742612424059
1.53480887477837	0.00320764317536312
5.25183508791647	0.00531717151297499
5.1749786106744	0.00509718144770796
3.21983772648468	0.00422676669808878
0.0104571235345259	-0.000206276330448085
0.326101410512783	0.000983770712389992
1.73954101221332	0.00363040189720421
0.360129761947688	0.00144511461949218
0.63042504780995	0.00199094531259333
0.0643086850442049	0.00062197383371778
0.522761341310958	0.00148908044126949
2.00512772746493	-0.00305031527340823
1.63971530019919	0.00299791100475835
1.6846003508037	0.00284068435509967
0.145372820301607	0.0010379544127977
0.654654794213209	0.00168242606270752
0.286512617240064	0.00119473714413399
1.97390513318419	0.00293816087583807
1.55483084326599	0.002836993430646
1.41229282623091	0.00294787638755127
3.52330290632165	0.00458308573399574
0.302824634182981	0.00113476837444733
5.45907488623487	0.00467252320610508
0.510021170963215	0.00155467524417268
4.89023801538322	0.00490664420803168
0.610594497769056	-0.00176468864238831
2.97356584010734	0.00376945341361336
2.31392802784051	-0.00307316773225149
1.03361266323773	0.00191752415888157
0.512159810024672	-0.00148527375631127
0.259541254792465	-0.00120774760029502
0.929486454213216	-0.00198121716136195
1.05020720940196	0.00198562809975349
1.64635176575724	0.00324935584351047
0.672193567896187	0.00166105696017099
0.0895658392143752	-0.000732826451577273
1.21143419534536	0.00193562120558205
0.00670212200562594	0.000187499213481016
1.69293808804421	0.00288860675785549
0.11452358712731	-0.000701830228824225
3.10178949335882	0.00494082796881431
0.640606203460483	0.00181378392296418
8.36219607806185	0.0061612148939896
0.357243905881578	0.0013295681650564
0.00882359714112857	-0.000196394573095868
0.369069702277586	-0.00114101924800639
0.119779137339816	-0.000825041191903478
2.81530752974604	0.00347268968587346
0.759921917030617	0.00187527143902292
0.0585374323805822	0.000455383608390697
0.30780821164462	0.0012439600732622
0.522327925523589	-0.00148977861778082
1.3805971349442	-0.00295230637930236
0.252566947020862	0.00100684795007016
0.00102276965333769	7.76319814660897e-05
0.0326734522684666	0.000347362323923908
0.387216370724452	0.00123126274243435
1.49678863350016	0.00327470414910326
0.938118806856032	0.0019002665238776
2.79948457197658	0.00327444228087657
3.60488970894733	0.0048440306551639
0.0126158779039103	-0.000229139661023743
1.2134841652822	0.00251619993075403
0.00651104989812278	0.000168078836763516
1.06567242411117	0.00244686980314806
0.976461099762328	0.00230554406659131
0.0373621078938481	-0.000471904774328559
0.0304766466570834	-0.000354686170986411
3.01098227225682	0.00376382303139807
2.29408274751694	0.00429843334404011
0.0620180776774739	-0.00046911548239082
0.0140188999977874	0.000244042848998261
0.985944323059132	0.00205063790146236
0.0741628913748771	-0.00072058891938932
0.268522094803959	0.00107287604342972
1.99511772574594	0.00320671411711192
3.66016420956125	0.00371515673238367
0.369461425940721	0.00123921146371721
2.05407448084674	0.00298718004360915
0.71346202113708	0.00165229873574517
1.43999624249493	0.00264714974975426
0.0437118879853335	-0.00048656422172356
0.365867061557098	0.00111061452448818
1.01172590587292	0.00182806437296422
3.40815269106725	0.00366331142079019
4.3866519288745	0.0047157724216602
4.8266758035219	0.00491504924408531
1.07740840925769	-0.00227885210666214
6.22565456104281	0.00546331865529992
8.53456673149906	0.00791817821457715
0.609213326571562	0.001757428830136
0.0870569109289511	0.000599519633853131
0.158025625275854	0.000888852097547295
0.100714457521681	0.000669349665453475
2.79010468186196	0.00355909132578974
0.0688723578009635	0.000511719292377047
2.71229394685906	0.0031422699789319
0.87689534278394	0.00265463533887219
0.0439043933422189	-0.000532295783041764
0.0479493347041981	0.000559250334855523
3.58984524923391	0.00438530007043968
0.724754988044748	0.00193096671376694
1.69765055109047	0.00303774263237098
3.15248402005926	0.00384978983711078
5.29970533724963	0.00488983241504959
0.613738006348177	-0.00163935435953498
1.58689713314064	0.00278614836272088
3.15233021937204	0.00384803112953616
5.09365746153177	0.00548918855623784
0.0812998754521083	0.000544736473021125
3.4375299517774	0.00387293820737404
0.539160427876909	0.00136868352716403
2.85981751195897	0.00361749124321567
9.76776867609684	0.00861484128038944
9.49791386024746	0.00833704156401227
0.0177489702522045	0.000302714431477122
0.105069478078594	0.000559619583668506
13.7857662796381	0.00975987970241388
2.55087948533847	0.00346262309998735
0.0153253022216471	-0.000284147921659512
0.852077025850518	0.00205136085592814
3.22739504509823	0.00387991860196074
2.53287261699085	0.00335990413839249
1.17395534872763	0.00233725079166791
0.704525510709023	0.0019253375521038
0.580070025817173	0.0016207178546012
0.143547735257461	0.000838653057387635
0.886718156015136	0.00217345340763079
0.816097147525722	0.00211372877782616
4.04476501108162	0.00430185220160081
1.62911960198711	0.00253588177310994
3.08405435949095	0.00374915655842212
0.266059068225216	0.00124245798407041
3.95983962251267	0.00442295805277191
1.04386827757361	0.00208901059797028
1.36984934921052	0.00230331502157128
1.24893883884345	0.0025852653000588
1.97379744102402	0.00267484750836193
0.41194589741348	0.00155720970472364
0.557167240529386	0.00180838224998504
1.05627495883109	0.00181094502613554
0.331286145294918	-0.00132175100885235
0.144243763376074	0.000790617061138009
1.37255513340572	0.00275268331914202
0.20489016800484	0.0008777272251076
3.56367327130582	0.00481974718478563
3.2495154896036	0.00343487438753076
1.73063667058494	0.00264259226754129
4.88777365263391	0.00466626988029505
4.35684423773	-0.00520916277331088
1.81066596450266	0.00335421604858952
0.455922911306599	0.00129733567693823
1.48108402537164	0.00295034219338698
4.15111497757395	0.00415618244989346
0.149736985247449	0.000862673481181532
6.95088772145533	0.00526078385385362
0.964809470019653	0.00260543104850852
0.266776240035701	0.00101321638246686
0.024441896888805	-0.000295703184207483
7.60249536772515	0.00591643137269279
0.0885166420262833	0.000801809716174762
4.60031382784968	0.00422757542716772
4.72084613837636	0.00423520931034169
14.6028443262543	0.0083185378341253
0.370598539471791	-0.00124779321239214
3.43367815303616	0.0042140897131092
1.34909176342813	0.00267592018324424
2.65079217443276	0.00355500953611744
2.47724930632766	0.00448538557511361
1.58261986264454	-0.0026545375822306
0.979059029360178	-0.00232754448562516
1.30551740793733	0.00271687709775936
0.123136236512084	0.00083034005923316
0.181074142085408	0.00102811023162122
0.595581134161225	0.00157321723779247
0.228797213518397	0.00111677610539668
0.717484415726932	0.00190163611083334
0.189377150495166	0.000995870523036052
1.09982492364119	0.00279850379459961
0.515863098490467	0.0013670356901066
1.29152346180876	0.00304983086930816
1.80193372363574	0.00326136511996942
0.104269450651979	0.000828041751761308
5.03785395216103	0.00512001802369296
0.000465496342577894	4.64093385270818e-05
0.00349164540885188	-0.000115369998922486
3.12187959344766	0.00424094817512163
1.10221686522338	0.00211992182978996
3.47831876157919	0.00498124885125964
0.0161033959383191	-0.000276317578982767
7.76340169071098	0.00670820104122796
0.0119281478230295	-0.00024537253561737
3.49672465235994	0.00428472544819586
0.0443455128024679	0.000479478766217413
1.24464781125559	0.0025801505763457
4.03417985082661	0.00529582935657009
1.17258421634845	-0.00237552372029816
0.00456615181634667	0.00014343945454809
0.520303170177116	0.00151628428404136
0.767965276460631	0.0019317886127584
0.954850812629835	0.00228059995982773
2.77367112909891	0.00362174932815726
0.897447526295572	-0.0023578471042379
6.7467237297471	0.00580544854298495
0.173552373991649	-0.000990042264012841
2.08633204700624	0.00323810389821317
2.91032968219329	0.00377606154896532
0.544983603938482	0.00131478718356102
0.752122983974176	-0.00200666705195034
0.469382704567147	-0.00144339930171608
0.681160577397759	0.0017370979510256
6.74702865655256	0.00540437381549098
0.634088408862807	-0.0015611175136562
0.918216607066327	0.00181137556845305
2.40447630805357	0.00344137222950067
1.30603954937122	0.00239794689104902
2.28726288615242	0.00345434198249284
0.130304020570927	0.00070938615632235
0.240496909218745	0.00103126112998027
1.57373074065397	0.00294042462408642
0.93152473336251	0.00183436517701072
0.116069293210398	0.0007186063473074
1.81727391272966	0.00359692439754848
0.00163801015007026	-7.46751367045718e-05
1.97211286778115	0.00316452715619588
3.17891933064746	0.00329938349069033
2.11145162954736	0.00392640366173328
0.135323285934171	-0.000713733588738525
0.892871251663986	0.00212568336686541
3.81835173983682	0.00473588092417695
0.560566410573296	-0.00171669514985794
6.11226410653986	0.00734541187724827
0.0105512258211719	-0.000191708593568561
1.05537033213805	0.00238834542885937
1.05347121505532	0.00217172595997976
1.7446636268363	0.00295063122349022
1.69082085849811	0.00276600062260003
0.883368163560897	0.00193140947066076
0.462728798791934	0.00161999185406708
0.0277393411787959	-0.000330443065732734
0.440402315866779	0.00158690636884246
1.11147312579475	0.00250796309693803
0.100166597193183	0.000579039678365259
0.99657055290086	0.00222824010902129
0.678302756681102	-0.00135880117845478
0.0593440611932559	0.000555485555211562
0.212496139724293	0.00106543910912243
2.32843982267551	0.00320965956994401
1.67652001193732	0.00285047106229352
0.210054755275915	0.00106016299524036
3.05249434187611	0.0035091627689631
3.15451213267397	0.00425121988390814
1.70395661311865	0.00256834386551179
1.26607610965954	0.00262814751322401
3.17088286427618	0.00372479269880591
0.133555034841712	-0.00075409619808865
0.00888010467061631	0.000234655297174348
0.00845536091545596	0.000182706592591437
0.569909356976101	0.0017710379133184
0.400922374031681	0.00148561008716431
0.0281002928713168	0.00035775257700352
0.227310746344518	0.000971690654816558
0.772353088077802	0.00208105003607359
1.82188269886317	0.00314275732009387
0.000589577792530338	-5.05857781849024e-05
1.72544038195506	0.00276351781663075
0.635283814217905	-0.00193172208210616
6.79949961426556	0.00555369801639185
3.38704356022684	0.00435998592193867
2.02187290343274	0.00334311944815512
4.74926146800902	0.00473623380468832
1.29423080870536	0.00270716594092406
0.332120826244187	-0.00119306702311531
0.487704571886294	0.0014374937072078
0.0464379506940853	0.000523273782264813
5.98514525304023	0.0056546100239707
0.148134625331956	-0.000744003543840885
0.890246342514669	0.00187047284503061
0.958288958435834	0.00239860275400464
2.36502937091864	0.00384170118314935
4.12161112401272	0.00413208771650924
0.161092139667838	0.000798602764565377
0.952774355682692	0.00225325883587452
0.849621317835589	-0.00207768711659481
0.904592575742807	0.00210730632770664
0.161645528097329	0.000862900927366175
1.3285658725146	0.00285233567459783
7.0494465537044	0.00581353752645522
2.49242748267059	0.00398569284213053
2.04312600894784	0.0031272178828354
1.35549854939726	0.0026799160861016
0.93331909583831	0.00191612938392785
0.878873331055625	0.00228118881075978
0.161447405204932	-0.000797145516540548
2.47971925515548	0.00332649090117258
1.24591776079554	0.0031650826449426
1.90137794556045	0.0036628525069747
5.75188143792114	0.00601084638137232
4.12241119527433	0.00514037492812463
6.4223352597733	0.00559657420033751
2.47830964377508	0.00397555535543912
5.60113207773088	0.00508630104715293
5.16881192201861	0.00504105973471397
0.394153592177714	0.0014613926811532
1.08679861051265	0.00222608930553842
0.238998385493917	0.00107757366624032
0.237758236039818	0.00118850031490442
1.28643424857764	0.00241004690447283
1.41021442497698	-0.00267402693684758
1.15355199789695	0.00240303702407551
0.00137725093673606	-9.95881612291451e-05
0.442757171787612	0.00158542485787843
0.399652585910444	0.00133051409796143
2.0257729648554	0.00317249892179902
2.33380454094574	0.00344400659034522
0.158405337277417	0.000878745722567991
1.5809504388355	0.00254464848339617
5.09101639377018	0.00416037261221953
2.17885004112112	0.00324044083019213
0.0536081661931889	0.000492276550375554
4.66581634079896	0.0054740562199043
0.700184921688998	0.00185533424877852
0.57174760661686	-0.00181494647397043
0.57870975365442	-0.002213475100065
0.0560329726233938	0.00050568033076722
0.949636031537988	0.00216976505454283
1.88107042158943	0.00284934496751723
4.31617721975364	0.00502240091481202
2.67337411446767	0.00326520497283965
4.2982436806934	0.00535591262619224
0.309427362345026	0.00136032223977701
1.29019333635067	-0.0023199257570375
3.8028833536912	0.00389582863328216
1.62744555359089	0.00318077925679856
3.72752679751243	0.00390313220717262
4.38957567801813	0.00436187780652834
0.0576626078223277	0.000418507974619988
3.32719469471933	0.00364055676921618
0.59857404733442	0.00162214555929632
0.0104407846060254	-0.000243003563206422
6.41664652180036	0.00591632155081368
0.121449854676332	0.000925246678534022
6.56146914063872	0.00614731534484051
0.905444827582331	-0.00233151139485025
0.0213532230497748	-0.00029326960383516
1.94113632755455	0.00268720290910365
0.28583139661784	0.00109564151350065
1.15851707875568	0.00240244077078325
0.82997070948454	-0.00222348558839883
0.904783578399613	0.00192723858810968
0.227747595545404	0.000984037934633053
0.488679072409959	0.00127173947009742
1.61864864161816	0.00294789187720111
