R^2	beta
0.926902748976505	-0.0024368430546042
0.00028328653346493	3.88156698021281e-05
11.0442347912358	-0.009293833898255
0.655648124295199	-0.00207440496200828
8.53386303249029	-0.00876080210788285
2.17052636980028	-0.00429390820180842
1.01409009232161	-0.00317966287954676
7.79952774866312	-0.00841788193483466
2.49405083666399	-0.0049138883865941
3.30234682531326	-0.00498627856534927
1.41820663176058	-0.00256622513736169
0.635764667033841	-0.00155415960204095
1.80209237868804	-0.002891825271383
4.72480091397635	-0.00498164415281175
4.96677958605845	-0.00631204877599837
6.00020874017752	-0.00729517831788414
8.33882434925241	-0.00854621782286889
1.49058658919024	-0.00339049339449525
0.00568483776775433	-0.000232000964054942
2.26378899586784	-0.00393021636425802
3.98009642863595	-0.00556370372776614
0.190299781070528	-0.0010305326943204
4.96495161713499	-0.00710652953216782
0.431354154731793	-0.00218773240131688
2.42539075229244	-0.00346135361147478
4.55020394468111	-0.00462559294054433
0.026114023451106	-0.000432321765564799
2.03452898918938	-0.00410982016970695
1.64059046848614	-0.00369690113989215
3.00054282937555	-0.00396543756852217
1.31482513052427	-0.00320206178588455
0.303517284486483	-0.00143626904367649
0.659016965611514	-0.00241006390701978
4.05791025407528	-0.00667839525029209
0.872688031089256	-0.0023739229706639
0.474312488804214	-0.00156797838325311
0.133648804841493	-0.00121718513082096
0.547568113341822	-0.00217880367280604
0.981062878452988	-0.00335306466455361
2.02611935192519	-0.00383390654945778
6.33112090512889	-0.00790967639797089
4.70309744255727	-0.00496723843426968
1.47078740834705	-0.00356772308159814
1.03193685480245	-0.00304396895038554
3.67177559374392	-0.00516429733457736
6.23625831109467	-0.00599046811804422
0.481775244836351	-0.00171258769065227
4.66260839704481	-0.00701665996918257
0.0761345746290684	-0.000627631685260787
6.09660413522659	-0.00764206198436128
0.72576927191907	-0.00264245857480634
2.90922052060362	-0.00388646097614552
2.78438195520359	-0.00558316469015877
3.72854490977292	-0.00600678550153102
1.66592297602658	-0.00267514762162136
5.31878790365969	-0.00533845958750061
0.471485230646891	-0.00175694036105187
3.19702141280789	-0.00365686710612658
8.00104861588045	-0.0106155105945009
3.95630449311574	-0.00567893825072768
0.192143464851879	-0.00116934862016895
4.11755721783036	-0.00555698602959898
3.25931353320808	-0.00443454701617188
2.86349591462777	-0.00464507805479
0.20568083379873	-0.00141743328558828
5.2045996134544	-0.00486804965419697
0.000122040185961898	2.21795590286362e-05
3.58989760655417	-0.00650161451276047
0.0289861974758531	0.000499876708053248
3.397892824895	-0.00555297391162962
1.48335125833663	-0.00326768446355847
1.10132880738943	-0.00250006492049304
2.54401790475857	-0.00421172670074374
2.34751568989917	-0.00424323860494421
1.22677122472678	-0.00272676255131346
2.52634553194324	-0.00451914273642691
3.4322665576623	-0.00532381296237798
1.44592043946512	-0.0029157505998467
2.73699135667457	-0.00363027696772883
0.37106033394202	-0.00163300638773793
0.931705757279674	-0.00257827111664299
0.600785076154911	0.0020516153711932
1.00551282331002	-0.00244638449455951
2.43423474662057	-0.00518190665169581
0.094575476035467	0.000672748493480798
3.12423785886575	-0.00528197327995806
2.37167938504711	-0.00552920581826149
0.593553441510887	-0.00229696396692214
3.97331118754365	-0.00526774185451874
4.56963000793721	-0.0071326598487379
0.635673104141575	-0.00225223645631797
0.980895658707303	-0.00316216099014632
0.53939922007548	-0.00224063163339762
10.2868116172956	-0.011762732624197
0.10045650131344	-0.000825383841506721
5.85703285295188	-0.00654921424621662
4.28326864239353	-0.00521354868233638
3.39413008382831	-0.00445664959533169
3.16342465925824	-0.00442071159472652
10.3350102521715	-0.00932290171145501
9.65070219550065	-0.00853673934796068
1.36035051040638	-0.00400456289653409
2.99331991602415	-0.00428281288542594
0.685790568321651	-0.0021139178077556
0.0457794216705016	-0.000613080661609908
2.38871777518035	-0.00410193797891727
0.749285723987362	-0.00209867539437869
3.68377317968691	-0.00531792929379679
1.67917433253776	-0.002785022994122
2.88682077785033	-0.00442913191563734
0.00642173600524178	0.00018543175843565
0.204146302494109	-0.00150478435927959
1.51199815516799	-0.00301844894316604
0.763651322508525	-0.0021956062485442
0.942881203860109	-0.00244490550606654
0.33747215169228	-0.00148310791573137
2.95506990783397	-0.0049246120414018
2.54340874739385	-0.00332901346948605
0.702444470629181	-0.00254365811279817
0.423028396527145	-0.00207649611309169
5.21857203536972	-0.00648247315776006
1.31819917245386	-0.00322230282062062
2.7942286437877	-0.0041452305213364
0.409604923960368	-0.00189175712004684
1.14722508793275	-0.00328025967869825
1.62785311307521	-0.00362091046516357
0.472949442070486	-0.00205712213978561
1.81697956362277	-0.00380135814111795
0.205137439808444	-0.00136560385390725
8.73935538859979	-0.00797413576795927
0.942169018364268	-0.00278804733677956
6.70087490711904	-0.00692188598625023
1.81576363807703	-0.00326265977408073
0.443092516237428	-0.00160410697132007
0.415710228097706	-0.00181526259837056
2.52034400977342	-0.00534900982030163
3.23080613157815	-0.00441142568434646
2.76455851116075	-0.00487729450101338
6.60277268078212	-0.0082785760548162
1.06735951201238	-0.00253965418425272
0.0827673042757244	-0.000928958053158168
2.08944390779964	-0.00417254804529061
3.54195290376794	-0.00430753922433574
3.45432105744543	-0.00585920755904842
5.66970274413125	-0.00784639823847495
1.44246703615922	-0.0034855481893929
0.268216156193415	-0.00131830439172935
0.355695422550342	-0.00164751912053885
5.47947877229512	-0.00668129880222148
11.8837692394909	-0.00851079546855221
2.06376307542635	-0.00343783916534603
4.40419935694696	-0.00676378170949637
1.41873941001419	-0.00289038942548745
3.32309233081794	-0.00542221148460744
4.71721112032051	-0.00502926271434519
2.0555136021065	-0.00434052621377051
2.70965590211056	-0.00394221583451935
1.17522143274425	-0.00272950232009289
4.30139200697116	-0.00454838508400857
3.98326172106347	-0.00465217908900557
7.6995432446081	-0.00900459465101996
4.11987365491659	-0.00559162529766144
2.44871610323801	-0.00466237481305
1.60173702440524	-0.00316702122922427
8.91435254500203	-0.00859153547009674
1.17314477440743	-0.00294950243287196
8.83393127330817	-0.00796093086656547
0.958853369631456	-0.00259726983889086
3.84204570833608	-0.00505833482871419
2.46646685190282	-0.00417470387888341
0.588417938378955	-0.00244910271429343
3.06148155384338	-0.00409352512325785
2.32725672982367	-0.0047137072226572
0.103639406122621	0.000775683916034654
2.10939418048482	-0.00447850662462508
2.56994376638352	-0.00501794971041257
0.983574329041225	-0.00289732260191612
0.0973351576157351	-0.000991274287993622
0.0328421734272339	-0.000484930475445994
4.29018479207868e-05	-2.19452243351064e-05
0.296888373259375	0.00140582916901866
0.978162453178529	-0.00267829584627102
1.76934854454721	-0.00476603708620864
4.41528676244071	-0.00700693306602073
3.33485735686827	-0.00559857330649358
4.09039844618205	-0.0049918587745652
1.97610175752312	-0.0036892781996922
5.03834564773492	-0.00813089258125843
5.95233099469798	-0.005938638968759
3.2132384983776	-0.00407448341173475
1.45375346929919	-0.00316952707164614
0.75303679931465	-0.00236521484352726
1.25483559058384	-0.0028307336037202
1.7813253727225	-0.00380650146099827
0.481817450278876	-0.00181533878692716
0.0380204604209791	0.000478150032184193
0.234624323189965	-0.00131096659398998
1.22310355907967	-0.00272033085117785
3.38092280830426	-0.00573630778240623
3.38885787827282	-0.00535770233945719
2.52682367881609	-0.00566668428015498
6.20109666527429	-0.0093577438793026
2.53675150935732	-0.0045240966626331
3.24579514331125	-0.00444827535741925
0.825587261522984	-0.00308399790767316
0.178183600559642	-0.000965073250514372
4.21535813115562	-0.00725947956967406
4.29989403664062	-0.00625312005366095
0.652539615550268	-0.00233790822221367
0.533368119902513	-0.00171958297242306
6.51569960989025	-0.00789728652828434
3.71633549907167	-0.00502407829244002
3.56230589491806	-0.00510221780932303
1.90228199823965	-0.0043041516811074
3.28435258449225	-0.00449802227655617
1.49967773568035	-0.00345091437376999
2.57864953331385	-0.00426027271523615
8.14003216271806	-0.00671348154755064
0.467879857882488	-0.00158086238109282
0.431495689337682	-0.00171446376485035
2.65814311769097	-0.00410550608099796
1.8523334441646	-0.00346062815836093
0.00339224123598934	0.000154821416251377
1.51304967382528	-0.00354154260137725
2.73336160439301	-0.00337803484606165
3.38599522618332	-0.00463260805108024
1.01804355766583	-0.00307780084164401
2.5811981320986	-0.00420059697070522
4.70607703324419	-0.00667496342638383
0.691427581037713	-0.00255187317666793
0.367200893576445	-0.00218384096108
4.08333177951604	-0.00483910901449391
2.00412796150059	-0.0032298012897778
3.10803301927519	-0.00511500453958952
1.46426636796556	-0.00285057305481482
1.73691802553049	-0.00299969181025798
0.0149898105600926	0.000399464744338562
1.59519236726222	-0.0031297765974292
4.82011282641994	-0.00642333303527057
2.02575850068976	-0.00374038649995271
0.00942449935694954	0.000207112687216989
6.61262781251265	-0.00842859435828363
0.0437567732071336	-0.00058934375677718
2.16199204470586	-0.00328324594876526
4.4610886399018	-0.00645710138756571
1.15319292735255	-0.0029629691364545
2.39672099829929	-0.00431547775257891
4.37179488745277	-0.00619573260861875
0.0596343332844435	-0.000551478676763303
0.904879668025616	-0.00267962998206368
4.44813712541271	-0.00447157794365092
2.93162948477989	-0.0037012735665478
3.39449683800688	-0.00551362752966958
9.55709018846733	-0.00908009781595793
4.07790178186039	-0.00565624421979958
5.88683154554107	-0.00552812562923872
2.58149694729509	-0.00434994594292794
6.24277382928141	-0.00750405248605043
0.0498032466678516	0.000570700573808577
3.18205277389689	-0.00547830926666694
7.72325770643198	-0.0084648318171507
1.04183832698269	-0.00296998814683612
2.39451664055812	-0.00341828245640223
5.34454549480495	-0.00601055646295371
0.0236524948999094	0.000484167644317589
6.5533361805656	-0.00625278930204428
1.92488677908825	-0.00263252058701325
3.13797996173404	-0.0050707844245298
3.62004025365747	-0.0046533480878683
2.56564496345557	-0.00478004688145138
3.6218585430521	-0.00592834124663185
0.151900157574844	-0.000882840477002729
0.987869826173491	-0.00272201107265564
0.0389603155519066	-0.000657908737844795
3.24650966098395	-0.00492204091419156
0.0839390579795189	0.000903634170335104
1.90670910785884	-0.00428466912513278
2.27109330843382	-0.00391784933119353
0.180059451700499	-0.00116847868470361
0.0135570278957006	0.000314368746065496
2.93807845713092	-0.00519135389850461
1.62581076104155	-0.0039379074431712
1.08233615599065	-0.0024879211217299
2.51675716332299	-0.00470552152518833
2.99866330624321	-0.00490189230683044
1.51300973040939	-0.00323547574853279
11.9242920533597	-0.00881088896569797
2.83276677271772	-0.00426089371148921
0.0422922220844454	-0.000583104557430345
0.300227275145155	-0.00155393120478369
3.80437793439671	-0.00687111488313213
13.1387007244176	-0.0144760525244986
2.52053213601703	-0.00430775891702421
2.74343520164514	-0.00420781369759286
1.1630632805806	-0.00305926784204011
7.97044193865192	-0.00749846988626258
0.102859541472115	-0.000989508595395217
1.52455107413667	-0.00381489499214082
4.06356715505893	-0.00532372026053181
2.3413666053045	-0.00399289799380722
0.896393439246928	-0.0028758312518546
3.10317747920684	-0.00474245438838995
3.05801597295946	-0.00361047171713835
7.96069056671302	-0.00853138828659326
1.26489921195065	-0.00282500281341957
8.38973045869945	-0.00578347706915531
4.82867733618248	-0.00578857241069692
0.297502178223427	0.00155256887284967
0.109384683202834	-0.000907747946447153
15.8622462498426	-0.0152365813889095
1.00627405406513	-0.00254958636414924
3.19309795459189	-0.00475955263521725
0.0839444233836772	-0.000607800339499986
3.20333967671526	-0.00581101636736396
4.59833051847596	-0.00724350584541397
2.49230700028625	-0.00437722721904772
4.90641644708397	-0.00535785195602515
0.822785329381514	-0.00228259784705939
5.89135672727069	-0.00601255942563497
3.79365130494321	-0.0059939342600445
3.31426317382198	-0.00463517230448
13.1467251907538	-0.0113535387500253
0.981772675363061	-0.00241240547870195
0.262303726424054	-0.00148149430802892
1.16761345915076	-0.00307866898829257
2.06917147856795	-0.00335148900211054
0.948559558357743	-0.00265600812105351
2.63484971287891	-0.00463249736627716
3.39092423898553	-0.00564467065547109
0.231851346581547	-0.00138570077266822
7.58115554271288	-0.00773228158802741
0.910485999505799	-0.002466759078765
0.254074182029757	-0.00147789532527978
5.96355198050366	-0.00661972596156041
4.2292814897532	-0.00535936600937062
2.09138916554056	-0.00366114197345066
0.0979389659045726	-0.0010227939213147
2.08138919959705	-0.00363553384757191
5.9733513952673	-0.00670289516020854
0.181366005349034	-0.00113660647905458
6.73055660806926	-0.00731309802484376
9.78430442185687	-0.010950280259991
0.158852838500042	-0.000942174350800263
0.117881494819239	-0.000949714994980344
9.41129286416035	-0.00861102966427762
3.24816285493087	-0.00431657285193865
2.52539225585913	-0.00498564274181306
3.77965987031825	-0.00562146126110403
3.95701369814239	-0.00521819116114375
1.65952075303964	-0.00319025166838402
0.108614814170687	-0.000924852349542357
0.0230125069298958	0.000490084613728512
2.81255797453279	-0.00520165941491615
1.6065667111264	-0.00348361747820438
0.848763808611034	-0.00211541157518928
0.732995043851496	-0.00264957107197209
0.452644675387915	-0.00192556483965369
0.903270572807893	-0.0028899479821866
12.096173585356	-0.0122415295905927
1.77377935808732	-0.00344863298842122
0.40862278030964	-0.0017190836094383
3.17807078194004	-0.0054181922925022
0.380396438061526	-0.00195691809817535
2.61547158516055	-0.00425800095396554
0.724634534842372	-0.0023442645978095
2.79227215063551	-0.00475237506547965
0.218595863295475	-0.00130655129467467
3.60627771780709	-0.00420611482441978
2.73443760283197	-0.00473357038848232
0.0115855910105189	-0.000250820956501069
0.558504188446928	-0.00162115299503953
2.84586405924805	-0.00459899030436204
0.825829800676308	-0.00267454884986136
0.325344596797476	-0.00145005399321388
1.59657581062385	-0.00403284397032584
1.10518004056359	-0.00295857161062556
0.0705108813376193	-0.000827364590252498
6.96911192438153	-0.0074819520098842
1.39064613808356	-0.00342845415006497
2.58445479884903	-0.0045945784757695
4.17626610236598	-0.00678913266340176
1.47947099027406	0.00332356138134169
1.40664714306424	-0.00330059378185797
5.84330851362067	-0.00703473467100346
1.08662933923836	-0.00272009574982343
3.95709620253291	-0.00517811336727029
5.49416353698953	-0.00573255761599042
3.23589173515285	-0.00501044245648346
4.27546451516726	-0.00511275981422922
0.61681717216878	-0.00222164629246974
5.01815479877865	-0.00655117960084925
2.85636379710442	-0.0043232747057361
2.57871856521133	-0.00462819667072679
1.66986360255746	-0.0033305460750722
1.83845567817363	-0.00337854686732112
7.99988486728977	-0.00917324011056602
3.08392916937979	-0.004375434845648
0.978679882981432	-0.00268761611692582
0.456079328138784	-0.00184582296694094
4.08888343159241	-0.00706513376126205
2.64735516100793	-0.00478242548094373
3.01578547968304	-0.0060025782194783
1.48080820235616	-0.00340771932383872
7.21134408355398	-0.0077873272566886
0.122992021486511	0.000962497159960442
4.54063692957168	-0.00602203945127259
0.716108944689314	-0.00260880243528173
0.00738587017960667	0.000205234658796019
6.57538594119005	-0.00765593555601232
3.71307779934063	-0.00624315445677685
0.402018796455088	-0.00183626804499833
1.47154864991059	-0.00338169329641705
11.4434687883938	-0.00859808768486527
3.95197578381371	-0.00503685550152923
0.0121131279994486	0.000291025801770738
3.95907443486441	-0.00533396930467911
5.95615172127589	-0.00611275459785911
1.32117724758829	-0.00337584073210822
1.44285146704921	-0.00327588538499923
1.30321315593483	-0.00319692071226631
2.95065121746468	-0.00503462278588062
0.780910373868037	-0.00208305378041769
7.12319617210326	-0.00679532460760919
2.61812355941441	-0.00490063831039863
1.08645016490712	-0.00331871447734964
2.76070549667468	-0.00544030587074314
0.00166192529203026	0.000113606529260531
0.128276260320333	-0.000972081439545894
1.77450767617757	-0.00364363987535229
0.00154520862185427	-0.000111572461719879
1.07044948014269	-0.0024976413370984
3.42275090117384	-0.00494592521728334
2.57918651755995	-0.00540662060895736
3.84518901923452	-0.00593413149973273
0.254729665971054	-0.00137637940114818
6.71868232650921	-0.0079289713344511
0.537596637430305	-0.0022679480890503
0.294419442786621	-0.00182054592150057
10.9408882949304	-0.00946691512909124
6.9044260460186	-0.0067775045161479
2.25181535263418	-0.00362688585025187
0.576031504410608	-0.00223391668807616
0.847766894991253	-0.0022980547953842
4.29128514022618	-0.00592671135671009
3.51982654948348	-0.00510650090514506
0.442103154642071	-0.00200016925663704
1.97739117437682	-0.00349790224189322
2.3169489423926	-0.00546193878080102
2.05188637098961	-0.00479781417350527
2.66455724270329	-0.00446940987754098
0.3417349701101	-0.00139527806882016
5.01169218800377	-0.00649105532619954
6.29548343726524	-0.0068828582190772
5.32561238316048	-0.00550634261304633
4.58753178669062	-0.00512800343428864
0.679329502080491	-0.00259354180239102
3.00747382707556	-0.00558673832692326
0.987422769842314	-0.00300350252332304
6.64595024319249	-0.00823307851808107
2.80963590994798	-0.00531182144000481
4.05902155429693	-0.00553643357326935
1.20910316389362	-0.00264110307171797
0.827362379349384	-0.00181609776827309
6.6747803197119	-0.007157692700139
3.3246166475716	-0.00488717494004321
0.672098083585142	-0.00181330119470635
0.113789410006519	-0.000888679619278866
2.54767511243103	-0.00414568733325736
1.66816609010007	-0.00271113957179583
0.750206938710495	-0.00258789772242922
0.0467075752185114	-0.000614933227439934
2.59859423141191	-0.00456745095706176
0.802331698332575	-0.00256439461815384
0.841605666921579	-0.00277492623982931
1.17483916018049	-0.00342409954852786
3.08832772314726	-0.00441195782344664
2.4330755341188	-0.00445631305754292
8.94747042894752	-0.00725137661849715
13.0127772301027	-0.0087017706989019
5.01551558904537	-0.00649236107755003
1.66362993624439	-0.00308351897063456
7.61308187892929	-0.0088522416355078
4.48531893707289	-0.00578458628780511
0.412699854680428	-0.00178091585820386
2.76512132971839	-0.0049213664966492
3.50004910470157	-0.00504572958824597
0.511336307556841	-0.00248240989214587
0.2838267513747	-0.00127106397853105
0.622085546687762	0.00178939957816416
7.8283516320659	-0.00792635260703895
2.20178753002683	-0.0040447665956392
3.29428179412605	-0.00374312605344749
3.69927315264465	-0.00467197295006539
0.00479406935464143	0.000177814893186593
0.19450837242999	-0.0014277819852248
0.443849485608643	-0.00195314770151367
4.48721188221685	-0.00702016930726584
5.95590648646136	-0.00722950852506783
2.94979255003667	-0.00588533885520119
5.01764131408967	-0.00525487395516569
1.56227341201894	-0.00320515061582431
4.24666804460093	-0.00585589809764267
1.53498628566097	-0.0035886201842731
1.23727342498264	-0.00305597763614007
2.43123886449136	-0.00398606362044328
1.8908832190201	-0.00438126550174157
0.00964476674073062	-0.000215751101615241
7.37271286589529	-0.00665930879074641
0.161446552748843	-0.00135019053573574
0.339213078166484	-0.00131152751059918
3.00252097629054	-0.00406354763173567
2.86417183990978	-0.00437328231983565
2.96642357627619	-0.00464666607131994
2.10885237978771	-0.00360668135764392
2.73159792520028	-0.0054445860863355
11.3751206441758	-0.01002597480539
2.36166057997349	-0.00454107879470687
0.436058016330229	0.00193559688827922
3.60546111918472	-0.00617374047125872
0.00381941742077721	0.00019655829503831
2.44147445757345	-0.00296593669705697
6.6383293455035	-0.00867707164481321
2.47889315243228	-0.00437762938753216
9.37369620443065	-0.0113329340854001
0.379394958738482	-0.0015341665415846
0.28027203869743	-0.0013551783967396
6.46743335841426	-0.00577773623830819
2.35339601413697	-0.00460878656667991
3.16974284403058	-0.00536563351804632
0.261432042484183	0.00133863051975871
0.424958621314325	-0.00160515412844499
2.38118672693064	-0.0033590504117879
0.854788992094427	-0.00198049800366684
1.53479975807235	-0.0038366008242126
6.06568959954551	-0.00561090184371034
5.57299664417422	-0.00762522987783429
4.18494241248931	-0.00608908898815355
0.104651182985383	-0.00101577718679046
0.408432160842877	-0.00150218466042995
1.86208983566901	-0.00431992146171492
3.9226998936507	-0.00566774967707984
5.11450879361887	-0.00778875180555171
0.23838295791285	-0.00136689102832769
0.923982333435933	-0.00296338260533521
10.0875804476791	-0.00924388063034749
1.65564903828749	-0.00305714191150726
2.88987595909248	-0.00509036419769523
7.94390067132522	-0.00712130039536747
0.0111678325147432	-0.000250978260787047
3.64902278030007	-0.00402580235301461
2.73142371193522	-0.00469657343917198
2.48183764997011	-0.0040824795213489
7.4607884348296	-0.0078088311777492
5.8899362992949	-0.00678574253791244
4.2067379884089	-0.0071653772679466
5.05004766491278	-0.00746448096977145
6.42518796282032	-0.00702775572565909
3.20965274443147	-0.00458427115687589
0.130183626949418	0.00100524840863707
1.43343587907955	-0.00316166092768521
0.743669583090361	-0.0023366948027061
3.52961840501943	-0.00489552750306629
4.36575088490799	-0.00408442882592216
0.00455343594443561	0.000188511533881589
0.0034390590494281	-0.000170044362395148
2.82624656186721	-0.00480344917523916
0.167783256717277	-0.00119280936611124
0.387030284624972	-0.00198334828526866
9.23314507321243	-0.00863538786726384
10.9910840882582	-0.0111283114600362
5.09272281923258	-0.00664450145046204
2.0936898920075	-0.00391407249534887
1.20994640543715	-0.00405988276081362
1.32161687633429	-0.00268173661548157
1.43441415231772	-0.00307633544364868
0.381563543665884	-0.00199144808421243
2.28957796227615	-0.00435627224896871
0.230103596521512	-0.00124308845236461
7.43179216567921	-0.00816517003467007
0.23141250590914	-0.00106297045706917
3.69001313539044	-0.00446905878108699
0.380958957538431	-0.00159007458615739
0.185441993206983	-0.00135074581467286
2.738815808855	-0.00482272947231862
1.92683654834542	-0.00483828700694577
0.809474135627638	-0.00241547363986525
0.392229092227292	-0.00147822569926031
1.15227968492941	-0.00315672211945158
0.413212571015295	-0.00156741288759541
5.54365927119526	-0.00679074159334868
1.07114078212137	-0.0023240884376468
0.458904351790052	-0.00222466552534006
10.7734875677866	-0.0107391570343243
1.29230450360682	-0.0036689554128708
4.85436940901735	-0.0073116625896728
0.662416991296873	-0.0022025596810833
2.23119063130156	-0.00385403949856359
2.1200746021777	-0.00434811040878751
1.20217432277598	-0.00339543062816346
2.43229425768571	-0.00406921243063972
1.11111458682429	-0.00270723028177543
1.26402501594354	-0.00293603404530033
1.07833033226871	-0.00308263146644695
0.0792563744904266	-0.000605590724273988
2.49108254520397	-0.00418969414224935
2.01513426884754	-0.0044503833872788
1.21764104741549	-0.0030861726398847
2.60557005708519	-0.00494501001497748
11.4570436760047	-0.0110706711768032
0.186998734642067	-0.00120208141706666
2.85788476798189	-0.00442311151844062
0.289092390904204	-0.00127372275094841
1.90111113643759	-0.00440049281122288
0.366183346448464	-0.00165546701143971
2.49716903344866	-0.00389414592622634
5.8880648578092	-0.0061615556135127
4.42035698074729	-0.00558382132285777
10.320665691103	-0.0104015496836997
5.82932608539309	-0.00649311654752162
0.816296723541117	-0.00288715926752557
1.93964617998441	-0.00357039406710222
5.07356341950361	-0.00654402491711911
3.83710782824407	-0.00479438839920714
2.79582271702852	-0.0049285958747424
1.95809682309806	-0.0039896414889331
0.302134860191025	-0.00132050131301163
2.29529754393231	-0.0034431617082041
0.410013246991282	-0.00180457076718534
0.277503058462172	-0.00129671494754547
2.9804586891242	-0.00506259900285777
0.385173878142193	0.00123335419828252
3.52171450227902	-0.00515969208762252
2.57718926431722	-0.00431146343956193
4.38608640069461	-0.00676152060076714
2.08096591737536	-0.0044920024796207
1.13832537176609	-0.00223583951166692
3.72994258437675	-0.00752568166776882
0.0149582888857283	0.000251419013982451
1.65693547612913	-0.00295910565899223
1.38294024753557	-0.00371180994934158
0.999894844589083	-0.00260656051336771
3.17335346790649	-0.00478415037225975
3.79899336892065	-0.00559420942586003
8.27356536533468	-0.00837257781531859
2.80066676125518	-0.00456103626554121
5.50107030765881	-0.00631260947621292
3.05362077301186	-0.00393191155220806
2.7248385336075	-0.00476385232219318
0.336262760558611	-0.00133620692249371
1.30784897841492	-0.00332860874368628
0.024899052558214	-0.00036129853383061
0.00114180851986175	9.57657084960696e-05
0.543586853506258	-0.00175876763054781
8.31119020975532	-0.00639305535350829
1.52006927942214	-0.00296175358829082
0.0892602177105943	0.00087492055632869
3.78725344703427	-0.004702626878357
2.50195903681421	-0.00504911833451286
4.64994679220536	-0.00705906298182164
0.152555012977966	-0.000783061242768291
3.75366769206547	-0.004840869259681
1.62772705072362	-0.00331280939922098
0.984749091930773	-0.00230503465733671
1.34149779043954	-0.00284665822494322
3.33188174790087	-0.00546383952184855
2.37410460955492	-0.00322105300786264
1.30575181871575	-0.00318672745570748
2.5606563523583	-0.00442580431741354
0.436510174149072	-0.00196977425738125
0.949035278573965	-0.00241321681814057
0.261441784246429	0.00144645132838097
3.30449513156953	-0.00655772401171902
0.139651190953795	-0.00111151472338992
0.0762480471880804	0.000635043103175868
2.55067246632043	-0.00408346107852671
0.167116835655586	-0.00128965239522058
3.51433684987045	-0.00591332176072631
1.96560973749666	-0.00346276214550982
0.382393684310754	-0.00168593535869243
1.13988788049566	-0.00301012599615804
1.15597144499477	-0.00230971127234265
1.09485282621975	-0.00275825311497427
0.164673459822691	-0.0012684881121967
1.57181369615138	-0.00399758532858612
3.38441078657962	-0.0058492510279083
0.119717364829571	-0.000636028320578514
1.33152166982761	-0.00317081556121336
0.139860946484979	-0.00100302369199412
0.829036072879605	-0.00261002075247891
3.42548508573576	-0.00624419346402429
7.06276589489584	-0.00644904601562142
7.24045996894783	-0.00813419450554942
2.87003081978315	-0.00474871187401091
4.79690515864306	-0.00650161982177581
2.07487446471517	-0.00413092254882141
3.05858472184056	-0.00423132350726474
0.790272015845263	-0.00291039983678186
1.40403100869939	-0.00326307419399487
1.4708351728754	-0.00382116901074552
3.67338777857177	-0.00529750342544703
5.68376295245127	-0.00563602996196503
0.220444557715592	-0.00119874882111521
3.5336445500477	-0.00495459332301997
1.98380290913104	-0.0032489660199671
1.55327411942812	-0.00343953534413826
4.64903235906926	-0.00527689665209972
1.39728260463399	-0.00329977727411985
1.74701452170472	-0.0032080003037688
2.22903091382418	-0.00494323320621686
0.762051565588492	-0.00225391742342045
6.53701037717133	-0.00777286133042341
0.266272201776328	-0.00161147189422291
0.885479424120064	-0.00282619312673705
4.60612885092479	-0.00618604907909397
2.3218780211087	-0.00333564502918129
6.54992586132238	-0.00693124814947494
4.92221697538159	-0.00644457040131644
2.79615898325327	-0.00400561407817588
6.40388925337128	-0.00634022235457603
2.586087100666	-0.00416792972955742
5.64104535556279	-0.00800895538947587
5.04783465370604	-0.00726884226448882
5.53509770515635	-0.00552390049800557
3.64231720366856	-0.00469250659982128
2.88684020687675	-0.00437382881151811
1.00264671773336	-0.00335223439165403
0.797710419722647	-0.00206188576388899
5.66453232715487	-0.00629204309502793
2.52609314839477	-0.0033881606445448
2.83141365850341	-0.00461754198849285
1.59418123187254	-0.00362769215648546
4.45566284312859	-0.00655559644331551
0.446090910036148	-0.00208343802156229
0.228973262762858	-0.00131337077713702
1.80079504908717	-0.00289574983070144
0.0644586290589464	-0.000574175172297987
9.38939172836425	-0.0116926204525272
0.71908361745683	0.00208464933111856
0.909742893043945	-0.00316971031276954
1.56268018178285	-0.0032468580231743
1.21494510525308	-0.00280217506095684
0.521949404626824	-0.00234570024544967
11.0379078057533	-0.0104705272364477
1.52022119036223	-0.00299140690797459
0.0926869306200478	-0.000709460085265791
0.780991159341429	-0.00237568394076436
0.203060318811247	0.0010234146055171
1.96942525289394	-0.0035352720588959
0.0243684946060308	-0.000455955118685459
4.96689571095964	-0.00656749256880415
0.660151061951467	-0.00225657666399666
0.161735438664974	-0.00104282492702305
1.72297042142482	-0.00318925850628366
1.20226736768024	-0.00334489891123725
0.00908391934703891	0.000246677403537874
0.530200040739464	-0.00167797270063886
0.427083797775352	-0.00186153878756189
0.179800682870545	-0.00115358168954976
0.214947458388553	-0.00120026674520438
1.60714697734825	-0.00243223513951261
3.25528594142755	-0.00456400112432621
0.456251647714741	-0.0018747503689619
2.10188983517098	-0.00460576564998986
0.363880947641691	-0.00151643609967898
0.617421318224342	-0.00178216469416558
0.0309603653703534	-0.000517134920673559
5.44836929745754	-0.00569327269414241
3.57469928734854	-0.00524623327081949
1.59301129433313	-0.00364726056543299
0.0725857638358676	-0.00065189354464516
1.11966016245839	-0.00249603550546896
3.91406350009039	-0.00546038319802493
0.0537343984895841	-0.000825622339720216
1.13329498849548	-0.00295423481149483
4.6257524820212	-0.00557791216132995
4.32960087649045	-0.00490571910391972
5.31916454833558	-0.00598993003464203
2.73124900489228	-0.0043338657543023
0.329656366800237	-0.00188669743447706
4.48450485916389	-0.00639953232811549
2.97582010285281	-0.00577805039705302
5.78301890851394	-0.00695275186732541
3.93768783401735	-0.00667787712044128
2.92625535957565	-0.00454620099402889
5.94115157860583	-0.00740600777758258
1.09742534637952	-0.00242642171903786
1.5273766462924	-0.00337285461577726
18.3866371552872	-0.0126032630443076
4.42279918897788	-0.0053262345872337
3.69157714334401	-0.00459797226908399
1.73830130765196	-0.00339282435621599
5.34247044634301	-0.00704225257010442
1.91259438679179	-0.00352648370366218
2.64167670217432	-0.00396850265999258
4.00766211062603	-0.00544212611820217
2.64084658849004	-0.00401335206961278
9.31437109981387	-0.00975210811087789
3.3411126813971	-0.00588036359080361
4.85856492392152	-0.00455185210005324
3.38224872789067	-0.00537153541193533
0.74189038996494	-0.00239740219804544
6.03520702159191	-0.00714331517857399
12.1351068134866	-0.00961849406581227
1.20501724276234	-0.00332322711559656
5.18273773207676	-0.00669341862539435
6.29625280907848	-0.00772410305790629
0.694025760211986	-0.0020745078983524
1.32615540708367	-0.00273560401240406
0.0250952001532531	-0.000383247749088474
0.989256406577478	-0.00307909987044017
5.7421596220149	-0.00663066128536354
0.758582336895388	-0.00247502391548637
2.62332189014547	-0.0043644816884059
3.54980141997916	-0.00518133120288247
0.0769296736323747	-0.000733734937242056
8.95488282290836	-0.00802277803536463
1.78953451233925	-0.00393115488426295
1.07716491681786	-0.0025461492902412
0.972518006071842	-0.00275173227006936
2.98325344895577	-0.00425548899587953
2.44414111698919	-0.00323107696586805
0.00724458653201859	-0.000259796375729423
0.564886205694371	-0.0017767771042045
1.63944906282217	-0.00343358506661148
2.77603287941774	-0.00406030734210802
1.66118311498775	-0.00342869162462497
1.94904946364309	-0.00382104221366578
2.07591213153522	-0.00478291992710646
3.33533282584193	-0.0045436796678078
0.0314825540819827	0.000417541499546627
1.23844363085607	-0.00321195415870343
0.564780567211527	-0.00155537337158513
0.154605264571319	-0.00124089551817947
1.13060948795455	-0.00290393396759947
3.19296002805819	-0.00490909232292486
6.20176558163363	-0.00806088127337848
1.22649050588053	-0.00260255600878378
0.244250130801874	-0.00160392120611808
3.69038444792731	-0.0043595230572555
4.7563876400201	-0.00637817797300249
2.2762073274599	-0.00458395438504823
14.0072714648273	-0.0115989949608368
8.74926903085675	-0.00692823343248609
1.31356199009378	-0.00268735341983346
2.7878573368617	-0.00513501451232348
7.12093477646039	-0.00635898800635974
0.696200509020808	-0.00215381487875285
0.03819263157295	0.000487367416319317
0.141287187979072	0.00110700033537755
6.17477232650014	-0.00571981456580829
1.58522579376318	-0.00233483940802431
0.0406075829716185	0.000521679217255348
1.57669940064878	-0.00332207060075838
0.106709531569746	-0.000893497235925024
0.312515387121658	-0.00132807355565101
0.12978263290744	0.0010595382452183
2.36694737319787	-0.00430601374722001
0.310540060586908	-0.00149091068190994
1.66632801470408	-0.0035490539450695
0.418879773545904	-0.00174896021371772
2.3978527544931	-0.00410963550297125
0.887472686377753	-0.00199211020112048
1.69720588122637	-0.0042111618316426
2.60164075571364	-0.00378037381714946
1.72537389587105	-0.00404466127373149
0.00141625729302397	0.00010232553243271
0.541275188903094	-0.002011956660721
0.47252307259425	-0.00173816319931245
2.27376644719387	-0.00408714396863739
1.54113667481766	-0.00331301960616457
0.1402779163595	-0.00117256476468751
0.099872603279805	-0.00093326906074035
2.68562833863459	-0.00567510025646898
0.409424357011575	-0.00181543301777989
5.74446380592088	-0.0052533855315783
5.02211866857277	-0.00623247193420527
0.135397788698175	0.00107956731822823
12.1658237967228	-0.00848970568473733
1.24337217703892	-0.00243527733627289
1.64491499260838	-0.00451320452812329
0.900013772984005	-0.00250210094502919
4.22488647808402	-0.00598381402055102
2.56316517189159	-0.00499615462117164
0.879681129337607	-0.00294949948269473
4.21447242023602	-0.00663627654729674
2.64395743176131	-0.00560368681062154
2.80781717846891	-0.00644409290809764
1.67664681055523	-0.0026218544705062
6.09391334242311	-0.0069071449199915
2.13973611206482	-0.0042552686304485
0.960682096638772	-0.00231754903192792
4.60777466661411	-0.00488626748960095
5.70719385997369	-0.00687078970047727
2.09349290282864	-0.00489254344824053
1.6901739118749	-0.00343137471929805
0.511572942567886	-0.00213310511591869
0.423779653887697	-0.00156388487999814
0.00823598101466147	-0.000230952327363845
2.72812938680475	-0.00396148858398316
1.95599333290049	-0.00394350340978784
0.991281495584837	-0.00214280642192067
2.03896860375966	-0.00308049128269634
0.507449009182886	-0.00186005867744279
2.60112193134711	-0.00480278034686637
0.0237637996207067	0.000394508726907878
0.254604462599337	-0.00124842573970352
0.863012572703526	-0.00284383772730825
1.47064236109428	-0.00328072804985565
8.88447277966142	-0.00768204676785279
2.38834009152128	-0.00439813638224682
5.30710424545287	-0.00630102546155563
2.08345998489587	-0.00446382165989264
4.82484787244509	-0.00697545802091319
0.159036458795141	0.00106042218454137
4.46597767591692	-0.00586726647611761
0.708042861461822	-0.00202379165231716
0.591889341002681	-0.00194824143740508
4.64535307403487	-0.00642880026988596
3.96923502862823	-0.00557618244649069
0.00177963113702619	-0.000129925680317931
0.398968527593481	-0.0014055161131266
0.107561202926886	-0.000849557552509457
0.49502576354332	-0.00207011229688241
0.197506323842144	-0.00109478603983716
1.10424264608627	-0.00318497504564037
1.24265174043493	-0.00363547038194796
1.09101662323446	-0.00244672801845222
0.000716274543717096	-7.47293878817952e-05
2.64054100999082	-0.00494352148560152
3.34566130688471	-0.00515686654841237
1.67930700380691	-0.00326016163773486
4.99263440508978	-0.00649922579516041
0.526902921144795	-0.00245400296757574
0.597743097618448	-0.00167152863808915
0.0219139421076398	0.000322428325305445
2.73201760252394	-0.00469481958224167
0.0315434250928917	-0.00043890462360651
1.27452404689525	-0.00326029573213985
4.70127357780228	-0.00610246938102056
0.469635172455645	-0.00214348563664575
3.64824249630023	-0.00611415733139094
1.63841978804504	-0.00461539927893945
2.39239913174427	-0.00390246621344008
0.188406290037316	0.00117899530881046
2.28897145872387	-0.00373838628028072
3.94132490645513	-0.00613154862466267
4.69327705511358	-0.00567093608284165
3.65485278916433	-0.00532103333730292
0.463853235244652	-0.00212169895054864
4.26071563782581	-0.00590864641839617
4.07819659689239	-0.00590042102898884
2.42900717635654	0.00446231575128052
5.00968716486498	-0.00718651925898431
0.134351473969292	-0.00113894712409113
0.0539112580229332	0.000651327390300666
0.081258603071861	-0.000590763555768811
0.889942593394559	-0.00285758957693998
0.0234181352182007	-0.000492628068330817
1.55305880184529	-0.00382708052488286
1.78225715868092	-0.00340543936447948
7.67630156448416	-0.00817499642245125
0.239293393124104	-0.00117556254558537
1.86804929094187	-0.0035621788072597
0.686552378734845	-0.00176019878010262
3.06791259174607	-0.00591542491033902
1.65544021859444	-0.00331390756343005
2.14072606351547	-0.00455901751966178
1.34945195815196	-0.00279245243984662
2.7328874298609	-0.00413650862972789
8.95212254356973	-0.00958383575721411
0.712057051622173	-0.0028185894254396
4.74424728102821	-0.00704360727321019
4.06740344602168	-0.00516612877771328
0.73879353027922	-0.00194516366112653
1.48849579460826	-0.00376271120641549
4.11821445556605	-0.00506820434033393
0.128486500248403	-0.000888719357936489
2.85712508824877	-0.00470121229963613
0.923984727676326	-0.00304728736766724
4.30245577923882	-0.00568358071892669
4.63637258702595	-0.00778979776146443
5.51120864992942	-0.00557494780746068
3.12205959188126	-0.00663598854175471
3.44427589018486	-0.00444992936745509
3.69207988345875	-0.00622596182718955
0.281665990222404	-0.00155775298172624
0.330031123909248	-0.00146932614968406
4.41051055131338	-0.00595837705534349
3.32974610827705	-0.00509204001232688
2.06385036636818	-0.0030513402276113
1.30084153829409	-0.0029802476897791
2.36151290050532	-0.00455920812181827
4.75372848116149	-0.00675390669653653
2.45091606207563	-0.00343950914915541
0.40098088324299	0.00184503026048672
1.34272816600915	-0.00285420601962154
1.68810600507713	-0.00323587516069166
4.0751964325953	-0.00580408774222371
3.77381766582735	-0.00502457504115852
3.5422625938591	-0.00468840495479738
