R^2	beta
1.30168059568074	0.000360710800309433
1.94641105207302	0.000423699262619435
11.2517868368311	0.000921835598816177
8.24385902325355	0.000930096191546084
0.00551961325038372	-3.23519211585783e-05
2.4953110853744	0.000455993814542217
0.129180261904828	0.000141884948526759
1.86735556417426	0.000570032892593232
10.7567637824393	0.000999146146759569
10.7035131318451	0.00101634153513022
0.310979125879229	-0.00025158242279067
5.36468677150908	0.000903529590529247
0.26701365487219	0.000189360041974016
2.12498859835082	0.000505152124036974
6.68537749627149	0.000770462505930676
5.59298829451328	0.000839372961642255
0.0153220485716393	-4.84195989580977e-05
1.68871656082816	0.000505107170523402
2.02567683750619	0.000550001863863911
1.91637931634413	0.000517188611358968
2.26845170772154	0.000514859224821056
0.283242689725679	0.000213057202987253
14.0114639262031	0.00120015953445313
1.49426556767422	0.0004762398581896
2.84645845902259	0.000615148580709982
2.85622167315061	0.000818320941703035
3.55710025292487	0.000644148150352859
3.57641824462942	0.000609156583716346
9.46308612372507	0.00109249077433379
3.23329766724719	0.000615342709258028
1.27917014909054	0.000468478139968786
0.0160707886214499	-5.36506476057177e-05
5.50568059464129	0.0010069719168438
1.98870158578638	0.000453677538121069
0.881026128498709	-0.000423115440799128
3.06761139791752	0.000766668153749519
0.157234486421386	-0.000186288498858081
3.06050475910308	0.000673016211187859
1.21896683283872	0.000494441042958469
0.62152604678782	0.000322990659660477
6.6679963224495	0.000963605702374261
6.497275994824	0.000876507091688518
5.98906511372729	0.000868339050879437
0.203850651150299	-0.0001755022075642
1.79676334152222	0.000399945052634707
0.720913249537217	0.000399694385259784
8.03500660970967	0.0010724997785399
8.37507119745652	0.00112071654136022
0.861591967167892	0.000370291613009309
3.98059702416284	0.000712281760965622
3.7399040210254	-0.000927654141402911
0.934231064168246	0.000400621240069689
2.39153600204443	0.000487632294047873
7.56966167554619	0.000982258647944791
0.00115060129937647	1.75103779521751e-05
4.44807688765413	0.000715213874772135
0.833402824966009	0.000283095987233847
9.13746300274593	0.000819393145721063
11.2877912495002	0.00118766917389657
2.16236926541722	0.000592529798578898
0.0137373909848559	-5.62448971903044e-05
1.5217329548637	0.000458100815395773
3.38565768947215	0.000839717285872705
2.12225300910872	-0.000752208810154098
2.63653952611881	0.000575371527663715
8.61272747688359	0.000784123506699498
10.1403837552108	0.00114789728256778
0.160375030530299	-0.000190268342118022
5.70124309662476	0.000974312161680605
0.00115974423809565	-1.57667088766512e-05
0.95652102287644	0.000383328724383328
1.14536460088501	0.000432313135837533
1.18585185120386	-0.000567154963713184
3.06655009681577	0.000656181646607434
6.39867937542784	0.000812790422154509
3.47263010008977	0.000623164691223193
3.7981246186856	0.000569782891745912
7.93473021976214	0.00105339612689586
0.569910232620786	0.000320284493170738
12.2444453972541	0.0012027208797436
1.71901220733925	0.000471124218935397
6.05448577074596	0.000910433249652429
0.157175185005431	0.000173692274248633
0.477309208329614	0.000281668127451215
2.09014668822962	0.000517943472202822
4.35891934104852	0.000725075268897994
3.25153414805821	0.00057660912073892
1.2849943041073	0.000418666950265905
0.692444115545846	0.000326388596093208
1.25942433484998	0.000406747532490785
4.77963284555028	0.000738269956249511
6.25650263941561	0.000722160638507563
2.45490755615059	0.000742410575620457
5.79306428657417	0.00091012196179713
5.53072977177578	0.000946377318993411
4.50708608677843	0.000804949109877764
0.0565171484618431	9.66510134580688e-05
3.30608162746533	0.000629075161854494
3.08606110867522	0.000566466144269534
5.11663547360708	0.000784339384567822
0.339077891570316	0.000310364219674907
4.03769834060812	0.00078600759559331
19.0018538842961	0.00124522092188072
0.119243298344484	-0.000132808895162744
1.67442277825947	0.000506270833124527
1.39852339431624	0.000444769707942578
3.78232285776783	0.000906485377159931
2.72214488730292	0.00061711219999827
5.35335952433552	0.000823376002286995
0.185819514667819	0.000181064208952321
2.20664423422674	0.000552743382426249
10.910964802005	0.000992872644496439
6.59909306067541	0.00109661079975866
0.0786192324232686	0.000123817426537992
0.211607052745736	0.000156226312682249
0.185121314071788	-0.000161376777792107
1.37782796207505	0.000437811335033469
9.0786549087473	0.000973244462971227
10.9808545038859	0.00107581176024086
1.65281557178108	0.000514676527640256
0.157487392898363	0.000163910951038469
2.38765071036023	0.000676045120589434
11.9020479856003	0.00120871198987282
8.19931044072808	0.000958127797200833
1.39205589824877	-0.000576785843131203
1.82293113689989	0.000424759001113339
1.51182532070473	0.000433010583948175
0.589362143174244	0.000317186405567608
3.6678383570274	0.000623312449921405
0.134310840617356	-0.00012831441527808
2.14178944542458	0.000618862577077171
8.1604018686066	0.00107387336784016
0.0247856971000927	6.09072845920672e-05
3.10760509676831	0.000600795915362529
5.94289264386227	0.000681188761071425
0.783055119989249	0.000388654662966795
9.68320767363963	0.000969987910828803
0.0650728920221931	8.39197441411591e-05
1.06614956610158	0.000423017399491065
8.8298631433074	0.0010598302087687
4.83902022969431	0.000784849749707356
0.252271018594085	0.000177970442413348
1.20157987731212	-0.000495103356265851
1.59505557294141	0.000489580524469791
0.558647592128828	-0.000357993785282806
14.4124708313938	0.0010032431988361
3.76410822170243	0.000646023980706933
0.444821192656202	0.000323759123573904
0.0140943468093125	-4.91244950755017e-05
0.160925680219232	-0.000190358912449988
0.000841994552223158	1.05988219115286e-05
5.32175421371246	0.000740606243172493
1.4257541079903	0.000512267330467152
1.88058938928762	0.000553470993002781
0.00979887784766082	3.65370680010102e-05
5.68932975501076	0.000834735983033903
1.27336510499031	0.000524631780802742
0.443260409587994	0.000247827381330676
5.83917088959701	0.000797666220883634
0.047761328986671	7.4610270247945e-05
9.44066755547966	0.00101681032166604
10.0936855063608	0.00112159497362173
3.09625321336465	0.000501606867087963
4.13031072758999	0.000628482745674959
3.40061403168581	0.000581450464491552
4.08372591312387	0.000795516898624335
0.776848888734958	0.000353036791152862
9.22712341380315	0.000945214966682896
15.0748551836264	0.00126636464602797
0.000559489915511006	1.01302373736504e-05
5.10665308477339	0.000615826036596431
4.67796238542857	0.000651998398165959
3.39615700555055e-05	2.77414934365653e-06
3.10218082962477	0.000660532674619817
0.394994847858183	0.000325803375291634
0.603062968541207	0.000291283739521132
2.03161468951005	0.000529433915672118
5.40701475533205	0.000910160715295813
5.00170248236633	0.000849328929542432
0.00850422221568755	-3.1530701330816e-05
4.79948325006708	0.000877401952424817
1.87647097778715	-0.000615084824935317
0.974882482175917	0.000380735937419998
0.155989278587835	-0.000167414854314169
0.0205092148537223	6.65076198295631e-05
3.81920302421469	-0.000955331687487607
7.49676436126432	0.000904725635925012
0.368025025661291	0.000252153784139709
1.88778573771302	0.000508901631684687
3.79903167732908	0.000730481596084825
2.26186933310719	0.000552230841321976
1.41030018151883	0.000385408554732659
1.44128196221065	0.000381690617861587
5.28388133572531	0.000723673407769679
7.75163457662333	0.000826402034726589
4.91932801798409	-0.00105763130400151
0.370129546581627	-0.000253124024429077
0.953697486204814	0.000421912858722529
2.574996329394	0.000514619149717033
9.18414335666326	0.000804401450117414
3.17613207946156	0.000582792972665334
1.83968956377958	0.000493118735954517
0.0799320407878015	0.000143215086502841
0.263079229048434	0.000164670455442133
0.441890775330666	-0.000340128894557196
6.77363322390776	0.000686534627443518
1.00033091888904	-0.000392484111445903
11.4747131030096	0.001216957303807
0.0241511554776861	6.24269394115963e-05
1.08497585566787	-0.000390986427825943
11.1278431040323	0.00108639413956352
0.718000988979594	0.000316370491263713
3.44437298721762	0.00081794682290695
6.29289113950857	0.000980218116385545
2.02392388578368	0.000594021362832151
0.0748609453613269	-0.000117562235672187
6.51544323354469	0.000793319375521729
0.615580568055565	0.000291684167147204
2.14280068492998	0.000510733306908586
4.53942004084682	0.000708624867361478
4.09458964194271	0.000798729599908471
0.770623806259599	0.000382637491314076
0.265599998628988	-0.000265839153340002
5.82954782826571	0.000810920018045159
2.86552803017937	0.000607868452890604
0.380234430257266	0.000225962329278595
19.9146047400018	0.00112548575780682
13.1335267442871	0.00121576026348375
7.1736695899852	0.00097396775450162
4.79538170909984	0.00058107104185529
0.199407353701307	-0.000172824777844081
2.50276124279472	0.000544512518976019
0.278842862885246	0.000206704721276539
0.470807889185326	-0.000349432588223831
0.0822787936408159	-0.000117291984250245
3.39280979989438	0.000692355222371246
4.912413775334	0.000779911883768723
6.68492649808378	0.000913304357395866
3.05228658801701	0.000740996490542539
0.508599737779172	0.000291270543424458
4.05428129720466	0.00105188984789015
1.20795559252555	0.000397952206730167
2.0653664903074	0.000575470776567608
4.84890193846808	0.000900330061588688
1.34177057267162	0.00048904823136405
1.23575070289557	0.000393857544447227
2.78496266643846	0.000553663314512262
0.12133325899395	0.000148412239473163
3.52584271444085	0.00068325968994837
3.38854316066701	0.00066329650558409
5.26330196778802	-0.00111839578169682
4.39888953439592	0.000706792704661603
5.00041734303581	0.000764563712612109
0.675866514977376	0.00031577925931142
0.789915020391819	0.000449286289303759
0.16380586375118	0.00021683382582251
7.24584936286556	0.000927781114617789
2.32661227612199	0.000450268153584458
2.99908689319963	0.000725934920989658
7.80429136178067	0.000980366006078575
1.78125737414749	0.000535443340348908
5.18834438191181	0.000766581751764924
13.2451920242971	0.00122847473802702
0.000959065143411638	1.38453819424576e-05
0.0089564451445195	-4.9402198874142e-05
1.60539481526394	0.000506942041816922
0.0229937077399876	4.79911694857833e-05
0.305165120477135	0.00017096379755828
0.675366593013151	0.00032970693380192
9.53996831199038	0.00115075482436645
8.97147294464663	0.00109801818293872
1.65232356972591	-0.000464109958042749
2.51780553920893	0.000659645914578157
19.4899952347669	0.00136194398899266
1.52532608323829	0.000472439310270531
0.301437865981668	0.000265512831253254
7.01080137097197	0.000886205740308353
1.63116685955888	0.000532346616331277
9.81251920750415	0.00123297435185442
0.509953883453621	0.000290042045323814
8.41816773443429	0.00121304749700098
3.71925056274443	0.00064003081503743
5.14096667923199	0.000698849706418062
0.921627058291109	0.00037346423830191
0.0155513271702832	-6.13164632714003e-05
1.38187162268195	0.000424553319216235
1.70799888967288	0.000426522398246678
4.26568064849117	0.000972419151556865
1.22465516695801	0.000406629928257739
5.01267630780528	0.000883491583259662
0.290696413178822	0.000231975154135666
0.892844728035345	0.000284377433684115
6.0410569559574	0.00079761932715273
5.95320812353239	0.000920403104763578
2.11241292992214	0.000545008706808741
0.218560071935268	0.000190341560540167
0.084556417538219	0.000120016162571672
6.79778522789716	0.00100426533223526
3.98077787928697	0.000831216692579524
0.0157010417514894	-6.5094015967434e-05
0.639181030776834	0.00033901341978686
6.40447083039982	0.00106152573571719
2.64438101521585	0.000683352848723459
0.773752645007059	0.000274385814280775
0.244418803772119	-0.000188525321276064
6.02658470641984	0.000848501945835946
9.85343015014291	0.000894256508741029
1.12054266132253	0.000465001505258285
6.91572148591113	0.000906939028240086
0.539937327888422	0.00028094197832327
0.857826588369856	0.000320684787448447
0.508596219375134	-0.000453156657529046
4.21915772570303	0.00102853298205997
2.03139855364103	0.000562093017903029
2.52199747396099	0.00063161333103523
5.4878197856238	0.000716649815430737
2.05459714952613	0.000451405647801821
0.583529340146872	0.000327638964458514
2.38147127347349	0.000700347088281063
9.65618661809892	0.00128160252724599
2.8102859586572	-0.000867748716435557
0.0379456999574288	8.10700532711754e-05
0.0636816734546944	0.000115381549471946
5.18181431029306	0.00102261317113966
4.91470672947537	0.000827015125088078
4.95247718047421	0.000741346221452428
1.03876797512275	0.000349852328704829
4.98123442708182	0.000929355102066793
0.0833730547630009	0.000109691810195794
0.349479668447925	0.000257224547125472
7.94919328802299	0.000876426003119343
7.87840032622176	0.000896345345220107
4.24842237945498	0.000866764449044087
15.568807936071	0.00121522836419955
4.25907245354883	0.000736494839657369
1.83903898269736	0.000495383558034372
0.825701895311893	0.000418906435859778
1.44855138497219	0.000523630469741121
2.66457181186592	0.000624540029333535
4.58066681837454	0.000794755139416449
2.00893420509476	0.000562467909568603
9.45434255726259	0.000876539610928787
18.3233970524557	0.00141328918817589
0.914683915165671	0.000413681910258427
0.536860855505908	0.000292263293827859
1.71400679427414	0.000574096065976958
5.87183006846244	0.000852569898645037
0.468354574457096	-0.000293196875530928
0.738831079388196	0.000292207852714677
0.22595924732825	0.000226616457420932
3.63832215433341	0.000629470325357914
0.588135898053442	0.000305263285103287
0.211159585807889	0.000205805631540143
3.19307681110833	0.000500251943059712
12.8328309991858	0.00105709693618821
2.77158679209403	0.000573203730775689
5.16511858602005	0.000882094770020703
2.74152578854491	0.000664363042806219
2.08187661779011	0.000499492126556541
3.5178336720134	0.00083982973021491
4.20808937271432	0.000899944001159999
4.57643946625277	0.000635285936033117
7.82463668720942	0.00107094643290921
0.000501884772918669	1.10123825720886e-05
2.95255635672362	0.000639190335761825
7.01243186428331	-0.00110596240951639
0.252304035840546	0.000213685615520323
0.198819902890453	0.000191299677156971
2.53913381219054	0.000661622758323417
0.470093815218031	0.000291861151197552
0.182028711045201	0.000150390292760512
2.63511014869	0.000620415204316592
2.28055182012416	0.00059048282683296
8.53990403488751	0.00114656458910175
9.59326268907491	0.000913518114670558
0.253425012371524	0.000205274721232981
3.21298034153405	0.000796365430226535
4.89370829620091	0.000732383924799119
0.117194942445872	0.000143844296094733
12.7404989884752	0.00116774047099289
0.584877763696895	0.000365129242056042
0.13404661690359	0.000167881364181413
0.0541803482143107	-9.545370612925e-05
0.00763258279329192	-2.90406848954282e-05
4.74157585707872	0.00069292597734803
0.0653117454309582	0.000115676784193335
0.489983450620975	-0.000299799532493392
12.0623960893246	0.000957162404696437
8.63881899719489	0.000969509868805742
0.363236294950455	0.000260054644201825
1.26148304310326	0.000390159703461986
0.116813790059062	0.00012485393380399
3.16773981608023	0.000592577549956672
9.87309025847227	0.00123443499585882
0.000681484159136852	-1.12069779922179e-05
4.48615535062207	0.000669600413230404
0.00872286550862529	-4.06839714057734e-05
7.66236534425406	0.000972632704979052
0.336308631341403	-0.000305540830101609
3.55224318145501	0.000835157626451703
11.3006483983994	0.00119847429854597
0.00681055710350925	-3.48783614310259e-05
0.447220809868827	0.000245239591013913
0.121549605594382	-0.000155691612327231
3.92492365861795	0.000745817295185889
1.86049788803722	0.000577238724814835
7.63200377296745	0.00080484550446877
4.34747510469395	0.000765886128033402
4.86355007672447	0.00075256884953716
9.77464263124768	0.00108737215777125
1.41776230177319	0.000483034886643048
4.68120832813588	-0.00121245070693877
4.79470873241708	0.000817566862605785
3.81280449807827	0.000830644506477204
2.56312741992043	0.000607329863555503
0.129157250221817	0.000134931648880065
7.90176185170035	0.000820604645287368
2.46279139499077	0.00058204202094675
1.47327639539392	0.000373561128482555
0.00112421561789478	1.75624914252629e-05
0.0659508245189884	0.000115061738941814
4.05781523661539	0.000694437028492129
3.70305539579497	0.000679060189472001
0.267022243722299	0.000193686323675117
0.182819384961871	-0.000237581592263873
2.66252764725901	0.000614178112752381
6.50360102147919	0.000885454121798085
0.596482811580713	0.000353665690751348
9.40205426080746	0.000999466879839489
0.0031483906508039	-2.86660184481837e-05
0.810068548958936	0.000374190122544967
0.5046971444846	0.00029524717862125
0.104365831703401	0.000111188027485205
0.04981194934755	-9.17578157926684e-05
1.95049835382247	0.000607669792481901
2.96233658448106	0.000528726221024721
8.77413479584624	0.00105089386272878
0.0809194011981577	0.00012477520032561
0.397493108217649	0.000316158538797168
0.0173501328356248	-5.03425213235008e-05
3.30126615960115	0.000701000988500801
6.00325608342881	0.000851360121142546
5.77697252425473	0.00074642174401911
2.50654911446682	0.000565650362572804
1.34220939238487	0.000605741388915842
5.36831355629341	0.000771694433495259
4.41980838905743	-0.000955466182218925
0.000165799404935423	-4.98090690474809e-06
1.06017900216299	0.000518529205468806
4.13286346779701	0.000769868218916447
4.23189721622286	0.000634684029145097
1.38624189337533	0.000482325335254775
6.83129403959854	0.000811226411325269
14.6212275255351	0.00171586301670631
0.00313911914226106	2.65546629410108e-05
3.25509744665429	0.000799041970703967
2.4844193734723	0.00053346695855665
2.66241114610371	0.000455806453795866
1.72516306174534	0.000428572505207429
2.0937594497082	0.000477876504930821
2.825513603357	0.000570746526306356
0.0376457551932317	7.28171029544099e-05
7.42891930832755	0.00079807000484339
1.32376245269723	0.000413190562762953
4.91734135454084e-05	2.29614919958458e-06
0.897655580724148	0.000315151261628744
6.18678884210219	0.000827832112749002
0.667460928111515	0.000290540450467088
0.0234789770205051	5.13411803177543e-05
0.0983519346212151	-0.000141034367985655
4.86706023859232	0.000759435612187428
0.307412926412613	0.000212382816859587
0.332146060008107	0.00025400309948882
0.0488549324518238	-8.19325957676364e-05
7.18381165600188	0.000871221225479668
2.89322733164343	0.000643876254432134
0.599503642301047	0.000265921902589007
9.31799230776392	0.000786383360230541
1.02149773173974	0.000416438062517733
0.107746464502319	0.0001188973936758
1.62958959928081	0.000567865521568734
3.23538143213897	-0.000786875140539031
3.94324841153813	0.000663175869579176
4.00531827381453	0.000725114279093044
1.60600112273428	0.000494037668020361
0.947055835630118	0.000373415242264241
0.841259459720994	0.000326027439797963
0.474258901637885	0.000317064964050157
0.0567509743408956	-8.31079666550423e-05
2.77003917258747	0.000674315428382461
17.2327345063566	0.0014338599521989
4.20392359358469	0.00084041883188431
0.0231499084815055	6.47428565716514e-05
2.17772969382162	0.000497117501012267
0.026749794680284	6.74052481007624e-05
0.367317058191645	0.000247785443367462
0.00407173431717192	-2.37936643495702e-05
0.708453257973425	0.000350031711809474
0.49318814043491	0.000258654488053764
0.528111503301327	0.000294249874843291
6.86069288255249	0.000861443725307416
2.34268908416001	0.000432214883176174
2.22626521684464	0.000526046171395222
1.73529911370241	0.000508317269247326
0.340514712931587	0.000241595144694738
3.99392656533421	0.000733381925263658
4.45185582248142	0.000664670054659289
0.162475760232855	-0.000196188259835407
2.03326722286234	-0.0007831725858421
0.0443610364288901	7.41939361817662e-05
0.805647118177889	-0.000319134138924679
1.82311468673189	0.000439056090666068
1.34356410576638	0.00040484849638497
1.38541167539314	0.000422629369276784
1.572138350953	-0.000548070936143958
4.83903146685994	0.00098292236597446
0.704396197145862	0.000360378093509138
5.77594821200041	0.000877876996747757
0.85039733229951	0.000327855993768268
1.97076484647063	0.0005901007604635
6.45135066147681	0.000742622084714038
5.5502377575443	0.000806153608583817
2.31178829266107	0.000556382440192166
1.1629110954658	0.000348882387092537
1.12664240354114	0.000500956993252407
1.74087399536456	0.000467832455987826
4.75393207487806	0.000677791743135712
0.433137387045381	0.000321640616750323
6.97378317629906	0.000907738321713246
12.8474873164971	0.00144150540084179
6.44168489066148	0.000978510011579918
0.00654801604484747	3.69106070195368e-05
0.71199475901627	0.00034969522925316
0.570442768034884	0.000319907935495984
3.39914796010908	0.000582709003436236
6.15248361918027	0.000771322193077396
3.23527047316874	0.00053006689008251
0.109274652630081	0.000166535228752552
2.27252342402657	0.000632241759841828
0.0420992893716563	-8.94062401129559e-05
1.08365441633141	-0.00057684166063289
3.09773998142515	0.000609563386383325
12.9149312890404	0.00109119496114332
0.140142837907556	0.000174735143133236
1.13088073616701	0.000423300385469143
0.720126984563194	0.000310304346795407
2.28443019617588	0.000534218985430234
0.0307364058858762	8.85337034553452e-05
10.1979619749666	0.000949271926761866
0.126635579580132	-0.000185166441754698
2.60062933239104	0.000552018705799825
5.10515968413939	0.000649189437196486
5.06854998155691	0.000793024111120133
8.9308183881608	0.00102704274306786
1.92654963157832	0.000533556232060183
0.103067630908244	0.000170768083745484
0.415261432536963	-0.000243009460972319
5.0039816156042	0.00086897628600423
0.0713557172958089	8.90912648412773e-05
5.19754969172909	0.000783239455117493
1.24632773812818	0.000408465767744565
1.97006095064538	0.000516507602345968
4.50594907819192	0.000862690534601328
4.93281153056473	0.000826020458235408
0.000278039232594364	7.38045810838169e-06
0.951365538813941	0.000321785460885714
0.00574174427323923	-2.62265529062604e-05
1.37759698648148	0.000483827118129523
0.0434101098975962	8.60926325698314e-05
0.362733091237164	0.000261564471086536
1.56134865103604	-0.000593892626831462
0.847492794308118	0.000372161437637934
4.1245766723012	0.000842226561469289
3.90705304761371	0.000715478927788851
2.37274937679056	0.000535400162629871
10.3538852914242	0.00133713269139593
0.543106657797948	-0.000355289941759416
3.98308973529645	0.000766980918773103
1.41920662435637	0.000438150567536719
6.37195027708318	0.000798045945938921
13.634127484603	0.00136492100122524
2.16415930360922	0.000472964436634964
0.116408248664933	0.000135189409999273
1.26522507024314	0.00027629636082302
12.1787409470531	0.00105984221610758
0.0523249719832136	9.982721368262e-05
0.474685312583725	0.00045854060987654
0.170681546322226	-0.00016312622225267
0.0368211943570955	6.88429301869385e-05
2.06893921415913	0.000594915752922357
8.62169699209829	0.0010606684831813
0.00307691920155407	-1.98096470385653e-05
7.21804417024916	0.00104326871405426
10.0952962071303	0.00115261810651115
0.771378899281649	-0.000388620201112429
1.29268484385381	0.000479915755701877
0.00761283030206743	-4.16892383767106e-05
0.957030533539853	-0.000511549038905882
0.133578922083478	0.000149131386790576
0.161598964035546	0.000179794557598324
2.28837017508956	0.000541408958224027
5.67730939345954	0.000699643777839918
1.806654977945	0.000514629050942387
5.31371047576702	0.000746004273456216
0.114010161060462	0.000160271812617783
4.06296401631582	-0.000906644574524908
3.98508616966681	0.000853353997831353
0.578896487643632	0.000235015053392296
0.0118401378367494	3.51306502174768e-05
5.15837819172005	0.000946809467680219
6.2916377823601	0.000784343762273613
0.169561318374072	0.000165791628963038
1.13452735382331	0.000466664783321598
1.56701413320774	0.00052860482068393
1.54640281333338	0.000487668611252169
9.40191012045842e-05	4.56437689618186e-06
9.78324743711054	0.000937360125594732
3.41321623445352	0.000742771866674755
2.70801523483662	0.000681471325926238
8.08326943266228	0.00112209605577636
9.10628045869342	0.000982249787017856
3.46503412981564	0.000918155692665261
0.530410300835106	0.00020601033053186
0.219553649269858	0.000150706808334238
0.100704463065347	0.000125935680840074
0.93687137356269	0.000385626951597885
1.73410782038045	0.000424846496141279
2.07536827726191	0.000455572298804881
4.04609978641656	-0.00118572582047386
1.24757744094169	0.000418801099355468
5.58587624466305	0.000705615100485483
4.99906971661206	0.000710108303515838
4.86929786043276	0.000832596203086526
3.44900134838272	-0.000843322852342311
0.000391412165246345	8.54910725711431e-06
4.27660392281588	0.000780695174549824
5.07736335121617	0.000597907913044239
0.361897831943556	0.000290012125470703
0.441631288282384	-0.000259415456871893
2.75090238073956	0.000562657661774598
0.20044877395524	-0.000188224657119589
3.99350670892261	0.000724479976075207
0.00398001979303315	-2.21919334463803e-05
1.11706470010489	0.000355461456536729
0.0139695346474604	6.03969199996818e-05
1.58340329509281	0.000499939388360028
0.766310244286616	0.00034681986209836
2.66357714381264	0.000554294993535281
8.6460942247783	0.0012388898286032
9.21386335655044	0.000853851558823706
7.76406808696509	0.00101418812311612
3.72626532798999	0.00077050083167883
0.116396335146296	0.000133758500727345
3.90660286703997	0.000647686898242116
10.5675586066944	0.0012084952285343
0.176560054627772	0.000212957019486601
1.71971836654819	0.00055132887021651
3.04295959358036	0.000655400283419981
4.47010513604829	0.000923719026787815
4.63480292474393	0.000917528399763447
1.7427813702093	0.000529872058646877
0.194796219813315	-0.000216834799978301
6.75506264764418	0.00090940853447555
5.86528345656364	0.000999171073451433
2.68719686928158	0.000794347824391239
2.77240832441325	0.000761591309692164
0.032540531572058	-7.9313792405144e-05
0.633133484622064	0.000383352823712591
3.41330660690915	0.000650520479926984
9.40410624088134	0.000957154688911504
4.19774905230228	0.000887228883482074
4.26922522818057	0.000696626751114482
1.91739938227897	0.000667081525681618
0.37512315988149	0.000187892230266394
1.01872719936079	0.00037865705751653
0.264610277051306	0.000187396508790658
0.268064699433824	0.000198554559416336
0.681000002535659	0.000382370274590205
1.1651275205835	0.000385952050221708
1.15894222230387	0.000464669947576388
1.38965638771792	0.000442939952115314
1.42125393463756	0.00044510301161259
4.16400913133862	0.000684646040051032
0.247534571665391	-0.000216171234011664
3.47249533349945	0.000671042140367038
0.989046663007607	0.000385536189096975
1.76204504768786	0.000480744226232929
3.14852447689036	0.000586826606803637
0.956407330925034	0.000390409188612261
2.34777472837654	0.000574298570472917
6.59432575693981	0.000836755319284935
0.575978494392771	0.000307827051290373
1.11045476415446	0.000394134635717611
1.54611915572586	0.000428658961928206
2.37189032901878	0.000653702346764781
0.203654196055779	0.000212270667437237
0.522024558304633	0.00037368567577369
1.89576296132451	0.000469944677599153
0.817209017855365	0.000385369399464484
0.23000386673845	0.000173765743594774
8.39309159486534	0.00102213846686206
6.92810122350607	0.000926301323740493
1.31130315277004	0.000577680593759465
2.17937801186333	0.000515522622286792
1.83547131794804	0.000532115628074857
6.38590356428431	0.000870475454239203
5.13835508522226	0.000737950453786963
6.35432819780597	0.00085027396396981
8.29524807731769	0.00106472035781676
4.85813103987739	0.000866535179014674
0.093344860297387	-0.000137596751705563
0.538424541886399	-0.000376470219503387
4.43900998105196	0.000685039091724776
0.433340774618654	0.000283439953645324
11.7767824924406	0.00105039834965146
2.02926227887199	0.000604371399048532
5.25976309415489	0.000848422106821892
5.31558414258143	0.000750492245452006
3.93657607340347	0.000750634834135218
0.619297244199381	0.00033655645395291
1.722069578148	0.000550976524461462
1.49008289326075	0.000512178152076814
1.29355193868035	-0.000438634660231072
2.52088763158731	-0.000745835510201802
3.08829121281988	0.000600906051359169
3.44603881893673	0.000842487046643254
0.457976186097511	0.000231362821908614
1.31717672867586	0.000406024838978121
1.9215122307933	0.000441938650200396
0.861535952011783	0.00035144149144922
0.0269026893060692	-7.36909217863433e-05
4.68025886753698	0.00081923535177032
3.24558008406762	0.000705090462257664
0.000698298949416081	-1.11177108094681e-05
3.43807009833424	-0.000951168511988269
0.189825155260538	0.000164963722415818
5.21444013650078	0.000701616224811859
0.00962229093718558	3.85567261084016e-05
2.69959011326029	0.000614850690933066
7.79175933922844	0.00113761686990842
2.21387279666801	0.000495069217606315
4.59424047845445	0.000763742440417076
2.75345097714996	0.000562643156557461
5.97554038661091	0.0010070441442789
1.23352738003772	0.00039274616158963
1.04425503830654	0.000496942193892961
4.43120988719899	0.000701624357378118
0.200376856095393	-0.000242186800096419
1.37598527225438	-0.000500507122738359
7.20132312965605	0.000954996949792938
4.19201631584946	0.000754978105022554
0.279093698966799	0.000253964161411266
2.25147635334511	0.000551458193291049
9.93422029786359	0.00117179566479677
0.10659730209998	-0.000184014400887443
2.35845583095027	-0.000749138583106958
11.5936641590684	0.00117195451768438
0.511225918400972	-0.000316030872530598
1.36554350086932	0.000389725041254582
0.774055175516566	0.000361781687583833
3.05110072361125	0.000629324586828635
3.59663169459842	0.000613311065669295
5.67443184645612	0.000867090133822457
3.40954922224111	0.000740962634486653
0.0592681039383745	-0.000105828197196079
3.40008554379182	0.000631874124476314
0.44776852554124	0.000235646364075538
6.1421569263155	0.00108177091528389
4.51075076315589	0.000791398287350501
0.0270088046510716	6.68509664784363e-05
8.25242944823318	0.00106182135099735
3.18636602651151	0.000594872910067084
3.48408864486709	-0.000908876910455836
4.06983899175839	0.000833485260900446
2.97316216244446	0.000611460148336381
4.63770815266433	0.000877547826057629
15.6560995331307	0.00113835810521068
1.29858086388728	0.000376431647423901
0.285720466441866	0.00020571659148936
4.26972051267577	0.000720081109624203
3.12646486722812	-0.000868815104773802
4.71151447272543	-0.00105597817062892
0.303114955615457	0.000221885610778019
8.42833126097137	0.00110867382503228
3.34968315963672	0.000695899050023185
1.57241062672655	0.000372676809544589
2.15324530918204	0.00039045672621346
3.53675364119566	0.000662994214916655
1.56861700892702	0.000439942052172602
4.12828313927121	0.000690306080172838
0.0638840382611419	-0.000107855336625949
0.463119845803015	0.000309382710109879
1.49742305183412	0.000426539223121716
9.83054748493688	0.00138267006029099
0.0134640809755617	-5.01065494050924e-05
0.0798511687604717	0.000159313879072697
8.38469393637738	0.000987690166864232
0.199720389298421	-0.000203100575596879
2.00624688511526	0.000650010985223977
2.9437849356226	0.000708532421775285
8.72774915206504	0.000864104405806156
14.8352072540995	0.00115910256257661
2.21695401645094	0.000539640201813929
5.96937715735023	0.000815566242395355
2.51362590131116	0.000568005662406438
0.513680859572138	-0.000315056793223006
6.24212097658474	0.000772492925344215
2.58997980960707	0.000646833204516089
2.88542185599017	0.000722740198586771
0.872350425421502	0.000355899975201404
0.648166189583302	0.000260891441118619
1.48270998879507	0.000530565140604326
2.40454125705176	0.000549598583279212
2.6341167275254	0.000647397270147508
5.02707875679763	0.000740203955605122
2.21878259110261	0.00057491653129395
3.21026690571347	0.000635688225450014
3.85446515714673	0.000822521593218874
0.0362758101263171	-8.07316805262493e-05
4.4744155787094	0.000753656619745733
0.43377938588368	0.000311123453337314
0.511477576792324	0.000265361194498521
0.131623112210697	-0.00017220559892112
0.406407389066401	0.000348154396599453
1.29701775844905	0.000440742693055821
0.138212633306748	0.000141427115294977
0.353853224019713	0.000188705308225489
0.0159076260616122	5.20130756554605e-05
0.0915469839490493	-0.000126962091836192
4.23500068354181	0.000664687671341998
0.131931290710245	0.00016854318833621
0.564310701817496	0.000257533068363427
6.76859949331779	0.00105870208186948
5.91452116858912	0.000862602557650781
3.29713310069919	0.000564789043871585
12.5109688994107	0.00146707610934453
0.30288935091318	0.000254674626052236
4.86642060966695	0.000758463208829053
2.91634434754756	0.000801874043017342
3.07003659370068	0.000689540849995803
0.0781231991924904	-0.000125117483019179
16.7352939209429	0.00152032583959214
0.985089829325145	-0.000453899390214157
2.78780609338998	0.000550127561130976
7.28138592482004	0.000953300535215736
2.19224686213444	0.000587726666238804
1.09676031248421	0.000358131345844476
3.22845654820365	0.000594642913586566
0.00526875049006042	2.9065454124416e-05
0.328261985377883	0.000240560267805036
5.34571434891534	0.000934956740468308
3.2609928920279	0.000884039829995105
8.67250734065755	0.00103644758271679
2.01127292735313	0.000574407640300997
1.8034432510584	0.000535872391971824
7.55898354664135	0.00101610690586155
1.02274314105255	0.000410520775979753
3.52181924068691	0.000805643697552341
1.6600494388916	0.000403163483078253
6.41581847454249	0.000847273422721444
4.71970983502413	0.00100736892930892
0.604452233341315	0.000279564987121872
4.44316529366497	0.000707125698604515
0.0156158187167719	-5.66171007692369e-05
1.18618097519937	-0.000463623182679069
1.1709568514591	0.000399145228029644
0.896659517053638	0.000336842851288279
3.58034561847412	0.000659313988577357
0.840281534463135	0.000359663652057983
3.41555014479436	0.000685509226664053
0.0211422889307784	-6.39863220569214e-05
3.58592157769982	0.000741994211992665
1.83832896846697	0.000418399412901013
0.94175633526979	0.00042803952269839
1.99241409131517	0.000574530334163241
1.6100338163227	0.000506853225707552
6.03015917938326	0.000768114276356128
0.744896825961654	0.000287497655943802
0.0132498346847845	-4.2452856415063e-05
8.83247363252573	0.000894537444150362
11.5350091959145	0.00110366349034119
0.809784896835385	0.00030144175157549
0.615913316233827	0.000336138279507026
2.47932413052362	0.000516241467218397
0.0209236630506636	6.62378694728188e-05
2.94643565941652	0.00060860912637735
2.93854985912443	0.000507034000993482
4.80830059806262	0.000866333089923356
2.01615066526754	0.000476505488054718
0.0761588946985733	8.74284335483776e-05
12.5623266268865	0.00104170812260494
3.46816472191968	0.00075592788872288
2.45343348717108	0.000629155216456916
3.18231695569394	0.000582542669217414
3.0794722242266	0.000581858493809617
4.222267211762	0.0006901766071952
1.0051021487544	0.000360242920315401
0.000763267969701695	1.36411369724315e-05
3.04568766479291	0.000597742693730038
0.044374421845197	-9.79318715908371e-05
5.41322528314145	0.00085414779307335
0.254397163765299	-0.000186478483113842
4.20835836020781	0.000871761312307225
0.414120142107826	0.00024925436286778
3.18589914716377	-0.000969925153123016
0.0843019147769022	8.97054749745185e-05
0.0268468227136591	6.41532459937343e-05
0.377263734665757	0.00023618595253039
2.12870362826019	0.000521530345320119
5.00689557522301	0.000692588728236158
4.07318036183548	0.00105625770773495
1.47334830817792	0.000485280415286583
7.11718495167506	0.000846404622857547
5.03709158099252	0.000839990010918987
3.03387616872319	-0.000748522774492439
4.2849324439239	0.000831222530501204
0.731657877397662	0.00037477109042606
2.9949590350729	0.000606033949937066
7.80100252424055	0.000891878711609734
4.43878398677576	0.000639759751926115
0.734053010058639	0.000371131292470735
0.291058614529983	0.000252436630568057
3.11724874065757	0.000656687080409681
0.29521517796767	0.000212501549041972
0.616305436986344	-0.000397397478250372
0.164843477228016	0.00016352176192403
6.1238287028339	0.000872507096901471
11.4030482291231	0.00116792863809314
8.0993877693328	0.00100564450573898
0.764513207481514	0.000393894201964347
1.46243082955053	0.000438608631135697
2.70830796326558	0.000642119533770957
6.52402679838573	0.000957339816439621
1.41092933532663	0.000416204022645071
7.14156418049348	0.00091079329622139
0.473775697367753	0.000207917287496813
7.72196667844	0.000769326426767867
0.148269280544829	0.000180166980639607
5.4313156595012	0.000826168012750229
2.89908873282949	0.000672998591940296
0.0738730808755803	0.000123640507844698
0.0641137849093038	-0.000110533869873219
9.47281773673771	0.000974322268888117
0.0914890751276143	9.92047043592772e-05
4.471926972505	0.00065563153499342
4.91709888691047	0.000752146268405861
3.07383069939145	0.000534826087266748
0.143804518184863	0.000173228055225492
0.023924192186359	-5.97039941795451e-05
2.58113442364869	0.0006804163742091
2.08302911156211	0.000471217327708397
0.131271203555981	-0.000200925981400356
1.17941360567607	-0.00050759402587306
0.737322648797994	-0.000411554909724946
1.84889805403996	0.000509916208993622
1.41293136437489	0.000521495087669296
0.0682830315099989	9.00684188662733e-05
0.391133392570883	0.000268224569174545
0.74269566040139	0.000366641683865974
3.32032004116114	0.000591486423248484
1.32827618095611	0.000593798692229496
8.607879205412	0.000949818279252366
0.64966886344834	0.000444126606954784
3.19668141951087	0.000553859102558006
0.643638894594868	0.000313652515258479
2.48272863502197	0.000578464348538307
0.205511918639123	0.000180345757668745
4.20478790382505	0.000624544871767482
11.0157781672829	0.00133072913832062
9.84299907228001	0.00102228491910579
14.7185303450566	0.00124321621830261
0.000573252540563279	-9.88242477911789e-06
0.0164095699749931	5.57684311963302e-05
4.62150027080835	0.000655390894763776
11.1405781195976	0.00105863812743134
0.581092876904737	0.000300133728966415
3.77156650576814	0.000752663298053481
7.11443844149866	0.000905580973681528
5.39108748270167	0.00077351631591546
3.19192680693555	0.000749730471431574
1.37502761450126	0.000472113074542116
1.44875107240091	0.000483650235445941
3.80597986957417	0.000622402156427835
0.414763378458681	0.000280285424122431
0.162564600691801	-0.000126136773014836
2.3537694874663	0.000463879653165106
3.55037173821195	0.000522799104520513
3.69579420963229	0.000771709219269185
0.927851558505794	0.000393337958191789
7.18183471349027	0.000826048759828395
0.602331356926847	0.000275386472602178
6.01229683020615	-0.00140425114943627
0.109047381985892	0.00013046524790919
1.6424918114799	0.000434798506962021
2.39900012387061	0.000471631677033293
1.96480869785316	-0.00068249106092488
0.317570556897718	0.000248955811575632
0.72122247309486	0.000370994509703426
4.68439733528047	0.000979090227142811
7.45580208298686	0.000888264958556023
