R^2	beta
0.524623296692373	-0.000594239133422763
0.270451091202178	-0.000352768300014252
5.00787948614605	-0.00197958358414547
3.615516017569	-0.00159722882145539
0.512572712481441	-0.00048174357962414
1.6801916572119	-0.00110812302521728
2.43563835346602	-0.00129735445606179
0.289052672865175	-0.000377914022051748
1.54132178218603	-0.00128048501331437
3.80095684572365	-0.00160632368721033
1.96616953471948	-0.00105688221911731
3.03078824022382	-0.00130659864839364
0.0522712831752768	-0.000181518412884396
4.22789568042429	-0.00163792507412023
0.98980096835479	-0.00086441441008589
2.40701714627611	-0.00101393531199186
12.6575115244635	-0.00336547311583254
1.38956131896401	-0.000985418313668212
0.361155007756653	-0.000421584919460697
3.39110879621889	-0.00160069915652707
1.9408515783495	-0.0010092633737636
0.451899763171603	-0.000430339939107961
0.275917558582436	-0.000394722302793115
1.2666649766661	-0.000924188532799122
0.0226476379569759	-0.00011213678168497
2.92504039602668	-0.00145454229883078
0.193972536838855	-0.000369469588383646
1.08235876831266	-0.000790766663147385
7.01948500506342	-0.00214937101915019
1.74680769391206	-0.000972031284942374
1.53668113535754	-0.00103745500638227
3.86172815244833	-0.00123580210867133
0.12528044150643	-0.000226804859351058
0.495788480782065	-0.000647405341159121
0.819349608874036	-0.000588364199742878
4.25284009268769	-0.00186275832688829
1.16860898758721	-0.000892654592758727
5.89969629935475	-0.00169106350621469
1.74723636891013	-0.0010639929942384
1.16132896479461	-0.000724015805127295
1.54721888565915	-0.000950661153745066
3.998632168034	-0.00168460943835393
1.24107612562327	-0.000854195768967663
1.58825410108733	-0.00101267610669351
1.11303974096416	-0.00077734174971368
1.8018764188855	-0.000742413002995049
0.0249539233461869	0.000102971348580983
0.421693256294448	0.000530641615581449
4.83348230620729	-0.00180574579926824
4.98208691560778	-0.00167986369745239
4.28499340310077	-0.00151394996156587
0.922463514071767	-0.000763084323116216
0.10238260126278	-0.0002597800393626
0.126711257595653	-0.000327545246233781
6.97152251897342	-0.0020215288387103
7.06414839656937	-0.00243330124618205
0.644520734043976	0.000608035145238703
0.0728098428568339	-0.000208051855794116
3.43217521124506	-0.00134858041084113
0.660478987885947	-0.000712189027769293
5.06019318679401	-0.00211442211026438
3.02423978718717	-0.00149161989932479
1.51689570584186	-0.000826353784480526
2.48719658829723	-0.00129880841684033
0.0108876707904413	8.90257049505534e-05
4.29227221733347	-0.0013042938614133
0.376767320500956	-0.000504612433252079
6.32431947790519	-0.00205212795640393
0.140327192492973	-0.000280283878974569
0.000825706886637375	-2.08177313163197e-05
0.497379259535525	-0.000413593776592078
5.01225961926517	-0.00153761664465024
1.5308794762247	-0.000926792401530132
0.400719990471374	-0.000466207951068992
1.34871989378661	-0.000910642278959941
0.278660985278296	-0.000311074713626295
0.000482516668199584	1.36462108883825e-05
1.95910530227012	-0.00105303768821087
4.32757546102166	-0.0015819816844693
0.00865749418749197	-6.41580496286668e-05
5.23964840406106	-0.00153213296871313
3.30582755393968	-0.00111737027840877
0.629843003905032	-0.00053116256292702
0.677224972105154	-0.000718423742595253
2.13512138367938	-0.000994541982850931
2.45794392692716	-0.00117269084974785
1.76280848578047	-0.00131428901378881
0.344205659729545	-0.000521556495481615
0.633708726362338	0.000512141184714679
5.1791112743176	-0.00192374306750354
4.43344772682309	-0.00156905972221621
0.895931660741868	-0.000750061948727131
1.06581927277658	-0.00072583616759524
2.22207131435969	-0.00114987268911056
0.094936824817212	0.000261270454022821
5.40089303644987	-0.0018009944599535
0.389966635403221	-0.000508875863406318
2.03548716641788	-0.00134451766097584
1.62011129150559	-0.00106446037042067
13.1447515566333	-0.00358917227078405
1.65271615400822	-0.00103658506062941
0.153530992479562	-0.000299235409515469
0.182015907112694	-0.000379868885953654
0.335887502763959	-0.000429879758382493
0.0370664194759047	-0.00016389348534815
3.040991626029	-0.00123144098780956
2.79312797382952	-0.00115383552741411
1.15546706316974	-0.000935888962675899
0.573387511590393	-0.000516806651560932
0.879370926524143	-0.000707388047244894
3.40270492064609	-0.00159677535329708
2.32023207488397	-0.00131804942319792
3.70700736276278	-0.00177200709997693
0.0455587661660397	-0.000134970187865686
1.51526299153832	-0.00100706002024876
4.55989392350685	-0.00180079372850018
0.0012195351637325	-2.59737286071062e-05
3.52526313988738	-0.00158041518011061
6.76026337393752	-0.00221854596431457
0.679475599649226	-0.00067503683715713
6.30582810392078	-0.00197842381661649
0.00912160305310058	-6.78419580766592e-05
1.79049062763003	-0.00119898021457838
0.121923232655915	-0.000334550255854228
8.29877897991288	-0.0025020945865371
1.1799760968778	-0.000702617705931368
0.0142654654128952	-9.21665535411811e-05
0.104248912289251	-0.000276362383881123
0.691687672148279	-0.000732543036779745
3.34184592841759	-0.00119768582564144
5.93418943678627	-0.00201946375152247
0.59187736451497	-0.000487987434825469
0.0776795386455441	-0.000203522593703671
0.242701502092654	-0.000324556953282189
0.000462323090183719	1.84168768314299e-05
0.0262321125245665	-0.000116579876176467
0.338565729256132	-0.000320432009170511
0.00227686263381658	-3.97383685791718e-05
5.81810067879521	-0.00221948483714126
0.0035953672046155	5.03805741573516e-05
0.628503150512684	-0.000702993400011744
8.38392903725123	-0.00222209647935673
1.40617018991545	-0.000957611820514969
1.91639272768982	-0.000889267737440624
0.446957919480917	-0.000424037646354749
1.78377886105892	0.000930958169430402
0.502505194095301	-0.000567781552072557
0.318491387671933	-0.000472883073372513
1.76789201146078	-0.000940125570223029
0.000274211746601696	1.25554610521626e-05
3.2910867978227	-0.00135465091976396
4.13251359444404	-0.00199145559614328
0.0374117267841583	0.000141979874257908
0.162651754595954	-0.000298603123078834
0.743473810438335	-0.000709779030296641
2.22026134965127	-0.00122209051252818
5.96477839669375	-0.00207972882629617
3.59772089927714	-0.00134271761217087
1.02138736549081	-0.000646912897961453
1.79157505246347	-0.000898491033517306
1.99424209227701	-0.00101275842313937
2.36361776211689	-0.00124907295863175
0.0335648632936922	0.000128301411483735
0.506222825648851	-0.00075522269494225
4.66611098476634	-0.00157580922693794
0.685998933958001	-0.000711035605436645
1.89931387672139	-0.00120189617997552
2.96094156858216	-0.00114037275962324
4.93413761383776	-0.00146886411255188
1.00679708547648	0.000744249877450897
1.45762713858454	-0.000837727243316012
1.57429537036727	-0.00106508757359617
12.7841388654255	-0.00259610588012196
2.03929529188414e-05	-3.91619967960247e-06
3.58488579443214	-0.00194358219713573
0.304244818744801	-0.000435590503826193
2.18698598866192	-0.00108035553224706
0.336857654855415	-0.000477446303375487
6.94671277548352	-0.00214041950921525
2.85811954950884	-0.00156740703940682
5.61898404065836	-0.00226469761963644
0.634560759288978	-0.000603688662312104
0.574068811929816	-0.000705205528146565
4.19558053514562	-0.00171838296542908
0.848716341655482	-0.000875951342818636
2.75236875497109	-0.00129731720824689
0.897651795679305	-0.000816510011203184
0.56371808297566	-0.000512368805668936
0.00601578076334225	-5.81580700997675e-05
3.3686599877209	-0.00137250325866286
3.48211195632418	-0.00134296618335038
1.79706649540665	-0.000889776692551121
0.0100702305359138	7.53096855362934e-05
0.957244866653098	-0.000728622616711255
1.94466364081381	-0.00110970747299065
0.727921683391642	-0.000563210902683837
0.474743154558209	-0.000632018495431977
0.217586772585862	-0.000373319428683093
0.668735209674159	-0.000601718478958136
0.0854470706603292	0.0002031558968959
0.486536456135354	-0.000516792547597178
0.0753669425735271	-0.000227680628138084
0.33695690584693	-0.000539836929563313
0.135185124779817	0.000294103876809863
2.14674713396215	-0.000985643554839909
0.758181786852678	-0.000643000577720125
0.00145259336685858	2.81602090299295e-05
0.0227177139820617	-0.00014006039983858
1.10018635733778	-0.000749814941391209
1.74100223453473	-0.00113251596541913
0.765313527501481	-0.00073297765999737
14.8033340236516	-0.00322314361857089
1.72558316618057	-0.00108266478580222
1.0940033616643	-0.000855180069888974
4.53276491375606	-0.00163697003627696
2.7933982988997	-0.00110403060424594
0.259572283613178	0.000380190993139824
3.86501898529099	-0.00153025289820359
2.59208061463356	-0.00147808220692572
0.000824874599790698	-1.81745769873647e-05
3.5552194838023	-0.00171574751436069
0.396730212630503	-0.000409281312747851
1.63508727211759	-0.00128094354212233
1.08955605292835	-0.00087966413881033
3.83245049831928	-0.00129179098474061
1.49058242395512	-0.00103689652564443
0.582992888697572	-0.000707669342527507
1.70635021096481	-0.000963933937587911
2.08571656835314	-0.00116117360465297
0.590562639302149	-0.000506520840351629
0.786223265932201	-0.000672914275735856
0.0542731478866583	-0.000167510670182711
0.0335844763726859	0.000142561872624019
2.24865377137267	-0.0013440323759482
4.69841649517061	-0.00178255054208504
2.68832136852316	-0.00118499089371439
0.543066779650476	-0.000596484221674777
9.29274447001071	-0.00239571743849769
0.124982239437154	-0.000301785421634341
1.67320883698707	-0.00114932251210814
0.863785547626477	-0.000800826452413087
8.07811264959024	-0.00225553284194253
4.74860432925817	-0.00155066937778625
2.7502132192923	-0.00145534077546438
4.19083140260644	-0.0015613753434688
0.963841566481469	-0.000777974348963198
7.39555161338935	-0.00230263342130834
2.79331415988561	-0.00107540777683727
0.604018523505417	-0.000686669418896996
1.70999846246025	-0.000960317533418636
0.682836892500057	-0.000561537301924913
3.58071721504647	-0.00139598321174492
1.64244347006234	-0.00115687549378246
2.91594423157372	-0.00115531652961482
2.22631489717172	-0.000990932030008687
0.0332702719699713	0.000129034589463996
0.72654222147966	-0.000608961528773112
3.24344321835499	-0.00124882528567791
5.97308557896579	-0.00239318349647737
3.27334063060729	-0.00134517021688548
0.908316747136947	-0.000707766485066546
3.36532270590734	-0.00141150088053161
5.46006712628798	-0.00200942038280209
1.12658464961634	-0.000824767311557408
0.153098015535067	0.000314895431610729
0.636798303177609	-0.000756610631620303
2.30571010188754	-0.00122118863176564
4.66274309521229	-0.0014483984400557
0.377782405057596	0.000489102168622133
2.88939361604685	-0.00111600327221689
0.0351093249304757	0.000158924068830966
0.371814943465588	-0.000535168901470844
0.00226466426336276	-4.20471529293289e-05
1.83347638089799	-0.000919096552916943
0.135448977593054	-0.000253740517677816
0.402749600923096	-0.000482601510644852
4.07609047196823	-0.00198869427548384
0.222176474202339	-0.000401921171636628
0.886152396256988	-0.000606174990496766
0.505351060443555	-0.000475081350003569
2.53762076248819	-0.00130410140285798
4.40947221514913	-0.0016278280382976
4.4061648532983	-0.001720970836794
7.62551609364749	-0.00192600029326486
2.89297716772516	-0.00112881087659295
2.55417114950405	-0.001488985752917
2.3704158324971	-0.00133529425021407
1.52725502403139	-0.000949433182705202
0.128531997754952	0.000244184770957548
0.158054135281888	-0.000263394321940977
0.287964604819928	0.000364404697375688
1.98962330527788	-0.000934451705070942
3.3232545762932	-0.00131117158223507
1.16166781838731	-0.000968343967310998
0.0356704550575572	-0.000158546483960325
2.92197566054124	-0.00111500952502628
5.89476622895307	-0.00176075730408401
0.684721868615654	-0.000602574417446512
1.28909243839065	-0.00103867550712952
0.254768824909733	0.00040213139670932
0.0254453167352133	0.000110660948246651
1.16098693260739	-0.000691506023410457
0.365682053900481	-0.000354941088090316
0.150860346214232	-0.000296076897191715
8.08115119810728	-0.00197889882478018
0.16908939387202	-0.000259603565533087
4.09398849964681	-0.00158217308871096
3.22828785528461	-0.0016313156839221
5.67141904048908	-0.00187499286640646
8.20751767100124	-0.00226553757117579
1.55900341327614	-0.00104326730918456
1.71619421472262	-0.000937944837214882
5.09020016525452	-0.00182106915780043
1.70798353882347	-0.0010749658868212
0.716928996156853	-0.000635049860594305
0.957473660870605	-0.00067899974791534
1.21445577363212	-0.000868461318544518
3.16493838460042	-0.00147161262798412
0.139239657784531	-0.000344466717703947
1.98101833322499	-0.00116159094129304
8.2578808153435	-0.00255525542857143
0.00182063965877624	3.29476932309872e-05
1.34574514431216	-0.000875660999460317
2.96285026612538	-0.00133804370322012
1.75588234815251	-0.000818131140878841
0.251387778198676	-0.000374806930231812
0.00874209271244687	-7.49370756308661e-05
2.95209635011543	-0.00128366259599973
0.0548863086909185	-0.000172597569657434
2.6729927835578	-0.00124330836223497
1.41625609245807	-0.000800565733643654
2.33535550530535	-0.00129193725126939
1.19237113583238	-0.000821853574259635
0.091142064663561	-0.000233255254294359
1.79756251853132	-0.00110138592184379
1.79242353456442	-0.00115849021186291
6.36512461139175	-0.00195171210374458
0.0245566274319778	0.000131466507843345
0.193317755225409	-0.00041607621463689
0.9173553013462	-0.000750646584977295
1.77731206089521	-0.00108645812477899
1.64687475385989	-0.00118999387517753
0.409267898838935	-0.00042705915973313
0.341538304356428	-0.000412773376415167
0.342474960050918	-0.000404906315705313
2.53632406975263	-0.00119439369779202
6.11681424864785	-0.00190558382178614
0.0103009795074264	-8.28441343088613e-05
1.34663789065916	-0.00102826900187014
1.08426571629307	-0.000782642149911449
5.87664027160398	-0.00159023242422486
0.572404368557131	0.000594140056724484
9.65477563651757	-0.00291045727958374
1.02506802350299	-0.000673482994309067
0.961097411447425	-0.000690335690580168
0.122822276187591	0.000292355311513583
0.0706871766240628	-0.000199476910624442
0.564021484924448	-0.000484913655632047
0.0437459878043186	-0.000167925075630858
0.0219277571387563	0.000116373377373968
0.944518025061974	-0.000554381370127825
4.14880104304538	-0.00170629110718328
4.24679742623371	-0.00153620819198622
9.25225744851153	-0.00272155309735311
0.644874228186944	-0.000702668797072106
0.0118603196090278	6.65412184880393e-05
0.00900979041064151	-8.19359095725583e-05
0.371477096190742	-0.000422135194108984
5.24325046346064	-0.00159690454635182
0.358455354667354	0.000480108626354027
0.476984683125618	-0.00069796801151544
0.0913073030030198	0.000218377640511644
0.568441492856955	-0.00051593771813632
2.53006182498181	-0.00126432957769723
2.57119123651464	-0.00109010035906557
2.81634649694372	-0.00105177712359379
0.960194574579352	-0.000912919182425422
2.39477170310002	-0.00133468676954076
4.82918735626329	-0.00217330478444971
1.50020841324202	-0.000858715374877652
1.96417728487338	-0.00123897677657066
0.00418410396613323	-4.59107726630927e-05
6.04244817373383	-0.00204796082944974
2.13162457758723	-0.00117672914562294
4.82902324441018	-0.00147683602858275
1.97984721208672	-0.00119258272718
1.43543815433157	-0.00109036736568159
0.184967611907358	0.000349098897580033
1.01619094086226	-0.000956107725876861
0.749470757907102	-0.000703159559877825
2.86895879483066	-0.0011235692450119
1.30218815740863	-0.00095003599594353
0.0379527056758823	0.000131741126726542
0.993181995662879	-0.000872506613933731
0.267305892550839	-0.000419141854858082
1.42882874126827	-0.000876340377769932
0.897601647909293	-0.000717504189236836
1.22746438705534	-0.000829404705690594
1.78436279850836	-0.000929863124275199
4.01606964812784	-0.00186384730502093
0.439670603293738	-0.00053901633951307
3.31668709638746	-0.00130852450865042
0.521349355541453	-0.000660659442032694
0.117699276318429	-0.000254155850632544
0.486224364377114	-0.000523850523175079
0.519765871298101	-0.000607860413644801
1.6778475364908	-0.00100260751890072
0.35163883486529	0.000374676813843523
0.0594437785151544	-0.000182888093065211
0.296123783578897	-0.000475092270272884
1.93258581931251	-0.00116785632397638
0.539351798080521	-0.000505903602771048
0.0617306693297886	-0.000188619214012946
1.79534158078645	-0.00114093957662477
1.14843276986303	-0.000812450191093983
1.97932065774651	-0.000930629595271434
1.49572030519381	-0.000956446832265702
2.26669814383872	-0.00132658577327357
1.51360183261278	-0.00107850162460261
6.58820312075252	-0.00228065606240269
0.0786966656826282	-0.000217787745583385
1.86255577580423	-0.00111896177857332
0.52893647670566	-0.000464746262654037
0.632813402342911	-0.00064799553084721
0.0460303275018393	0.000176870009575218
0.08431482515022	0.000247735209938154
1.10998001305997	-0.00079649452157295
4.71905322132746	-0.00149639868872224
2.8470680020974	-0.00115447757703443
0.227989248003682	-0.0003802342923726
6.45565597467839	-0.00206926823432394
0.870898240152857	-0.000899476266913362
0.990352814758276	-0.000753117159042665
0.0984792851149533	-0.000254094563013571
3.08267197711667	-0.00141694066136467
1.11946776718758	-0.000774119885052043
1.53072122944957	-0.000868951665231835
3.35668666937266	-0.00156240453143706
0.882473185413825	-0.000775132293723896
3.06148878257194	-0.00134867606629022
3.60565668630036	-0.00144501400043241
2.47455078734079	-0.00127276602625164
0.830046365702957	-0.000754563746519082
3.31112909181241	-0.00120618818618178
0.311957037112369	-0.000402307646271572
0.976355619673151	-0.000793480636922563
2.47502892700377	-0.000994835892534356
4.29661748478179	-0.00156826372891817
5.45724782556598	-0.00173447855067075
0.96894377924277	-0.0011395962849112
5.86915657747938	-0.00203411747026155
0.742697471589218	-0.000672097959580649
2.71852846771039	-0.00119423186677102
3.44318833051138	-0.0013969558843234
9.24064456998666	-0.00293262143880433
0.225463505796363	-0.000329569468746424
0.855578363235093	-0.000583687821939649
2.36283763498645	-0.00114762235915992
0.372826986771924	-0.000525573491306308
3.92124629652487	-0.00180154256166576
5.56340765976835	-0.00189703459015352
2.50716069008878	-0.00115098820532016
0.000668337699675465	1.64981448606468e-05
0.000544886733326036	-1.67895511590752e-05
3.65463830341611	-0.0012301009516511
0.957531064415915	-0.000607036688292992
3.50578472186607	-0.00131086580967465
4.05088916492368	-0.00154516437298978
0.989761334092073	-0.00074315671319495
3.01346946105808	-0.00127391742926185
1.42288737419671	-0.000772759588108573
5.71498850237325	-0.00251716890500464
2.88580665208472	-0.00159363599913971
3.35381138395033	-0.00147922600215509
5.53082855391116	-0.00200936045002408
3.06739273462633	-0.00138923833044938
0.0702552792104918	-0.000185239293689838
0.0566419705447501	-0.000177204837481272
0.732032157133351	-0.000713286776687625
1.2480195948276	-0.000802923147975825
0.286573704778803	-0.000364061384613869
0.936445398436987	-0.000881595091858657
1.23776712134313	-0.000977342021746785
2.92372164222434	-0.00102980946041077
5.4374837995681	-0.00162282504420816
2.80176934558201	-0.0015132677386859
0.00691015266389809	-5.07369935880493e-05
0.354584346797862	-0.000348606233631323
3.25881228739493	-0.00162798808117452
6.92852125735111	-0.00202914358405485
7.01610427229064	-0.00222280839832798
6.21685562264341	-0.00193406149273604
0.455507900122693	-0.000604759976650737
0.340076089941041	-0.000484917396613566
1.81447969613281	-0.000842654992395393
1.71867432682461	-0.000979450574467669
1.58577388377853	-0.000986671821816527
7.08496469587172	-0.00230739055178403
0.162178136276587	-0.000305120613510628
1.64360726020942	-0.00102872721948881
0.0166979736915512	-8.26480263031349e-05
0.278653079775356	-0.000331380416323612
0.00956818221639059	-7.07484434198659e-05
0.951466908771945	-0.000586006014737055
3.54313392700959	-0.0011920898600135
0.110272248960986	-0.000286603011377604
1.05829626608059e-05	-2.51531527265915e-06
0.602392251566114	-0.000725566306886977
2.3117391930584	-0.00148228529558057
1.0866970773115	-0.000817273200067152
0.576904249898689	-0.000623559761617743
2.41109967239421	-0.00127179574920536
2.94537050253675	-0.00127225033052788
2.71309653276405	-0.00136253095119365
2.71402497246538	-0.00150847379656099
4.36054417143347	-0.00173793970633837
6.39292679307182	-0.00197494365689989
1.50055369478477	-0.00102902916389436
1.53429063578507	-0.000772334840035653
2.47776934550398	-0.00111082643392185
0.762013470258473	-0.000750749813703684
4.08903790913637	-0.00157352171776406
1.4612112221857	-0.000871463244032549
0.219569526917811	-0.000358984303702467
0.881743906528461	-0.000810525769537745
0.736323476809339	-0.000625504612165087
2.32917917456171	-0.00126523652843689
5.19189745294672	-0.00185099752632566
1.14228790110032	-0.000753267664961312
3.24058544095352	-0.00116095374503622
2.21731302482784	-0.0010072708135769
1.16414137271401	-0.000787539108367112
0.0863458664570725	0.00020713037445375
0.804359153115576	-0.00055520185191753
1.73488853499697	-0.0011116204807107
3.883535987244	-0.00154194769367924
0.301750939690234	-0.000374344023420828
1.9290998340889	-0.000869500554593315
0.021041348572513	-0.000105528695353678
4.31565949850352	-0.0014629864324077
2.87142601147289	-0.00131673435207796
0.221774924319152	-0.00039565491754997
0.0758518959702657	0.000224164308472212
2.73964472598828	-0.00148154813508048
0.996943578884765	-0.00056398662691259
7.83150901699434	-0.00244568131044261
0.202310582932258	0.000441256927498602
7.61122453970275	-0.00241273323475481
0.492992441819267	-0.00056929160985322
2.89896541399489	-0.00128192353880406
4.00808653821089	-0.00144173703863905
2.9601549584871	-0.00136200168365033
2.60602240580803	-0.000898570236828616
2.4905378370306	-0.00123095602294491
4.96132421912192	-0.00216868140473815
5.80091325509082	-0.00228378810138812
1.41360093754643	-0.0009640824574621
0.52283278988833	-0.000535407512302247
3.09490146975451	-0.00161372856639035
0.797521113863617	-0.000659262826042675
2.13420267322941	-0.0012598355679107
0.103141402374645	-0.000239553292496927
2.58110862500759	-0.00133847406175256
0.339498954285036	0.000491460257551179
1.03692095750014	-0.000728174195359458
0.0923135724193385	-0.000271182938618305
4.94771156379068	-0.00162059626614739
9.42252824768966	-0.00256088015824721
0.00610085263062309	6.98675050761275e-05
2.37736176019397	-0.00111361961190629
0.631316390527894	-0.000621936913612058
4.19400007902516	-0.00143773274730643
0.115196472981405	-0.00025208459103841
1.44873102843824	-0.00111249297051939
3.62606849581278	-0.00127712135373358
0.249073563252172	-0.000416743294863442
1.44470862341662	-0.000910364938180924
2.28605693245469	-0.00123805225944597
0.363690786254072	-0.00047560450718414
0.169095256200212	0.000343337300918583
0.717901438716085	-0.00064156251965139
2.87056472000598	-0.00111673253116456
1.97361734684306	-0.000984829498909607
2.71549171700804	-0.00146209669807039
2.57971271536391	-0.00118187797253461
1.41078790008424	-0.00100605835196901
2.25617202499312	-0.00131240756306141
2.87098161501965	-0.00141506820255464
0.0628576190679914	-0.000219800032727268
0.942696718168999	-0.000655657259280687
1.79995734162239	-0.00101400660630894
1.18638136536732	-0.000832306726723318
3.01168359910108	-0.00158109190389616
0.18908165803128	-0.000293976050080325
3.32940227229437	-0.00147281369230684
0.486971325945635	0.000555724939935629
2.90562553958871	-0.00147254768562632
3.86194750505943	-0.00207496467393383
1.12391243668757	0.00058400816759017
0.587788525993462	-0.000422297048072035
3.38257415623728	-0.00148581932978685
3.06958220390327	-0.00164778971438865
0.539765091116639	-0.000665744003324766
0.11116280330771	0.000301233664502711
0.465996304048767	-0.000560300816062831
0.550044785619036	-0.00055282952336395
1.96147859236336	-0.00115778694046006
0.297889395653639	-0.000362017537952298
2.6517345767374	-0.00116476599698828
5.34907906845669	-0.00181032864813724
0.768803684286096	-0.000555644891915798
0.587402713339464	-0.000614268790092596
1.36939589657962	-0.000969867354807922
2.72739698077427	-0.0011562502186056
0.000148002528483121	8.68373787626735e-06
0.219213910708566	-0.000376367780406386
1.02485004796598	-0.000680934928435761
0.0370472773316566	-0.00013523413702752
1.21405546962403	-0.000885790711259595
1.55413617866995	-0.000941321971412739
1.41161641840337	-0.000895291907221583
1.30566842979544	-0.000902979835053254
0.435785019257738	-0.000473178681067132
1.53701607037954	-0.000880744775093457
1.30033246394497	-0.000950564779965881
0.686745290738752	-0.000592276466886195
0.202860571615567	-0.000446258496835737
6.16920473993868	-0.00211956232895629
4.13292836067366	-0.00171708811873331
0.786868027896838	-0.000630217588197102
1.76071157261637	-0.000917374378008923
1.60543447087134	-0.000888781205951257
2.83735923630563	-0.00126110724763363
1.31952028094862	-0.000934551797949972
0.342406191290651	-0.000385698714900996
0.405515010749569	-0.000439820392682356
5.27580222104538	0.00168863163568194
1.33592616045521	-0.000735637308965917
5.39996545121255	-0.00217487866592935
3.22302449762535	-0.00171133148369028
3.6843844910055	-0.00161095310075334
0.507633968323559	-0.000449281786371638
0.120038576723074	-0.000357700814631551
0.63745689061357	-0.000675684926640235
1.83125792728992	-0.00126349069478014
0.350816830622994	-0.00037860544097238
4.91250841879615	-0.00188664850726829
7.87483273543915	-0.00301641560416227
0.161150984589096	0.000320232677678047
4.24995188830143	-0.001635458706153
3.56940323299835	-0.00121839194942905
2.9522454560363	-0.00145064519167176
4.06137530804745e-05	5.08578282048564e-06
6.42694897448423	-0.00201079163060525
0.170696411621445	0.000343479736063547
2.83668685906973	-0.0013118054398518
0.0581995458592456	-0.000168685960594051
0.164510264707671	0.000294738804949362
0.0712254481855818	-0.000240766842686515
3.1042549466206	-0.00173304028305988
6.26957575060648	-0.00167961285704002
4.42958946716263	-0.00181096895081545
7.16370006760252	-0.00251386001202472
0.658238229250338	0.00059902800117337
1.03238444474767	-0.000689525733391459
1.12141181176849	-0.00080276521917392
5.51165598362906	-0.00129694510400619
5.51570650847465	-0.00192924783109302
0.27931006922154	-0.000354915830116902
0.207556073977924	-0.000332155767064566
12.1920451600051	-0.00315739563448066
0.318336071817614	-0.000409257644162436
1.88608093723633	-0.000824950391447342
0.224545864170597	-0.000382222487586543
5.13259888048221	-0.00146206195090377
2.44111569385588	-0.00125354897102484
3.84876472297759	-0.00144034015258064
0.264976384405324	-0.000363261116128667
0.207490438085963	-0.000311198890964946
3.82897657131475	-0.00137282316677183
2.94966420850474	-0.00124283238594012
3.98948411812319	-0.00164229664526502
0.366324810060177	-0.000375337735710759
1.06991641713755	-0.000871917590250562
1.3009059579839	-0.000936411331292473
0.136767562684902	-0.000219876434728347
0.00671943114707814	-7.01269071272269e-05
3.6868533871496	-0.00226213073580914
3.84966001384655	-0.00184432825955382
2.25652850517057	-0.00122660011094883
16.7956481397923	-0.00329439885021147
0.0146752883168381	8.352875042139e-05
2.92970412928164	-0.00133799235326435
9.99093062847064	-0.00345265782338198
2.46735287216493	-0.00151173610678187
0.381255770400301	-0.000467231426854155
0.0133586752356353	-9.37831751985979e-05
2.9399112774112	-0.00135217284469515
0.971176336992809	-0.00082347237347508
0.0597536665320476	0.000152718423928838
2.70718641890721	-0.00147397126755371
3.18766955714618	-0.00123013461886824
1.22719128041564	-0.000771231820456811
3.25681513869476	-0.00144452833690146
3.65171155179925	-0.00149403942195562
0.0324808285877669	0.000141849961577403
0.897061594274949	-0.000905216132413213
1.79315445843673	-0.0011996808165945
0.0200806219844093	-9.3193852069399e-05
0.134277609505755	-0.000261803759581372
6.12299666042287	-0.00219123497104221
2.11201355614127	-0.00142015277264017
0.770111798581413	0.000806760576336843
8.44247877629568	-0.00280258389434164
4.91368606985753	-0.00167678549206003
0.139608510228167	-0.000296642875053416
0.0103518243343198	-7.59294717283874e-05
4.5226905654727	-0.00141437544219956
5.080556977199	-0.00174933723833547
0.0980883610778067	0.000242549918548118
6.82031943037601	-0.00248580518471038
0.192754624918793	-0.00028515542757274
2.71900216260246	-0.00118740178382146
0.31779492413963	-0.00043111202498105
2.40626796186064	-0.00105519407625163
0.000326550350721481	-1.26864198826597e-05
1.8903336650618	-0.00111150127093666
1.26472075338911	-0.000694223965239556
1.10927563559497	-0.00106416074188464
0.583727144851572	0.000437489884141196
0.0355830011904659	-0.000165395170978456
1.29945156680473	-0.00117558219826171
0.402390325703583	-0.000477761715050725
0.0614065763620169	-0.000184701677060467
0.0882031542504389	-0.00020889063100393
1.26807688197797	-0.00103108908473886
2.79787502703561	-0.00125528417760994
0.719706250547651	-0.000632465638819622
0.274706447843403	-0.000369396202084805
0.610614247656506	-0.000584980272118516
0.49002120377257	-0.000667120130573684
0.0555715509238366	-0.000198545536817962
0.0374464339766781	0.000146650037792291
0.0636321621585839	-0.000178835393250412
4.24935011986513	-0.00171447864822984
4.60441483783435	-0.002183152508289
0.825636688514486	0.000734263654340896
1.21139554150595	-0.000719323298729184
0.00460047140127087	5.3667394333243e-05
3.14915579962601	-0.00160704760456672
0.148266011761025	-0.000264697573777717
0.693888902947158	-0.000700778236191286
1.81454369423879	-0.00112443887480015
0.0301886955853496	-0.000128551796407222
0.40202056580822	-0.000411832101395225
1.38519410073754	-0.00107444344901549
1.14519046404869	-0.000837409067097797
0.373926177995652	-0.000401578642127738
0.397665309176082	-0.000473213733591851
0.823652803328547	-0.000561322164949635
0.20354534206496	-0.000396286528345805
0.030004094019732	-0.000120464633627352
2.50217898966831	-0.00119310609971358
0.187870546814409	-0.000393289223591225
1.9029978856143	-0.0012943797760383
0.00294799753394921	4.19232679355162e-05
1.49258649853531	-0.00127372542456723
0.0397030444618631	0.000175754224172715
0.400282063021608	-0.00048804509288239
0.77152207195787	-0.000536456468919142
2.2437349856545	-0.00104944927029103
1.04786667807592	-0.00076244767697005
1.22851856960869	-0.00102522863995826
0.691024929117866	-0.00061167457969704
10.1693018380205	-0.00236298014825968
0.265416834478702	-0.00054819891054472
1.34215030479438	-0.000848952192265369
2.18868498956962	-0.00104416796090992
0.123645150952888	0.000253512011860396
0.649165744435024	-0.000740116517320308
1.96100881483862	-0.0014400033284015
1.40790295211007	-0.000886043413659896
1.05139772383147	-0.000631621945296555
0.192369867119387	-0.000286490398193203
4.90190707949775	-0.00184850415116228
6.0601572314085	-0.00184897617876228
0.945826803174949	-0.000910883685925151
0.159840573742807	0.000279666353911155
1.48853175918111	-0.000959138810798702
1.23102437210546	-0.000848352363082236
0.0171665134304333	-0.000102318220438183
3.62439129560838	-0.00139352800535831
2.30751453632705	-0.00121066351893598
0.593840224886284	-0.000645700026110351
3.38804568433098	-0.00134302708708043
0.365117064330453	0.000405183282971197
0.0281476044089736	-0.000101691939165593
2.03719264400981	-0.00126607168959215
0.114046981786321	-0.000219480873025373
0.878322839491692	-0.000660138478840649
0.0442905240806068	-0.000177801436637845
1.48943785149629	-0.000942767567890616
0.603618358765117	-0.000663667872315102
2.68639107934766	-0.00115351219053814
6.54212489317233	-0.00184076925706003
0.0014148793547393	2.55791846758462e-05
1.22227068579931	-0.000914994077873048
0.816468172957275	-0.000586042459204542
0.0210592435390004	-0.000136850559257606
1.69632909209955	-0.000903260341270276
0.230266128229594	-0.000295080884013256
0.3295390756977	-0.000484041293606426
0.407387149913604	-0.000515027163053742
0.645414745820235	-0.000897109175810198
3.33595982449666	-0.00146746373081015
5.42806518828197	-0.00182685379171199
0.000416965162159178	-1.57848814870239e-05
0.620322550758498	-0.000577271695362581
2.97623363428152	-0.00106824151473917
0.178872588142721	-0.000324234866788576
0.0573209809397236	0.000189397711262009
0.115446536295274	-0.000196433872314086
0.017227834333896	9.70827679147571e-05
1.13216252585032	-0.000719404505077292
2.21093187351686	-0.00120007835451754
2.06706294807233	-0.00105382644822506
0.277747184001915	-0.000458397489462439
0.000666001557798213	-1.85693910393793e-05
1.0766874335168	-0.00103257566848899
8.37312967499557	-0.00232701244163702
0.930561697339828	-0.000931340216383986
0.09521884307098	-0.000243012229958613
0.248495743245276	0.000411443127833547
1.90904771267595	-0.00099185676570934
0.158277583472493	0.00035688849568394
3.57041432266598	-0.00151131552559093
8.92873347284069	-0.00262794047472606
1.01514148617602	-0.000705878686229168
0.164114288364266	0.000232842647318105
0.406666920575184	-0.000443064790437668
0.524614633276456	-0.00052975578576675
3.05658474827165	-0.00149699184835424
3.42278463956715	-0.001213662102635
1.9417001687706	-0.00110222682876789
0.138488131922654	-0.000259421089276079
0.0075000734458248	7.66637495184677e-05
0.182811526449309	0.000295351846571894
5.28920978159161	-0.0018950970390622
2.96555378144807	-0.0011130417177106
1.47167227981979	-0.00106910948889542
1.56066348673031	-0.000830350866956831
0.0214119194285497	-0.000182061380995346
1.97548320724564	-0.00110941169321671
2.81617748726325	-0.00147478080305197
0.117635084330503	0.000249254590365918
1.58335100353952	-0.0010121229483865
0.542407834454709	-0.000642334509669207
5.26711401087308	-0.00181232601829132
0.0233451087432454	0.000146466219338159
3.99398480003323	-0.00189735586043452
3.45632898396503	-0.00188275852998981
4.83649136591718	-0.00167449873305811
0.355897182518194	-0.000453156612311678
0.38215340641342	-0.00054692299726754
1.04404546540895	-0.000778306199286858
1.28173142122339	-0.000926580552029599
6.63978094445962e-05	-7.36028881198501e-06
3.5053257925515	-0.00134958005656819
5.3379987922134	-0.00163813009005195
0.0842026468866439	-0.0001906807568409
4.81340398465996	-0.00128653273043872
0.00202517729964401	-3.85147175492686e-05
0.740650004137572	-0.000668855517089252
0.826163370084105	-0.000554367425311603
0.00170796512315219	3.00543275652487e-05
1.99225848120439	-0.00116890312307576
2.11251795236836	-0.00134377479509396
6.72170382847582	-0.00236779044196315
2.76842608867438	-0.00142690249737831
4.52554368189126	-0.00170519176643507
1.80202365142536	-0.000888762225898633
2.11305062436866	-0.000933010367568387
3.00652663252456	-0.00137482896672616
5.09014549379904	-0.00183249359301957
6.20712980929692	-0.00204691200515121
0.210038045772209	-0.000328304227753529
5.94193512952423	-0.00168492404362125
5.63320926008495	-0.00175703968342123
2.32796102010201	-0.00109315351396272
0.547271856803847	-0.000545319675933177
2.71399722500647	-0.00130045567093468
2.05690425650451	-0.00119181431436062
3.81505312093116	-0.00164947367296885
2.33039816668972	-0.00108715062564645
1.93133603699461	-0.00099447961490076
0.769337797589777	-0.000659497319036827
0.0096030783799572	8.58162547733072e-05
2.70007151954128	-0.00127452789636308
4.96536139787372	-0.00174232943836142
0.660538975448031	-0.000575856495247944
1.84789001749236	-0.00118245375324832
4.99770755157831	-0.00164529344382664
2.18884151403207	-0.001184681837777
4.59981282382426	-0.0015968745244177
0.951893854118242	-0.000624373439366279
3.11999800445671	-0.00142166816237323
0.0177352053019988	0.00010034736344543
1.21396426792995	-0.00108325523269187
3.87683507662044	-0.00117395742273274
2.69682286538529	-0.00142049800858473
2.28933752462102	-0.00117788993423614
0.149347343851437	-0.000283669520467458
0.947202455120018	-0.000694399990102151
0.794168631515063	-0.00066900700514359
3.95579626864923	-0.00132782792847374
1.04301100675257	-0.000769257491571568
0.0493019370700718	0.000198299024026009
4.489730524147	-0.00147097796274886
0.00171344858494864	3.24898121938957e-05
0.0974653343420272	0.000246497580994791
1.80386752737997	-0.00108291684135434
0.339556023923341	-0.000475303831164387
1.82606880028782	-0.0012495118949646
0.585049486246717	0.000630716712105438
0.0206571133329222	0.000108761205260073
3.86708059960921	-0.00173555119138498
0.998312861527527	-0.000876483843253307
1.91534020400065	-0.000875113764293071
7.11672255595782	-0.00206360727137402
0.0120405287909554	0.000110562328234131
0.112797176029055	-0.000213459804892048
2.52180309330747	-0.00130489219016955
0.615052329291152	-0.000541797275459194
1.86321209295912	-0.0010588100027522
0.625510195240391	-0.000883815060461376
0.414806463786654	-0.000457088903765773
0.29117463457956	0.000404412097823319
5.69477484953636	-0.00209435004240209
6.15175136214983	-0.00184787949933698
4.67669552362665	-0.00149298664023648
2.06984570270859	-0.00119593514796337
0.149592099554252	-0.000301133129684721
0.618068152774743	-0.0006446293770958
3.91660596266053	-0.00152062463333125
2.52410838299113	-0.00132940688592066
1.45557855697371	-0.00078815695634212
2.47615419362735	-0.000998921844996112
5.69940938665508	-0.00152458671308361
4.82809070233928	-0.00190868650368841
0.683684141074711	0.000552517839305408
0.725214977160744	-0.000560070818947729
18.0294210854541	-0.00401436010610949
9.95991218981323	-0.00280836627249353
1.48952927019668	-0.001036627979619
1.43966516408189	-0.000893154153424194
3.5389263843137	-0.00161297324197419
1.83828047365162	-0.00110489786466929
1.57804329244573	-0.00103042672150877
0.595944165352939	-0.000681104862159271
3.22441947269859	-0.00156760265329847
0.267170883898039	-0.000325368367756255
1.39643274627392	-0.00087829125279414
0.152183071378346	-0.000358043448202969
5.55396723773315	-0.00217025728907184
0.0219155265992321	-0.000100515904277355
1.58907035332151	-0.00107586076947275
1.91527180023163	-0.000869272034195404
0.578756675777746	-0.000645695327721024
7.43966075991049	-0.00186059720462574
0.467838952737791	-0.000595444335504446
0.0357651945760394	-0.000154338798469469
1.33692128163935	-0.000882144992801288
0.776288582645664	-0.000652229138674819
0.0155877735618787	-9.66698465115751e-05
1.58305143761057	-0.0010732409933309
3.65680306568728e-05	4.0278080237061e-06
0.152218018474308	-0.000408427020661887
0.370478405914446	-0.000482730395118157
5.9612644805784	-0.00207338161710836
0.487546648925632	-0.000456989678611955
0.594968710300394	-0.000525554009697867
1.61213741365503	-0.000995858755295732
6.82623816193353	-0.0024457897830675
9.9011804887521	-0.00234199859471029
2.02355429045839	-0.00123381289895096
5.56067857366963	-0.00197486068396194
2.037711382429	-0.00116974815084198
0.971160807151677	0.000672801517740511
5.16460060310123	-0.00199650881411726
0.430538659264363	-0.000476768149488635
0.98031240138055	-0.000790276691344403
0.0111178236954477	-7.19347033092959e-05
0.0547157992039092	0.0001945195072301
1.59622677996153	-0.000901393053607851
0.73050448399564	-0.000693061489073649
0.331654366299459	-0.000345974110866968
4.83373177109773	-0.0018476226899783
0.801038426921836	-0.000728151326781315
1.79803772791273	-0.00111369969882325
0.454690757790653	-0.000616043880895487
