R^2	beta
1.4742002957064	-0.000387642357435072
1.02587300537999	0.000426413885559033
0.077057559575035	-0.000131603681945273
0.044415334695112	8.5635180233328e-05
0.0833936961861253	-8.45163554471651e-05
0.549686843720723	0.000285520707278582
0.78383942173741	-0.000312514193485787
0.110696326940116	-0.000134014791198983
0.0552894475291026	-7.86071620173917e-05
0.0386025441408417	7.41480789077971e-05
0.31682400934396	0.000213877480049689
1.09019973490462	-0.000449500774965419
0.166814056420707	-0.000159788963244097
0.00126104963627142	1.44581732763827e-05
3.23591028496709	-0.000672734468571203
0.281365869069244	0.000179952228749848
0.204764985728982	0.000153850428518027
0.424369499528701	-0.000241434835502051
0.603232410252781	-0.000303557091582915
0.00650461721878134	3.17921976588697e-05
0.293050336597875	-0.000179885576169806
1.05122966313396	-0.000471654595541959
0.661246808498059	0.000248299443514082
0.112401084176381	0.000126021626694052
0.71186377171614	0.000311208850470374
0.0746598368962522	-9.92809396309561e-05
0.35804368058096	-0.000218983094243025
0.179215033757653	0.000139231739527588
2.10555389940894	-0.000572870464877213
0.224570917661091	0.000236584735682806
0.0295786607753957	-6.55238686868915e-05
3.65005001539559	-0.00070356892504115
2.47215545752704	-0.000582097969672159
2.91855265819457	-0.000567659498314092
0.0063186324500795	-2.87855584238437e-05
0.179423672204782	0.000160073730704302
0.0104441176889256	-3.87456551270489e-05
0.00177955010749439	-1.62286318135502e-05
0.101797630722219	-0.000104700301790856
0.043071565652738	7.83178283817275e-05
0.788272428593459	0.000372877212359247
1.34182548558651	-0.000519406416527788
3.17168789339399	-0.000595723072554402
0.369551526919868	-0.000201026250477524
0.0461913629743438	-8.98022369000305e-05
0.327507964610157	-0.000237018216778294
0.0181215065020566	-5.16649557265967e-05
0.92301990172849	-0.00034536745173377
0.556187882347803	-0.000294511924989589
1.07649836914533	0.000447979624668305
0.000334968812073552	6.63003326218781e-06
0.0359702554874363	7.05777530620109e-05
0.00280036679387718	1.99932178935301e-05
0.259846033692115	-0.000194567096451134
2.01992509350075	-0.000488762591321226
0.895341994341751	-0.000369015174280384
1.25369316692098	-0.00046405054667066
0.889190588629971	0.000429992173313367
0.927289905469206	-0.000386639900684823
0.333677341966189	-0.000188241073702382
2.95208420816173e-06	-6.741039790805e-07
0.743943414636544	0.000284262070614284
1.20629229575542	0.000415235305061683
0.970659039695897	-0.000370268986598087
0.0154178028389088	-5.60587998304527e-05
1.15749788047584	-0.000381457585397873
1.11977700927977	-0.000422731177566973
0.0531503485094452	-9.49696852447042e-05
1.14120791157916	0.000329570249943992
0.391802719635833	-0.000253683900964397
0.0840128026289828	-0.000104935198928623
1.97362235077927	-0.000535094636366613
0.324706239200518	-0.000177105603036417
1.05934704494685	-0.000376785729967544
0.00199514179161973	-1.5405680789784e-05
0.998202456855107	-0.000401763012979824
0.0595324494791178	7.97403424595525e-05
5.01334345377958	-0.000835897522054254
1.09917184020327	-0.000413662071792275
2.84616766853846	0.00061376025321841
0.810862293040153	0.000372190147872263
0.0826319928986809	-0.000104346024971116
1.01082132080744	-0.000388469349453394
2.48767284803726	-0.000531311955010339
0.590113088352146	-0.000339800163944613
0.0580678264397995	-9.85447360381499e-05
2.48494796069822	-0.000481939843370869
0.168300140012712	0.000178830002008783
2.18976376282935	-0.000585623690197185
4.82876210773626e-06	1.00540451942324e-06
0.32345492651165	0.000263817934210492
2.13523208121033	-0.000540417209824802
0.159445606487062	0.000135976052537451
3.28404925021375e-07	-2.41187451519337e-07
0.0251075119519949	-5.01615347406316e-05
0.0560993850701787	-9.01053859883032e-05
0.177464312564921	-0.000162940333216124
3.46883717917473	-0.000721894800864238
0.0567611081444993	7.71415947810102e-05
0.151897099899625	-0.000180626559284925
1.95627424987448	-0.000494552353522018
0.706982871921756	-0.000397630930609398
0.117967232288396	-0.000145238377793567
5.26420818106185	-0.000984148697589992
0.311618649723345	0.000180679013748171
0.851874188007248	-0.000375092313178519
0.0180221380012392	-5.08536000836957e-05
0.0524249387195328	-9.44276060658283e-05
1.26959075666629	0.000343475918908605
0.0301571180091396	-8.41584209326943e-05
2.45860176128437	-0.000511759380200044
0.116515456809426	-0.000130585578315215
0.181460779909799	-0.00015769109544398
3.70559408714311	-0.00066665052956432
0.0222552866730548	-6.03933273293597e-05
0.400112646303084	0.000232354027444372
1.42121009694464	-0.000495868080714207
0.236498555364958	0.000192992476816079
0.965368211030314	0.000359780242927547
0.000283205445939778	6.37005671304504e-06
3.53068804047787	-0.000719348797557838
0.23324127172434	0.000172053761063991
0.220861755582579	0.000180130391742551
2.37070172682948	-0.000759475803226433
0.00361786094857375	1.99790011787146e-05
0.0291593216998557	6.34615482157567e-05
0.00702385257404589	-2.8077414424493e-05
1.33721080781485	-0.00044117052305853
0.00618252247059405	3.16680866489065e-05
0.0750100165749961	9.94786311114698e-05
0.856198918272647	-0.00033485647722782
1.64487749479038	-0.000483817469530598
0.543580978847087	0.000283159044431482
2.39519886033477e-05	-2.04777975801734e-06
1.41568375571212	0.000437595628289007
0.0211538847273782	5.74906105084715e-05
0.164968107500122	-0.00015684634851823
0.876949560418635	-0.000412318312697166
0.712627041593288	-0.000355644957145804
0.208314524124718	-0.000170587318076719
0.120464994878477	0.000112275401274439
3.03251565237491	-0.000734921663625835
0.25609410936602	0.000186366506041971
0.0580871273005664	-9.41645000284454e-05
0.692350056358145	0.000341415726254754
1.07740723547033	-0.000388595418533128
0.0018491812464145	-1.75565048766804e-05
0.0110361474627215	-4.0481500450789e-05
0.149295733539085	-0.000154994310706249
0.0813948619059281	0.00010255596398561
0.0234349580723196	-6.43772413831326e-05
7.43749243996199	-0.00118391753470678
1.22698943996141	-0.000368397504358899
1.70909442164743	-0.000556789391414646
0.161515229935957	-0.000183773826207083
0.0116354092055415	-3.96810095132866e-05
1.66930070800088	0.000386328049271853
0.416510000746862	-0.000305829821180788
0.573259990719597	0.000308013965163093
1.27487988658312	-0.000328563117488055
1.27448447411168	0.000414804058236557
0.0664485368410019	9.30925287311381e-05
0.410945448873238	-0.000243344074600588
3.16919148141535	-0.000622271149138247
0.406853983102461	-0.000246222248104528
1.585644800491	0.000445055840498576
0.271905171395361	-0.000161956975834539
0.236145200370988	0.000166973054333422
1.11492958396009	-0.000408080442472249
0.22401904242647	-0.000177304202004086
0.33059612940587	0.000259972055811072
0.26035882169779	0.000208007321037795
0.0345102478573399	6.96968573282001e-05
0.354635031685633	0.00024351732049685
0.408894006077247	-0.000315694318237507
0.189948222303393	-0.000156705630967711
0.0400835640372242	-7.25944781511065e-05
0.802954855271314	0.000362272962813398
0.00923410723791949	4.22683927009989e-05
0.406084389952388	-0.000290551903740001
0.195869618464998	0.000158716186962526
0.0198153375970935	6.20046739671552e-05
0.207663462598542	-0.000168889974440412
2.01887612060661	-0.000475021535005549
0.0312928111743448	7.3739519233097e-05
0.000522682233561651	-9.84249784095288e-06
1.8303713078543	0.000417932953054732
0.426225481807173	-0.000200145882287476
2.69806957474093	-0.000559462776775029
0.0919727488577908	-0.000100886112135124
0.00292559386355696	-2.03161234373424e-05
0.672250862890745	-0.000251824299133044
0.00500537105283783	-2.3443063218985e-05
0.596072416881877	0.000346248188975218
0.296192303345676	0.000182153338173497
0.0025259770997417	-2.21331145099436e-05
0.109686371492144	-0.000115861520204811
0.581481011494024	-0.000280161559148431
0.979499872816893	-0.00040927497935587
0.310077161169121	0.000222895028324911
0.0572468978498297	0.000117119829243511
1.55280401722636	-0.000458602598830559
6.14066369836681e-05	-3.01015851986925e-06
0.0714322720107373	9.0783530326044e-05
1.99295100682023	-0.000515655577675833
0.00206829943170141	1.87759430510987e-05
0.319557352655676	0.000235455861225301
0.0304079196018993	-6.98280588308581e-05
0.135036233299374	-0.000151745726164394
0.808423686533747	-0.00031673414843923
0.0306190598548876	6.67596575976826e-05
0.794677641500641	-0.000332199876426358
0.0425792418318919	-7.14343078205605e-05
0.0617591275634005	9.0864261003417e-05
5.14574415719039	0.000865286436753753
0.967444421681771	-0.000356150112809337
0.198920004809424	-0.000176406758011734
0.439634562679833	-0.000302842944399979
1.11422173124578	-0.000457775328457246
2.83288940238295	-0.000650639562738923
1.38409309649977	-0.0005392001119713
0.0596051854719043	-9.88521783692909e-05
1.14465430389907	-0.000373852279826984
0.0122673362298427	-4.24950495000075e-05
0.089223413311775	0.000111151442715549
1.85068145866367	-0.000474426946582807
2.38869804901351	0.000483763688022231
2.55730422316416	-0.000643080416415338
0.0015803706587611	1.60916765175033e-05
2.21613968056651	-0.00057408097127321
1.48098838990152	-0.000431240859555178
0.0278709399118508	6.99298425347339e-05
0.032053489961257	7.39407105449763e-05
0.000878331868256889	-1.19204453021846e-05
0.748464804715457	-0.000413018303808988
2.1277053638607	-0.000452238459915631
0.129521493093818	0.000146624187358729
0.320404326047118	0.000265718613289799
1.37881686446762	-0.000490249177984623
0.0624927831667941	-9.4979532144826e-05
0.11315756412325	-0.000124502383689886
0.00815213164888878	3.72081783405902e-05
0.888785070182605	-0.000359249646642926
2.5165305534186	-0.000709191543181587
2.67017179671929	-0.000515623927615176
0.274540034835513	-0.000191497777139967
0.0327554542109471	7.40455564465415e-05
0.628505698167784	-0.000276719386425254
2.16815836498426	-0.00051171051848961
0.84627431463242	-0.000286486377369582
0.0226786936284295	5.81876055434539e-05
2.07323852040376	-0.000576672895432701
0.0756550935808991	0.000121869532164704
0.284479879620383	-0.000176232490972527
0.788203782333214	-0.000321905662694768
0.000795872286199941	1.07412485166039e-05
3.40325550617555	-0.000630067530386006
0.428702077539342	-0.000275675586435697
0.0933028294857489	0.00011517140887732
0.44133465242165	-0.000227345497574977
0.87668190864006	0.000355220722391631
0.52148827656616	0.000286981170010974
0.000257616126679135	6.61445419601234e-06
0.160934417441243	0.000173168936218947
0.0700429636761253	9.25815147783076e-05
0.3019606170603	-0.000187583842361143
0.0285910369141842	5.98732216949361e-05
0.21619414866602	-0.000155769371204389
0.751823483528306	0.000343794264237843
0.0902804908743669	-0.000118205022817146
0.616332578898037	-0.000264459022321634
0.292361839132357	0.000211470657519416
0.723881088396461	0.000330525238179883
0.648954871051982	-0.000355234687236293
0.331731127942771	0.000241742705598514
0.00735721013023082	-3.28545005838512e-05
0.0878224900578125	-0.00011964136091202
0.177138093482956	-0.000163023786413392
0.498493557505456	-0.00022903510090563
0.00837945952962239	-3.32893758795346e-05
1.00480414857173	0.00037339435863078
0.207653906971282	-0.000188538314779146
0.611533813467708	-0.000293196642634331
0.311777091069723	-0.000220530166061682
0.0135900573821993	4.69786612500608e-05
0.967352045472044	-0.000370160482210543
1.11495107599956	0.000432800562433057
2.57748935404025	-0.000590573923886113
0.244291669548412	-0.000171184747451523
0.000556132277046002	7.81410884371902e-06
0.00434729854482403	2.62018831716281e-05
0.471250768824547	-0.000238566768752019
0.231052263698348	-0.000157834344433896
0.0493255376560263	9.85730354697155e-05
2.32047657852131	-0.000565289484361695
0.0325539549458839	6.54512246236034e-05
0.103515161018291	0.000140473031492717
0.0562660198845225	9.3482877920036e-05
0.66008712172859	-0.000315945923508669
0.296396099712532	-0.00022208904297634
1.4997256242054	0.000427674721874795
0.0177497316472799	-5.55339230664552e-05
2.25382508405227	-0.000665159447751917
0.989877200120856	-0.000380557405138387
0.646366120343364	0.000330028424060707
3.84366933213121	-0.00065074691993575
0.435602805577862	-0.000231020598524616
0.20162912658615	-0.000183098197882721
0.133546244810704	0.000132841612918054
0.299027583094832	-0.00018427410477335
6.70324231159729e-05	3.91850297958166e-06
1.65385882247894	-0.000533414733100803
0.195497552334673	-0.000156011385074436
2.43152762170653	-0.000625081745098186
0.281630823303328	0.000195641366565254
0.00431871138411703	-2.58992894112049e-05
0.0199726160254382	-5.64554614621629e-05
0.3269021662161	0.000228381824371382
0.0156521267222663	4.62496936982764e-05
2.22291546428879	-0.000488373954429724
0.681124955424667	-0.000282429666298593
0.422639698748085	-0.000288284724130115
0.0144590895103634	-4.72447971463744e-05
1.75398720501436	-0.000546173142908861
0.00495443929558832	-2.88466136792262e-05
0.178967734669131	0.000163963792595877
0.623249189220161	0.000318328278976594
0.262198968252276	0.000199477183031297
1.90612946956558	0.000460068068429152
0.164282494551603	0.000158003784315519
0.0519368414295181	-9.64631437125998e-05
3.70212191044038	-0.000679846402718562
2.39436001527311	-0.000571964480077444
1.02505713820792	-0.000402793506008335
9.81511487084726	-0.00133650773072524
6.44452457639879e-05	2.74196434728283e-06
0.0184582381185648	5.8826054122549e-05
1.45086687353807	0.000387988816781902
0.217894022642107	0.000170352795924401
0.847940248208379	-0.000320294498175018
0.0117252947107567	3.54473413061847e-05
0.525166424816276	0.000296006560096464
0.652157172274928	0.000339177765780076
1.1193127184325	0.00047265807751119
3.9788610486902	-0.000793524939475994
0.0192719960853624	-6.58753046399267e-05
0.27398398436067	-0.000153898967995282
0.00208755776948549	-1.96066958842807e-05
0.115289948063438	0.000127470993841875
1.87211473032446	-0.000504184231872202
0.20624393029892	-0.000170141469657481
0.000478616634006276	7.89643142484574e-06
0.194666084129721	0.000154806504865551
0.0337064429140523	6.78758077595066e-05
0.880636171280774	-0.000326765533394329
1.42299844783567	-0.00045944038752374
0.303981254331247	-0.000216414703426
0.00526292908194851	-2.60440210536171e-05
0.0323633322052691	-7.21398483859045e-05
1.26780474872217	-0.000376207010282567
0.511053831367016	0.000255134263013963
0.285287531127746	-0.000212486617666434
0.000306739191560112	6.93239275243526e-06
0.0135915232882664	4.31386624237395e-05
3.15468968400573	-0.00045580508045131
0.0532955813846056	-8.0740682727352e-05
0.0279538995619929	6.28326931325266e-05
0.496649697403795	0.000279883208432338
0.379436896081074	0.000242829920362756
0.530523554409526	-0.000279786294392424
0.0313392769458163	6.49054888666028e-05
1.0367822618542	0.000345090899509784
0.365034356473461	0.000214497997359028
0.301518416157892	-0.000222472348446963
0.0719985348012657	9.59975504403332e-05
0.0198777981769242	-5.29537127634598e-05
1.7088774565406	-0.000416370398673275
0.792551296709795	-0.000396223508770179
0.235447674626365	-0.000224869399253778
0.716137131077565	-0.000350524620049866
0.355695945863925	-0.000216276117071143
0.0530411159364753	8.70298175493898e-05
0.0909170942750296	-0.000130891294073021
2.69514112981378	-0.000670571065741803
3.88929549776366	-0.000743872155497857
0.104915661704644	0.000141578558542336
0.187818026756179	0.000165809006422676
1.78965161688641	0.000518692885694709
0.00601246193909875	3.97615188922674e-05
0.127364768961185	-0.000113486520330062
0.0617666791240238	8.44367609990263e-05
0.00145241297698138	-1.52998341196683e-05
0.676609877316533	-0.000346077791483894
0.993572068495245	0.000316934814356388
0.665283220373656	0.000258635299443714
2.51951424202561	-0.000657580230244771
0.229061129986765	-0.000182533475650531
1.464614495857	-0.000409636596099918
0.46797789842772	-0.000307031881463448
0.712415436503567	-0.00032595912480774
0.391652755216264	-0.000238918215291325
0.051826360838939	8.12541744827783e-05
0.202152933258688	-0.000164017669409131
0.00488709937793199	-2.86012740325563e-05
0.108960861160062	0.000132322407297456
0.117027689393935	-0.00013754937572153
0.1089086119311	-0.00012580973234204
0.623378060379493	0.000329707620833418
0.135159604114512	-0.000133450482071813
0.728477413267101	0.000285881569893524
0.0672952368339764	9.82258538742215e-05
0.65398475391845	-0.00037834746174493
0.127659268611081	-0.000116547686989632
0.044479471801498	-8.0618234667836e-05
0.27765719959132	0.000199569091873362
0.140036904019531	-0.000127913297767788
1.32781061447212	-0.000433848451782501
0.197796071525362	-0.000227358997572688
0.379072566376632	-0.000209561918371462
0.0226077810397442	5.81634931621545e-05
0.130272392460394	0.000142483727995042
0.476824698989033	-0.00030894752562897
0.271374491797262	0.000215777569316978
0.491793494074756	0.000239963331420807
0.254463551182563	0.00019795824569383
0.346813238547096	-0.000186228439227088
5.40258256207131	-0.000826566595641447
0.237036213641277	-0.000196089232569503
0.0846649821101196	0.000115794897793368
1.96215969519484	-0.000484937001814389
0.685254244655948	-0.000305877351854557
0.0149632650957541	-4.31914585180437e-05
0.470344559463679	-0.000232157139240533
2.61122272961924	-0.000715397949013022
0.0694948790430838	-0.000108435749878283
1.0941511790791	0.00039243392205481
5.66954725630975e-05	2.42338681304363e-06
0.00319462256729668	-1.80260959105755e-05
0.0949727207547701	0.000100396175910722
0.88396843654947	-0.000296486064731684
2.30753945761241	-0.000583359004659429
0.652047485347413	0.000304942026801454
0.0284319265889447	5.12887052480304e-05
0.998686964087101	-0.000343211147366263
0.165602910431831	-0.000130571505828126
4.59439631482619	-0.000674154289584881
6.04555868254288e-05	2.77147357997149e-06
0.386002768653369	-0.00027007713953721
0.539115971018385	0.000301691751495043
0.155270422942781	-0.000144306656187079
0.0465373022096265	-8.08559399834759e-05
2.23177342884202	-0.000555523051634474
0.177037001734485	0.000161797661318647
2.86647631721289	-0.000602670595759061
3.04634936669247	-0.000595527317692664
0.673152055910536	-0.000283195126842082
0.16070056495225	0.000170207801579539
0.129350302536992	-0.000127727585237741
0.24337568465923	0.000167925763355695
0.177665607121352	0.000140971178641038
1.4937300330609	-0.000513651469343154
1.39526282067185	-0.000373763856950355
0.00815121032025995	-2.76304078970687e-05
0.0251726631842383	6.59936304299246e-05
0.449011846789528	-0.000229367985738361
0.0655261882565827	8.98597592238491e-05
0.506190752184514	0.000303920016315099
0.291672814325542	-0.000244836587884458
0.0814657661450524	9.03326863745679e-05
0.102781281382255	-0.000110435935645563
0.482011793910633	-0.000275452625671845
0.0249228816422887	4.81063783466145e-05
0.0525316058307739	-9.48823075194971e-05
2.43246777105063	-0.000541549303619483
1.00773555923455	-0.000403689538041876
0.267811828284502	-0.00018350436674184
0.0549797564400712	-9.00422296577009e-05
0.511055505481986	-0.000296948835103561
0.916466146689013	-0.000448413287205856
2.35847542241788	-0.000625633876819217
0.00347256385792704	-2.01001645152547e-05
0.857416844376774	-0.000331740494123084
0.337426701694307	-0.000197564119530872
0.324451274328216	-0.000239817019786852
0.231371017003223	-0.000164280798868087
1.64976690508907	-0.000516868568994593
0.51632015845801	-0.000316886509624169
0.957793713340362	-0.000388855787267557
0.851990656674685	-0.000444111017359861
0.0357578087561528	-6.10567429045784e-05
0.000428565152418942	7.61727657008204e-06
1.85663193065718	-0.000538515930379015
1.36215913015665	-0.000456227746478619
1.64039164264232	0.000435726725050062
0.292588102090393	0.000230461662718401
0.0653707272402531	-8.20583150014822e-05
1.17929121217272	-0.00032791569496857
1.95397194739692	0.000420589084166314
0.00325067834533275	-2.29041998213797e-05
0.262535216617287	-0.000208068180378485
4.28506866186813	-0.00087118800136896
1.48288408499508	-0.00057474531011617
0.37713450344171	0.000269950358082218
2.47959735949927	-0.000724110007096421
1.12544207621377	-0.000379471324315721
0.396031304874803	-0.000243350444197355
0.176111245251412	0.000180252095226746
0.149277021703234	-0.000151703618443499
0.667082019108274	0.000301726455676108
0.453577172921248	0.000219679350644574
1.03396128576491	-0.000334942180126112
0.127894868125365	-0.000118885347858652
0.515900776569492	-0.000334099526309259
0.554461977558358	-0.000273713408517452
0.0130834909703097	-3.52897536878986e-05
0.794809717793163	-0.0003828273446026
0.593696408490378	0.000301023805300418
0.219244547841755	-0.000179296134039604
0.145200155474842	-0.000136593117062595
9.13881706184005e-05	-3.1817443188649e-06
0.00718615085814213	4.38555443357767e-05
1.17825728709041	-0.000416101478141391
0.0460335184523501	-9.06842398875251e-05
0.0807396772607828	-0.000115283840176865
0.0525501290696887	8.34072660205392e-05
0.263259785000418	0.000218856143728883
0.166648257814032	-0.000141729199575866
0.997016138394674	0.000311222073485745
0.021019439153421	-5.63314669117668e-05
0.0704974081264998	-8.62992763422746e-05
0.768095743236959	-0.000358059795570944
0.959754224994097	-0.000356082475218426
0.75873408808534	0.000303384731740679
7.08776129806611	-0.00119287702687466
0.78747646304772	-0.000367991889884557
0.495572515992194	-0.000210549637131167
0.0314825076614322	-5.93451998707054e-05
0.26408992781653	0.00019956529877238
0.95641500725041	0.000381376398606209
0.376358676368113	-0.000237346638606158
0.782624836364845	0.000284369507738287
0.81399551577194	0.000325077396948532
1.36659190519996	0.000351842547027657
0.0609565156643752	-9.73751243964801e-05
0.137446590879433	-0.000140172378976393
0.270899528665556	-0.000197923649291569
0.0633488168203925	8.70620396034482e-05
0.197771854054091	0.00017248586818373
2.53614405862547	-0.000507489258552045
0.0884075541294725	-0.000103013529255236
2.99759980251202	-0.000610516193003821
0.324583418246184	0.000225061130642295
0.102374409289471	0.000147024044263197
0.056079086207991	-8.41886118422197e-05
0.020633445776992	-4.95614675500541e-05
0.505147783278264	-0.000272733481554779
0.137417313674821	0.000158774869925477
0.00338393318604273	1.90388638710587e-05
2.71289363733827	-0.000595045848356933
2.10954481327163	-0.000627949505741958
0.0160610508606104	4.11849661441797e-05
0.456176161112947	0.000291173850865888
0.270999170694361	-0.000215481445197758
0.469429972618861	-0.000214048919402962
1.06276151224092	0.000379634380607912
2.69991689429673	0.00067964478233375
0.203583196912348	-0.000147790773350076
0.857711208017423	-0.000405309875527804
0.0767288468220153	-9.9168901467446e-05
0.00755395769269097	3.68614715996471e-05
0.505934906402238	-0.000233171166258888
0.298699100761415	-0.000198091964561965
0.0121006415972927	-3.13011097937325e-05
0.335652723439534	0.000197262800587093
3.48292352073825	-0.000675027202323155
0.792928905718461	0.000332972787343464
2.63483449326077	-0.000631730234663459
0.0343109534715012	7.17363859400845e-05
0.163416731372317	0.000127922510427572
2.05962629624867	-0.000573862765841576
0.112162982308703	0.000107579974494875
2.09311431858262	0.000647821081835562
0.00741338430003316	-3.38989472036138e-05
0.00366022082383632	-2.86508238828718e-05
0.619898112672234	0.000272802393504447
1.37631039140207	-0.000554720139700021
0.211023831166183	-0.000153740408701593
0.0135015790120288	-4.76581866279761e-05
0.0219496359123473	-5.90704219303164e-05
0.370456394014983	0.000244856951221251
0.00955679768772673	-3.47959392770396e-05
0.0488750841678723	-7.31120761131962e-05
0.041075031860108	8.48577931384963e-05
0.844383072955786	-0.000384965900873297
0.0032341139365147	2.23185407667765e-05
1.84701194665138	0.000474817560944278
0.44041940308647	-0.000312909800514431
0.00927182122713131	-3.37087681237963e-05
1.03575974454414e-07	-1.37756258285379e-07
1.08525075638559	-0.00044793815731122
0.00711870704777284	3.2013722552952e-05
0.00958586675678212	3.50519068229934e-05
0.00104568655961128	1.07935703054572e-05
0.853627134646525	0.000391024853869755
0.112546763313996	0.000121505913271665
0.00295944531067841	-1.71526511606122e-05
0.0036650250086211	2.52385961273597e-05
0.0723030139360002	-0.000108894712640824
2.91691943083885	-0.000696134001116067
2.04236828592321	-0.000508167324793417
0.288779286592424	-0.000211947067733846
9.06211922515621e-06	-1.05485557620474e-06
4.61330294755118	-0.000734524764783688
0.0310997560101774	6.79898786984933e-05
1.24526446457571	0.000353665770213855
0.186644233377077	0.000181757543601902
0.00653202401099479	2.79835027517514e-05
2.18961564541372	-0.00053810706160003
4.94365649015409	-0.00091301461266987
0.0341208325265472	-6.32210338179381e-05
0.177083923975411	0.000162078098530691
0.0509165073307672	7.24411192884905e-05
0.0481810934354819	7.42243701425269e-05
0.560196520865531	-0.00025587286305192
1.78392382658754	-0.000411060043597234
0.0486818959732609	8.01631722374743e-05
1.13733717853432	-0.000406810806947825
1.02533233445344	-0.000411707914615834
0.191407364190593	0.000171292868699574
0.291756212669119	-0.000173138789553515
2.78048284744549	0.000602770069644304
0.0673442080352369	8.73178848428076e-05
0.0101671128133251	3.78207187501318e-05
0.00744154525296752	-3.70941790329186e-05
0.20005212682054	-0.000183000031400779
0.147613691395813	0.000160452887508294
0.0258154965510669	6.41079225397761e-05
0.537679919646625	-0.000325440422806781
0.689008833379424	-0.000331385833600993
1.37951025310654	0.000422091180925302
0.614001738706995	0.000330668581975224
0.525539217056376	0.000311015627251342
0.011437283835806	-4.77304665200555e-05
0.354303228231639	0.000176193275121061
0.121012833374241	-0.000110434087260124
0.397700247406958	-0.000217222113734061
0.384019830010317	-0.000234406514298918
0.342631001990878	0.000231195480389086
0.00709327024710465	-2.89861733433345e-05
0.0279726885971628	-5.32476403541332e-05
5.48038834394439	-0.000826109024912217
2.33445374383302	0.000613639500930021
0.57674369369082	-0.00027237471993076
0.0910823541054202	-0.00011091892135253
0.159546218760079	-0.000176815437442318
3.57183480466285	-0.000826138153308347
0.0944851297358025	0.000121616258165677
1.20159608648176	-0.00046927012001816
0.0984509647627633	-0.000127028316766009
0.00256935714047474	-1.85990478869702e-05
0.0511681317543595	-8.34122095329179e-05
2.31515217246262	-0.000663998808392221
0.394729172178506	0.000255865503803956
5.48471629533544	0.000949080511894818
0.561472859508746	-0.000254716848739838
0.120519558637214	0.000135616932933658
0.0847249923958452	-0.000110234599028179
0.230064078469499	-0.000223568006996988
0.580350641693079	-0.000362003380642929
0.419288826128783	-0.000234838573608938
0.921895315414472	-0.000414404448764376
0.0688079241504738	-8.51137128477607e-05
0.000139169534489563	-3.78357466092483e-06
0.707918043479717	-0.000310201781959695
1.10622246869769	0.000473954311342613
0.00227743295304381	1.74629194024515e-05
0.346496618842445	-0.000222392745449459
1.55466926738725	-0.000521188030659595
0.0454756886573723	8.10028953843126e-05
0.0543761364304438	-9.34503882605232e-05
0.108037970954034	0.000122911666236852
0.0131546762951791	-5.27187192021352e-05
3.7575698157797	0.00079310277897584
1.68159552566414	-0.000546893910897166
0.0357503180676202	-9.56878370878348e-05
0.0719933970410739	-9.19453256554196e-05
0.00135150547138342	1.73313531190798e-05
0.114087532360824	-0.000126771483332877
0.169746124560933	0.000168234024625612
0.682015872919139	0.000259331871230259
0.00102151489537785	-1.27350662559725e-05
0.556401496611152	0.000251216616859773
0.554345406443517	-0.000307518176194108
0.154978322482394	-0.00010783490649607
1.47888435417882	0.000518786365039619
0.0424723534559094	-6.66425451775603e-05
0.693969072823002	0.000306884085929906
2.40025003349219	-0.000564911455387861
0.142827834343739	0.000127570514436276
0.000380567699979413	-6.8347720587335e-06
0.376054145449921	-0.00019826214665594
0.0659071157026781	0.000100317489941756
1.04884928994605	-0.000410620636453364
0.606780938994779	0.000240485809263643
0.0297353234866692	5.62752681808011e-05
0.47515773545697	0.000247717333138018
0.0856693683664969	-8.01896628479546e-05
0.00418107738469995	-2.32411208448715e-05
1.10097656193957	-0.000406426742294612
1.40332678155807	0.000407382236571855
0.00838245958982958	-3.13142293691933e-05
1.07192083149108	-0.000469756878501635
0.728104158278511	-0.000366649216205205
1.54288559092165	-0.000485391137373887
1.83816320645443	-0.000525368091795856
0.481238927399026	-0.0002535752110373
0.929808114974997	0.000312023701061384
0.390022733011888	0.000224344936754191
0.0313581686110369	6.19424215619682e-05
0.819318067529156	-0.000365259559689242
0.670125573577047	0.000328331007890552
1.74911408320311	-0.000422917103855764
1.04670038036145	-0.000355562733322357
1.59942924538834	-0.000496136423614172
0.374510055291886	0.000219518732486487
0.271805175979353	0.000184061923887078
0.208098695451782	-0.000160775627715457
1.72910298200953	0.000475749126761665
2.14982695928626	0.000591742523279766
0.118048215470306	0.000155716614136078
2.13075084312933	0.00070136613148327
0.0348657830010449	-7.43111619840975e-05
1.15146526772545	-0.000325171479612503
0.000230782051553727	-5.93858777890124e-06
1.6712104537097	-0.000467945290230698
0.532548841638028	-0.00029764605237082
0.219072741246808	0.000155185424343902
0.214258860552023	0.000164249689271323
0.00120607571694658	1.19927398255452e-05
2.85218485523713	-0.000640330321421744
0.15163461242254	-0.000118948811454729
4.04143104312465	-0.000747935350107438
0.0151182894805506	-4.40902828325547e-05
0.0313726009225147	-5.78969578538094e-05
0.0735209929424574	-9.50077192617048e-05
0.787603940524992	-0.000381647037848113
0.000250195808833259	6.07118539653364e-06
0.0166277634876057	-4.86953094914961e-05
0.0125806153026897	-4.49790375872469e-05
0.323847143876101	-0.000227622067460647
0.0687258773067509	-9.7972543440419e-05
0.912472751613314	-0.000314728821388431
0.529199787933701	0.000267950065946782
0.022044950029091	-4.81309034508799e-05
0.122841255590959	-0.00015639007938008
0.32833949335676	0.000271033633829481
1.04217959499588	-0.000344273276214631
0.20498987590785	-0.000176995025098112
0.307357877040399	0.000182394196382532
0.378234143728262	0.000226152266495857
0.191318792035448	-0.000164124834102213
0.106301237318283	-0.000143628569058266
3.2011267820416	-0.000924840851510977
1.26149837155988	-0.000356727862783686
3.70422562969474	-0.000848427853125697
1.31565754316982	-0.000378854254033989
0.433953436499566	-0.000251803395944849
3.98646613692352	-0.000850243434348123
0.876352525572253	0.000434212382850626
0.145501312715031	0.000138801171179565
4.8112533117847	-0.000774237396551705
0.742567494781814	-0.000314423497409646
3.82615783740538	-0.000801161211124318
2.1900571439325	-0.000633625574095971
0.911632055212349	-0.000350788989031324
2.70458855310416e-05	1.66900262514333e-06
0.00120431550739976	1.17940816181053e-05
0.418747598468064	0.000192879802135295
2.0062713019246	-0.00057292902320545
1.92285165835931	-0.000631433169564918
0.740582319039362	0.000263921446359421
0.00473306890968546	2.57237688318124e-05
0.180859876794106	0.000193788222061916
0.172123465371065	-0.000169748232722576
0.0173756614220271	5.67226130770365e-05
0.225949134662611	0.000201628271948902
0.392116543115038	0.000241780318160998
0.0404581034697709	-7.09370214777001e-05
0.636518322876052	0.000259932339511274
0.591722377343604	0.000305402078991275
0.196332596268566	0.000151867272658781
0.0392168885286558	-6.78057679290214e-05
0.390838648834914	-0.000196528027789596
8.53780931215973	-0.00120433770226137
0.231569159305248	-0.0001526806024257
0.875132247836014	-0.000382415906875683
0.309385277110526	-0.000214138336416063
0.0256089166848039	6.10823580030539e-05
0.823146881054769	-0.000350430394223796
1.03344442846501	-0.000362332226830953
0.965937120250503	-0.000349495226815161
0.0811059771644834	0.00011917944561298
0.0508076367094251	-9.33573473402928e-05
0.202980404811605	-0.000156391843980057
0.00845781877725293	3.14253360589384e-05
0.285046977822765	-0.000193008798666604
0.0598635318328985	7.89996778399751e-05
8.95943575256717e-05	3.56017435001066e-06
2.3643113225428	-0.00058741049447013
0.327454952166414	0.000176300753658679
0.657223856656559	0.000296182662472979
0.231949920335043	-0.000188822988595697
0.208601383879562	-0.000171164395491119
0.0639192149427694	9.67832798951548e-05
1.1808492586376	-0.00047577133808371
7.82087500504095e-07	3.43687821689584e-07
0.425653575676668	-0.00022484031182394
0.0327558119515054	5.35611304046166e-05
0.876203431429288	0.000388685338864716
2.21735591330659	-0.000558670608475778
0.290602879728788	-0.000201548730866525
1.04036932164383	0.000443651808143508
0.516912427562781	0.000275640193146475
0.00795957833664194	2.65920912795413e-05
0.0204607890355779	-4.97508145531204e-05
0.292083109708637	-0.000218700116262302
0.211163143759367	-0.000216794100072004
0.0814090637085582	-8.969674678882e-05
0.132995090277234	-0.000156111728020696
2.80492766020527	-0.000628740504646925
0.506220755362459	-0.000293738670154626
1.23614357979652	-0.000434668259035999
0.0760760431301195	-9.86893809200177e-05
2.53163644194417	-0.000543485719120612
0.553622506243686	0.000275787195625143
2.48688722538042	-0.000591681252158222
1.57901408802551	0.000399929768302706
0.735727215253701	-0.000323810404306788
1.1161227770963	-0.00042247051489979
7.49802453182305	0.000775823336816022
0.332254518744578	-0.000185364307588397
0.0596037809884071	9.95037625107006e-05
0.655155877459476	0.000274754251429951
1.4228607714549	0.000438482545446362
1.16232686544394	0.000344562833565925
0.44168046746273	-0.000262553298536047
0.0157581680539654	-5.77249283252586e-05
0.919634026457201	-0.000398558823249428
1.0276662835706	0.000385367671372306
2.36079886325506	-0.000688356966279473
0.296946223284018	-0.000206686025227566
1.21007770958091	0.000411327463598111
0.307759979003862	-0.000176224174431944
3.34804203298756	-0.000738796033093092
1.60429175394731	0.00049731781236354
0.382152366496642	0.000246084144652159
0.892571543099167	0.000397568605655746
0.474844237933116	0.000249733060179068
1.97527455439751	-0.000556399218187436
0.23053453893018	0.00018132999392113
0.0376511183151227	-7.60694421133942e-05
0.353927979180178	-0.000217148217783177
0.016708729744811	-5.64110669082847e-05
1.50388867521536	0.000594627062162269
0.00831185941800276	3.71302097080947e-05
0.977965210857684	0.000328195877953809
2.2456075985212	-0.000550574970380893
0.0104321451099084	4.18078081769739e-05
4.91245491250788e-05	2.67585694742679e-06
0.290002443119402	-0.000171991385959342
0.419314777405454	-0.000251069938320476
0.0101982876451417	4.43583100175145e-05
0.616020043368261	0.000246909289000547
0.00789013747792305	-3.00641234857114e-05
1.33948535145011	-0.00041715923195609
2.30203005070903	-0.000676240501034454
0.384793664603849	0.00023301395904907
1.18591886171164	-0.000368700906630068
0.176806007305083	0.000129859426402925
0.0625271606904024	0.000113623578748992
0.0159834350349105	4.22064000479041e-05
1.3455701398537	-0.000458743810854586
0.00369263871117583	2.71361155948813e-05
0.0280583575084671	-6.31995879011559e-05
0.0116486697586967	3.70886182609809e-05
0.424978291021504	0.000332489497208637
0.739610048230834	-0.000359167334310113
1.41224386999851	-0.000428138080076265
0.177914097823681	-0.000194492494613092
0.0171732638477711	-5.55413581738219e-05
0.0473954781453114	0.000105675058910806
0.925853932560638	-0.000394440474709139
0.324838750921509	-0.000284687796460009
1.12285815001293	-0.000433522452882455
1.74002104687743	-0.00051206278478773
0.199936833249565	-0.000167118759423469
0.0369986016619369	7.65992233697989e-05
0.451889680251651	0.000193395002570451
0.196880446765566	0.000177498597410049
0.0570390057036984	-9.13295102217704e-05
0.210225716509118	-0.00014923034083785
0.863880380480636	0.000338813034402297
2.34561912019808	-0.000649121843450745
0.0118100647209265	-4.45981628879851e-05
0.104218926157145	-0.000133339348465637
0.132620867377803	-0.00013972085439164
0.000195875673043956	5.04508222330312e-06
0.0958906662417319	-0.000146772406543762
0.603424875733494	-0.000390981069936388
0.156074429118294	0.000170248999861104
1.96382798285645	0.000590660924753107
1.10742609703231	-0.000433612618083666
1.61457331656318	-0.000433996934840151
0.202501814325039	0.000150662162137427
0.542056316191828	0.000255322542316464
0.444152351404299	0.00025141970860458
0.362215413639379	0.000195319488927226
1.03975922899429	-0.000368711739951782
0.112426174126706	0.000155050774046133
1.08100856734077	-0.00039649446895047
0.51613416875856	-0.00027146212389821
0.521853675254859	-0.000284441571419898
0.285933821096681	-0.000183168257621157
1.04813687383419	0.00040350497588269
0.0341622841346655	8.06686351711811e-05
0.0561538535701609	8.47112324382548e-05
0.0132813287250774	-4.43120555641519e-05
0.00339350257109361	2.05309559357417e-05
0.235079151421595	-0.00019212193058878
1.23220925316877	-0.000382393110048397
0.0621863362348383	9.97097976143025e-05
3.28953070708063	0.000653616004964751
0.421403905370325	0.000274525482824149
0.904813522285635	-0.000357683664881974
0.17520543655146	-0.000192129135047508
1.5570140068842	-0.00051830435904422
2.01045343036156	-0.00054235208420505
0.000457356882864505	7.2998101980403e-06
4.9087430799321	-0.00088423467152149
0.177927473836545	-0.000182722280264152
0.221363625003572	0.000208784533762594
0.724908216803357	0.000336225777005286
0.0845298799638112	0.00012625595515799
0.0353973105479984	6.59347263332916e-05
0.0271200083747234	7.62171644505122e-05
0.0129223487259904	4.17898767488421e-05
0.299756683398393	0.000246208466873658
0.902114872197875	0.000540643882111855
0.0312396582287547	6.5486659857013e-05
0.682232071010351	-0.0002573682333857
0.524657543055782	-0.000312810459188922
0.20883842208199	-0.000191575998701481
1.69769070326923	-0.000514327991149331
0.00114497744838919	1.29311918571122e-05
0.0469987010490927	8.49346191804918e-05
1.55533445668122	-0.000532296139516971
0.0227701581180288	-5.77466809949408e-05
0.26420636606251	-0.000180439561777659
0.730241202627723	0.000326106835404244
0.115710948739788	0.000144838732288972
0.00178863221405367	-2.12319799236918e-05
0.0285306666764192	-6.07869720335302e-05
4.76604824337144	0.000746402486170487
0.24275832071432	-0.000176313197819614
0.122023084725372	0.000138073539182318
0.107694479225333	0.000130152351487539
2.28029467289812	0.000536357854942362
0.0500589361587785	-0.000114910070215501
1.98960394286265	-0.000530299099839476
0.0975476882705089	-0.000144419260345679
0.569163989018291	0.000266922161423358
0.128579049082998	0.000154468096606915
0.623426466612649	-0.000313061650079776
0.190523478111649	0.000180896480888796
0.601640517639578	-0.000298663350580129
0.354928095270771	-0.000210946591804508
0.0812491224126145	0.00010755872193803
0.0147242867856804	4.20371456937039e-05
0.0740696874606637	0.000104415348049685
0.00748763528139375	-3.00468061023428e-05
0.00574614316515058	2.6782230985428e-05
0.573093711715803	-0.000296489783786997
2.9452620997921	-0.000605734925248617
0.861991225732528	0.00036936506942939
0.309559679315252	0.000195368553640619
0.351913669942624	-0.000238819197938947
0.00254726447200999	-1.94489776369858e-05
0.934168482178852	-0.000362998767342138
1.74505684584901	0.000523750805940432
0.0618413312155333	-8.0249156912186e-05
1.23383863437357	-0.000476829121192432
0.243328906919231	-0.000179984278095407
0.000191845287878474	-4.8220449780932e-06
0.346951983540381	-0.00018559519926689
0.131256730912677	0.000136858404613789
0.138277823112856	0.000122350001821101
0.0329355052351557	7.9971455244413e-05
0.00926942242308442	3.52558893731528e-05
0.325801226878207	-0.000226167348105821
0.469665328902984	0.000300196484461666
