R^2	beta
0.196668416115811	0.000206040658472795
1.1377002663327	-0.000504507291400321
0.730277302379829	0.000378839962402604
0.00901002340694815	-4.59330071624416e-05
1.26907620453041	-0.000662768262735893
0.131300225325901	-0.000177708968030572
0.0130507318951544	5.01963137381196e-05
2.12756540115152	-0.000709274557585726
0.251410325472924	0.00028905937741498
2.89114957267311	-0.000968057024586118
0.117221909661978	-0.000155033149363688
0.347493361322517	-0.000311190532036423
1.17353866371298	-0.000589025500531708
0.0147128929407499	5.37758889296314e-05
0.590608170264132	-0.000380966093614694
4.74926652074155	-0.00111895830740186
1.38284665165992	-0.000586035080309587
0.871647749787004	-0.000432080785085795
1.47642092041219	0.00061025925570508
0.063837200632535	0.000141725672390297
0.532707933846209	-0.000291335483184916
0.195360645875096	-0.000180999510743365
1.3055151853788	-0.000556400283226682
0.220044673347467	-0.000194429614310628
4.13003393909684	-0.000963605582372429
0.479735151100617	-0.000365706641245584
3.08314253929616	-0.000818207843369206
0.0552813106552829	0.000112836917716381
2.56505969170681	-0.00080030559286972
0.586123699236788	0.000367408630051035
1.31014015044897	0.000436934128383507
0.940165226962363	-0.000447922896192144
0.265464637848679	-0.000227496121329987
1.40661859149298	-0.000560229813977747
0.00146554005315319	1.79374212367764e-05
0.146823103777554	-0.00020283788903759
3.43413232049594	-0.00075528929303419
0.700687007738184	-0.000438461409771237
0.18844780061247	-0.000182401282749091
0.626230696214724	-0.000347887463084096
3.78494684275725	-0.000824396475473762
0.970444708644924	-0.000450599085937866
5.54288688839612	-0.00109960599330573
0.592899287570481	-0.000417172458959033
0.000153937506907863	-5.91846953197651e-06
2.96713624981087e-05	-2.74949618353102e-06
0.0052629465108208	-3.84368748940315e-05
2.10329018851398	-0.000698576063173162
0.736112235574915	-0.000376349197418715
2.10822564191543	-0.000686455109862749
1.23279371932781	-0.000573252834098725
0.662287128076716	-0.000385613611071837
0.356428871955977	-0.000276532610754692
0.0408023624250435	8.34160307078815e-05
0.000236588172416136	7.35400565051702e-06
1.85333183797682	-0.00064495653682567
0.428198424958915	-0.000323569604368048
1.29365808318236	-0.000536230539491799
0.301737609747585	0.000271824954736609
0.073110262956194	-0.000104352354852938
3.07647595652151e-05	-2.61520182866983e-06
0.809033515784298	-0.000472118353277546
0.067682245258776	0.000104342512552894
0.0581662810474715	-9.9371630840156e-05
4.48055183820177	-0.00114783981694582
0.920175763713536	-0.000495299498451141
0.965849601933443	-0.000451849268255062
0.737871961974479	-0.000393492003496127
0.00582633417561779	-4.19641819783019e-05
0.00903218205542059	-4.07205267169047e-05
1.55949568442113	-0.000654487222171633
7.82897339784734	-0.00136505757470265
0.298086578649962	0.00022028796721734
7.07441937614972	-0.00123024859829832
1.95485150333123	-0.000603172314053145
0.381197987862019	-0.000313901875278887
0.444992810227235	0.00038934249669025
0.0321704739285997	9.05299448527603e-05
0.0474677359948805	0.000103580109682538
0.428593730143125	-0.000312789302414492
1.36015772336851	0.000586458111187477
0.0141974020880361	-4.65361525187615e-05
0.62725027145729	-0.000354331571973635
1.79093560125972	0.000580366864332837
1.82523335603565	-0.000650710014789183
0.0455623971252356	-8.40861791395367e-05
0.00470101891234658	-2.9201182623899e-05
0.692748558845462	0.000392779554395125
0.57398666285088	-0.000385848340428754
0.0933088191185236	-0.000150942603373423
0.574444473774243	-0.000376945056064866
0.984943596744288	-0.00044819196767601
0.0155622557433095	-6.27743345943807e-05
0.0895313846217104	-0.000134888882261905
9.58506275576293	-0.00137523786871755
0.920046004915602	-0.000458609381816083
4.75158239154922	-0.00106450661663008
0.0168379047746324	5.89901939076087e-05
0.262101474384156	0.000300066322530559
0.961891286112345	-0.000418025535968881
0.593873631029278	-0.000356395038808208
0.140829469639562	-0.000178430584183803
1.28769443437359	-0.000507138947490383
2.89902592651721	-0.000964418411621855
2.3438192036861	-0.000796855243957182
2.26251842669112	-0.000711551197200259
0.405071592822826	-0.000291030359320019
0.00148656333565126	1.87220685873712e-05
1.63274826567719	-0.000594188382891179
1.48235385073645	-0.000401866912587788
1.07831560264411	0.000574528765499078
0.103282562859581	0.000144539534207144
0.0873742247227098	-0.000154852834517302
0.248167710674537	-0.000243482703609266
0.0618468254243109	-0.000108924754617515
7.23872187518329	-0.00132865963601709
0.00251183558858417	-2.36613737289888e-05
0.0196942006201428	-5.17968615042145e-05
0.0131563494565383	-4.7359032551877e-05
0.522713003464365	-0.000371872094773754
2.89225046604272	-0.000846733737458393
1.50531603018976	-0.000578154345027196
0.240738448453334	-0.0002421485143417
1.07691244336214	-0.000591782236851176
0.354009328360814	-0.000306833555775748
0.251635026630394	-0.000279692347796862
0.825376726624174	0.000465267811487968
2.16642486919953	-0.000686513415479064
2.08553310168431	-0.000625862165738193
0.235532272096237	0.00024008501969619
11.1765303361597	-0.0016051743093367
0.043628715594234	0.00010976467595007
0.196902724015277	-0.000249844018570181
0.0829640005088246	0.00013114019292796
0.0114373733892217	6.10696268950863e-05
0.6457854319391	-0.000508418313327169
0.662512661359098	-0.000351898375122529
0.102759161104031	-0.000133573644142209
0.0924818604413317	0.000127773580954717
0.506195642087199	0.000308774903944809
0.202755848739433	-0.000246818701221343
2.08057636775166	0.000712715695609112
0.0690021071987726	-0.000131757071525298
0.809049545222486	-0.000346038445339159
4.07128442255467	-0.000817189623660645
4.18693500614323	-0.000981179838086674
0.421652299992856	-0.000307390739807878
0.00326375149531059	-2.85481346762207e-05
0.471045131595463	0.000310411420210174
0.773176418490299	-0.000419291647238197
0.233333057687874	0.000202785614111982
0.395997420751297	-0.000309615962433653
0.0248518803399613	6.09884459348564e-05
0.026091532186235	-7.20195103875487e-05
0.123105722912121	0.000156955791613475
0.00170080014455803	-1.74480255223238e-05
0.847715641671641	-0.000440420645301459
0.0326909239887982	-8.0103516291551e-05
0.0247493659794551	6.42614654509516e-05
2.30369733829477	-0.000837036783403548
0.0276932872417773	-7.79789548868973e-05
0.71391888009119	-0.00047858577410985
1.06618786932323	-0.000522489655132028
0.0206019487929661	6.58353546035266e-05
3.15106744948061	-0.000950928477239853
9.29738669284202	-0.00151584473948629
1.54910749648022	-0.000682376903112157
0.107311425552468	0.000151448066260529
0.0111695754072541	4.79479290968227e-05
0.144860765811632	-0.000170960648952956
0.842077353650539	-0.000423398243710402
1.13818638759128	-0.000480257270343671
0.76628821956329	-0.000353911802326916
1.85672981689345	-0.000551404000529192
1.29437548564362e-05	1.63348248241322e-06
0.129092145466079	0.000162239937939383
0.188703313803884	-0.000148607981438339
0.198222827140846	-0.000190780982040154
0.000533294956412814	-1.06367451045862e-05
0.0203295405842618	-0.000104236887712858
10.2589260111065	-0.00159704869483876
0.115117134008711	0.000152483720163846
1.85419428592934	-0.000503764130747223
0.678130299631655	-0.000388275109854895
0.663086828259227	-0.000403223469745709
4.52890330381642	-0.00100310401683987
0.130795349032045	-0.000188296657726864
0.315198564482356	-0.000287784830339216
2.34631852202624	-0.000799577223969644
0.33775482608563	-0.000265145212628522
1.97102592553077	-0.000640534531010905
0.22347091753079	-0.000204531870744323
0.191624168217428	0.000208685586520493
0.0814893009197953	0.000192012411503668
0.322694478822696	0.00025840400731577
4.11185062305182	-0.00125568727532475
0.0186483944160556	7.03830904227126e-05
0.0415504927528899	0.000106956260690651
0.411784137438331	-0.00028181718439583
0.181093119842952	-0.000192349746996606
0.492726253874121	0.000419166431547837
0.0735975100904663	0.00014126734899882
5.42392894102076	-0.00117667113120372
0.283594273773151	-0.000211850444313085
3.19403331082237	-0.000875309071183424
0.0383711781341951	-6.85024200112405e-05
0.518091685620441	-0.000365045268173577
0.459217230467947	-0.000288602992892111
0.78670924655406	-0.000387293117810427
0.420266422493615	0.00031197319913736
1.87863617965713	-0.00064669719568827
2.4650960227078	-0.000628403518947655
0.790073902719048	-0.000362463681911434
0.00801890906697	3.49658672815834e-05
2.25161084826405	-0.00063673473557077
0.618608695675422	-0.000420964352230706
0.000314661609325533	9.90902646493309e-06
0.204358570675964	-0.000197978971427862
0.0642795738270944	0.000111534385023201
0.0266549366356609	9.05342907598235e-05
0.425014843681523	-0.000232325689094055
0.703826595573794	-0.000370296007858914
0.634941429749898	-0.000381137586683131
0.00720434661587458	4.12220442519921e-05
0.000219687355510976	-6.8256097190576e-06
2.09259287596232	-0.000664688047903004
5.11277373162063e-05	-3.66250414256723e-06
1.22966883887774	-0.000460346734792253
1.02569308774693	-0.000584416623326924
3.21841250648499	-0.000999299197467413
0.326163454279672	-0.000262965553861566
0.83693117922502	-0.00043779692161128
0.341535171458163	0.00023333450553295
3.4305343429753	-0.000834352083855408
0.771671018421142	0.000432987488449976
0.0391235611969766	0.000116628234488896
4.07136161042063	-0.0010821141630744
0.204069968755443	0.000205668394523669
1.80384057599547	-0.000677034156334648
2.96424798469332	-0.000807251129006302
2.05984616973715	-0.000757744147206712
0.202070109469777	0.000187439975720836
4.40022034539094	-0.000908491092992613
0.684578573446928	-0.00044295901643167
0.124881339653081	-0.000147808518706978
0.142103972773699	0.000176048005996246
0.00156792296326024	1.63275094460238e-05
1.95418854895779	-0.000813848182331906
0.031392615812894	7.90064771496813e-05
1.07665272978335	-0.000438231542535648
0.378515583617245	0.000289972621008128
0.794237153877437	0.000512565923775618
0.307717376160446	0.000269424041577686
0.121144631152248	0.000154519294586012
0.270776144092608	0.000206883451068496
0.532868855262349	-0.000297345509695966
0.590932594866588	-0.000360381106753716
0.0743840516925508	-0.000115075140948703
1.22928260305225	-0.000435055328947004
1.17704511757943	-0.000457164237366906
3.82708573369352	-0.000904514030186808
2.10373548464676	-0.000748420429252105
1.50524492496761	-0.00056167661076502
0.417165413328773	-0.000278770897157476
1.08626469187037	-0.00041691345692218
0.198988846774414	0.000169203580399596
3.02308745792323	-0.000985979990637139
1.59232567534206	-0.000634558515135193
0.271216111686488	-0.000254861382885791
0.947347371621571	-0.000423718695010247
0.289068638404377	-0.000237758261909435
0.0883521319388577	-0.000149390611588227
0.324889290260078	0.000290657724292851
0.676966237891293	0.000440330256964301
0.409180903607916	0.000276593873985214
0.341524769224055	0.000359534947194513
0.155813951520602	0.000196688501478292
0.846767285693617	-0.000522822313431425
1.90696765027979	-0.000714150441275589
0.000955730960761315	1.55215044472867e-05
0.140239493532503	-0.000171084454433446
0.0284668435780887	9.31819715826949e-05
0.0125708679016162	6.00634817822352e-05
0.0088843226514322	-4.15579824132902e-05
2.04440467708956	-0.000708061433025752
2.34242003069887	-0.000694005022175589
2.34963202527218	-0.000827935164221215
1.15556376703729	-0.00049224534768632
3.26747415098915	-0.000764685080126313
0.351687458786687	-0.000263138332547741
0.00165006827028898	1.73456889730892e-05
0.409099381639154	-0.000344934788861467
4.18219467136924	-0.00112686406329655
4.79598760864814e-05	3.24256470637881e-06
0.70596471591159	0.000381554936978215
3.37009125974461	-0.000802482731939586
0.0885261668862715	-0.00014102083132164
0.635509479554754	-0.00038665112342043
1.59106798878951	-0.000514984583520614
1.46326990958938	-0.000550003411998768
8.95739427708885	-0.00159363906773023
0.456372282907561	-0.000292845534673779
1.47627644144829	-0.000599185043635503
4.39305742217408	-0.000857247516509343
0.6835331905267	-0.000335527736233505
0.179366491732334	-0.00020392349183958
0.0121018123826639	5.46638502168486e-05
2.04750371798041	-0.000765790682006813
0.44785468178108	-0.000299022798678391
1.84844656051749	-0.000701696873167182
2.37110206431567	-0.000711570702600435
3.00840962701892	-0.000725569520227769
4.8144730346589	-0.000995174183070868
0.351511271275251	-0.000309515895350069
0.303981476974221	-0.000280175849902375
0.379234444774063	-0.000288923507862783
0.0187777206122925	7.0220151480143e-05
4.82397838673411	-0.00103773157000222
0.0999246282974018	-0.000122287463475618
0.231548928027166	0.00025760832976336
0.179662330961031	0.000176459261915393
1.04750774321193	-0.000419526579606772
0.0974994838928934	-0.000141398320354065
2.54623130609234	-0.000734775408840424
0.899399213885725	-0.000414530545112108
0.00967897366730297	-3.72756171063734e-05
0.693472211931321	-0.000400558140405847
1.72220776222141	-0.00064759417780915
0.470041233961673	0.000339140202355871
3.90156896216438	-0.000881026008689257
0.242620578663633	0.00021682422902242
0.553777151139173	-0.000324000017209975
2.92116461034855	-0.000795689098627236
1.81498753122805	-0.000605779576733166
0.00959887304863056	4.7587282240854e-05
1.78315392079776	-0.000635487970503794
0.347367661135478	-0.000243857320025444
0.352903701293719	-0.000331744793457324
2.12656122546641	-0.000622377124841285
0.462960994243394	-0.000288893062156018
1.8706019095516	-0.000602306812582806
0.0030715871377018	-2.33035243902982e-05
0.0739642206450247	0.000148334566187203
0.108564326272337	-0.000186011495321015
0.458607376220893	-0.00032085013116216
0.000590739636329305	1.00220582626494e-05
0.16567500689846	-0.000174631443432169
1.91638063135528	0.000636284489926805
0.00207297788850075	-2.02476591358123e-05
0.0826530852898015	-0.000118219547433458
1.07553210089402	-0.000517208717597296
4.88486255968606	-0.000884634286567998
0.402331169313944	-0.000308844952604828
2.59408536201948	-0.000727658334106775
0.134614027364227	-0.000154055736776612
0.279133912426725	-0.000238823972161138
0.0648603339779891	-0.000135072037367746
0.0788727566491742	0.000155157697060214
0.87300036587511	-0.000415884657102819
1.42136722879917	-0.000537048379867803
3.27974457937071	-0.000801667162842246
0.184999846288752	-0.000218103189947721
3.21204247139758	-0.000882654851780101
5.63718491864848	-0.00125762868151992
0.403069760506919	0.000292668033217484
0.13930692984027	-0.000208551882355363
1.15019052385991	-0.000549115604883741
0.202480954900602	-0.00018870011955201
2.98888472248773	-0.000708328653901054
2.61934118991995	-0.000791202122257088
0.844720199807314	-0.000437726812415312
0.191039464146335	-0.000209784118081956
0.557659457932418	-0.000341839121908125
2.13648866952783	-0.000646851835582266
0.0178661366101741	-5.60726884890019e-05
2.93215485640469	-0.000817901970223095
4.3719833548512	-0.00106381055266935
0.00211318695946844	1.87190651565208e-05
0.795293737116062	-0.000438271585603031
0.00752297252078231	-4.72201766968063e-05
0.200907585102706	-0.000204231687516753
2.26772665282096	-0.000619034543641825
0.00565634653036337	4.26243815318562e-05
0.014955659715972	7.20685432834145e-05
0.0046144278667708	3.11600179635124e-05
0.257766984083847	-0.000237598537441213
0.452163169341919	0.000285347283631839
0.140786127551081	-0.000193524778880582
4.82442546132031	-0.00116300017280686
0.00057951451451957	-1.16704949041049e-05
3.14154937152451	-0.000858183788382162
0.487424501376326	-0.000322770429124359
1.36362476675569	-0.000515035868088146
1.31883447061309	-0.000543000451108221
0.144778394602548	-0.000158878778850744
0.252259791470991	-0.000149811069603021
0.160144028988141	-0.000162142110379527
0.0216821938331761	8.24512722237848e-05
1.95762131644096	-0.000575555111178215
3.52580475833366	-0.00102175556563302
0.554940167399359	0.00027386726399233
2.76961807722382	-0.000822977509367879
0.0184063745161424	6.42530269957554e-05
0.270551227341542	0.000255504216093297
5.61534379993222e-05	3.50406044173672e-06
0.82688935590895	-0.000364770009716558
0.0323978265315541	-8.43254526534285e-05
1.16587909798325	0.000489091876027664
0.0343608475030616	9.71143258158675e-05
0.765890903236757	-0.000529038703413341
0.0796383132534764	-0.000125933679541943
0.0718095381358802	0.000114009225035423
2.08577862668554	-0.000829000736192348
0.00536510640471046	3.45162010141037e-05
0.230112569949905	-0.000280110750574588
3.36871700502708	-0.000922188427973152
0.0100505356516877	-6.00872789292083e-05
0.00232004016782373	1.79081498773253e-05
0.608630410652181	-0.000394686574732971
0.00124828830957586	-1.63913439050491e-05
4.5785811465936	-0.00101625961592704
0.155204429255438	-0.000220010998690976
0.0223118634712075	7.60514073290508e-05
0.047237154271803	-9.3480793684382e-05
1.26466608087356	-0.000559847546005602
0.0410429674372092	-9.86367745922366e-05
0.0039791889598253	-3.12100936709427e-05
0.0261825752712874	7.34051471612086e-05
0.198430756807915	0.000184690941277195
0.345895506077115	-0.000269290984052211
0.00514308641138002	-3.75329237338262e-05
13.4254306336486	-0.0018269233983181
0.0235114813329915	-8.28781591782149e-05
1.95432383543984	-0.000626299975665604
0.188810313473704	0.000234075845123496
0.656702666264095	-0.00031453639698696
0.631527111153904	-0.000378506618479181
3.31221639076224	-0.000851704835652842
1.04354305175478	-0.000517956073032548
0.559209068396288	-0.000353048465532656
1.6593470331769	-0.000613762149763382
0.012416405771175	5.50152313199954e-05
0.330082110661948	0.000323750270121504
0.150661067141772	0.000230198962400471
0.493295765654777	0.000261664588164954
2.56651883489258	-0.000673554853371976
0.132931483529574	-0.000201166759576891
0.244624062333957	0.000197476539274267
1.65985148963935	-0.000768413100358375
2.52516161505851	-0.000689000391859181
3.3077502432125	-0.000795475562598799
0.383860021432034	-0.000311110636981548
3.14396874889208	-0.00100197612335901
0.514239166772684	-0.000354351139353293
0.444375001517265	-0.000320097089934112
0.00523979351877057	3.4348225298008e-05
0.0624686334126233	9.1083969876799e-05
1.36328626744108	-0.000588187162208687
1.84950314908591	0.000767315113903039
0.658379396107382	-0.000377467487174185
0.000871920134945937	-1.52497083361804e-05
0.108602642703299	0.000172617545256348
6.27860340557237	-0.00116710000750411
1.21440080402096	-0.000616195593430293
1.39935677826819	-0.000588282593449625
2.30908476948866	-0.000784286983913097
1.12602295579173	-0.000504851145676911
2.90867471638844	-0.000943412595586536
1.19476065230518	-0.00053911685674916
2.48091774635286	-0.000775418637888604
7.86143904090111	-0.00119464505367363
0.099507196103078	0.000159268208268281
2.05393474139297	-0.000680949094683922
0.000943508596847682	-1.24347451523317e-05
3.65926170097031	-0.000933073677581405
1.07315390187403	-0.000547403052158773
0.702127031232045	-0.000283626447396852
1.44287939735696	-0.000586764942377122
0.387425967455399	-0.000353070474538966
0.429433971225338	-0.000272457198446371
2.02147503113115	-0.000817180301748131
0.21177849384154	-0.000193535198446064
0.00245981794381064	2.17695040577059e-05
7.09056351495152	-0.00112296370817218
2.71322256281659	0.000823825372386002
1.14344083262845	-0.000474408101559729
0.639402404812277	-0.000398222751008482
0.360025906652119	0.000304846428270028
1.74984566728373	-0.000633169946805619
2.95266220925345	-0.000858151214960145
0.141468563533379	-0.000176745766217892
0.000313197881125522	-7.58953367845343e-06
0.722385396209009	-0.00035741315314405
0.0991824444675453	-0.00015044636666117
1.20198013404514	-0.000573603856301333
0.0582072234047071	0.000104948345758503
0.00801500206961347	-3.29504846936307e-05
1.00394546002997	-0.000476475568290216
0.159950294259393	-0.000170259509112216
0.00338691806110554	-2.95423622111024e-05
1.79828685651894	-0.000640974928869328
0.295156700718018	-0.000234740671248417
0.168391585332386	-0.000185100132315013
0.492090661258982	-0.000363400363461672
0.136847970497439	-0.000188295281996175
1.26532505624608	-0.000576142106714501
5.66797649802962	-0.0011459957199014
0.0213982328978165	6.67872532630505e-05
0.382052046205623	-0.000306987899786319
0.299300300216669	0.000226860878761204
1.79665909712116	-0.000554159844882582
0.000772741354792212	1.22436574273113e-05
0.0473538543285316	9.88297629444472e-05
0.103877335093073	-0.000163266121474106
1.05832927271994	-0.000523460933761042
0.0087841660128886	3.75092747342611e-05
2.96225264144505	-0.000914618143970052
0.273697162604179	-0.000237326252360188
0.000862512240272158	-1.22057554402408e-05
0.0339074358845117	9.83682936899699e-05
1.83490706319716	-0.000623455285433471
6.81379413059275	-0.00101862399706038
0.125901240770525	-0.000192647362453947
4.48588812814645	-0.00107054088335588
0.0216237507660499	9.51984408787818e-05
4.17990681859045	-0.00102146124632466
1.68433873455501	-0.000585413969180286
0.181457461039241	-0.000180246728392421
3.07137488766933	-0.00103311193796605
0.216834208342781	-0.000236942466248307
0.677518317797069	-0.000350786601121276
0.752738307402717	-0.000429721312514719
1.67727321764524	0.00065214917776897
0.740293087568694	-0.000422279755913627
0.0374013931554426	-9.73054001655513e-05
0.0917310281602126	0.000132618833956822
0.00160246863762627	1.85835349215217e-05
0.00227927750699848	2.18840156786399e-05
0.124705521172818	-0.000153080778319454
4.88062809532841e-05	2.92638314905344e-06
1.82485395174928	-0.000574837533311402
0.0687468385812884	-0.000103311317611924
4.15262446041517	-0.000825563848930863
1.39954514300061	-0.000597883337201701
0.889908142172642	-0.00039129140756226
0.00180984417082923	1.71432168027112e-05
4.06841173954258	-0.00109885724298903
0.871341019909699	-0.000360120106887782
1.65711553114708	-0.000570632260594512
3.99803354803865	-0.000871458832583812
0.311947267099536	-0.000292743843621924
1.24173320325743	0.000543335836390261
0.000392298255952158	9.80753745617535e-06
0.00768340381296794	-4.50839437423661e-05
0.0906556211959065	-0.000170244994554271
0.904579155751083	-0.000419212983082547
1.36166180468937	-0.000586392587215584
0.0977360720638283	-0.000143428514499408
1.40183678222506	-0.000663979350822382
0.478488890080446	-0.000348418480302355
0.0261049949699256	-8.68105731351046e-05
0.917202343056602	-0.000417180474652842
3.9604389824229	-0.000977819848038389
0.144745944397438	-0.000177219718049967
0.0712495411758651	-0.000146185795960508
0.119690387809457	-0.00015443755226318
0.216706206595906	-0.000220286742354535
0.0414147696566511	8.87105797859025e-05
1.65101688141318	-0.000764929142402936
0.0917903140383749	-0.000138570605043531
0.627870832456807	-0.000429705022581072
0.648701704726337	0.000290983303359387
0.00407783807211313	2.66481539069627e-05
0.000124556584603404	-5.84179990744948e-06
1.35191199886704	-0.000647871845511118
0.0562731927366933	-0.00013183180235805
0.717591808005932	-0.000401652715552352
0.181299281919837	0.000181037662386139
0.944889302130629	-0.000540966163733464
1.01851516063731	-0.000487864815786106
0.339823120229571	-0.000279324094479351
1.24283661802603	-0.000621099603321635
0.441951389557601	-0.000369281925522577
2.57786066774718	0.000790353368174703
0.00472591776294879	3.77366165987665e-05
1.17786528914876	-0.000564012025962767
3.10877779468943	-0.000688847246520436
0.946604165222148	-0.000451575375674711
0.683692094397218	-0.000491884887442561
0.323343044678634	-0.000256607272600534
0.435137690037163	-0.000229996394495455
0.396012342811376	-0.000357359649983362
0.671189616927966	0.000383285566811912
2.60111635876196	-0.000663838169416519
1.13984983257035	-0.000568295620352835
0.351192224264981	-0.00028087035206144
0.0510018194816494	-0.000106646253050595
0.376344943594548	-0.000327175044216468
1.35368743437428	-0.000561748510532191
0.237207803002157	-0.00021317228214853
0.0149639343413237	-5.42026299000325e-05
0.0337315841073445	8.61740906211999e-05
0.109702395072165	-0.0001593454498916
0.00977496683352675	5.45900802296062e-05
0.76943243616777	-0.000469854055989177
0.0268309069931375	-7.50850875037851e-05
1.41762416070539	-0.000505352536019493
0.0114180086490431	-5.06240028575598e-05
0.221558083430269	-0.000237247026115358
0.41840814355097	0.000317250639300548
0.0986832552105426	0.000133889302544391
0.000111829582859809	-5.10137251464933e-06
0.133848851029808	-0.000193083719469508
0.870562200711659	0.00040384313954877
4.08325468717492	-0.000999832771278522
2.1178017279296	0.000727900454225033
0.188903012394922	0.000193179288085998
0.0377299460323943	8.55920910841033e-05
2.5810355988921	-0.000785561069258183
1.40996488629657	-0.000490838122244614
2.95904757417112	-0.000728292746222433
0.416598914004774	-0.000341264542938781
0.0161868499953928	-5.40496193730176e-05
0.0548452895409275	-7.9661070506195e-05
1.91077452694576	-0.000536723701250554
0.747434595195767	-0.000328561518668286
0.0269591069295632	-6.24109169074582e-05
0.0094385486656132	-4.31930066973475e-05
2.09042717369975	0.000751720988464594
0.493892446222219	0.000357486253374983
1.37804206498851	-0.000547961964998232
0.503706661797916	-0.000392466776062426
0.00747964746051806	-3.78331087253747e-05
13.7298494938267	-0.001518126961997
2.16342549827693	0.000702912483358692
1.91430439180131	-0.000669826288710742
0.0809345026519978	-0.000146223547375738
3.15128029478788	-0.000936550409573675
0.0661717097435662	0.00014257834475394
1.16608278270506	-0.000434325190256112
0.112430318866266	0.000151049083254377
0.0927424123597704	-0.000151753186965172
0.00965752115506887	-4.94650014923758e-05
7.15379492052977	-0.00128384825790106
1.89606841822267	-0.000611748504849731
0.160593575054693	-0.000172419766176258
0.0221937798387895	8.20525371936293e-05
8.94536446728573	-0.00128574811428544
0.000121164538157862	4.89535924895359e-06
1.07841554367252	0.000491399746181927
1.2228368492271	-0.000479671746734322
0.857910042790692	-0.000382905480719294
0.0815154789163919	-0.000143226319556838
2.71385956614717	-0.000691698965690293
0.805578027348836	-0.000411897389681294
0.0845378466039938	0.000127321590371722
0.496719525418864	-0.000261682761401146
0.133498616832436	-0.000226520571119152
0.117420581105559	-0.000133535329859297
1.298656359508	-0.000523713180919044
0.238857798002438	-0.00020660117085453
0.014525520281472	-5.76249595852343e-05
0.259769285073798	0.000194056328811983
0.375398663245829	-0.000277404092488752
0.0764930852104199	0.000146753017482398
4.96665068658843	-0.00114027680687111
0.143959795975256	0.000178910249633471
0.0823298220597436	-0.000137679466565496
0.665899251927932	-0.000374852170878058
1.14085557135368	0.000435222798712976
0.000211613208793468	-6.02579935814168e-06
0.124947532836491	0.00020765859551741
0.0236542271079747	6.55371249808534e-05
0.18523011255475	0.000184398023749294
1.72114547500981	-0.000693388403344596
0.0767248433115703	0.000149840811515071
4.48439236957557e-05	3.09708797575531e-06
1.83786147900464	0.000675519910036501
0.543614228379748	-0.000426442441487851
0.363127912480508	-0.000286688429774513
0.237713075824117	-0.000225203635775757
0.222879431143198	-0.000184256869574887
0.0841757230293575	-0.000126353108810664
0.270084419519378	-0.000288394330698019
1.08851719569721	-0.000444459796737482
0.366326993492446	-0.000333770864653825
0.00721616772660767	3.83317273590735e-05
0.189730122210753	-0.000181318994435024
0.686660349584578	-0.000418893468506203
1.0814786383405	-0.000435246310308391
2.58258070147367	-0.000873387834010435
2.6696982498782	-0.000688032775237882
0.0136389066493428	5.3105938561604e-05
1.47711262334599	-0.00061628139397319
0.631669965558769	-0.000263445763315165
3.01790032009261	-0.000836356423633915
0.946362614875825	0.000452265400990659
0.185625561687863	-0.000264145520909987
0.00690771703711793	-4.00269431488629e-05
0.436879934663443	-0.00037118712227266
0.317415987181277	0.000223389312017693
4.25588283847735e-05	-3.12782616407307e-06
0.874231679462197	-0.000394270167396338
0.141494560447786	-0.000169831543740382
1.2820118122766	0.000506671320514566
0.30636758973587	-0.000255180806066984
0.91222158397856	-0.00045288836224175
2.60750675984634	-0.000855960041362515
0.104183014285333	-0.000144916405737548
0.0759301346736669	-0.000150370576252594
0.489362757893259	-0.000309143746964009
0.0198886748267142	-6.68436721310348e-05
1.00133672211768	-0.000466187960042384
0.688156499633697	-0.000388237894421151
0.671824018739265	-0.000387376328623126
1.42097529484896	-0.00057216469531988
3.84554123536296	-0.000974842457349959
0.0215382582929777	-7.4878525376205e-05
2.24641632945686	0.000856186950623622
0.0830607367729752	-0.000181816709297328
5.33930244761382	-0.00105689784769205
0.176623394051035	-0.000207277442548807
0.0867461430595133	-0.000138531907995529
0.892939149013383	-0.000371647312978899
0.323884110472722	0.000278655715388205
0.459671650191374	-0.000326610642549871
1.38589075669078	0.000528498622836039
0.820571427504107	-0.000409334616609274
0.841928349779864	0.0004787198955415
0.525339260932968	0.000359305081355345
0.211814145739082	-0.000171991864726829
1.20286512149982	-0.000502973936629857
4.17655458632735	-0.000963153319789822
3.6973823415894	-0.000936999086565211
0.882297355360037	-0.000475494896262936
6.27218320336872	-0.00106959526696039
0.437742358418332	-0.000319331863547365
0.149098766673507	0.000166314201914329
0.426002155876805	-0.000249424376070242
0.485954466881293	-0.000345448755551031
0.0456153138626448	-9.26296103442335e-05
0.629835164855138	-0.000422078982855577
0.202481642627463	-0.000208330877001195
1.9356527992384	-0.000568078680052746
6.26061014437176e-05	-4.06819263010448e-06
0.00705846280225129	-3.55253502108467e-05
0.518132499847224	-0.000266975679341329
1.42280335845144	-0.000515293195610274
2.54722771195158	-0.000926416888689903
2.40979884622494	-0.000758048999832443
1.61466110019161	-0.000645428583258022
3.43179334378642	-0.00067993021558828
0.28822850474138	0.00029937725488453
1.38307847393944	-0.000520576666403047
0.0259090095081896	-8.30649183184952e-05
5.71961994393305	-0.00119119820667598
0.0752138637276182	-0.000123261803428072
2.65029894668917	-0.00089952060077703
0.0235629816670056	-5.72048808428404e-05
2.58776776175523	-0.000846626785211402
1.26185418620659	-0.000541361485330269
0.678470815320379	-0.000285630196957151
2.94964909682676	-0.000681951164520449
0.671910770346877	-0.000432458426957839
1.76131519533517	-0.000643381443635989
0.214502463608724	0.000214596299712004
0.0988145967402887	-0.000166338046997035
0.0795546510006614	-0.000122519919161978
0.04376495521675	8.34453719230157e-05
0.0813065747671545	0.000135403850976848
1.21443208521658	-0.000517465860782034
0.0383624309925905	-0.000107506460087075
9.25155394715855	-0.00144070912429723
0.375582105391347	0.000206721231405506
2.21896353162324	-0.000676339037379163
5.46963810871689	-0.00111492091392011
1.1566596090581	-0.000537652968136048
0.0405435974287211	-9.29694806579165e-05
0.109322771398853	0.000155417443242634
0.286410737676216	0.000291615827872137
1.13512775182253	-0.000498447235150752
5.55801020681113	-0.00127354748194908
0.10289417479643	0.000152664882108931
0.809846481810859	-0.000441683371254678
5.25253844020928	-0.00137163227960124
6.20498821952052	-0.00132499632943424
0.208250322733494	-0.000221974013468743
0.908367391752873	-0.000461932876857502
0.17358239703206	0.000181167977640502
0.137887896908671	0.000151487291195874
0.60888122594859	-0.000362210285300424
0.405009734570963	-0.00033625610152279
0.0765259993066804	0.000119676441054794
0.146646424936591	-0.000150948618612765
2.38336139711802	-0.000775370640442265
2.93016527274447	-0.000930366356573035
0.101132191739109	-0.000141509392700209
0.769009929595291	-0.000493634288649732
0.429199449464708	0.000412589262157591
0.102234212330902	-0.000145590484167826
2.18587911396504	-0.000681873688035479
0.97319782002076	-0.000472201860485102
0.398514905338393	-0.000304062579826175
0.5860994104733	-0.000355109864137676
0.442897161518989	-0.000331039596411059
2.86093709764305	-0.000757442715337224
0.0865906378273274	0.000146984879418829
0.000287672327355032	8.19890027391801e-06
1.2063218206627	-0.000425229639132194
0.339037445471892	0.00027874992273888
2.23523568192846	-0.000929459947755393
0.0392726447227092	7.73806341957173e-05
0.000868893333279297	-1.37247279103314e-05
2.16183036824206	-0.000626865786330718
1.22265950397526	-0.000492953956740928
0.311152371739909	0.000297598979253914
0.204797852108337	0.00018402204225987
0.0531331470288901	9.13634237225783e-05
2.5343904673247	-0.000975342799912291
0.00064277510969145	-1.18789850009223e-05
1.59732682872129	-0.000585463484970104
0.0971215232742716	0.000120537427122151
0.00987377213966012	-4.19332708855801e-05
0.343171580754184	-0.000250652866622867
0.0161542759868825	7.30055658420913e-05
1.43669139145808	0.000566359499930158
0.845974541772313	-0.000505685349732488
0.124844446154889	0.000168340660916445
0.000474297123663828	1.12453523295632e-05
0.116679694497511	0.000161268811505162
0.00107561052610803	1.84273380634522e-05
3.57435659921235	0.000791116797285831
1.17283314486603	-0.000424439243431229
0.663866292221684	0.000557221099072907
0.85720254603775	-0.000557429499274849
0.0768129858033191	-0.000124910671623669
1.37691364609452	-0.000615222277587118
0.147564632628837	-0.000189108385792203
0.169567295032718	0.000210306114957529
0.02252309573786	-8.56775934433028e-05
0.0773554762499963	-0.000129871990241123
0.228795751275188	0.000214975035209499
0.750910721597904	-0.000412536042915338
0.0240704530414434	-7.46322208190879e-05
0.0866845678019889	-0.000107551489242743
1.05352005929314	-0.000447835636208588
1.49599445407461	-0.000578013825612332
1.77314574383839	-0.000633932552252385
1.49453285008833	-0.000688295091411298
2.38164184527232	-0.000803861324272448
0.325752194027258	-0.000257533085554957
3.04544350566511	-0.000782248695176223
0.288623933346538	-0.000242086920623952
6.10548065316897	-0.000944050000898359
0.00845903277582892	-4.13703284578271e-05
0.949893455018721	-0.000345061873120803
1.31245556278948	-0.000487566923522882
0.497091857311291	-0.000374353603222006
2.14034919609956	-0.000723980855912881
0.0759007478566759	-0.000114405112588632
1.50381822585543	-0.000667628881943858
1.42425628898709	-0.000559221500900657
0.036464349866976	7.9907305479145e-05
8.88272553007699	-0.00137349338231374
1.84756871692643	-0.000622630372931518
0.0717660672811458	-0.000158742267262081
2.87623529834061	-0.000797119414086191
0.947424095171329	-0.000460628654523796
0.0231773827254425	-8.85367320709959e-05
0.156425513931731	-0.000187156048222609
0.0593763094807483	-0.000122501872605704
1.37597340998023	-0.000571426066585839
2.7501633150787	-0.000834995007434343
0.0740523123805342	0.000142636825087194
1.05313891291064	-0.000517873948165032
1.10845098208236	-0.000505545453148237
1.02867540445462	-0.00048292938894173
0.47561364891057	0.000316978013482412
0.493926415691132	-0.000256788088840501
3.65354682804704	-0.000938811554426267
0.454036119455811	0.000307511139781812
0.881363771762631	-0.000400116589145637
0.0553168938641534	-0.000119803193649988
2.59339620340676	-0.000744755306267423
0.0188655240724965	5.15887545972852e-05
0.0826601976937247	-0.000115251637791819
4.29358408269148	-0.000829367455211677
0.495817805899533	-0.000332655259126628
0.0418338135228702	-8.7609206488417e-05
2.0605355598359	-0.000602998077755279
2.54875887262737	-0.000940531278219327
0.0475863988515228	-0.000107935550324751
0.139687687945023	0.000136285966626125
0.242394259632737	0.000235155257745504
0.183129539385276	-0.000192723679850831
0.214676645062147	-0.00021579185446839
0.104743383998057	-0.000163505671529954
1.07784643324343	-0.000480232004227734
0.0286841864713569	-7.78069166707528e-05
1.04082663515233	-0.000500849404261739
1.49250193631429	-0.000570306039639704
0.0103772304613494	4.51259154499314e-05
0.0862947001531864	0.000146294913993555
0.375389145030381	-0.000233523372369524
4.74171006870554	-0.00101489976970422
1.01270465781857	-0.000471345324672103
0.0013735687049344	1.75163797242232e-05
3.27087727141684	-0.000983084494823407
0.0325866967811803	7.80446754173258e-05
1.28276132794983	0.000584708253988943
0.000344400086783895	-8.15054652736525e-06
0.110165374575167	-0.000131640313372774
0.508246392415633	-0.000278460105916901
1.48590401913912	0.000555286798185184
0.260804447779754	-0.000238834641781793
0.0489258629406726	0.00012032243236989
0.126885951647166	-0.00018175091024045
0.0938645207766396	-0.00013190308527998
0.215744983762788	-0.000200074265947838
0.965005712049838	-0.000527722711786689
1.49357540937321	-0.0006221811074553
4.68566994069792	-0.000997172825962334
0.651052353584179	0.000394563577340223
0.262443547979349	-0.000246062534537581
2.7255879697423	-0.000699240214422251
1.85070877943015	-0.000635201083805357
0.00379804706860015	2.81640120845881e-05
1.65257409899854	-0.000699826085558188
2.79449289807179	-0.000733476995393843
0.32774605623033	0.000248005248131765
1.71865417358492	-0.000545441300816758
1.09835777603459	-0.000526573815700457
4.09808868998058	-0.000853727037272203
0.0565049321809838	0.000123046166934014
2.39057599186973	-0.000647135254268188
2.69575625250034	-0.000745460211213349
1.53054469667099	-0.000524276061701772
4.94331157998565	-0.00136915880137903
0.0879262021031102	-0.000140878189042713
0.112667064436345	-0.000142401986844908
1.20414032840033	-0.000439702251199493
3.18464969841887	-0.000866744713157984
0.0154585615502502	-6.67207297428323e-05
0.00235928399810737	-2.2439085082911e-05
0.867099896613578	-0.000335927187954223
1.29978416407966	0.000394085565805234
0.256347193553016	-0.000233491196646205
0.0168089988734413	5.2621734762102e-05
2.6451748374479	-0.000946243875063406
0.398756004209624	-0.000274603239357201
0.0724497625515481	0.000149034023353333
5.94084973591285	-0.00139242478269105
1.23634080140081	-0.000477108921254704
1.11037144535587	-0.000467080830098828
2.5164388500438	-0.000939059775911272
0.00395062240979803	3.04172007379e-05
0.815604418441971	-0.000445807135451566
1.750862361151	0.000727824289458848
0.247418186067194	0.000196742332245347
0.138286853880002	-0.000197870936169524
0.629338418909698	-0.000404676656384342
1.32806066485975	-0.000491028559702184
0.056307900063927	-0.000109863827792888
0.788952403959101	-0.000435360192888707
1.19936548524552	-0.000518636273946544
0.705357237054994	-0.000415842624696665
0.286192184935556	-0.00025066722821061
10.8467570009199	-0.00156774801775413
0.0137873323667946	6.78175035235216e-05
0.000977694055979755	-1.4841870490002e-05
1.94263002831357	-0.000722782907590306
0.564176914617453	-0.000350162006483982
3.34254228690193	-0.000697640267176732
0.0413351167139227	0.00010256021849382
1.48246131247691	-0.000442849156727415
0.157179813510037	-0.000171317337729795
0.500086025261798	0.000389841307697549
0.00972043927201961	4.93535165656989e-05
0.26243022451591	-0.000210125622178349
0.777229492704975	-0.000444684368715951
8.626720707862	0.00144248774055757
0.00736469878622375	3.80903109661964e-05
1.36776626004457	-0.000473149123221535
0.00817678002879549	-4.06782965635344e-05
1.78064882698271	-0.000661008618447466
4.57249328673025	0.000951442536133638
0.0364634442438494	8.29197891370892e-05
1.43991371575523	-0.000549281400261363
0.0610016731884554	-0.00013019777704954
0.0815943128364389	-0.000125220034648318
0.862920644993298	-0.000447785511623092
0.425107407469499	-0.000374971238721918
7.35091690353026	-0.00109527688195398
2.01517558790937	-0.000729337149453859
2.62473667899018	-0.00074322265979882
1.26632155580825	-0.000462582244799132
1.58856278935882	-0.000723220515093074
0.164250192523059	-0.000194012219727683
3.61403319006605	-0.000949731342096043
0.166350224392579	-0.000190094342982094
