R^2	beta
0.172048087293978	-7.07386432395277e-06
0.396955134087169	9.93780409342692e-06
4.17205449082414e-05	1.10703397852241e-07
0.389447747619063	1.13842682278028e-05
0.747056438961545	-1.22657758440106e-05
0.00108057044267653	-5.01332078737625e-07
0.682373864567857	1.47058391066341e-05
4.13491072119799	3.12362719195278e-05
1.07908853970574	1.6779455534149e-05
0.0572159780728153	3.0721873785338e-06
0.512327390155404	-1.04397048344114e-05
0.0418820818841878	3.47414814986781e-06
0.0106105344545745	-1.80095628620554e-06
1.18607600796585	-1.92198496253213e-05
2.49346661611322	2.71019698720145e-05
1.8762942219139	1.69809291578937e-05
0.152207173335784	5.68114670590303e-06
0.393878626368683	1.10278228889064e-05
0.104630927373555	-4.90704083272796e-06
0.0323506447210307	2.56361730494155e-06
0.387163837376855	9.86663594064632e-06
0.0840095219541366	-3.64350658960965e-06
0.303094390639137	8.22504692006254e-06
3.34472840622138	2.84987469246092e-05
0.199444924792732	7.22221858228464e-06
2.56209124504889	2.40583945488953e-05
0.0237480437946576	2.47801382391886e-06
0.183933125581796	5.42455357033631e-06
3.5225389837962	2.83215703884124e-05
0.000111589227711827	-1.58296440796429e-07
0.495455151002698	9.62621140924262e-06
0.0755219692584852	-4.22937328429987e-06
3.03828781388197	-2.7834411004372e-05
1.81834468967931e-06	-2.03567160410594e-08
0.338109239144454	-7.92346802876876e-06
0.00799484719506384	-1.48180854491028e-06
0.0276963424935243	-2.63892429702483e-06
2.53152465253649	2.54331405606239e-05
1.10663039574182	1.58039820082476e-05
2.82562609766282	2.54441466288012e-05
0.867579552395442	-1.39509531831952e-05
0.153430876205836	-5.61478575437225e-06
0.0649360285644219	-4.29730455982589e-06
0.00321840003298945	8.87959756917112e-07
0.529015286282097	-1.20969523641883e-05
1.85408659883479	-2.02721476021624e-05
0.151637509950402	6.07792854413278e-06
0.189251863825209	6.88224968449121e-06
0.331921872011727	-7.97162150149691e-06
0.61971348930016	-9.58076242363981e-06
1.11246640399576	-1.40796866748644e-05
0.134089521063699	-5.22054742445651e-06
0.0438782701233859	3.99171375752497e-06
1.01900867667975	1.77942743852156e-05
0.280582826409329	-7.06183802810837e-06
0.145870955560667	-5.23135330524662e-06
1.0237646803087	1.52717955548194e-05
0.170067322797853	-6.74155772552007e-06
0.343111609114441	-8.05608016764932e-06
0.175048003676071	5.95445095274056e-06
0.760971287164812	-1.25936225919777e-05
1.70775604868794	-1.85312628022773e-05
0.197680586139938	6.18838609511661e-06
0.0984294299082219	4.569753490232e-06
2.25069179416316	2.35370087760105e-05
0.642223795675751	1.25851209814307e-05
0.749922480764719	1.3606641431214e-05
0.012472935535684	1.56957946480932e-06
0.377600230282014	-1.06407119054265e-05
3.92621125685207	3.50627612207891e-05
0.204596488988424	7.5088495837893e-06
2.14529148847818	2.20771530771897e-05
0.079732484644382	4.3435649412132e-06
2.25867718945426	2.28617913050088e-05
1.95777243835462	1.80162671208315e-05
1.72840296607966	2.44453585331232e-05
1.66384033397487	2.46206763909462e-05
3.26051923154069	2.39196877940284e-05
0.0341850947947738	-2.60232986163814e-06
0.185102880041122	6.00324655114832e-06
0.0407011889947749	3.19609600879125e-06
0.28002499481599	-7.870812783315e-06
0.219819802700665	-7.11970736053241e-06
0.290598120471512	-9.91214956832908e-06
0.0228331944377446	2.46277254791652e-06
7.14068710291389	4.20659231955832e-05
0.636993419596523	-1.25137593802398e-05
0.00257833416865367	-9.12707008163829e-07
0.0468173124785192	-3.6317736419937e-06
0.0188728945038926	-2.04377476704582e-06
0.504209587042092	1.16727039940278e-05
1.55931061331663	-1.89729546876951e-05
0.0101257784432152	-1.34405534299109e-06
0.267126176089514	9.76295194844309e-06
0.0851776757073887	4.46955717190428e-06
0.973081622071851	-1.55680654015516e-05
2.25362387619345	2.56462459750418e-05
0.026872858465119	2.73865828013736e-06
0.574126427909336	-1.43795948929915e-05
0.792082103751713	-1.29852843666214e-05
4.84176187994425	3.12162262098285e-05
1.20119940033241	-1.73753392932335e-05
1.50230586278115	1.94003844823177e-05
0.0111878857764575	-1.50998925194168e-06
0.135156871930526	6.41271490886684e-06
0.887191440595021	1.68844926903227e-05
1.42798692521647	1.75279326860181e-05
0.0911815835574541	-4.56729617667239e-06
0.274901696613007	-8.58589357165599e-06
0.497375197645065	1.10419647155777e-05
1.15484899261123	1.46313289767237e-05
0.63663312146771	-1.19277981780667e-05
0.327738304882023	8.90367525173986e-06
2.18982398028242	2.53407843379633e-05
0.193885052988339	6.53133470392866e-06
1.03303460335079	1.71330930573305e-05
0.00131625373981383	5.78615487634549e-07
2.07833956065881	2.14224520536276e-05
0.196912235165057	5.69355864970597e-06
0.0376119672641253	-3.35341768675895e-06
1.0239437923985	1.7974424429865e-05
0.57982393520611	1.05550206290761e-05
0.866332752806256	1.23647619619618e-05
0.728601571929157	-1.27587102803574e-05
0.0997262041929256	-4.47168282306025e-06
0.729236354923837	-1.1458183251928e-05
0.00320540783398482	8.6253920982308e-07
1.03873666716356	1.63598228091283e-05
0.31588812863495	-8.44568915998036e-06
0.409198642351819	1.03572831084194e-05
2.16557051521974	2.40178450403288e-05
0.0028531082867864	9.06302892281321e-07
0.150275330517865	-4.2629148789311e-06
0.51396324816577	1.14697546888055e-05
0.00744309184555996	1.15780786215279e-06
0.509352367409406	1.17884712782747e-05
0.358696266059323	8.6739110790115e-06
1.5001060034197	2.3004033868918e-05
1.47383369295497	-1.63559132754278e-05
0.00608694457735265	-1.07025402855337e-06
1.60707699906689	-1.83398437088704e-05
8.12579573207523	5.06252735196114e-05
0.428936185313776	9.68104557612076e-06
0.207881068299863	6.90947052122105e-06
0.571636475902881	1.1298023305872e-05
0.368675552229429	-1.01295945772559e-05
0.0555684610451113	3.68652451365349e-06
0.000302483205879537	-2.25800824379624e-07
2.98837355770118	-1.99382306687457e-05
1.82283431535554	1.87363591098426e-05
0.133380092922316	5.57831037469885e-06
1.11045908567523	-1.4382199457416e-05
0.451806584150792	1.21644294551634e-05
0.0250909226846949	-2.61860086292054e-06
1.33099675157257	-1.90189329002213e-05
3.60287925511174e-05	9.89737031386177e-08
1.005232168681	1.59033645849538e-05
0.305322321388976	8.10580109258887e-06
0.40672155683567	9.3428629335471e-06
0.179624889320134	-5.75376966528472e-06
2.10082586016506	2.12636131466456e-05
2.02320776156902	2.43285694478599e-05
0.114020570998576	5.41258447159883e-06
2.02045112548018	2.35637018718739e-05
0.0318602445589705	2.77364708568328e-06
0.283215530848024	7.83508032856976e-06
0.0710331747193116	3.33121364745239e-06
0.41954819208768	1.00139776843088e-05
1.66400279453059	-1.86574259510027e-05
0.00478126987761758	8.77830490534134e-07
0.836764909185176	1.41196664697229e-05
0.0709815495639129	-4.02021853735544e-06
0.00453783476710556	-1.25273362916058e-06
0.331499510784626	9.22765729198753e-06
2.32759512732602	2.39487835248509e-05
1.24822677897032	-1.81858877980329e-05
0.64425491670599	1.30072800977244e-05
0.37469393111191	-8.47147869251884e-06
0.112037752491332	5.81261554290572e-06
3.97919129571602	2.71731645084743e-05
0.478726030677269	1.31752928051349e-05
1.94576229624976	-2.08129973384932e-05
0.0860140105871303	3.93383025276868e-06
0.178173139797782	6.70563378842612e-06
0.769200539644706	1.89373328851037e-05
0.219670718784052	-6.33318601370831e-06
0.0283066233629944	-2.58531070640587e-06
0.285725822458847	-7.90508652977795e-06
0.223240620781294	-7.70979058482854e-06
4.90252476746386	4.2617409039073e-05
1.57208712906977	1.93449279630942e-05
0.393053439264773	8.92341151179838e-06
0.388331036388513	-9.02790065196842e-06
1.52387403475065	2.52028296121564e-05
2.93191520763467	-1.92469880845586e-05
3.81234528891405	3.267782325061e-05
0.89979434461175	1.13122098944395e-05
0.497757876492314	1.1963077208451e-05
1.69132371246454	1.54888136034927e-05
0.0751459283236449	4.55687278711313e-06
0.0384916578551519	3.55581202370792e-06
0.0690840816290939	-4.1096212358826e-06
1.78969011856385	2.2825643810128e-05
0.374470123914899	-8.11007108213093e-06
0.663610437856583	1.05775967219948e-05
1.09926848195586	-1.48581921304113e-05
0.0198556030341964	-1.79258078787115e-06
0.130771594165895	5.99867359511839e-06
0.157407156071906	-5.73804977954302e-06
0.37696737941458	8.82089380718964e-06
0.524595819987186	1.02204562845776e-05
0.386756434640238	1.16265194544788e-05
1.45618082655059	1.39399522995562e-05
0.130962169166524	-5.89464269647248e-06
0.0914543138184862	3.58691886099773e-06
0.0648178323158149	-3.79460163021842e-06
0.574357078430191	1.16070690641505e-05
0.0938234413929546	3.90715585533299e-06
0.346862730940274	8.91054151576093e-06
0.0099519854397463	-1.33447698404811e-06
0.828144590744027	1.03307314543983e-05
0.78259600707286	1.34538298406965e-05
3.23362043162098	2.46727216648261e-05
0.523693081111768	1.16020791735967e-05
0.648934795787335	-1.32714498895064e-05
0.58604300613117	-1.01700945864215e-05
0.026547401128187	2.02475204972479e-06
0.0930757075698701	-4.07974385422067e-06
0.0933355017796447	-3.85875635295002e-06
0.0315240835623807	3.10303969154756e-06
1.06031712878199	1.44649986154632e-05
0.582166733018038	1.26434165730696e-05
0.317423070516404	1.02496754613471e-05
0.076068710365633	-4.25868759538777e-06
0.095316128355795	-4.58742629601206e-06
0.265519314307762	7.07625524601314e-06
3.23770508964368	3.02137655078217e-05
0.00805816444838919	1.36380035411118e-06
0.306326468466821	-6.96017024204316e-06
0.0979690123951782	4.37022818990375e-06
0.237588241074063	7.6378131100943e-06
1.15363678717049	1.59146581883893e-05
0.0644874526634111	-3.26308087291595e-06
0.933310699476345	1.45848348268337e-05
0.213006003453914	6.18432111377374e-06
0.276490049875304	-7.93347228534507e-06
0.0221605832022523	-2.34350480374223e-06
0.423044460255384	-9.44768790764801e-06
0.215359207374547	7.55072565084504e-06
0.633356517391407	1.3248925635062e-05
1.7555648293553	-1.87418011437349e-05
0.261528169330566	7.10254700384766e-06
0.00887529420472978	1.48959950674681e-06
0.173955495693062	6.79477802529295e-06
1.74074515832596	1.85086399903844e-05
0.0512314416823366	3.54891477035494e-06
0.134117125710732	5.81098590979651e-06
1.01720138511987	-1.57709162506169e-05
0.00469514366736537	1.11865300330524e-06
0.212927206741397	7.95326549804754e-06
3.54701724459344	2.68655083117156e-05
0.117747864153438	-4.71273485893541e-06
0.529892280786977	9.84859458567211e-06
1.44922491709511	-1.63360526515408e-05
0.00555271558834138	1.26570461509929e-06
0.910766122269726	-1.34428596709057e-05
3.10005373417136	2.96538036582816e-05
0.368209413320291	9.81751158187594e-06
0.0406174562371954	-3.58616349207351e-06
0.380712171551248	-8.59955920248036e-06
0.692867362430765	1.13915736102098e-05
0.10797552533704	-5.71349182312463e-06
0.0013522237806503	6.78288616374062e-07
0.039386625204174	-3.01322427620168e-06
0.131375384736784	4.78359507919515e-06
0.161901214664321	-5.66799014923857e-06
0.111453428659412	5.19123689777705e-06
0.0974147168264261	4.38640933686333e-06
1.99339111470528	2.52081029759641e-05
3.55161408396502	3.00067226864564e-05
1.04521282126642	1.52012971093341e-05
0.314717698498954	-7.36618517103563e-06
0.0386203124867258	-3.75576626581314e-06
4.00881857131264	3.64949156722716e-05
0.564265585294721	-9.96563838853543e-06
0.0717827445593571	-4.49933922212452e-06
1.46657492078968	1.51347756088858e-05
0.0110063587140581	1.64475378297619e-06
0.938399949403275	1.23816057906568e-05
0.119505106530637	4.70988707089394e-06
1.73213468806198	2.04563323910202e-05
0.282457133752588	8.37898853081839e-06
0.517220920175439	1.03727915993048e-05
0.730545863511622	1.60101713650759e-05
0.235886854265125	7.50074132397528e-06
1.5425979669229	2.10701676087811e-05
0.521375574930286	1.17653757692706e-05
0.431835033839119	-9.47942046806482e-06
0.00124153960518568	-5.48722761556415e-07
2.74001689834088	-2.32840846617931e-05
0.282250966607303	-8.71011670815085e-06
0.355086496394943	8.96506226856294e-06
0.223349079488644	-7.05164622901061e-06
0.38084534843043	-8.48342672500292e-06
0.523723820998894	1.07934591054055e-05
0.000716370404159807	3.81889270730189e-07
0.617299308280792	1.28956504815458e-05
0.314236812861576	8.07637352659202e-06
3.7182331555749	-2.99386820234168e-05
0.48529522571666	-1.19882153736752e-05
0.224125353710943	-7.0002450094096e-06
0.0679390442454071	-3.91867217933264e-06
0.000576028059454758	-4.52195914348316e-07
0.0760955079939094	-4.16187056326138e-06
0.00643366852561553	9.89408987655082e-07
0.584598644865628	-1.0948108503651e-05
0.226843678115201	-6.47403583939857e-06
0.00317279830983462	-8.21658829305645e-07
0.106518900175748	5.17415924617593e-06
0.064156525183153	-3.62742915686349e-06
0.23983815310104	7.45394863334615e-06
0.019519343706235	2.26292507659292e-06
3.2679625137872	3.20589548431192e-05
0.120577716194486	-4.72611788331345e-06
1.36574241985841	1.8604286822464e-05
2.58121256086458	2.10410755670972e-05
0.00832155337668851	1.57717348956746e-06
0.00556426497033617	1.13739686858652e-06
0.847307533847501	-1.30486544004372e-05
0.284352388248964	8.00732248913876e-06
1.30188919793633	1.37681011157811e-05
0.400847169705662	9.15707130835337e-06
0.338737426112334	1.04517960863411e-05
0.382766756885199	-9.5486444093974e-06
1.1277870175339	1.63807874406946e-05
1.36507616120321	1.57854530711619e-05
0.0161769058964771	-2.02108264308085e-06
0.00471985999246275	-1.01409830021737e-06
0.10525162661066	-5.15374062112544e-06
0.0759769934202313	-4.55985601895885e-06
0.0741921997749043	-3.97789790272857e-06
0.231213480370844	-7.95195897218477e-06
0.469839595144484	9.10181314828038e-06
0.54148542530169	9.46763524609928e-06
0.886041615854134	-1.86400442294639e-05
0.421654728184003	1.0353977672848e-05
0.375471872245633	1.05197737857468e-05
0.526268457979486	-1.03727053032598e-05
0.0213973869729386	2.17428610871197e-06
7.52267794333668	4.05626997919513e-05
1.08579757495077	1.293177514195e-05
0.323688005730443	9.58531611080343e-06
0.318940738838072	-8.73517492484605e-06
0.202015193152469	-6.87222953820845e-06
1.23602561513705	1.57480751741852e-05
0.0340608891852475	-3.11957394708489e-06
0.0664954353107417	4.01291295261375e-06
0.00523992728067891	9.20053729378306e-07
0.884205790577316	-1.32057569937167e-05
0.0673334643099159	3.35952071330391e-06
0.55576890771583	1.31514687775485e-05
5.03516578645119	-3.97772857741831e-05
0.209286731849183	-6.46830742692173e-06
1.62131460907715	1.75588833020153e-05
0.397027123314964	-1.00049656274648e-05
0.00978346822789508	1.55882142537042e-06
0.228262865711407	8.6773722580648e-06
0.231947066885973	8.0089528955648e-06
1.0451248651066	1.61688648091569e-05
0.226002176484717	-7.43312135769077e-06
1.73915159763599	2.18775227206407e-05
0.027971971168826	-2.46909820406494e-06
0.735846803069566	1.47055019802103e-05
2.25444618655264	2.08301437757407e-05
0.125397643988604	-5.14243818328961e-06
0.243312298960047	-7.59600843350639e-06
0.825970113361282	-1.15701712522987e-05
0.0516640559861391	-3.80964252118921e-06
0.239317134134517	7.66071986796526e-06
0.00355241089474095	8.85574355791196e-07
2.09286350992117	2.39630155730286e-05
0.0789136677666199	3.29851985631533e-06
0.153091679639399	5.64221818254939e-06
0.844916153837297	1.42649355040418e-05
0.17905085862143	6.370764500595e-06
0.866121761859183	-1.45233742752904e-05
0.722732902428954	1.35343254935111e-05
3.97532095323922	3.08609766283735e-05
0.997643598385109	-1.22247655535728e-05
0.0181116749066365	1.77090274502468e-06
0.0953332903116281	4.65205690878578e-06
0.437419169431389	1.22503734173619e-05
2.18136779590548	2.13014317543559e-05
0.446732879140614	-9.17433866600226e-06
0.954551739328486	-1.35455297390343e-05
0.0280838679014072	-2.82308777051793e-06
0.0625992209012028	4.02073723768975e-06
0.775869631819825	-1.35943702824687e-05
0.119072426259099	5.54115345472221e-06
0.0372168144343597	3.33669007165628e-06
0.669521909525493	1.04531023940374e-05
0.10095073435563	-5.27466804383185e-06
0.0197373403037711	2.1881096773391e-06
0.114129110109833	4.31926390748953e-06
0.0642666835102282	-3.46984162693177e-06
0.12863596860649	6.14966691126488e-06
0.339353421050945	8.93370256831413e-06
0.0556693657248039	-4.35388379138199e-06
0.788602731028601	1.43696826863395e-05
0.0284832999633596	-2.17919964295778e-06
1.89606953139123	1.80910322540716e-05
0.171188988300082	6.72585588027083e-06
1.52711230764005	1.78591297197291e-05
0.000317934544233096	-2.60427900198294e-07
0.254759724320288	7.7413393079387e-06
2.19182343396318	2.12043505871975e-05
0.326542346001887	-8.56965629542308e-06
0.895915195098839	1.26327025568797e-05
0.00501315500850153	9.58154115426032e-07
0.362453763644649	8.82069785621736e-06
1.40979524175116	-1.61016496629838e-05
0.00153227133569905	-6.01286688773437e-07
0.485206463909747	-1.1032021573571e-05
0.130471428622416	-5.64154062024738e-06
0.00993023231541373	1.39727724107015e-06
0.00141658039868591	-5.10785363466291e-07
0.308154850137711	9.75261558830773e-06
0.0673295154724562	-3.94628483465533e-06
0.582048370201027	1.33875257041325e-05
2.24054770757414	2.09746320185072e-05
0.0509255943367619	3.01090298128034e-06
0.614326422227198	1.20479525249673e-05
2.05873880190219	1.98811561253028e-05
0.472464317884184	1.32295735270533e-05
0.0348494178883146	-3.74354858129217e-06
0.401481796862772	8.82531301007254e-06
0.166063590082631	-8.03773611701408e-06
3.31329870875978	2.9541045557331e-05
0.0139681241692056	-2.19407293194962e-06
0.845945811529257	1.31973927560728e-05
0.0307279263637987	2.27575079002771e-06
0.359953131414458	8.87257222067701e-06
3.96119467615716	3.18557859052135e-05
0.0730321448869283	3.619318287964e-06
1.13655365504572	1.46430619309924e-05
0.667317128324104	1.12887505960669e-05
2.44739963391685	2.40851886455176e-05
0.039323792899968	-3.39680654615686e-06
0.373309580125929	-8.40465353377562e-06
0.00604658125228842	1.16308080148419e-06
0.0880161417588211	3.53721307574174e-06
0.568350262238777	-1.33646755645741e-05
0.00477150241017126	-9.86008146414004e-07
0.710237495187854	1.35677463241199e-05
0.398580148642571	9.23192178811452e-06
0.260903777262502	8.44702078870111e-06
0.290930957187158	9.88467906228039e-06
1.65738386714094	2.23538384220313e-05
2.09778575183385	2.42571663573996e-05
0.0506984860551003	-3.05337064709291e-06
0.0201817666745593	1.81262020989961e-06
0.0012142245058721	-4.84970064251284e-07
0.0131481104738247	2.01517319554262e-06
0.00241447891412847	-6.28709219949604e-07
0.0504539396080963	-3.50438361620923e-06
0.0263431767121369	-2.51950034339728e-06
4.38678999931089	-3.26344422502695e-05
0.481198725534479	9.54687167679235e-06
1.75507148456293	-1.96090780690672e-05
0.17814243028878	-6.88327663926064e-06
0.242543223160741	7.20167275166604e-06
0.0107014738663694	1.61059637202481e-06
0.0899661652354211	-4.24049014253106e-06
0.18992556935582	6.26569372786288e-06
1.42635653535236	1.77483366524394e-05
1.45734936436684	1.8697371083905e-05
2.26911327068626	2.43240129813956e-05
0.210657227370864	7.43686194828598e-06
1.15782631612743	1.44091706959591e-05
0.0696778734172023	-4.2336228609386e-06
0.924239427248364	1.74136385821154e-05
0.0254705997690716	2.34244085810055e-06
0.971835404122259	-1.50260273437703e-05
0.988478148763133	1.32876065527432e-05
0.00218497873960771	5.91555614982416e-07
0.0590204025643223	4.03281707971919e-06
0.391413180283534	9.85648881616346e-06
0.517864482262558	-9.79375496814807e-06
0.99349779685624	1.49099319427816e-05
0.501449140717251	-9.87965145328174e-06
0.406473525804846	8.07178479195584e-06
0.0747434939239904	3.6660946199883e-06
2.11382520620799	2.25063947416102e-05
0.39271523188371	8.50533287547259e-06
0.678210307361374	1.29734543161072e-05
0.152878386414758	-5.71044461816532e-06
0.513857454780656	-1.04529156382075e-05
0.677064975404218	-1.18180830869736e-05
2.70632706127198	2.59146915710616e-05
0.497316948475252	9.97988110484165e-06
0.978486682851599	1.81480118297856e-05
1.60917638113046	2.07298764283241e-05
1.51796294500944	-1.87945851178839e-05
0.00254387094786039	-7.35240381696886e-07
1.41846431325609	1.87057144748477e-05
0.0283373591611474	-2.53352318759221e-06
0.0365603417549127	-2.48927547295121e-06
0.175417570014526	6.3677187641328e-06
0.329470327416778	8.55711000754901e-06
0.345195002848858	8.55198764196463e-06
1.05215129622286	1.38134160664098e-05
0.173825107728923	-5.34289254247372e-06
0.119943393008765	-5.57221849784572e-06
0.182091491775743	-5.79753137213135e-06
0.0931405625407012	4.65306081719761e-06
1.22974930903842	1.51991182874615e-05
1.21037979835971	-1.64225230972809e-05
0.707209935803547	1.30684639799618e-05
0.0464212351974509	2.68156541165308e-06
0.290547336524747	-8.40160134406828e-06
7.69772375256561e-05	-1.47790845380275e-07
1.43983211059458	1.81033074175626e-05
0.164994288253012	6.80720501351106e-06
0.133677990769272	-5.29555134102548e-06
2.21936681445527	-1.91165496432931e-05
0.0259476635671251	2.65616695240479e-06
6.46990110860308	3.48101729350055e-05
0.829097871666899	-1.31634111855899e-05
0.80893988330204	1.44774487184445e-05
0.1102284306544	-5.60586536861229e-06
0.801296006869301	1.45997748907627e-05
0.201018242137038	-6.42190982859038e-06
0.049002178509763	3.04084271821565e-06
0.691976997350905	-1.47427698720825e-05
0.364817045119592	1.03627237054703e-05
1.35325865974198	1.58368772892133e-05
0.042251186432981	3.25955451835111e-06
0.252673139293062	-7.12980815404284e-06
0.122446965231781	6.04008050778796e-06
0.192067019811116	7.1008223526305e-06
0.798941197687782	1.31620174184498e-05
2.37401990907447	2.09425953451379e-05
0.122894032619632	-6.37518727351867e-06
0.0565715272464858	3.56810009521686e-06
0.138240611466577	5.30128861418772e-06
1.26763989851085	1.77523060120048e-05
0.0473601575380776	3.6180629711704e-06
1.20408769882845	1.66744412052811e-05
0.0191341714727381	-2.25299713168809e-06
0.00144077098280105	5.79779764323028e-07
0.631327990777238	-1.25308321971565e-05
6.63968832273103	5.04465281155901e-05
6.37825978081241	-3.23694482971914e-05
0.470399354313406	-9.43681228099047e-06
1.75699425939769	1.85807510836311e-05
0.0633678300843823	3.76825448089428e-06
0.2041618044083	-7.22400311281633e-06
1.75296896387405	2.21704926140128e-05
0.201771826898153	-7.64796705167957e-06
0.0505442950422531	2.82651339496279e-06
0.0284790013267073	-2.0854948772924e-06
0.779032118168916	1.35764271566656e-05
0.819411374431405	1.22270597564608e-05
1.79590602154095	1.92221912383852e-05
0.32792248174897	-8.24278116903376e-06
0.933969461915499	-1.70058857726074e-05
1.50905766334339	-2.04171574530122e-05
1.53952845606239	1.90501663765344e-05
0.569558661042756	-1.45711740754325e-05
0.388206126249765	-1.07095475419412e-05
1.24370256167023	-1.48084520603549e-05
0.157118981054294	-5.83770947166559e-06
1.0479735394117	1.75275277367739e-05
2.74314147608802	2.50283033071477e-05
0.683587016462648	-1.06692968530382e-05
0.000951254478311082	-4.63440000909204e-07
0.179337009835365	5.79622122512811e-06
0.945887747253321	-1.69045702409799e-05
0.404897881152942	9.95885792099401e-06
2.31188665427885	2.34291044224897e-05
2.01894196584633	2.16138778676624e-05
0.469291538139575	-1.10377236707805e-05
0.475880098584868	9.52148788229388e-06
4.15267701277065	3.51867724792294e-05
0.0319759941316017	3.02742196751605e-06
1.98455822789729	-2.67214076761812e-05
6.95906374817024e-05	1.34862160269314e-07
0.00255678724474987	6.0696175039438e-07
0.435547927477351	7.69787632154668e-06
0.00108635690808708	-5.06033458228477e-07
1.67177740871637	1.8017402426919e-05
0.762975671632157	1.50171444087764e-05
0.0746497006263088	3.80706946690425e-06
0.871234779084108	1.5456274475273e-05
1.55552321206001	1.80424481476031e-05
0.0312826741405695	2.22265726230169e-06
1.44886283576378	1.80368153332987e-05
0.00380999354799231	8.00537092337537e-07
1.04656955309288	1.8730680165525e-05
0.0981498851669036	-5.09690115482311e-06
0.187613086017595	6.30843663676769e-06
0.219664465365131	8.2825130364505e-06
0.752349693808611	1.23815107703907e-05
0.304196365867607	-8.91600428868198e-06
0.873061531592053	1.46589487960608e-05
0.464989742757817	-8.48830835395444e-06
0.25243622125003	7.23552488075515e-06
2.08510101628469	2.13801245623859e-05
0.195935840108731	6.36225312895045e-06
2.04683787899016	2.1459672846741e-05
0.594253994986614	1.21797718456304e-05
0.620085111715121	1.21889268000225e-05
0.000817869412792593	4.03728148822118e-07
0.0306538028691778	-2.88570559849517e-06
0.265167089698973	7.27196123955669e-06
0.151808626706459	-6.26172568061163e-06
0.443729011340733	-1.08876501590772e-05
0.575902105650359	-1.21029949204209e-05
1.18707804311582	1.63166056355757e-05
5.9787477909436	-3.19697728487269e-05
0.0111440026630501	-1.7065656436997e-06
0.320805441467671	-7.62767622209326e-06
0.017222869992073	-1.85917218920583e-06
0.341694930304327	9.64822030739403e-06
0.659686338847976	1.08716750710845e-05
0.468439573679159	-1.20046348555672e-05
0.382915086273511	9.7515706546042e-06
0.183038702210083	-6.22711335117578e-06
0.0751678611728817	4.41178818828842e-06
0.140342932841701	6.28375846560074e-06
0.711404651017749	1.34743358406454e-05
0.721816214851439	1.12652690080943e-05
0.0923597510309548	-4.16203365667399e-06
0.122575506598586	5.20159009433915e-06
0.555500027706238	9.8629473997361e-06
1.28441995501043	-1.70042024176448e-05
0.485419173206686	1.20903276606412e-05
0.0883173264154514	-5.15938539827662e-06
0.130118052790355	5.71543889276902e-06
0.177980674623967	-5.78161322390766e-06
0.000147410952713111	1.67009184106133e-07
0.00114068503631921	5.56556671106426e-07
0.27956281297172	7.81769300327378e-06
0.156245522391528	5.57256940599523e-06
0.567463650267334	9.03280905535043e-06
5.84189174865174	3.59646791690955e-05
0.334063047975582	9.40661651457952e-06
0.832376158029857	-1.50347094140086e-05
0.699208163612088	-1.22871609138126e-05
0.203638429561238	6.10442895851434e-06
0.425108636473013	1.0108997841814e-05
0.261699305615706	8.08805872687718e-06
0.237223649757227	-6.37661885687527e-06
0.25040295382265	-7.67381573975277e-06
0.120042896715897	5.48471811536245e-06
0.15376685531386	-6.31411829658302e-06
0.57746304877489	1.17537434010395e-05
0.0760981141605036	-4.74383860953206e-06
0.355536633770249	9.08808177503919e-06
0.166102653018922	5.93765937858475e-06
0.0613114944956181	3.71750441306356e-06
0.00315843960484031	7.01614150104666e-07
0.813272259433923	1.29197829239565e-05
0.781307512844096	1.14242053266169e-05
0.218214672237572	-9.88100518827218e-06
0.00921770747004578	-1.34609368943015e-06
0.0221049419738971	-2.20986499092085e-06
2.38126252205995	1.86629344840499e-05
6.16345557201805	4.41769131025722e-05
0.450493480594013	1.18605774446972e-05
1.21356814392058	1.58871219594038e-05
1.30619650357332	1.69823904067132e-05
0.018056475296571	1.67979792653019e-06
1.56860346242904	1.94536173455207e-05
0.660771774853281	1.20343907299065e-05
0.41037616832924	1.00082425891202e-05
0.0145634101718762	1.74274186343381e-06
0.3924275953259	-9.08417987016226e-06
0.21212656561382	-7.74540799060956e-06
0.0478914918339404	3.14937549066272e-06
0.792134088851289	-1.10298270037552e-05
0.0105092910045515	-1.31217812553805e-06
0.679379879631019	-1.55684036415812e-05
3.05130381924613	3.06381365950307e-05
0.558059576911372	1.12913602623324e-05
0.360295461443282	8.58098178213745e-06
0.112084607847327	-4.89540397311867e-06
0.0205334046485401	-1.83066008067968e-06
0.26091209176696	7.44091765412544e-06
1.60794337817079	1.88109857877553e-05
0.0136818640354156	-1.70505200070336e-06
2.40455612931112	2.52462178910957e-05
0.0169962582635944	2.08008624964441e-06
0.620399021244459	-9.60599387755155e-06
1.72329744673128	2.07734303510959e-05
0.0625616979041854	3.86302850615614e-06
0.323750277945388	8.1077636379451e-06
1.60031610251025	2.03922552332958e-05
0.200244538385691	7.45284217255547e-06
2.10527089566262	2.2922119221877e-05
0.379501394530847	9.40851898380177e-06
0.165940926745403	6.32257334881135e-06
0.0115002863943428	1.58674362340018e-06
0.324759812598034	-7.64012508029003e-06
0.168756204188316	6.8940429628935e-06
0.235073091513452	-6.56998292286353e-06
2.01892540453073	2.32044516087568e-05
1.76024563527133	2.0730440175695e-05
1.2034376508383	-1.78479158783216e-05
1.21283961486585	2.03387642061176e-05
0.118531936756641	4.54431481428783e-06
0.0129409208099739	1.77456620215871e-06
0.525165463195783	1.13304726582116e-05
0.126881481230222	5.34576999867025e-06
1.67124202744643	1.77088957708009e-05
1.50893824507315	1.89297837331673e-05
0.196556234409349	-7.27616256389582e-06
0.498677301197633	1.0713081211659e-05
0.476744858053037	1.05367508224472e-05
0.265031661124223	-7.67590988955695e-06
0.793380419080776	1.42452334335521e-05
0.98884267682893	1.55578630624437e-05
0.00677194873855305	-1.18685452644759e-06
1.12145695972463	1.6408168519508e-05
0.26357014668573	7.6366710844843e-06
0.0430861425471989	-2.68412786634976e-06
0.4489186595804	1.01725613018695e-05
1.77743825193369	2.35179689924786e-05
0.20700715745828	-8.21421260960154e-06
0.091366420067805	-3.96782598303295e-06
0.053931069271377	-3.21894759605627e-06
1.40210797363404	-1.7317147305207e-05
0.32444484654695	8.71431495963776e-06
1.40396661032391	-2.01813358900156e-05
1.74715224833084	2.41666523816259e-05
1.28422955160172	1.49177264291347e-05
0.0387172577248382	2.78518483854766e-06
2.02353310241754	2.12838779585858e-05
0.384387035226391	-9.19357691413049e-06
0.552708797293397	-1.15918866881893e-05
1.86447291180021	2.06343777978197e-05
0.76691184194006	-1.34968956321399e-05
0.00966328858998237	-1.66714831652554e-06
0.0524151500870887	-3.61231136024785e-06
0.0594387762556776	-3.79017440893407e-06
0.00152627973033305	-5.46115869964051e-07
0.120272006026581	-5.8645084911236e-06
0.991637033229429	1.45791169982408e-05
0.779729026248442	1.64809521126933e-05
0.697870042261162	-1.3625333872943e-05
0.134047128190709	5.84671476121707e-06
1.03452391412515	1.79299003783145e-05
1.41336566441546	-1.78015889293938e-05
0.168652377600613	-6.10209217594738e-06
0.478829064283986	9.96509183508469e-06
0.524916545973118	-1.12520590094782e-05
0.0400602456137725	3.35142988097856e-06
0.534660767118074	1.02965170980412e-05
0.893449078103198	1.3634656691518e-05
1.49295267999707	1.68565912515454e-05
2.46416254807326	-2.97806494428535e-05
0.0843382532477072	-4.13513846165364e-06
0.887425317320121	-1.43602845636167e-05
0.231817997190547	-8.7040919749819e-06
0.0113412057798837	-1.68887098732597e-06
1.5853462470402	2.31352434928802e-05
0.000692407550113546	3.30585529558505e-07
1.49917995825208	1.52964861466692e-05
0.866730319602192	1.8205975816085e-05
2.17247592236033	2.16081532272701e-05
0.0333365153838998	-2.37493619551604e-06
0.162778211287985	6.00990647987602e-06
1.56507417229253	1.79979108534163e-05
0.612168098552028	-1.19341573788386e-05
0.984863499457929	-1.21564813124123e-05
1.07039540288019	1.79477246253912e-05
0.258743115922311	-7.17800832628777e-06
2.52190538390026	2.15306935990225e-05
0.325993130571879	-8.37497002583276e-06
1.24181563113407	-2.13434111382506e-05
0.0459879248822723	3.35854866228766e-06
0.49785049940579	-1.26881308706143e-05
0.00346584313460618	8.17935310339947e-07
0.162471029395868	-6.82301717008022e-06
0.444428594936046	9.24680493691565e-06
0.253891783641112	-8.92187920197139e-06
0.00173565872369688	7.63192502326378e-07
0.377706886264548	8.25513266287328e-06
1.19012812358017	1.55547776763534e-05
1.81699023116594	1.822141323615e-05
0.114645663659956	5.01750902376463e-06
0.167832700331125	8.18074901368395e-06
0.343916006508605	-8.36071874961637e-06
0.189635898267545	5.88765537038074e-06
0.65058246356627	-1.47526495479663e-05
0.0565062668689947	-3.4833609255143e-06
0.367932893898194	9.65605766732007e-06
0.978038178338206	-1.49267182526727e-05
1.17616022755888	1.75768451334534e-05
1.89897655883229	1.73137166597921e-05
0.0447924726035565	2.97257473679236e-06
0.855667896436972	1.58492808498039e-05
0.00756258239173346	-1.24053240024569e-06
0.0166126662742028	-2.00460737368973e-06
0.0370881853875437	-2.78858724480061e-06
0.306758797997839	-7.04292674494846e-06
0.349127315950692	1.09468335829219e-05
0.0226484350988395	2.36710169735375e-06
2.54599966217177	2.58376600205281e-05
0.693144864517237	1.26083288533248e-05
2.13059600049719	2.1984515669135e-05
0.0143784123138431	-1.84974616494301e-06
0.0406570940414605	2.86561732350943e-06
0.480155035725928	1.00013429682718e-05
0.182705928701521	6.82638546011447e-06
0.00216020566903106	-5.55135088531112e-07
2.25192749519899	2.42071860745189e-05
1.13541042820113	1.40369960553301e-05
0.610454226050259	-9.87670595824509e-06
0.543139839818789	-8.7082371053257e-06
0.136254280967502	5.58287071438267e-06
0.03170493365587	2.26682627647532e-06
5.21623754036537	3.44746438536642e-05
0.246455822107785	-7.13942703570952e-06
3.49713041212704	2.46988150775076e-05
0.324496119812125	9.27264051522609e-06
0.167734473182834	-6.59599115457463e-06
0.426181253745567	1.03229335633857e-05
1.97813105319432	2.28900452143364e-05
0.136158984490158	5.66444141181812e-06
0.132941032523654	-5.1512979811466e-06
0.00282826565404244	6.5669641571371e-07
0.0640987223779895	3.53756267226572e-06
0.383628792220053	-9.86166295662817e-06
0.0159365599771343	1.80523040047959e-06
1.14540883928931	-1.70770143125376e-05
1.27300524914466	2.12138541797398e-05
0.200012420639477	-6.25461904496244e-06
0.0121689280852356	1.84950306117183e-06
0.334107970924947	9.91208208592326e-06
0.175451590718593	6.48691790349063e-06
0.12148569038578	5.66608406839756e-06
1.14935104952309	1.56753103012534e-05
1.89759044966801	2.23511334661824e-05
1.18707742904244	1.75740974326523e-05
0.812181987744448	1.20546749061687e-05
0.108509131183526	4.50967287695483e-06
0.0787101579995453	4.08777425624372e-06
0.119360563933744	-5.21383565268104e-06
1.1148038203435	1.28474753407975e-05
5.54334326852639	3.2020093607993e-05
1.29203745250964	1.50556783201842e-05
1.21572188809164	1.69427359241981e-05
1.12370031939853	1.5292383433901e-05
0.625609815154129	9.81965035433119e-06
0.0812590654567853	4.75821165737604e-06
0.545286805696512	-1.08718458866141e-05
1.90932324090394	2.24223994448537e-05
0.00929464207408087	1.13608326542039e-06
0.0466363892883831	-2.92818137121338e-06
0.00481341760375306	-1.1551613368566e-06
0.352555951489319	9.15002304898463e-06
0.983970368755045	1.73595532603526e-05
0.235044022083697	7.34513543613368e-06
0.00325102607401757	-9.01699221003672e-07
0.567633839191406	1.2403935043335e-05
0.209457846403539	6.9431081668706e-06
0.0651899357828684	3.78394135479967e-06
0.060073267499252	4.09429385032212e-06
0.0522966939849746	4.05785360469849e-06
0.603364049045061	1.07205801546745e-05
0.230796173435515	7.88606570036661e-06
0.84285374663337	1.48631883855911e-05
1.21206653060145	1.60565569914296e-05
0.172214291445412	-6.79651505346414e-06
0.12561358755139	-5.46630320164496e-06
0.408249484838033	-9.48222138514599e-06
0.418551293904543	8.65401944310183e-06
3.90417458842578	3.23401691325833e-05
0.774101423125194	1.1350054237207e-05
0.0197145755710187	2.32221597420511e-06
0.0453047075119459	3.64242173343486e-06
0.357402480031638	-9.58266335036317e-06
1.43439557802346	1.87595105220087e-05
1.95133648364512	2.24023370566785e-05
0.172950541066062	6.50366864069924e-06
6.37023705640013	3.54167429532587e-05
0.00885017641730236	-1.25822969238336e-06
0.310273880430708	-8.23979407279903e-06
0.157034804633203	-6.78319800838158e-06
0.827117400685926	1.58298910698623e-05
1.52772821927536	1.63736902675242e-05
1.04827540204164	1.87928979745116e-05
3.21076870616265	2.50789713927966e-05
0.161567234191173	5.37875836618652e-06
0.298260248970001	9.27419142236388e-06
0.0268477919468778	2.22745369029864e-06
0.0220101214067899	2.66650212092018e-06
0.709762814999019	-1.37286101929726e-05
1.97433350226485	2.24420957865653e-05
0.29085659951822	-7.89934290495209e-06
0.00992235431120271	-1.53101448304171e-06
1.18916128322376	1.55053305680143e-05
1.48487523911385	1.84141594714659e-05
0.0163897673197384	-1.78052636471817e-06
5.71799555153445	4.40714122500154e-05
1.04705745246182	1.61082485989255e-05
0.568483770366693	1.12958010086914e-05
0.827224606893689	1.77542787943579e-05
0.777499655664458	1.47232227591361e-05
0.0771297755676227	3.82633471715633e-06
0.00958586103736203	-1.45979880132824e-06
1.50737499309588	1.49143892325424e-05
1.93090495453053	-1.81560072402314e-05
1.02267108251976	1.53458598356498e-05
2.20595890036091	2.23249788678579e-05
0.0905634580629693	-4.61379697460905e-06
2.16107390678708	1.85993962002556e-05
0.142562701416781	5.62125695398976e-06
8.57011793940627e-05	1.38032974824571e-07
1.09538242389655	1.14650134881031e-05
3.84430908318383	3.26511289426651e-05
0.000289871248790051	2.19076235316626e-07
0.00680458591802947	1.4742219838262e-06
0.261880915860312	-9.77708317716223e-06
1.8664193742502	1.83667734356812e-05
0.00245572381876669	-7.51320686861187e-07
1.5001737225796	1.70945577922919e-05
0.171768037087044	6.84829820720102e-06
0.0137093161473023	1.65334028225032e-06
1.37370913694188	1.93089666391502e-05
1.2345396364013	1.74453332129339e-05
0.552367181766595	1.21271952806528e-05
0.396421830001436	9.62739845465552e-06
2.56143324622092	2.25525948261077e-05
1.84390317808089	2.12067647583029e-05
1.71428092483592	2.16914770920775e-05
0.586094152428196	1.28912730226518e-05
0.342824422756251	-8.4133669659363e-06
0.553363505111243	8.71896515824392e-06
0.0630927913051575	-3.25234229911839e-06
1.18595342041274	1.97709671919301e-05
0.0530215274754506	-3.41942906479153e-06
0.974896551431704	-1.50883386936617e-05
0.0770012148260109	-4.90764539243882e-06
0.128960042660618	5.6473082384686e-06
0.337153383956375	-1.09856883765896e-05
0.13879285787636	-6.74211547175877e-06
1.95721539329415	2.26122996676403e-05
0.00523280985025685	-9.3039108171579e-07
1.33396103663637	2.11248047291083e-05
0.00996013143251384	1.34276477622652e-06
0.392794715623073	8.35905074092498e-06
0.0507703155476612	-3.90602477192938e-06
2.32729575681566	2.42118380365631e-05
1.65658742206471	2.09628772596001e-05
0.273054834859167	-9.17560200511333e-06
0.475456912763836	-1.23147269723354e-05
0.636275493494198	1.10111095287989e-05
1.38603811920086	-1.60241454118762e-05
0.325472800910609	8.43677204592051e-06
0.07789714865696	-4.75702624754234e-06
0.540507732309533	1.21620729686491e-05
0.0344896006943664	3.01287669076696e-06
0.234674896323189	-7.17222204690813e-06
1.34456882779247	1.91681409098596e-05
0.0230007744204489	1.92057344976021e-06
1.35934411867322	1.62255705423059e-05
3.36346335277	2.95904087155072e-05
0.0388437182015794	3.35286795366739e-06
0.354699288320514	-9.68313695837868e-06
2.09740328379949	1.90881643087814e-05
0.956983256013063	1.83094297043354e-05
0.14408554929257	-5.76202343831187e-06
1.61300884851465	2.1823143135838e-05
0.260986256684025	-7.40848267425259e-06
1.05717622915217	-1.37803289830122e-05
0.0828064385730591	-4.89391133222494e-06
0.707404643848235	-1.26203122847935e-05
0.387105091236405	1.00012632065103e-05
3.19059714201863	2.78522441758803e-05
0.286850146055703	8.84862208410918e-06
0.0484756810625867	-4.16441367934084e-06
0.449120705035312	1.07084119293053e-05
0.754541358194012	1.23061135866565e-05
1.56811223950266	-1.5717614717761e-05
0.3922653443133	1.03397741479699e-05
0.0789344151543292	3.35396490545333e-06
0.632187013058836	-1.3553640926187e-05
9.48908611855994	5.33141197451903e-05
2.22763497062207	2.40156598799363e-05
0.0483608522413553	2.85315883793405e-06
1.29432077332569	1.50323433099468e-05
0.115962429515561	3.97141249152052e-06
0.523790506220841	1.16959042827884e-05
1.44903674091453	2.04505291563245e-05
0.000720398310930648	3.70701890688658e-07
0.232092563699668	-6.82334839696674e-06
0.195194266342117	6.62511524303729e-06
0.00459578125272105	-1.10970531823268e-06
