R^2	beta
0.071769543223175	0.000176694422301929
0.0497039423732768	0.000139306437228938
2.24510680232146	-0.00108897082489478
1.37306585108182	0.000795294725760252
0.31350405084748	-0.000329207074335985
0.00354531826262152	3.31911919271019e-05
0.00975486219947044	6.03934943189181e-05
0.558251981360951	-0.000516021559773734
0.0700466118548719	0.000211691061293728
0.418865771551924	-0.000401799516294222
1.10666287467347	-0.000631862074139225
0.372700629693542	-0.000369819209738363
0.337166175198104	-0.000366045005571412
1.00320676443064	-0.000688680844578695
0.330668825289918	0.000409902747082673
0.0598008804088124	-0.000160432108269079
0.905611417245153	-0.000616443641368325
0.822486348494506	-0.000556590141118651
0.0504334027730051	0.000144444213652835
0.348431810093589	-0.000395968003670542
0.682270308477779	-0.000551389105222461
0.800922449648535	-0.000618182356746604
0.544617240159122	0.000576612716726537
0.785183688831324	-0.000536863411939895
0.868036856413644	0.000608238868295612
1.00921910758033	-0.000638901216072198
0.00156884325870602	-2.35285150820106e-05
0.253285005011685	-0.000385977556668785
1.53783659349153	0.000696787551922426
0.00851808742233916	-5.4234627084072e-05
2.46686329383482	-0.00111685435228286
1.41981551789921	0.000794596280936428
0.678107106450407	-0.000518029958167985
0.246110786990445	-0.000364621062391473
0.698100624261581	-0.000446566156961898
0.0664107463376419	0.000232042254657963
2.00399312675101	-0.000855290391933503
4.64040152026923	-0.00159785278750057
0.203902155101737	-0.000258965718064028
0.00757782469072575	-6.78617441507005e-05
0.129456427415053	0.000231955887625875
0.669005904842877	0.000580094677307357
0.10024983386126	-0.000267604122538951
1.63001187055561	-0.000839174972700752
0.513377444971826	-0.000420162930348156
1.09939798028453	-0.000644616302533155
0.0259217311255434	-9.81735786719155e-05
1.30277528219169	-0.00057347229427544
0.0395597985091269	0.000115597550564879
1.63685293831164	-0.00073201892261579
0.0332402042327879	-0.000121511156750504
0.0836389875357464	-0.00015005596601664
0.443487021633226	0.000410605331312345
0.0196504694619084	8.50669786855295e-05
0.910168531636993	-0.000600532999092933
0.918276798071292	0.000703512254598445
0.0979893911137319	0.000144072114997673
2.39772263573339	-0.00113960724351652
0.249876450011111	-0.000361851077689895
0.638109776783745	-0.000437110040866411
2.64835566940399	-0.00112352349838033
0.686948324526605	0.000451860965518995
1.46608840688656	-0.000678103372563623
1.35947600970654	-0.000842443030977469
0.0761716399420621	-0.000154036744997911
0.00223767549554313	2.97121265321261e-05
6.60575904972487	-0.00176049022988024
0.598590529941271	-0.000481166814158789
0.00863019824265872	7.85841475569594e-05
0.344781750624823	-0.000431791625227693
0.268352485894643	-0.000351363051536489
0.0403948998639869	0.000155793123315165
0.0541979442571867	-0.000118255825544424
0.813948222834557	-0.000528306093789276
0.991391523056016	-0.000584600275454974
0.353289184067422	-0.000359368042574889
0.0165408844591308	9.34252875278901e-05
0.105543744452103	0.000183699116648994
7.00633476564612	-0.0018401752965604
0.0217299883063879	-9.89303920976854e-05
0.0531692397406017	0.000126646296559005
1.5960889564915	-0.000916498788613071
0.827321276028711	-0.000603813506972505
1.34533897940562	0.00072731740939595
0.628576404175252	-0.000430847480715124
2.3418919224683	-0.00101846055543837
0.00625472360146878	6.61214471995136e-05
0.757951278021839	-0.000574207995221367
2.7032940381063	-0.00110800160606357
0.0131471537098741	7.79112271206694e-05
1.4751507991183	-0.000761789527578503
0.373703872485147	-0.000324056092614392
1.34954322216736	-0.000622035857861702
0.0936352733161562	0.000165534705065104
3.14004661070381	-0.00121393345301149
0.000148582250437567	-6.29536494001563e-06
0.628039724293215	-0.000460322045922404
0.142589275539044	0.000281943538730112
0.663010966203026	-0.000627563530850766
0.742184237011394	0.000580355867016876
1.01842586048845	-0.000517952168246368
2.43216937489953	-0.00102172877909078
0.483208599143707	-0.000421409647026828
0.838957849193852	0.00071721355041022
1.54876998012072	-0.000731219596357748
3.86422051218134	-0.00143549146079629
0.907616474273672	-0.000640317791171133
0.865388281956076	0.000613191986923065
0.0874443574294154	-0.00021592493222058
0.454677443832679	0.000446110601894758
1.04751075106073	-0.000676477829510659
3.6941460768158	-0.00114135465766815
1.98217305854181	-0.000806902761603621
0.456189778072327	0.000383138586822951
0.749413172161031	-0.000496752431941409
0.407452804678763	-0.000409619479190037
4.03037749614718	-0.00102801041227871
0.34461813977886	-0.000431114982762679
1.30957336230345	-0.000586563128499633
0.0119079684923009	6.13343844706406e-05
0.0941910005640772	-0.000181664746771568
0.059730205853936	0.00016684216940267
0.118799316058656	-0.000193918965880586
3.26381742659048	-0.00102978688001236
0.911544209587762	0.000679135369662039
1.49737702143435	-0.00080582595507778
0.862019328141338	0.000672141520210283
4.71894582300747	-0.00125242854959865
1.00839825073404	-0.000745631342796928
0.184439483837481	-0.000255271023594593
0.00536543301456764	-4.54607191209944e-05
1.19401692917779	0.000746540788950279
0.743514308684998	-0.000535315691325365
0.0429781823520261	-0.000141837537337428
0.208291254138218	-0.000310201411124297
0.414692765392366	-0.000438969036739414
0.296948534493337	-0.000358062076618779
0.412087715163582	0.000344204620404236
0.464435759338569	-0.000536520127513806
0.300926423379035	0.00035702846004311
2.0965394941065	-0.00112061355472137
0.110780417518114	-0.0002378295666065
0.106465603039944	0.000237718526199676
1.20725863895431	-0.000690651253826798
0.265547885277285	-0.000313171550045767
0.191103851174405	0.000307176818275045
0.088747330987538	0.000204481706044182
0.0776796554504248	-0.000156738130742745
0.358494070859363	0.000392635394246515
0.00717676798495759	4.70081279487678e-05
0.000917859403271765	-1.84364302533092e-05
0.497505347326426	-0.000355322773905587
2.50027612043186	-0.00113868504766937
0.201749005724117	-0.00021766645334931
4.11790632069199	-0.00134698973926661
0.166348895690509	-0.000248074030407319
0.044106221618656	-0.000145756183688867
1.77527880116488e-05	-2.90757881390726e-06
0.373589612660395	0.00030965204620492
0.0869239224929123	0.000200859231908035
2.67323300731899	-0.00120055073530622
1.03116683700134	-0.000709864567273361
0.072008202122126	-0.000173609859146739
0.950853962256112	0.000609551071941918
5.918032429743	-0.00163662268153392
0.00306616092062396	-3.63996346859587e-05
1.00960854360211	-0.000721298822926409
1.50083712802988	-0.000941155969489432
0.292729355927662	-0.000394659374914064
2.88214997113981	0.00112957569657512
0.499040621426513	-0.00044530292468999
0.512951805296483	-0.000457616571864208
0.725467244492047	0.000542197831264005
0.629517668650954	-0.000540905811758656
0.000215031035046824	8.99113789949293e-06
0.450772215339314	0.000360625750260631
1.05809843121681	-0.00067896059405276
0.00852200928810333	5.07843558344293e-05
2.44364751421859	-0.00113414624787026
0.0244041697780641	-9.96364721856011e-05
3.05291730605971	-0.00108382032280389
0.181180607341957	0.000283071224625276
4.53928328115741	-0.00135423159642634
2.73012956459862	-0.00110356314536862
0.122500363693816	0.000189215502829494
3.31717929079236	0.00116577685837197
0.693963824915049	-0.000529033595994379
3.94664409644059	-0.00127182732456081
3.68176720329095	-0.0010813343740209
3.01390585186537	-0.00113527000355472
5.13569009661147	-0.00130430969193879
8.26123793594569e-06	2.15926075546381e-06
2.91810366506177	-0.00110706162094097
0.611534452234055	0.000485304204581958
2.15093467077958	-0.000892201628267803
8.47790392732895e-05	-5.85096428657984e-06
0.0138784367566587	-8.91543909571291e-05
1.65745338071027	0.000807757572774718
4.11743023077624	-0.00156449913560854
0.440087738504797	0.000429457903990485
0.0317452752195485	0.000120829255762156
0.638020711366864	0.000541669844765509
1.40960346996352	-0.000959171759344883
1.38687065537161	-0.000697137383012886
0.134015481481754	-0.000260482323742213
0.874207511332861	-0.000760006373636222
0.0134445991763088	6.1663259750263e-05
1.2040476822196	0.000651102785777522
1.56097892529889	-0.000928805481632785
3.23471012488013	-0.00134072864933504
1.11454914354903	-0.000644740419088264
0.610791517324543	-0.000534546761327077
0.788084802554993	-0.000617207563779526
0.403312320442549	-0.000390632886556189
0.52174205208897	0.000420642370498064
0.442006882232568	-0.000453336448131684
0.533003513404324	-0.000443838216178296
0.239123445478928	-0.000284663511539407
0.312212353863412	-0.000404186116842669
1.85962861892654	-0.00093119474173618
1.17970117276298	-0.00074491368015115
1.70217003365499	-0.000843454349839222
0.00954249321448933	-5.67261978430596e-05
4.97374361564363	-0.00135329265732441
0.188747130492223	0.000280331751307822
0.0269992039902539	0.000114101690068057
0.477815120294037	0.000589332205369253
0.558226571174687	-0.000473365768353036
1.09583283044931	-0.000624943605710825
1.45075005119232	-0.000862045455687883
0.047224345962223	0.000150332460761976
0.0299735329926043	0.000113165704278327
2.91798235368676	-0.00123116179511609
0.289229002385133	-0.000302616224674497
1.41567628190431	0.00061913771162591
0.0805003127068541	0.000176634561326054
0.966584430414176	0.000690565374153758
4.11893579325197	-0.00123196874252275
0.739922342485206	0.000536760683121148
0.803485709456407	-0.000518354776940536
3.90353494966833	-0.00135053990654196
5.26074461297423	-0.00157931209074273
3.82528098205577	-0.00144589992786691
0.641094255713172	0.000499940464291273
1.17795874015124	-0.000692698012432296
1.86037905305043	0.0010288914484928
0.524691330320448	0.00045702006685478
0.129006818114523	-0.00019900280877607
0.212645747820005	-0.000335192040894814
1.09934441984306	-0.000865732798731692
0.0188452897010049	9.35286470328582e-05
0.248211697081877	-0.000406457749526555
0.522999742590869	0.000432672942448735
1.74869798630367	-0.000788269547636196
2.97276443759171	-0.00106228645024299
0.248842671544308	-0.000325234801668638
0.671623436185764	-0.000530077932868292
0.0796443775218967	0.00017392107706267
3.11853624789634	-0.00114151043718701
1.08862021552251	-0.000641335906130857
0.754759238807563	-0.000529116291302238
0.210269975876581	0.000306024631563666
0.0807432725322634	-0.000159546526979311
3.62517573944649	-0.00100437746602621
0.00184249817651628	2.29794782339278e-05
0.821061709212728	-0.00046719835221999
0.000171585397261888	1.16032935239345e-05
0.832961403539131	-0.000541691999040039
0.00576732127291274	-4.66647601010357e-05
0.501299827958225	-0.000370220511243537
0.00800696851250712	-5.93530937489792e-05
0.466171119960345	-0.000507585248164275
1.41057184145159	-0.000772388825480474
0.956473331029431	-0.000631682510448623
4.76388459457284	-0.00131583782875069
1.16627324594704	-0.000770628505482903
0.837737616834531	-0.000533208850221998
1.12836558973487	-0.000778150459146519
0.216977113045139	-0.000308840864493004
1.05492167905141	-0.000719485236013514
0.0556193369008407	0.000139240883006968
1.17187957238581	0.000607980244604075
0.187278415340374	-0.000304921225921529
5.37525208115823	-0.00152986904438805
5.64218931320514	-0.00156537389261127
4.66339017314416	-0.00161390525432955
1.60392283083118	-0.000680220614900565
0.0130884515349429	6.49360953831711e-05
0.125923553791292	0.000189441093479877
0.471803629164743	-0.000430555990220112
0.419022320703775	-0.000382265885657362
2.80769924660071	0.00116997378024044
0.140601805941632	-0.000276483808437733
1.02217373648982	0.000643352135935885
2.06243208827264	-0.000793791909293639
0.00158150595496987	2.61002842532317e-05
0.22678758778521	-0.000315096863385228
0.0111495689522694	6.48974771407142e-05
0.00323777342983713	-4.17302929147084e-05
0.00123201123817656	2.26035081791639e-05
2.36192675071992	0.000905435253178706
2.40689189289677	-0.000995356751400805
0.112796110065844	-0.000223565688531908
3.71944158724009	-0.00101634651962906
1.77010594027394	-0.000864024618918281
2.2536897608075	-0.000937604283926605
0.0849864496135499	-0.000184258569565166
0.538311856081781	-0.00051564660250203
1.51176102793205	-0.000741255950575772
0.297881146353793	-0.000380673406181022
4.97339184144587	-0.00146404036377993
0.0324050868525352	-9.99171600470342e-05
3.93405743305144	-0.0011960491973225
0.498791107232009	-0.000427758283764603
0.0647600266880092	0.000166737881032452
1.63801353083284	0.000676640901315375
2.4325714802768	-0.0011300893722691
1.97960609378241	-0.00104836952895725
0.00871746155194728	-5.05681812380497e-05
0.046926004265744	0.000137860957023007
0.000169104625557054	7.54037977036949e-06
0.167928611403384	0.000273841731999196
4.57865249664341	-0.00138096193798243
0.671760695321371	0.000378013414020593
0.00037396815448656	1.44410972378607e-05
0.184260897041998	-0.000287101052908813
0.979883992838629	0.000721905381502886
1.32088521281969	-0.00083423726162574
0.314885677408795	-0.000425279785767987
0.00966364973300532	-6.54176334701289e-05
3.05228562342667	-0.00110088920610638
1.8685592778807	-0.000979669920504735
0.281477929121248	0.000325014418465073
0.728329545835231	-0.000587123328460305
5.52769975692506	-0.00124260771082433
0.956526010144413	-0.000569606353758644
0.771032362498499	-0.00059113016786254
0.241907474017756	-0.000307491558663552
0.216967261786905	-0.00022732972486041
1.85909623736189	-0.000913580366901276
0.0412557727411411	-0.000134662299090842
0.845060162327823	0.000598666768811896
0.00219005926428719	-2.84569337897763e-05
4.66314959346162	-0.00144336868202805
1.66121540133944	-0.000846283082238192
0.754036786135128	-0.000529887090111653
0.152152259255299	-0.000268387926905285
0.390433598593342	-0.000511060774707967
0.545930814853869	-0.00046337829019596
0.26767347582923	-0.000388876543849148
1.3150894906678	-0.00070241146800265
0.301688280147704	-0.000301794823826096
0.258881987946922	0.000341055853942368
0.547626345490353	0.000426523389515586
0.163377056173298	-0.000255300491296209
1.37433178230368	-0.00074223532271299
0.0773240593741827	0.000210467658663512
5.31309089208961	-0.00143184765887123
0.545611162470943	-0.000514367871577512
0.197310447066129	-0.00037095181710814
0.29850220942878	-0.00040594658879523
0.719344811870754	-0.000516664045301416
0.00396219549865496	5.15250515340313e-05
1.4122216115418	-0.000816663503066445
0.061147902752123	-0.000154298936392586
0.376338936226679	-0.000427883565798959
5.11784831991814	-0.0014025755323166
1.29514036594369	-0.00077727555014799
0.529008675057546	-0.000593760491945469
0.305356942767792	0.000386527947403895
0.0137764206371707	-5.85910381141855e-05
4.93755716037533	-0.00163241794887448
1.75178158128316	-0.000779323339287704
2.30228196762325	-0.00117127418617131
0.0312184193062661	9.137245435048e-05
0.426307797195959	-0.000414672441000403
0.689097463467291	-0.00061241077792469
0.535517495797707	-0.000597945210926961
0.0207189710486708	0.000109445562281162
0.106545884085673	-0.000177237262468724
0.110783968676158	0.000236937585329766
3.47265060209604	-0.00120467393583025
0.0220516962242292	-8.7717801119976e-05
0.568657782753903	0.000469884863274525
0.654436165248955	-0.000462770913671204
0.423742296967333	-0.000433954583898677
0.407453931870622	0.000448031917109931
0.682739764900744	-0.000526774033648412
0.306456607200786	-0.00035250158406318
4.75194367453341	-0.00130104272441204
1.6506959860658	-0.000891304236080296
0.0194299948403567	0.000108234957619103
0.672803993699346	-0.000481531517015745
0.634823138724914	-0.000616418483362568
0.789885712920202	-0.000400544041037493
2.71990899372954	-0.00110176672426702
2.60679769744325	-0.00101177957286458
0.972495352748042	-0.000629327824288975
1.02342871796329	-0.000663560217291432
1.35913514515829	-0.000788264232160769
0.00967963959661528	7.26987057836386e-05
0.266874084586489	-0.000298123794956291
0.00444412822358882	4.61683424561922e-05
3.91598561305555	-0.00129322798520904
3.05740077377035	-0.00127584589639822
4.031688545106	-0.0012289655321877
2.7487594508368	0.000897954146599632
0.214660744739415	-0.000248498464001442
1.13935743063622	0.000883952844109462
1.45877828699377	-0.000873660587182416
3.40474145596226	-0.00129782011030803
0.00217955792670455	3.37649104250641e-05
6.54705574251786	-0.00176371091795907
0.0860339367519723	-0.000162311280671122
0.464503763352763	-0.000383259087610302
0.544321284893993	-0.000531650385308944
0.465038791922734	-0.000365306187597202
1.22930573817069	0.000540325604419736
0.755821934037673	-0.000414584151617675
0.211246481426557	-0.00028287794516756
0.686624823271417	-0.000567135076353874
1.59656211613194	-0.000831019039369339
0.824972655861043	-0.000544832837099511
2.93632223199177	-0.00112914855652481
5.2154694645622	-0.00158533238848383
0.536152980492252	-0.000499232873432075
0.000767937043391725	-1.7149253126857e-05
0.189518106217955	-0.000240985185488346
1.50295604347457	-0.000876778571875559
0.00321967092669865	3.60227195647977e-05
0.411648403335227	-0.000471955566748855
1.42589526520086	-0.000792346958338679
3.16401459314359	-0.00105763994884501
1.03662645686064	-0.000539407220453614
0.00552942524917019	-4.08335734369809e-05
2.63750870582392	-0.00108872119984178
0.014794486579946	-7.09236885717659e-05
0.816268064765002	-0.000591870613529923
0.644830559078577	0.000477456880298225
1.72735644131312	-0.000852849155169063
0.125207104001678	-0.000207940431047144
0.265717188519683	0.00032147269002092
1.46897795056988	-0.000841078031529269
0.0509353581930149	0.000202549840652423
0.287578517811368	-0.000375870305675937
4.56550065060715	-0.00138969839266833
0.633905274899669	-0.000622348238985544
1.14229359173304	-0.000591011846895862
1.6649556544626	-0.000803155080932008
0.886564398875346	-0.00064675373359131
0.0431304284661589	-0.000137229944334053
3.58835438059011	-0.00127274166528073
1.54977670813797	-0.00085713417922371
0.00702002444419736	6.3891463509085e-05
0.0269486331727878	-0.000112612495706992
0.0619919710577518	-0.00013783954926103
0.578534849349223	-0.000419430461044143
4.03473521206104	-0.00139053914732449
0.00732796954843843	-7.14447800947954e-05
0.085006425364047	-0.000199934392454004
1.16858096114012	0.000591067640253286
0.0707363322184461	0.000159047807496742
0.189780289154135	-0.000295179265009689
1.8730138112273	-0.00075381847997051
0.584244662985758	-0.000467379455616424
1.85473413431668	-0.000967100337001547
0.485606047346055	-0.000500575874377885
0.916208610866317	-0.000618925621529548
0.262548846987949	-0.000367524371653199
1.1032509509369	-0.000451542318221968
5.16334990020226	-0.00133493055683933
0.00231531645831729	3.69998485145933e-05
0.731908755934188	-0.000536947238532864
0.0727122404115973	-0.00013851249143691
2.51049961775762	-0.00101340313493846
1.8534262945968	-0.00087916836165487
0.108383912922184	-0.000186435047052488
0.0326148825488233	0.000112254087211209
0.183154168549502	-0.000313778831258041
0.655888161096574	0.000457071543194162
0.116984109174937	-0.000210323871584898
4.49163626228989	-0.00131682433273242
0.832103791949363	-0.000436910274968633
0.0962146695018872	-0.000213558093978665
0.335446906602994	-0.000282246530063968
0.140643231661637	-0.000199601102310203
1.57401502874115	0.000775651246119643
0.8875308851057	-0.000666355213294056
2.98673098402518	-0.00104793141692977
0.322804950558729	-0.000420901350217946
0.00697801869119249	-6.05690775004764e-05
0.103400633077903	-0.000229438772551028
0.950470764281012	-0.000737202932887079
0.744410861105872	-0.000671000784275136
8.80289242748627	-0.00229862919828025
0.0140295013052446	0.000101195890783672
0.0260080611623788	-8.79021507549303e-05
0.0426811331937944	0.00011904937585174
1.82346051200689	-0.000736103102548927
0.0547391463963206	-0.000185449452730772
0.776708685279473	-0.000675110417311429
0.262764787446474	-0.000320423674450984
4.01553219828955	-0.00151947375335047
0.0247539638526096	-0.000104457024932455
0.838474033564843	-0.000621511578147379
0.363610350373455	-0.000401239382693113
0.22740391639976	-0.000346459799994285
1.16411818179644	-0.000638802564639205
7.42021373102399	-0.00172355945066418
0.721031328498001	-0.000469968923655875
1.95086312210055	-0.000940148255400727
0.392826101626257	-0.000390952482796007
0.401672697514134	-0.000447720029010198
0.319667896680318	0.000345006998434163
0.0154457650072318	7.47168627180228e-05
0.887807605453621	0.000572718718578028
0.341555017372728	-0.000407000164140732
0.162360533754324	-0.000251486894521031
0.486174377081199	0.000398661847946015
1.44931272546492	-0.000687139713462902
2.50005096388838	-0.00104042987219764
0.371351508213346	0.000285859229132865
0.956386738165737	-0.000557597681406008
0.446353425333405	-0.000367877687064517
1.66175091565485	-0.000850677534144716
2.04422177245672	-0.000962780853448409
0.336026855308654	0.000363984318294359
0.0420701407264815	-0.000117339312095852
0.00024883634180774	-1.11339354118724e-05
0.177089834704027	-0.000306867732462026
0.00386416638588543	3.61960048262727e-05
1.00031698243623	-0.000557623829483678
2.40891296837246	-0.00115040318950097
4.15425581391583	-0.00125569170362801
6.97870522602388	-0.00168721652869542
0.28061632230085	-0.000343404315732094
1.66445441929796	-0.000896341997528389
0.276414259892207	-0.000397222764947541
0.286702146253944	-0.00031333256422836
1.15418727916735	-0.000739029188415405
0.0864572580929123	-0.00020057806066054
6.64514859627468e-05	4.01613773598875e-06
0.135369612170147	-0.000206589310224343
1.06901037409049	-0.000791962740910652
0.689014657200446	-0.000515356296981242
0.0511643288273517	-0.000169573055855628
1.42786830503173	0.000724970104204152
0.597973851685535	0.000531377860976082
0.583079886604223	0.000399850216870254
4.04269648818149	-0.00144054163805684
0.112689549203476	0.000282340968322539
2.17989560569532	-0.000914995325865109
1.32013750186289	-0.000739235865743457
0.129436667280817	0.000224902029887984
1.31120482098183	0.000539072600190849
0.0948900433607531	-0.00020731643877154
1.22716884390148	-0.000773980887854376
5.72622173611306	-0.00147613030089241
5.14079013067239	-0.0019760323990805
1.13445937038361	0.000884431169146191
0.409402910572187	-0.000440669415495375
0.000925979671425518	1.89277934214157e-05
0.513430359567215	-0.000476459029009063
0.166555868700228	-0.000248737322588193
0.00307244634463525	3.41078780447072e-05
0.288161988591422	0.00035225893422867
1.46352634622768	-0.000866883019524184
0.0497024132518435	-0.000141647002943305
0.00111067586744086	-1.67453894532223e-05
0.388862748987349	-0.000375220831618768
2.17418141915718	-0.000845494158370742
0.0215212369573139	-9.00195579825264e-05
0.204439157800389	-0.000288289605929524
0.133487691626254	-0.000267657723783973
0.203396341077595	-0.000259156489200358
0.105571324330325	0.000209096984211094
0.824265952300968	-0.000583549091435316
0.589410503349706	-0.00061839586620456
0.000362604649001331	-1.3294645664912e-05
0.501814181543964	0.000519089953599653
1.19364650411001	-0.000782314337372479
1.94980969498351	-0.000874021718774532
2.24762777259631	-0.00106097871593524
0.612163179008969	-0.000421668849469165
0.00296630877849045	3.04816766408795e-05
0.983488482341308	-0.00074129176808083
2.92645282683824	-0.00103653839845922
3.22994539606667	-0.00132381618492387
1.59914419414522	-0.000908333039324371
2.13732347170603	-0.000915682762548386
3.28806641171305	-0.0010646271466102
0.227352365473084	-0.000388546795541808
0.676524100750079	-0.000509737634855067
4.25751207982978	0.00145009407741767
0.0314220859552607	-0.000119362028763818
0.00312920669021407	2.99699617538744e-05
0.569047833313306	-0.000409722247606831
0.0043527517326355	4.25450371353859e-05
1.15197979426992	-0.000667751792694175
2.01324854551867	-0.00097986648454059
1.17696163900775	-0.000764254981838465
0.467677903702382	-0.000438877103523323
3.58264490793533	-0.000997492903499027
0.591587886950371	-0.000508220282266803
2.50757687044787	-0.00123516087706739
0.522704334744123	-0.000559633103421404
0.121437863793592	0.00025382074119015
2.49220183456086	-0.00132605223663992
5.62189219757829	-0.00147855801053895
2.76457637231653	-0.00119576597184542
1.72659157117435	-0.000799413090000707
0.412256312360084	-0.000349436818356263
0.341475972603364	-0.000351381354622571
0.210072305471668	-0.000339804146104008
0.448176617799448	-0.00044447731090111
0.111880000617866	-0.000225762564407676
0.837789998870972	-0.000528139861164644
0.0610935992525829	-0.000152343070015474
1.53660453239553	-0.000804809746334826
0.0593573163039801	0.000129302959984301
3.35626453602816	-0.00110686661489593
2.26673688856955	-0.00102149552242835
0.0691003779325397	-0.000184537633891279
0.573836557973103	-0.000469483675621745
5.81596455088315	-0.00143285628139018
2.25953801879566	-0.000893687466053308
0.0381774914824887	-0.00011772998499147
0.418334911530914	-0.000357041317944303
0.858910543162582	-0.000569001189047102
2.30789711953775	-0.00105833000549528
2.901128174901	-0.000976911482923237
6.45410238193681	-0.00166992005790059
0.461362258527942	0.000386934735820434
2.27318729460512	-0.000998103927789388
0.880828981651098	-0.000617655826993782
2.36361580444922	-0.000985634256210248
1.97892011217079	-0.00103636694238767
0.965911678022527	-0.000561208573880619
0.0434203861258835	0.000131299487953774
0.771931910939486	0.000663482438566931
0.95897371258178	-0.000521212022377389
0.0472225520455436	0.000127795993612476
0.0434356627832031	0.000151400343359181
0.261056889210909	0.000294570568918046
0.337248775693278	-0.000375435168843703
0.926727602587758	-0.000567397691627448
3.27502179894839	-0.00108621240111435
0.719186410550539	-0.000630770514605116
0.0228137091355524	-0.000121997899511336
0.00220665231009586	3.09338797958561e-05
0.30764119195279	-0.000367675408003781
0.125731007057984	-0.0002533426008409
3.93751943101291	-0.00112907786461888
4.24039013034561	-0.00119433782738828
0.0664609997825633	-0.000150987157450404
0.939157208113626	-0.000600590209316748
0.590844324143508	-0.000466014685133784
0.380844018127141	-0.000424129279226779
1.13100761576512	-0.000727412479999829
0.433010121039119	-0.000425903341045807
0.0439842855945436	-0.000136239824720639
0.317040760369381	0.000336346854016709
5.16365329394618	-0.00135248260813014
1.7070983451061	-0.000887374188877377
3.22589584163817	-0.00121082985876703
0.0272114735670553	0.000145569267816197
0.0101506817233361	6.37810764553745e-05
0.0183173799569571	-8.60014375503922e-05
0.0611014186279134	-0.000176094946373401
0.188255273377106	0.000250866463166995
0.169774897563228	-0.000234427360446873
1.88123318819257	-0.000860766465113762
0.012395547443192	5.71327428932348e-05
0.402150796264856	-0.000420954975739493
0.782521977715001	-0.000553172583883105
0.101541393431976	0.000229234956726352
0.095246854951364	-0.000191767795139024
0.0731628357588516	-0.000193430857951683
3.7842251957229	-0.00136560839314205
1.51073171955108	-0.000889161944112384
0.934143800133023	-0.000626421604520308
0.689206357926414	-0.000568450925453546
0.243935855648077	-0.000378825101228217
0.113625495624023	-0.000223964132117616
0.00501520139098408	-4.78287780468435e-05
2.03199161504746	0.00095772803557792
1.9466192342228	-0.000782764470487241
0.0815028639223654	-0.000168557789858975
3.40293439966105	-0.00103677140196395
2.06674985424739	-0.000858846241523544
0.267976756998272	-0.000321289214008271
0.341223864841454	0.000319201857014589
2.01842766624219	0.000731635438099011
3.79172467323382	-0.000947868499011542
0.0615187215660662	-0.000155820573680227
0.327300854663501	-0.000356621202394889
0.209102001647796	0.000295919052907434
1.36325044847619	-0.000843267475093618
0.643614168649186	-0.000554171859130238
0.144573115136996	-0.000269859645761512
0.00519504881118387	-4.36160168026186e-05
1.78323921718296	-0.000796171714031803
1.50367603701528	-0.000943792126898504
0.948609675889153	0.00052474438909017
1.49043566326562	-0.000851675855709405
0.481009228392902	0.000500739130073458
0.862693053699782	-0.000615828924066338
0.00778278963388505	-5.83208522762152e-05
7.30236419941827	-0.00191441966068675
0.833884621043763	-0.000494590498211697
1.39424679542993	-0.000725278872989897
0.175564032871399	-0.00028514198083355
0.22027438742387	0.000249312475379319
1.27976159139954	-0.000690189824223819
1.40312886203271	-0.000680719787822652
4.03088961946998	-0.00117393117069501
1.50258212282502	-0.000823999626790509
0.703526589731199	-0.000528776899944725
0.266425533382989	-0.00037144736423226
4.78412666165533	-0.00137496408182074
4.10404044418198	-0.00144707682282542
0.165961565672819	-0.000228232611570396
0.598345863661657	-0.00054573780474384
0.981927873328339	-0.000607044519349004
1.09126744738674	-0.000688566732611516
0.430667446155901	0.000429812730100058
0.802678404904875	-0.000534924793576221
0.714564417602405	-0.000603686597851145
0.660734783074516	0.000481018455670824
0.280627611954507	-0.00035912860361679
0.86427262372284	-0.000585604106256279
0.00545901915192103	4.0096287443895e-05
0.0228785451257769	8.39218439326189e-05
2.00241848713674	-0.00112600626720459
0.00625402827843149	5.20174373715686e-05
0.719458927871506	-0.000515908457644134
0.725616116044836	0.000534221615013646
0.175255578733521	-0.000315105431723942
0.800865819877681	-0.0005364649415783
3.08696251125717	-0.00130318995893678
4.95195387613797	-0.00149410921238126
1.93214694120649	-0.000785094977478844
0.391918335100957	-0.000414883332007412
0.570136180664896	-0.000454067822897445
0.880837442481377	-0.000699898025470963
1.18674670387771	0.000763893913867894
4.28578520335576	-0.00160382979932615
0.015834368181226	-7.62910215019415e-05
0.186333925913276	0.000295503789577176
0.242199795670614	0.000310797439154998
1.21331813976803	-0.000717976239420423
0.673143997074656	-0.00050872187575101
4.6781347327627e-06	-1.67082319033809e-06
0.0107892989504857	-7.70582556042234e-05
1.34725416999714	-0.000753825000924866
3.85741860734888	-0.00102367428928718
2.47494980655607	-0.00120574282717732
1.00732650906946	-0.0007130508289206
0.816379046014539	-0.000599398689097636
1.45146837813288	-0.000740704161649132
3.77229643197947	-0.00140153275263832
2.59345035291779	-0.00105261766428069
0.416409163208587	-0.000426053634587478
0.598791563457688	-0.000639424818443797
0.251072084104903	-0.000354025833195161
0.194595042668596	0.000280319881934808
0.895577450319795	-0.000552142630945134
0.226463079903849	-0.000316244982342695
0.352109150527237	-0.000328629060095833
7.49330978286077	-0.00170419841237243
0.221290271644548	0.00029142286729409
0.0333937498374421	-0.000132764758493548
0.139367856959623	0.000232208043888966
0.157389934756467	-0.000242655257552247
0.781727899189509	-0.000554338264923881
0.0142185108826644	6.77207772425207e-05
0.843175289620627	-0.000621108171915561
0.0389847256705576	-0.000138685726892875
3.57240627784416	-0.000996114333483014
0.0304460689779947	-0.000118191834796257
0.669004956087259	-0.000568313690945572
0.872321392979448	-0.000622743259773714
0.020364196559406	8.51608338591074e-05
2.23773847004577	-0.00103448678926694
5.33084334416894	-0.00136276170435375
3.14992612092262	-0.00147482461196857
0.281054331823371	-0.00032472317984205
0.297074652389148	-0.00031103884405013
0.317702972009499	0.000329880421669462
0.63104741425021	-0.000476988532056731
0.00701789366620726	-5.67711181118117e-05
0.2740195741795	0.000377742932794025
0.327373618757546	-0.000374267390041063
1.02255620275359	-0.000685692890576566
0.936975234947963	-0.000608463571115529
1.39593050515304	-0.000702159651104226
3.57797686468495	0.00101165913914307
0.00530297382504788	-5.51451016768127e-05
1.76960442892942	-0.000927163427433539
0.111768430209327	0.000213043767088184
0.0712006844714611	-0.000189909260098872
0.205712897753603	0.000254574615345127
0.0980094108311469	0.000176830950807101
5.95573737954684	-0.00157054341894069
1.38092484915501	-0.000915180690648719
0.251757872266618	-0.000292328877785912
0.260311692378205	-0.000423688298482511
0.445163665226194	-0.000333529329358152
0.998712411316251	-0.000701950679172342
0.203355258931295	-0.000307049685135996
1.3295653361367	0.000793165559503522
2.63500865224828	-0.000943876873907119
1.80006544587257	0.000918699508527174
0.749975404934554	-0.000568787799067815
0.0488986571436716	0.000125000288892985
3.08915898987452	-0.00121424802363409
0.25534276891008	0.000293089128456099
2.40035913903326	-0.00100104475911124
0.0410063200994571	0.000154903205586126
4.25283656086582	-0.00119124138499686
0.0257836713431296	-0.000102797783954351
1.3546018603517	-0.00074927002092757
1.37880895295784	-0.000814176262118047
0.140702921566106	0.000212874521246988
4.87992035829294	-0.00144629934866419
0.0370208939512106	0.00013164190256869
5.35057338879938	-0.0017464014495788
0.314358484845427	0.000349187216298038
3.57038314343046	-0.00113110385357194
1.09340960764232	0.000777119098850174
0.439480347838111	0.000455225113204257
4.12518862818612	-0.00120655118632462
1.59335886755104	-0.000848725491872942
0.321100638062904	-0.000326062968184831
0.859253113942789	0.000590523527582505
0.0144115881365766	-6.83183167948032e-05
0.740537834092775	-0.000606038322334114
0.497359963441253	0.000477477383115022
1.77551446131255	-0.000876436766404442
0.394526005666871	-0.000450005597163713
0.69750902680142	0.000554001241366373
0.00545000155793797	4.77076107814308e-05
4.68143900613473	-0.00139872427391824
0.22603747457126	-0.000310824059927845
1.0208293254224	-0.000648264007666287
0.317079925818792	-0.000396880200214673
0.344748512794839	0.000395813850790549
1.32340990125029	-0.00079152475217843
1.33235746063991	-0.000807645505102299
0.0028274953739507	4.08890362076018e-05
0.142729739895508	-0.000230218304620563
0.00603086565010624	-4.94787524425674e-05
0.0464559117754529	-0.000109121006162275
0.799461268978044	0.000547334604052001
0.014459752357285	-7.78174570148736e-05
1.07058870516486	-0.000603461054674851
0.290836425841102	-0.00036106872165295
0.829180444973899	-0.000573129282640182
1.36381658744073	-0.000643132624312171
0.600341201472427	0.000600685336463048
0.235940096882245	-0.000311941671498412
0.0212147575108212	0.000132897546797066
0.802472271588638	-0.000639894263419016
0.825801779421221	0.000623671937710162
0.00216010364207925	-2.16887825512879e-05
0.000310744254491827	1.20667525158372e-05
0.00871789126465181	-5.84868387180439e-05
1.25639008233361	-0.000649116007072636
0.556255722768112	-0.000477559870573351
0.232448680118062	-0.000331160999289195
2.86294599952194	-0.00102379659877776
1.91779753310092	-0.000783860981188881
0.121323258916839	0.00019220118745053
0.106786961503986	0.000214668563910378
0.930689419127862	-0.000713139748198368
0.581622442335047	-0.000474105925399782
1.64159249878371	-0.000765493435096828
9.32508908918896	-0.00191079330662986
0.0128726644177206	-6.11781369590343e-05
0.362205877333781	-0.000427352570656267
3.93881300709968	-0.00122231297607951
0.0545429955103909	-0.00016153963319389
1.66134072050674	-0.000767464499136936
0.0417762909480372	-0.000122370779572732
1.44977041935526	-0.0008567218602448
1.25675066418578	0.000801198963246731
2.49917953722283	-0.00125731169305433
0.033216987109112	-0.000159358129406736
0.16156234460256	0.000292744541417305
0.242309504246723	-0.00027830146177191
0.0766599023154411	-0.000220477833062418
0.361307002915062	-0.000331488332631843
2.35313090646081	-0.00101255386956346
0.189869974620034	-0.000339939287035304
0.000890709955378108	-2.09554047471078e-05
3.6372976380387	-0.00102062595314061
3.42363818365422	-0.00118136242901222
0.0959175950881694	-0.000169662905709074
0.0884264696816471	-0.000172048453417686
0.111632037311156	0.000215027927838967
1.78254354713694	-0.000744962627911222
1.2941954536779	-0.000775270272377039
0.467053733356294	-0.000452507447196594
0.665665914675373	-0.000460651017239016
0.205698837905514	-0.000308576266792964
3.57305651153029	-0.00117925451052092
0.640265964147791	0.000489271815132893
3.13639393042089	-0.00129190600067101
1.40133054588664	0.000692420016141313
1.24772053292214	-0.000692292822195352
0.00829706504558167	-5.61220706387051e-05
0.330290923120741	-0.000270028842660473
0.671564286491552	-0.00073720492207034
1.25035064219624	-0.000752323908366364
2.25496637838024	-0.000790770586133141
5.21800758347699	-0.00147285079175199
0.421188939631836	-0.000329856436772266
5.20188424981086	-0.00133947191505713
0.699460371034065	-0.000614016128545306
0.153706450580391	-0.000269372722951658
2.7670472982911	-0.00109238679423422
2.49515614599907	-0.000807383039793355
1.481245165432	-0.000808533669169618
0.136027564886215	-0.000199957250536
1.90342633603003	-0.00102317567914731
0.0651880714429309	-0.000183418880472656
0.0196388139871936	-9.96978320352327e-05
2.74840900911644	-0.00108423511788157
9.44650190894126e-05	5.98801702738687e-06
0.551926343584786	-0.000426958420390909
0.00334615656948951	3.10260835086376e-05
0.179545169695958	-0.000236011887474
1.65986635089892	-0.00085998423344716
0.0386661511733563	0.000119041352660175
5.36513192471988	-0.00139899230183694
0.114969174048853	0.000229583919347839
0.124073676362701	-0.000240798461927478
2.61221796961542	-0.000931165055384365
0.921641120540753	-0.000654512869162213
0.540205500557114	-0.000514970652090551
0.0472442997456183	0.000149342368850503
0.427280150135785	0.000361579701876308
0.231126471921994	-0.00030710988930862
0.314401830854711	0.000347341485684868
0.22272331530879	-0.000284740422289053
0.704235201898132	-0.000629123940792967
0.275036200923518	-0.000344821630124306
0.328620238160056	-0.00036103068624151
2.41078376550601	-0.00106521507653949
0.694536840959181	-0.00053039179142296
1.72482018421539	-0.000940080079007913
0.730102283747025	-0.000650314456664874
0.986130766517334	0.000644398890097665
4.29117683830035	-0.00143246393898069
0.303597364308396	-0.000343680811459232
0.0529003817151737	0.000158079784694412
3.34182334365789	-0.00136108084280089
0.148517754508176	0.00025101256097652
1.00302585001134	-0.000748262818287086
1.61414007351826	-0.000707689366438638
0.0841151127973211	-0.000183284408374666
0.0190571091306209	8.79469404644607e-05
0.292963764954761	0.000329527764318359
5.43559974548056	-0.00155895288407992
0.160629568072928	0.000262652465312
5.17200700619936	-0.0012259670654115
0.0195544417272541	-7.84551724940694e-05
0.0611847506499079	-0.000137619860819817
0.0885715293328506	-0.000180230039018325
1.37628784480888	-0.000600656442923809
1.72350254272466	-0.000838661934943055
2.49573216668537	-0.00123644153915164
4.03246756980114	-0.00137266719611712
0.0479680421388259	-0.00012416905578083
0.54176117341624	0.000396509995712592
0.16130069613097	-0.000210099764553651
1.66731924026032	-0.000867286321826568
0.14421511700154	0.000259329730498997
0.885367244728724	-0.00060244110662868
5.60407094336632	-0.00139819156887192
0.593125119951098	-0.000418385435128097
1.29934764020073	-0.000884766755803033
0.00999848700853473	8.21017717229627e-05
0.583538629015209	-0.000498028162288414
0.318876850712725	-0.000367022556706514
0.0346129518582738	-0.000117934431942509
1.62598736978823	-0.000994458567366754
0.873384128320505	0.000509696004498603
0.946059476928707	0.000668144144623806
1.57845940055915	-0.000881376754276214
0.161266172206053	-0.00021303978617966
2.32960086817585	-0.000879233895397233
0.105128786563655	0.000220383895888105
0.0296539264009067	0.000111788795882449
0.817243113520104	-0.000599577225374352
0.0247554905743674	-0.000120064632023687
2.59655863643065	-0.00110200749776862
0.437586642315086	-0.000455131952811756
0.13074929997107	0.000220516649223072
0.0211055175346238	8.25854918471865e-05
