R^2	beta
1.03048507725229	-0.000585453465961468
0.0640734583152555	0.000148743076714736
0.706106565199055	-0.000461284501436392
0.0599912268411416	0.000131894836108003
0.00230461694904545	2.99515679719196e-05
0.354189124027526	0.000313201494915253
0.0940802610953842	0.000163487309162264
0.778741353808692	0.000535316056506051
0.0082655811978919	4.49508411781173e-05
1.43233673786822	-0.000546926487392217
0.209001143561967	0.000259818989802678
0.143356489331782	-0.000192327749479219
0.169558892987533	0.000222111682673234
1.34604298209843	0.000741531341457852
1.38243840264546	0.000561660715298518
6.51973330529052e-05	3.65852807797914e-06
0.0838570900080577	0.000157086700983593
0.850256813870157	-0.000505648890856564
3.32540335061373	0.00111601135349108
3.68379427196181	0.00117656223418891
0.462749809732775	0.000421270076729077
0.000145574418694468	6.48258565132872e-06
0.0436404280205307	-0.000109236476800435
0.196963741438532	-0.0002765330495215
1.01410509101723	0.000589624027485615
0.733284633771081	0.000477243227689653
0.196375821723265	0.000242265655061755
0.0499169944472714	0.00010789404867893
0.204047963165716	0.000258221130801825
1.89839969633816	0.000749671155414109
0.1090125239434	0.000184606170041414
0.0515220132495125	-0.000111295914338535
0.949260971404962	0.000556981411727289
0.207507829277018	0.00026310543807106
0.434572505031676	0.000312704934287797
0.00401569705481473	4.20319146439984e-05
0.134320473419153	0.000177187746251458
0.00774146539453611	-5.0282974898895e-05
0.104704892482842	-0.000165735631229437
0.569726223402997	-0.000397903804614101
0.69079570695626	0.000498433467175163
0.402398802133185	-0.000321681841816739
1.66622679979278	0.000707469706121752
0.0891783028445931	0.00017419604578534
0.106484256768659	-0.000192741058087783
0.130114139521004	0.000218282215540194
0.180660085369826	0.000270111167931414
0.337637676270702	-0.000297579515502556
1.76875759137425	0.000621782860042164
0.00625804121996674	-4.33613257781522e-05
0.0687087725571381	-0.000175307491657816
0.47048217762125	-0.000455704242856955
0.163833352678023	0.000242956708232286
1.3653667286096	0.000635598669093594
1.28278088903189	0.000659640140767947
0.226615755605473	-0.000312973679044885
0.118455735026922	-0.000194433365708482
0.959242122382678	0.000651639036481909
0.0727920533340275	0.000159810426523436
1.62186877569389	0.000727769201574761
0.0505897973657958	-0.000115153653299339
0.18328682452531	-0.000201747136789029
0.0848650918557911	-0.00013075476109287
0.454049354369067	0.000533592717922792
0.326560322365089	0.000346107735659682
1.52552693868629	0.000834417621705856
0.00173947912929678	-2.61295559782781e-05
0.84661662041347	0.000594492098070579
0.0344299678037595	9.52850890026467e-05
4.17024082435425	-0.00115805387000118
0.0311212223713579	8.51965814534397e-05
0.00112615582871461	-1.79377110936497e-05
4.10657152419983	0.00138424420068866
0.429348611304383	0.000352412238401641
0.704834075389153	-0.000458738350416108
0.110996682424479	-0.000156178165975731
4.36812533279739	0.00137223069117949
4.81816368347995	0.00118404907619208
1.51967728877962	0.000709806908798163
0.407641825932924	0.000296990956835796
3.79617008251335	0.00109680895753833
0.0549255083908672	-0.000121378348068923
0.000583247974853982	-1.59147012570884e-05
2.5736893866647	0.000885959601859373
0.0136168104589559	5.57819400176756e-05
0.0409996707537448	-0.000130649557386787
1.0105136644062	-0.000546415601159547
0.0819742257031872	0.000133429211495208
0.18561589656442	-0.000207715849839904
1.48240829056287	0.000716382498692066
1.74646042262224	0.000739821733491684
2.72512280067397	0.000902888424444042
0.000871149163730435	1.65600009127657e-05
2.44668717122363	0.000865246334070166
0.0705382824053385	0.000139811085550974
0.15970807396937	0.000200571329694374
0.0452429500358626	-0.000125386066653444
5.19675877217671e-06	-1.22930563367439e-06
0.0849522797452701	0.000161897084429218
0.000258738544273983	-7.95218675883637e-06
1.86483819361461	0.000955916037663712
2.41452255183717	0.000774516366291856
0.565081297462106	0.000405377081202535
0.0356040696183092	-0.000127136960936986
0.215147186334566	0.000261874292335643
0.349494280945793	0.000344501678812072
0.0147820283522604	6.16771701320446e-05
0.772998449428697	0.000483078027755904
0.000566632025476704	1.38608759163342e-05
0.165412685323852	0.000236703849254176
0.0306768116568019	-0.000144900870364586
0.232108751450955	0.000292993336221058
0.106796885109814	-0.000154208843251334
0.232772160141937	0.000270594829231503
1.53235039626922	0.000620306407029979
1.46115080579696	0.000756604311932028
0.0938657982979186	0.000155386386241497
0.0821122735824891	-0.000140098234469592
0.147658770614523	0.000202688473596539
0.727319168310195	0.000478892210164966
0.180117749737373	-0.000240940295849427
2.03729019151728	0.000939739788523391
0.00363982675813834	3.25596817895901e-05
0.456794366387889	-0.00030044442617718
0.141777152660938	-0.000241414658557805
1.12689943895116	0.00055589754726035
0.572067816116988	0.000387276547349308
0.230316578267319	0.000327474123357974
0.279227663561964	0.000325361980077522
1.25821058996102	-0.000548480287466729
0.491142622439429	0.000341421817984143
1.34239355252278	0.000770661557469338
0.846222611245886	0.000550716710972405
0.36388584988214	-0.00033545385489953
0.00673837517567132	-4.83264184688082e-05
0.00224217567705974	2.79407658200666e-05
0.000715265321564603	-1.44243817855195e-05
0.782493276631386	-0.00046069045188579
0.0415661873504459	0.000112705068685267
0.328103444715367	-0.000326350408824866
0.000799276954564774	1.32199832280392e-05
8.79016030684224e-05	-5.45034587194277e-06
2.1666657068967	0.000854997702519288
0.884680499979816	0.000494193652521517
0.285821950125911	0.000369442475593129
0.208745562001297	0.00026660469746208
0.00206797139705482	2.72158913917156e-05
0.308599642927154	-0.000263069823119987
1.3334875534154	-0.000572386785689591
0.175709615951759	0.000233743137448954
3.23995196258523	0.0010554142562377
0.223262840459272	0.000249858392258244
0.179999576758652	-0.000278797366513927
2.06327421195106	0.0010354936760585
2.21107522006956	0.000802728762787122
2.22831662258614	0.000752525461094199
0.673468291457353	0.000472379024947905
0.0286014512250303	0.000122144217114159
0.0772830767224894	-0.000162819069842182
0.750807725167183	-0.000561967413624337
1.34908614026323	0.000575895785099411
0.498058479263513	0.0003832469437422
0.603822899707771	0.000520389395069744
0.299867795847217	0.000289615446395817
0.167842921109087	-0.000232331658138913
1.61276253191866	0.000761167216363233
0.0175360554719272	-7.22992077527583e-05
0.168990939802925	0.000248483686816723
0.00350293503504665	3.40224807287148e-05
0.406825150474322	0.000336802848694976
0.637001347532455	-0.000395310646260857
0.0409005810221837	0.000130182565319118
1.23381257085931	0.000627460679460654
0.000202105946842102	6.67561343672875e-06
0.354049113587279	0.000292067271158094
1.02907571033335	-0.000594222606882068
0.235894562293187	0.000252158976089006
0.818567321909348	0.00051295899067287
2.79657000824629	0.00105922354967035
0.326934922422597	0.000313445094461312
5.96308477222033e-05	-4.35254068310577e-06
0.0697158143359287	0.000148969756333434
0.00380540027541435	3.88452700147733e-05
0.0392460918416178	-0.000104738098479016
0.00933498574895706	5.4851520285218e-05
0.124709897660935	0.000194767160589047
0.295565128315284	0.000296375805213696
0.351870916578979	0.000316994351452708
0.00242409596771811	-2.39933767531557e-05
1.29838547701739	0.000738927090577765
0.000371556445917553	1.13287630218368e-05
0.288213778306664	-0.000261592918584063
0.584597321475746	0.000384884117595451
0.22887308445636	0.000243505129827077
0.0138554430099716	6.61039668679363e-05
0.0156586756929892	-6.09734927436102e-05
0.368078281857025	0.000298172881822394
0.530870106256492	0.000564706130087862
0.0309689377777212	-0.000107188311150547
0.00638537896062798	-4.6195395208467e-05
1.66058798836625	0.000656318088439704
0.852015737929641	-0.000482418434113812
1.48544305861429	0.000554769996063185
0.186455697533317	-0.000243886121091866
0.618347820022625	0.000416928374891797
0.0755151670900007	0.000150829699270465
0.00169447389169989	1.89971133393474e-05
0.664474530406458	-0.000435773169205663
0.0347905863781775	-0.000109419468188259
0.327721789962126	0.000320353689037588
0.30127957364345	0.000343803582211516
0.0202947478965658	7.87232415790764e-05
0.046009050855519	-0.000105834032010168
0.844003286261575	0.000494467834456326
0.0202927343565552	0.000101855186210641
0.175239434262059	-0.000229543688975515
0.247981621750762	-0.00027117728034602
0.738749814560386	0.000497416203550031
0.162073343331694	-0.00025826273352815
0.881743596834249	-0.000382823466284495
0.156070220930369	0.000158314702517222
0.044392251770019	0.00012670574031118
1.14884275863765	-0.00058595950481097
2.13985279734523	0.000851354017296374
0.835787717273989	0.000468294973893341
1.37900700183901	-0.000727957031892221
0.00356549725993811	-2.81159579878577e-05
0.39601879196895	0.000437378038251412
1.87026255421553	0.000816678313622434
0.437365165539045	0.000352019734171495
0.541883507830725	0.000400127741389583
0.255894157242625	-0.000305658782056259
0.0285810539005829	0.000108552127449845
1.72015433484454	0.000608763631465225
0.275267043572882	-0.000234318043103901
0.193015003111694	-0.000278211430152656
0.0425300169150282	0.000120424504398049
1.01122240892227	0.000487680338748548
0.149757446541831	0.000225700304223432
1.62789568490498	0.00058400947299304
0.119226288389898	-0.000226394432481548
0.348017725600375	0.000293782696901073
1.02984095731647	0.000567529080885234
0.328292643534496	-0.000281979648945155
0.000333129439425566	-1.01266588182482e-05
0.229849535285536	0.000228297014234646
0.0199973669103376	-7.62248752779817e-05
0.0848551317956629	0.000161515956849566
1.57284067023657	0.00062108546081951
2.97120659681225	0.00109539570549048
1.3971722909771	-0.000635787584032239
0.0112375791930002	-4.77723073768811e-05
0.0986176566973569	-0.000167466417919007
1.83134402813675	0.000858171366356003
2.2547772732398	-0.000787573984446923
0.012142370794851	5.96853902728804e-05
0.167150131638867	-0.000219694976376199
0.404418718159304	-0.000305041157209625
0.188100774001349	-0.000205260727806895
1.31681181431724	0.00071577817757011
0.57028350274659	0.000483223743967064
0.072618539006048	0.000127300004829362
0.21592571860817	0.000350506093670021
0.206081808580722	-0.000214683571275478
0.233203603281364	0.000263649562632235
2.63518188889153	0.000725304728716219
1.69732058871835	0.000749529373052056
1.0480103001387	0.000566813644585853
6.25407139531104	-0.00153077251798918
0.511376483424574	-0.000326634850208825
1.52567205825033	-0.000652129637045849
0.180071313061577	0.000205707473258855
0.00182954670882882	-2.3098460196946e-05
0.867999442263675	0.000387196533176191
1.53763259116024	-0.000639885773535962
0.312282905654044	-0.000244882032818083
0.216691672319569	-0.000288515466501951
0.0760565095100021	-0.000144199168530932
0.223654115404881	0.000249560815350373
4.52677302909343	0.00118956927091023
0.724670065849058	0.000383699559838035
0.074714819553555	-0.000167818835400781
0.232250842132899	0.000273499457103494
2.42463629069597	0.000845389337197367
1.21025025281886	0.000654988857797691
0.193541665774379	-0.000298246105718853
0.325488683227545	0.000367603012303746
0.466850666283442	0.000368874679613375
0.562846666466484	0.000365330705791785
0.440773147725238	0.000392002825160059
0.0146843574853312	7.57963175639582e-05
1.41652101346894	0.000580593311796202
0.783057663138694	0.000500008501125126
1.09670151282696	0.000644336990414362
0.417326433150009	0.000386921491445802
0.410168543421589	-0.000307136598248578
0.779669730441424	0.000424833486176415
0.598403890405004	0.000463999230515388
1.64713812372613	0.000795176522467114
0.00631564765618655	-4.08970571593078e-05
0.101669922917688	0.000215486247397005
3.71218972393528	0.00123693355601553
1.57252149713218	0.000642946311376909
0.0315802205920082	-0.000126851379870709
2.4569670313772	0.000870249167727337
0.0393979010325923	-9.70898469201509e-05
1.73023740621272	-0.00080207717948112
0.0479065260755717	0.000113684876660608
2.72867283283426	0.000991317880390457
0.273425873146685	-0.000280490996706307
0.0536294848507619	-0.000125449480937014
0.241757210852854	0.000266053943234605
0.296143253117351	-0.000406575086134878
0.0594451085517757	-0.000147509408657877
0.310619342251406	-0.000279333534940322
0.0268439709219109	8.63674304439703e-05
4.40626250276139	0.00116997404623169
0.195728447939256	-0.000219035795258812
1.59972644876511	0.00079088760889508
1.76053437744098	-0.000806910901147827
0.494233161340752	-0.000385841785637877
2.46353846838496	0.000758197121884948
0.588926729860459	-0.000437520058839008
0.485047274021469	0.000421103424411878
0.262413623319745	-0.000387765875930627
0.161394921983387	0.000228099328354211
3.07229844977343	0.00103019262338827
0.659809858061994	-0.000441970341463531
7.98094238070559e-05	5.64322559713376e-06
0.828744196688836	-0.000471749574611597
0.10548162022949	0.00019462908613639
1.30418982697216	0.000628296374078275
0.305263277968919	0.000310570880163751
0.0412929525593574	-0.000110699501608557
0.000770037406007417	-1.55560696835789e-05
0.641158351445481	-0.000442852096360801
3.74134529874782	0.000985608010624869
0.41557096584634	-0.000390643264649835
0.250095230996703	-0.000270364856445028
1.60023498086507	0.000675370547424439
2.08841997228982	0.00101612721066616
0.0887094770210502	-0.000190188115102136
0.0322178367227444	0.000109302470885726
0.0609438224319921	-0.000151800808837719
0.174402739016183	-0.000243453285737833
2.89082041985235	0.00102186965053402
0.806926483261276	0.000501916910109442
0.0781939931318878	-0.000147274147606404
0.307490374377682	-0.000270140463406953
0.924400674207129	0.000683563129437801
0.0324876663266516	-9.59138034547653e-05
0.358835349300111	-0.000270578433901394
0.0729270885345833	0.000142844983729563
0.392663290217627	-0.000259696466478393
0.439521277221599	0.000409017516206948
0.156339723580797	0.000204868614641412
0.6190118615815	0.000485162279338199
0.246061375235512	0.000318328873123266
0.0372366468331682	8.69765435219907e-05
0.852406693075309	0.000472555019073296
0.0131795216822464	5.06612476992016e-05
0.0261336786808166	8.81485427669745e-05
0.27700379159366	-0.000296692800041815
0.113818226630288	0.000186253406664221
3.20864189115806	0.00119799592639879
0.427061906895062	0.000315108355456345
0.0946536016902285	0.000163795774771764
0.163333824842955	-0.000227651856282339
0.478918357488959	-0.000362787362452035
0.0329483196051142	0.000103932429820864
0.0120126205829841	-7.20329909852866e-05
1.09657465269182	-0.000588045444735079
0.0120121877978827	5.84346221725385e-05
0.0115238308841689	-5.30750179372374e-05
0.00165723195611438	2.12833719014912e-05
0.0371983146918533	-0.000115483869204375
5.16440442568258	0.00112928973542596
0.880396898956952	0.000529855070813076
2.84920410581245	-0.000909102396388873
0.23448897682011	0.000303399735594043
1.6205090531907	-0.000819221913440227
0.160346151933268	-0.000171919010587604
0.137147560194707	0.000171640551753223
1.18083114265669	0.000638615338486746
1.73092031390133	-0.00076566362498909
0.364607014398642	0.000318035496734192
0.961266348578333	-0.000606332232183856
0.0574683795457014	-0.00014729232719219
0.587964117175863	-0.000503781455135234
0.0097233765587612	-4.61411273939658e-05
0.65342569791123	-0.000436076683476611
0.80916746893638	-0.000640646845074668
0.290216183612307	0.000274563098030023
0.237345385346209	0.000260886487374542
0.0792346828851809	-0.000157278044483878
0.139058953110859	-0.000237741054651717
0.896078871173116	0.000560822396987079
0.00759008398015525	-4.62657720202533e-05
0.791542946560827	0.000443514093105132
0.880987041370098	0.000401786790293402
0.0692233773377085	-0.000158446793524639
0.0309880255533645	0.000105540355184602
0.779424832937544	-0.000503792331875111
0.374062653552882	-0.000346470999339112
2.41997938805375	0.000864945633867238
0.0400801476004878	0.000114723241418422
0.341379623824718	-0.000314481251447861
0.462696984706681	-0.000371062949174019
3.08232551735959	0.00101256766779658
0.0621007713479671	0.000155304283876869
0.389261215146847	-0.000316437172584163
0.122663270084842	0.000203620754105414
1.6962060504988	0.000822262398402889
1.78669781146649	0.000928665768640606
0.0270056572766756	-8.89766536132299e-05
1.1371165690483	0.000608741632741204
0.327797048912915	-0.000310784494092253
0.925113386105969	0.000528102305009879
0.0186277531665309	-8.08165823497173e-05
6.28418062615184	0.00152331584559983
0.0308031322223489	0.000112769139929364
1.74508642733374	-0.000606157978600996
0.00269597678031271	-3.05942068227117e-05
1.5404127659105	-0.000729921516787188
1.39240438933383	0.000772790516905953
0.951974924581771	0.000513390679436929
1.31404224782537	-0.000606357322790093
0.00668244445318294	4.68181652755898e-05
0.0055907681638571	-3.37776025057986e-05
2.32264853620948	-0.000902693004136989
0.0412572821497419	0.000107583454472681
3.13793112570872	0.00104837158798829
0.314370710804093	0.000291208350398553
0.146739910553672	0.000208169284894069
0.00293073826489967	-2.64820804037792e-05
0.000938357513773724	1.59580155914297e-05
0.0749808615721076	0.000134453194771452
0.29869246187629	0.000315785473303166
0.0187071462469857	-7.43577158517465e-05
0.256391869048675	-0.000271877455349143
0.11083702985371	-0.000206500347586807
0.705756072967343	0.000459893884202392
0.33916531369388	0.000403192723238304
0.000271065940515162	-1.06227105586557e-05
0.235715350581106	-0.00029105427548665
0.534046388440464	0.000338544884905665
0.005935914787993	4.1938611882561e-05
0.930619085888116	0.000497911972540247
0.576754647503649	-0.000407600726790779
0.105107402419409	-0.000169394105859758
1.14117674004364	0.000799331492685878
0.519929806246085	0.000435047367546116
2.67626100803719	0.000907737993450415
0.000151677310451522	-4.99117035317165e-06
1.29874346810685	-0.000692790576074094
0.87668747317348	-0.000498325556015407
2.45520128922921	0.000792442828254217
2.77524056507489	-0.000835196525530635
2.03276000438752	-0.000833214436896095
0.86960774059959	0.000500374917378305
1.32681386219403	0.000571612316796715
1.0459786976684	0.000573680697360037
0.177011374346949	-0.000229551260214179
1.70213565290646	0.000798141944393831
0.0146107895524435	6.82480026345797e-05
1.15622001729776	-0.000517051195468321
0.0383577024498759	-0.000103614689579783
0.126285108111573	0.000219328234848352
0.0244663736938336	-8.2191885287679e-05
0.118426927680957	-0.000202314009895884
0.00209680143231092	2.51283117887353e-05
0.0250198124242902	-0.000111534896677539
0.578957409308114	0.000422698819837324
0.0953031727529995	0.000174039328937015
0.161637942098944	0.000211784352550554
0.025111098102481	8.20949096864419e-05
1.87961032414372	0.000700413937766016
0.955234551875667	0.000578465972038785
8.05776117358554e-06	-1.82042000664111e-06
0.0142445782289572	6.47984630049689e-05
0.0275299198591087	7.80333059764081e-05
1.23829999371946	0.000591678369498267
0.0668540009054316	-0.000132873879397871
0.0878218173433739	-0.000183295793132234
0.133966694936667	-0.000203535860906499
0.64498814801425	0.000504071597619494
0.364311640028499	-0.000315836963367821
0.571157156514879	0.00051755518285708
0.0257135552770791	-8.0315045318802e-05
0.618064530612085	-0.000403768238805494
0.084141718512826	0.000156283172070427
0.0109221360276402	-5.75809605048254e-05
0.937411642845267	-0.000517796674341973
0.318250721775761	-0.000266478105088245
0.265325764895638	0.000286372735299987
0.952036746215163	0.000458752383879911
0.24452212142428	-0.000216542360600464
0.00412200971947289	3.38064646000581e-05
0.979737392615741	0.000531278271366141
3.33207460116428	0.00102969973217873
1.12409267282776	-0.000568624221044147
0.415479510851004	-0.000335027053701012
0.0296892979698999	-0.00012074112118358
0.912534952446115	0.000475845609008728
0.754576407306241	0.000561124368247478
0.586062942767827	0.000454338750505052
0.156514999456891	-0.000223105122943297
0.129266441319928	-0.000138624868012298
0.18006204641002	0.000266675151717232
0.00799733908784798	-6.10625364368936e-05
0.309247877669222	-0.000325140768377656
0.0357685143777259	-0.000124464917854743
0.0356604143814085	-0.000106478172947812
0.10519324362847	-0.00018302621516238
0.321312186832997	0.000290557283379202
0.888400942578913	0.000568972174670376
0.095341183281338	0.000181011922041392
2.79813885927357	-0.00105452992201988
0.226783199440926	0.000317261070552267
0.197051237869951	0.000278896030239021
5.2728280102977e-05	4.08050181659957e-06
0.247082357263536	0.000286760789608476
2.61607351256045	0.000987121997012743
0.505063025714003	0.000421801773507909
0.197025068650178	-0.00023980479884117
0.104820054314411	-0.000205206941543061
1.15072179086119	-0.000578772377802573
0.940111968362377	-0.000486737898056648
1.60645817452748	0.000656714740419411
0.119916169463704	-0.000185709335843988
2.28770914106624	0.000956371529778146
0.783086659237928	0.000537348829045547
0.609940095621746	-0.000464590255153945
2.50619438932216	0.000905930369409091
1.64548603161456	-0.000759806453458401
2.02811260626919	0.000656968061235669
1.55528314752355	0.000673023660102767
1.26719934975482	0.000480560785643654
0.223881673907005	0.000319263898457343
0.0698742933297705	-0.000148441362742749
0.149228054312182	-0.000194881709562807
0.0808460708273785	-0.000200197888396456
0.368987879579209	-0.000374611122524693
0.00427159310366278	3.48129480688464e-05
0.0842598182888008	0.000134741241322739
0.00145378375587497	-2.10169378959132e-05
1.26304095625391	-0.000574116624588279
0.840059375676882	0.000498028337092408
3.78045468468019	0.000937186610330557
0.553651239898914	-0.000408855963718364
0.08938824578155	-0.000191769950469626
0.00812906641569277	-4.90828398112013e-05
0.142348312289651	0.00021847516300965
0.00201645112842582	2.79450747233292e-05
0.829426690175082	-0.000449658197034972
0.177011725894979	-0.000210728456930232
0.0643934796146627	0.000155460780882961
0.629036908000521	-0.000425913050674201
0.00325127567787752	3.02554235481921e-05
0.509807372509198	0.000348409093657565
1.28954768383338	0.000587695833840956
0.0117800790956739	-6.52933261167304e-05
0.391760098783098	-0.000238055873848025
0.667250671363804	-0.000439242412042451
0.00392808337797966	3.00117880549486e-05
0.391967576284645	0.00035092038964001
0.0184518392374361	7.91854691876447e-05
0.0462196663735806	-0.000124129709974692
0.64283720191666	0.000434026638084167
0.134595652887514	0.000185242019071172
1.04112044758358	-0.0005874224434462
0.26509524902309	0.000266769112382527
1.58366201642028	0.000630015104896881
0.0418097241876004	0.000115089434081262
0.000447846801508308	1.14791007328203e-05
0.173978660154485	0.000196195778751618
0.185769315210751	0.000220328521492487
0.0028788153613285	3.07067805402018e-05
3.52525789127941	0.00100995374586944
3.84420026597162e-05	-3.58684309207494e-06
0.749703106478712	-0.000597409860836815
0.259994189979732	0.000275793248275299
0.113728238569762	0.00016098776825331
3.80152019470546	0.00125064466373552
0.84069744587157	0.000601471977257261
0.0570834535977559	-0.000132704831731981
0.0155707607668842	-8.52354646705719e-05
0.295396132298367	0.000383259455945468
0.0484629804918898	0.000123839729524565
0.350459414661155	0.000386793358861443
0.670968319630158	0.000457609706942571
0.0871495782175162	-0.000202162364846658
1.78786895702109	0.000957073154896206
0.242776886107474	-0.000304903644510551
1.77973526787024	0.000727432139497248
0.0614779076603957	-0.000100395591706815
0.151466058451717	0.00021919566341484
0.0212767220872978	8.06976869202155e-05
0.437863978381008	-0.000323861416262898
1.18900852971183	0.000592812153777416
0.0173110986163314	-7.07887183197403e-05
0.601175500139862	0.000450628875578223
2.55992711665219	0.000921016626031974
0.0140334120204424	-6.66688990160557e-05
3.14572299792761	-0.00105406844464763
0.217928236842861	-0.000205226721927717
0.197977048076277	0.000286411668021846
0.0665307639540893	0.000147801041530522
1.34475418151985	0.000727567954766767
0.752538620880846	-0.000451547694571627
0.0153806667352816	7.38013490918043e-05
0.364966346590878	-0.000361641213675261
0.812417292388157	0.0004992039482873
0.213124276311147	0.00025935052099402
0.0707134518988373	0.000161073591477919
0.622846702016523	-0.000427348881767172
0.0414668394008394	0.000108919510388517
0.840193189752171	-0.000507723615637198
0.230144472743683	0.000292683113689203
0.501850744781453	-0.000397294161872652
0.352966338348976	0.000291687580052079
0.901231667997342	0.000517503803535425
1.2966672097673	0.00067380212204756
1.74797136110128	0.000691405707850941
0.00400062685867219	3.56699813007879e-05
0.425849193745399	0.000344092207817927
0.00179231726310906	2.47442939173419e-05
0.482814914573794	-0.00045016237075993
0.281030163161231	-0.000206935273707022
1.12753332850742	0.000725891598577464
1.82964783164699	-0.000622232523671726
0.73566158672452	0.000426190542029958
0.503055416227141	-0.00032939339172188
0.339063866873516	-0.000330999907320571
0.258092257581752	0.000286245073529416
0.188448728509079	0.000274469908464417
0.410502859697482	0.000347233199912964
0.0258737160670734	8.30521581372676e-05
6.23749148407438	-0.00137808222998782
0.00519314212595222	4.41269499565716e-05
0.134115243588402	0.000202704571707458
0.120118695465164	0.000211355319636837
0.0134302563022267	-6.88689514651441e-05
0.0819815557762607	0.000182150061098055
0.594943830299662	-0.000355090290042926
1.7934316118809	0.00077984799591281
0.0168868398974615	-6.52983124233767e-05
0.0151238237587059	-7.90048005885674e-05
0.445362293968712	-0.000406686104584666
0.41751806191062	-0.000262427784142099
3.23021102391882	0.000961495285875624
0.34871114455786	-0.000384608700657024
1.25526460745786	0.0007586680253516
0.0156416818159775	-8.32982032581194e-05
0.159491027796686	0.000228806236001012
0.160287579626413	-0.000220619647888052
0.136196883763591	0.000217427371133422
0.357447203023304	0.000373585851823299
0.0127194250162086	5.94686959500502e-05
0.458549859172619	0.000376344850975573
1.477631349591	-0.000683729426571471
0.156471315043776	0.000241504855537382
2.20751480599072	0.000811183188948093
0.0179624092458737	-8.18978500612974e-05
0.12916396134175	0.000239923665530629
0.392706763474944	-0.000330034652199368
1.22799719109472	-0.000682658331555911
0.670168815900923	0.000414828616907696
1.31182951655526	-0.000724840707658516
0.737950965917198	0.000423095526812552
0.864910770639125	-0.000526106837353439
0.00146383063443792	1.98187730682986e-05
0.0121191950792301	-6.47403640643976e-05
0.941030347350249	0.000495232649380126
0.00185244141229241	-2.56506962515264e-05
1.59580520584613	0.000727336169849375
0.869045322311368	0.000508771265765507
0.31744423668169	0.000355579913990869
1.45561415240773	0.000649740309729786
0.556349242324657	-0.000382415872939826
0.931194350155044	0.00066684880586604
0.00289549546458715	-2.51979486115863e-05
0.125492841208545	0.000221860368710719
2.59728836410251	0.00106620680784358
0.512960759114913	0.000355573519496312
0.900432074711882	-0.000579467425846881
1.08574762163121	0.000557001506758975
0.259524956749121	0.000268501017637149
0.00498915423220808	-5.38286656559842e-05
0.420579272252898	0.000472085756951061
0.481612292750628	0.000326536259165608
0.112885601886609	0.000218587086627873
0.0143687955787951	6.22206724684058e-05
3.09806013165358	0.000911716346831223
0.221449764642499	-0.000243736180753497
0.0815898611367606	0.000123859400891373
0.00420985401332408	3.46919244319828e-05
0.0269673893532821	-8.92250224196343e-05
0.0576206096343524	0.000126386915121284
0.294087259757737	-0.000311707660898284
0.0887635698010471	0.000163776243240365
0.00136766897863067	-2.03413639996415e-05
0.000239457454608759	7.97034519802126e-06
0.527133342977617	-0.000499886062213429
0.627638339452055	-0.000403615457165239
1.08413036753793	0.000639315153905947
0.136284381529264	0.000198079905065281
0.00386873808001667	-4.46494280362627e-05
0.976864408620293	-0.000534287515254585
0.310892206268373	-0.000293742524643979
0.0949996235519477	0.00014850483096237
0.0147426207381833	6.36697460829923e-05
0.665825855081556	0.000421931646355581
0.817604474723482	0.000473473035952256
0.0182042503024352	7.51686882063296e-05
1.89521104041228	0.000766461299877861
0.0607327555022278	-0.000126305152458695
0.526571277577556	0.000406996827917173
0.145393625038456	-0.000166603524415909
0.020027630644182	8.35158788339257e-05
0.0448152177198475	-0.000101776942030545
0.226778966672897	0.000310181125342305
0.936016622501132	0.000529265551493268
0.994770987965419	0.000409125900373546
0.0601350841506209	-0.000152314192877073
0.0912219541893785	0.000213374205640269
0.0535969667251606	-0.000128401027572525
0.397895919293305	0.000383659855046211
4.28740486524144	0.00136674228805033
0.487082280118	0.000488583743987524
1.04181217741046	0.00052677333011095
1.07044888015168	0.000645422047252005
0.596792315732621	-0.000487042257880357
0.885849353693548	-0.000473413702997802
1.14901710280997	0.00052850962959037
2.6524505206978	0.000914003789653069
5.05072729274265	0.00145604977537528
1.18718868891265	0.000575512671657407
0.823005247834692	0.000587311061720672
0.56149965786626	0.000504752875173431
0.362623629339489	-0.00029995132915494
0.6301583385217	-0.000518505359236474
1.3860544650598	0.000666185935723721
0.176138148270769	0.000255690318383835
1.65204989035392	-0.000722567547796338
0.476394122612181	-0.000355338022719051
0.962131261047241	-0.000550844976073625
0.480864132876507	0.000376659259139934
0.197294004766522	0.000284408407496465
0.288720370646097	0.000288152256097026
0.0501154799623931	-0.000116412872188875
0.323806513594866	-0.00036689251738968
3.30987250562489	0.00120461287921074
0.013486262731619	-6.42669343278715e-05
0.00812991942926164	5.49839338240982e-05
0.271861320018587	-0.000238212835584346
0.0248685557177386	9.77687356189994e-05
0.587976058807993	0.000364382360770645
0.310463974582029	-0.00026886876382806
0.641355459951954	-0.000558025313596752
2.07988951614054	0.000774737836240802
0.179098900676858	0.000318927630029293
0.0323201370559447	9.30590653531805e-05
0.381550307541502	0.000372380031909607
0.00819534596520884	5.67946114349341e-05
3.06389714931589	-0.00105440770714473
0.0988003684222063	0.00016904228401427
1.01566292693994	0.000568180684139141
0.340698561469473	-0.000383693224867363
1.67601947547302	0.00070105341333454
0.029545077350513	0.000120939713743645
0.321284391242329	0.000369849774279978
0.498105760884445	-0.000379513758070908
0.0594756128021851	-0.000135999047174395
1.58711259114838	-0.000666018675658605
0.103724714700676	-0.000167977529973613
0.126768640376934	0.000212519482442595
1.72560483800841	-0.000907358147640158
0.11810558430659	0.000206357305681719
0.284466230509191	0.000278894314142288
0.017513751815487	6.65283166529728e-05
2.01189265797695	0.000767285591251189
0.104082224928834	0.000232460570831144
0.859942891949217	-0.000450734338753711
0.340457692022346	-0.00032493962822716
0.584563053490408	-0.000444519535804288
2.10470183707021	-0.000902941576207341
0.222007749124163	0.000286875718854162
0.00110696228243369	1.58977716423876e-05
0.0735416293965457	-0.000155941715505325
1.58985471720414	0.000644164308432116
0.0372604921277032	-0.000105471123534753
0.213323385753246	0.000270559391717405
0.752675331894348	-0.000635767075588912
0.000652184102775189	1.45127778670905e-05
0.0419043696629718	-0.000115860678974251
0.331204769797286	-0.00028814521106552
0.664256855235715	0.000398297504325076
4.58134688013519	0.00136032256337567
0.00322609263515187	-3.10794057694591e-05
0.0095138667881269	-5.63031101747096e-05
0.406974465615767	0.000335218768660228
0.610801584267179	-0.000326275275716467
1.09233684288361	0.000590011659941011
0.403385468925566	-0.000323687626096572
0.0816794268188231	-0.000146667312136439
0.00243864323784555	-2.78772702171172e-05
3.70884305771203	0.00130039142614092
3.83581927217569	0.00127050536196906
0.14674202382404	-0.00020643805720417
0.0411044410216383	-0.000104158219759724
0.626039885810029	0.000401580941437543
1.32978430471863	-0.000571938475821946
0.090217912395321	0.000151351463125134
0.894986207734979	0.0005101937333329
0.138875863751606	-0.000184917176029619
0.0410504159068178	0.000125570118790721
0.0204460842846577	6.36516333208589e-05
0.16444402390048	-0.000199592079360053
0.144582358305613	0.000214025819051498
1.5240904120472	0.000628094613174512
0.041234685454433	0.000108572711001752
0.910481246845403	-0.000411999004699102
0.0101769284677721	8.17662907940291e-05
0.240977333286045	0.000234278116541931
0.398505018384537	0.000366856500226821
0.0660096846735461	-0.000178589634469738
0.522639128677897	0.000471756591538292
0.00242170391457932	-2.69531825931643e-05
0.434902381708937	0.000421523844023469
2.00371814288379	0.000666533544528669
0.309461435312005	-0.000329721755761089
0.0817451962164548	0.000139127356904432
0.318176947171787	0.000300664430689361
0.445015253328848	-0.000431814594381102
0.0198208932414288	-6.79322207344932e-05
0.455523486933832	0.000391381878963943
0.860315371037674	0.000516607273290883
1.11490542343159	-0.00057456341444735
0.20248379557196	0.000316549879321176
0.445598354488394	0.000374405276151303
0.031650012177075	9.87256639407941e-05
0.50499001199857	0.00040169099815991
0.967522069479888	0.000530988079526042
0.0357192562441744	-0.000103684265061257
0.49855389125062	-0.000296312377356562
0.733443029116631	0.000456219895651605
0.0513475641011544	-0.000129913508068137
1.74355963517323	0.000691849044140463
0.383090236031654	0.000358834704804876
0.172074648862476	-0.000243992047034729
0.00980539902224259	-5.88537716679541e-05
0.0101665756581903	5.89208491921023e-05
1.08786359417099	-0.000651116386354669
1.23724106581411	0.00075792059874679
0.268186721679769	0.000259894115873904
0.304466769475298	0.000297679050152318
0.0724543713456705	0.000182988087616983
0.411932600194632	-0.000286767179267893
2.23199785596919	0.00100279195572685
0.273832952802042	-0.000302315829767177
1.49041377964699	0.000739242926139426
3.81303903801821	0.000993018001405552
1.3304503591661	0.000624514723890861
0.551307237450165	0.000413930868008493
4.58736981460568	0.00114053265720827
0.0494944452126305	0.000118270976286907
0.149609309325975	0.00024687261662662
2.39071759185808	0.000920484879866091
2.09419633556318	0.00072559277977812
4.90743378017789	0.00129190059287779
2.98411368815715	0.000930710948367266
3.36378587635556	0.000977990962358943
1.51821437063726	0.000601873361589156
0.000999192857790838	-1.5189570247753e-05
1.98359945230419	0.000798168249860425
0.00212476256983407	2.45132413317664e-05
0.927539375025719	0.000569314511829631
1.75199175903556	-0.000816718210004091
0.156009444611055	0.00025605084012611
2.4249631339559	0.00106966223527623
0.619180232464095	0.000481669742175882
0.0868740654000087	-0.00014401645237435
0.00515663664749288	4.31302056448523e-05
0.790153706007611	-0.000472948733172028
0.0884668812980587	-0.000145701899134992
0.322817464021506	0.000340356675642323
1.68132254397945	0.000764471031217807
0.153248347777181	-0.000235833939725846
0.837417592898727	-0.000526946995665235
1.09834638713623	0.000575579983948107
0.15969358571667	0.000217386314166233
0.0678508783050517	0.000155058788738549
0.116229181997576	0.000178772506344959
0.325744856633172	0.000264669028067556
0.000706868738539403	1.46457695969632e-05
0.0768182558105172	0.000153294325218646
0.0135356128702556	5.79565047733076e-05
0.0143338270268434	-6.29267034061839e-05
0.486029639724412	0.000340379156189255
2.40973764618608	0.000762534289110448
1.36410951574253	-0.000606764321918171
0.857205665080106	-0.00054506858116301
0.627241434422841	-0.000473284027136103
0.00318917510238161	3.10108657948855e-05
0.122181194424967	0.000204015539604483
0.771423933152425	0.000532656039801999
0.891143694109002	0.000503266592600496
0.574453931265133	-0.000387216669950093
4.85480357864004	0.00114948641637612
0.0931199324301748	-0.000132328981869056
0.441222497495273	0.000397598780431036
0.154497074160652	0.000207083841107634
0.88900379596687	0.000503997418380584
0.982217620847331	-0.000547755347408323
0.379104854971972	-0.000324684761799503
0.000547215669262582	-1.42607861434911e-05
0.0612910256054956	0.000154379617888123
0.331173525394326	0.000365314666441331
0.166307660230651	-0.000256734466413888
0.0687511130304903	0.000143977595329943
4.08828656838541	0.0013987250707016
0.446730433825386	-0.000330334909461547
1.30322148543337	0.000596565537435145
0.85491233383916	0.000584651836502505
0.0949736049741899	0.00014143806253687
2.09515098399945	0.000802241941097455
0.0479917106082769	0.000121443343378906
0.062125624182845	0.000123325588578453
1.45078229802166	0.000807954389335301
1.15277163239058	-0.000642694620992434
0.061898869820158	-0.00016062335787171
0.505558563882158	0.000409605345669626
0.456651408093108	0.000452936605642416
0.0968700925491543	0.000161670184973306
0.00082756802689862	-1.5355390831448e-05
0.216672425213095	-0.000247820048133264
0.147836496956884	-0.000239497754192679
0.383817314482395	0.000398431081966046
0.0767752183458634	0.000140114569688463
0.39853218112262	-0.000353416243958719
0.0144165252219811	6.25548727710822e-05
0.635057508842329	0.000417464600537204
0.0519361076499703	0.00010957345260264
0.0773583615723646	0.000160329906709549
0.0215233209808593	9.60034988780571e-05
8.14349211843262	0.00165236471242032
0.540957164747999	-0.000363128347239193
2.84798852673879	0.00116584041688238
0.156639962326764	-0.000198088181728773
0.205910530718155	0.000236861003648051
0.960318176597085	0.000519911584279161
1.88729545224573	-0.000581068683065506
0.032332753319564	0.000123663800712903
0.372260958680527	0.000281719920769919
0.00745394232510649	4.34565240663778e-05
0.221151305650954	0.000287862778326682
0.00194682256976766	3.02548514368026e-05
0.478971853132869	-0.000431219214019933
3.53601489485858	0.00108642178149601
0.296506967008456	-0.000244538924441009
4.71958029215677	0.00123292448430311
0.612403623097605	-0.000439667888312139
0.3220026824275	-0.000333527667972268
0.223340589965044	-0.000301655904607767
0.260268767093985	-0.000256563146603137
1.29070800271102	0.000741636796625153
0.000162284942317873	6.91852077260903e-06
0.010807839727166	-5.61509322961257e-05
1.07297184785495	0.000632624041584864
0.163222809064693	-0.000270940693723095
0.226353929391586	-0.000295889245654208
1.14966380084768	0.000505332686093965
0.407914539735279	0.000314511739167761
0.401714485337272	0.000399189646082337
2.36044425242365	0.000836967213601008
0.0321911392747445	-8.69487972010634e-05
1.4784995486521	-0.000794141564992047
0.75693443962807	0.000477771244250234
0.000463214688720696	1.27936390596184e-05
0.193001389760007	0.000204748116622683
1.37120019640537	0.000671852144288443
0.961659946832273	-0.000582750407010429
0.00243487667114061	-2.69071010848288e-05
3.66728294663013	0.000963725806965883
0.262832299428132	-0.000266739226052418
1.29610242359924	-0.000786850967664769
0.86133818883337	0.000514206425521736
0.337005054880184	0.000378536938155362
0.785849418410605	-0.000516043636825675
0.416808835473955	0.000336440616384683
0.420650663910028	-0.000390419999563908
0.377234191920611	0.000318010379161467
0.409225722851532	-0.000331548076319067
0.261367163529594	0.000263408380116301
0.0669641094188197	-0.000144691349292915
0.0434576647284199	-0.000143594032063756
0.199941559340945	0.000231899301931706
0.262848466027919	0.000236682075882438
0.0967226372376807	0.000146907238371102
