R^2	beta
2.86764674463694	-0.0891935025239573
0.582003482837578	-0.0390079881747045
0.140904319393046	0.0253465723267403
0.976422830088025	-0.0679507875270602
1.88506366323282	-0.0910739463958204
1.41837669668941	-0.0658430977413626
13.0745241539228	-0.208014818088475
3.79570941487613	-0.107685747516475
1.33112787006145	-0.076526681715672
3.86452965076711	-0.12324153692324
1.9972756396726	-0.0696272549367118
8.42109363797826	-0.142913887971313
1.60958968073613	-0.0759702686113531
1.73977460405796	-0.0764298567296962
5.10908931187782	-0.143368685349143
0.137723408894239	0.0228667374557149
2.73527511684204	-0.096058509556587
0.0537484969439439	0.0159062578752702
0.0608397024948215	-0.0150678572125731
0.781561194066058	-0.0544201232298138
0.913965302152806	-0.0623864458161703
1.25298905595253	-0.0536752700708059
0.117294075320187	-0.0175294832283828
0.444454873115539	-0.0412731757844081
0.725084187751574	-0.0500859214245261
0.930631389204712	0.0575289051352619
3.34544088521901	-0.123734531276326
1.95233492392405	-0.0666379936551973
9.4819829311578	-0.166575027418227
4.78978307576701	-0.130388265296908
11.6952927510604	-0.170470783475518
9.26494397836891	-0.19166851561474
2.37479850163883	-0.0809837039237094
0.304544216118585	-0.0347316332536094
4.945693995963	-0.123595705634705
3.49647837220502	-0.100557435606546
0.77226242309234	-0.055749796702747
5.39872949130123	-0.116187208605149
0.174009705587179	-0.0276813934694767
15.8124489291029	-0.207380363263089
3.84868013957786	-0.103979328046179
1.70540756407725	-0.0716672788399232
4.22673421305492	-0.115970996613269
2.468140891607	-0.0773156807518056
11.6299110832038	-0.205178579898745
0.635577811548302	-0.0444248907431403
1.01561789697413	-0.0558898932691413
1.87794524735676	-0.0673152392164345
1.53342544992982	-0.0780310449385071
5.7656108686292	-0.124524047198698
0.0382148956121012	-0.010391314944628
4.27050881089004	-0.119305247563171
0.972704815540639	-0.0654079005861606
0.168903559140782	-0.0265640834819931
10.7042974643703	-0.187605138073232
5.95419217012258	-0.13839391746062
0.970015853030629	-0.0602968895901853
0.059122543116971	-0.0129101111139759
0.423914125640458	-0.0388228474628389
2.27047034973725	-0.0818716247567456
7.5761250023669	-0.154408102398562
5.67014396872002	-0.108873609094243
0.755927758674073	-0.0519470493160917
4.26873307205497	-0.132232209723666
3.39302387979585	-0.0999913903123119
0.0714258201305155	-0.0167437181482745
0.662676527241356	-0.0539193138648854
0.641963335196932	-0.0469289309862468
8.10137831538142	-0.164824903311241
1.42411467792163	-0.0637457167014395
0.278924632550607	-0.026453108583279
11.1973659537048	-0.188016266561599
0.0155482581278016	0.00729540139895883
3.87257657697411	-0.111599557049177
1.75559417685618	-0.0805502899364917
2.27905013731706	-0.0796410544072056
1.38325919682672	-0.0675468330416266
0.0179129912529993	-0.00808783119567435
13.9161310324302	-0.186970166188932
1.10150336383971	-0.0579011621108197
2.43033775186488	-0.094745659842931
3.91611654945062	-0.113010217334321
2.21957121934119	-0.0702485271464835
0.81333518790073	-0.0474859804146834
0.185926757038464	0.0301928410071556
5.47684495232465	-0.144450932244549
0.209528927901158	-0.0262440677194604
1.58560589081217	-0.0612333590341246
19.4000792544517	-0.233305838828466
3.27300164029679	-0.103193261774587
0.528501860376632	-0.0434886096871654
0.0714479305439729	-0.0161459939990674
12.0483294799211	-0.177592670073742
0.00010446150232291	0.000634021687156163
6.76891955400433	-0.153587608090617
1.28536589451586	-0.0629149446736075
2.38376971073927	-0.0916447559929845
1.46438489642903	-0.0698077053975834
2.60217180033493	-0.0750267011463943
5.4485324903254	-0.123032358812936
2.06571285156808	-0.108169191909462
2.21143408228619	-0.0958069376712214
4.07807787896262	-0.136051958544084
5.85412539342422	-0.144824937258818
0.474594646072864	-0.0384123195341796
1.02697423587578	-0.0721022962157244
13.9388824934678	-0.206376974648451
6.89431566190989e-05	-0.000401897562850858
0.0313430749552762	-0.00998681071660109
2.74210257089524	-0.073545423083022
7.62758903292897	-0.170359882141256
1.97107595038574	-0.0978943521614926
0.0248167028292564	0.0133151041064554
4.40454669321232	-0.134494418996672
1.62451106875502	-0.0822466251714915
0.120048265575158	-0.020932930409542
2.0450457916808	-0.0846758901873052
1.23786421477359	-0.0613431054355535
0.0230916816636754	0.00906287113814603
7.80714116093277	-0.181172651079867
9.29853002672335	-0.206946160972536
0.692783424919651	-0.0453677632379613
7.43166363713983	-0.189778605324101
3.68422069053936	-0.0896162132281863
0.222907154231391	-0.0242331052523114
9.99677931145032	-0.177064915306025
7.43452313459161	-0.159211561173513
1.76831006116227	-0.0750699114777908
0.342426378255246	-0.0298027567675866
0.929281161486951	-0.0598275244195076
0.161734106946017	-0.0251900365822302
2.95028620334525	-0.0966059682120669
0.88582774065489	-0.0626402647339816
8.21363255618123	-0.191987393042589
6.03552675412198	-0.141409275782997
0.588072808266123	-0.0469017304409797
0.819807253079381	-0.0483964326485388
0.035531427948744	-0.0123867990972566
1.43978045776917	-0.0683157429132209
4.68294477153272	-0.109497556983081
2.65452336685919	-0.102657777812293
5.41520289472388	-0.136986300261404
2.51557002076673	-0.0966131646465122
2.70408984613265	-0.115052586649786
1.11336158161731	-0.0549228470111502
0.215162928345565	-0.0283372242807931
1.42960790838448	-0.0855059658948755
6.65888929931434	-0.120792432493379
11.9288256643318	-0.211652381300621
0.7610551798469	-0.0538139178362905
2.10626022370395	-0.0913126980289498
0.247331233773852	-0.0296907380810662
2.10252726131055	-0.0728233374361758
5.10063817468059	-0.11896081051171
0.228679731469501	-0.0236403027470573
0.114771064500592	-0.0225557469176972
1.23825781910096	-0.0696157217016133
0.89621837451642	-0.0669359554771605
5.27103148436253	-0.15815326302279
9.30513115486275	-0.188291115700264
3.81258762058473	-0.103972915299955
0.631769961708837	-0.0449898440138569
1.41088562792803	-0.0809000327768621
6.36056409406404	-0.120388780053206
1.84286607191724	-0.0846996085938011
6.22442679231141	-0.13158179220946
2.37605571530469	-0.0793988513648913
7.58659558009666	-0.160803715826577
1.4725521163473	-0.0695289710850303
5.01419032586641	-0.122309498436112
2.20330624457731	-0.0901164514142141
8.23206091171248	-0.16213252394691
1.69947194268191	-0.0824022430485546
0.0271611429368979	-0.0091392882117358
4.32143841647436	-0.143725422445861
4.89542159329654	-0.136505251267585
0.624936379020096	-0.0471697524605621
6.96909894605355	-0.13136718583832
1.56790749063936	-0.0748041506124152
6.24312165178685	-0.121992737543421
0.554046913347782	-0.0470125855326776
4.23533594854314	-0.128817858000284
1.48761840592765	-0.0728548144838802
7.31215798319892	-0.121414810083282
0.816578274046913	-0.0540251138790984
1.19760608056821	-0.0624748702847222
7.6340717516477	-0.214186469587511
1.70054877885032	-0.0867313564176674
4.7509535732608	-0.095457517543375
0.8452718571557	-0.0504691670569136
0.319380055959394	-0.0334262749802023
3.3149802457966	-0.108118000168294
3.50772367702504	-0.115471134359437
2.81124356038597	-0.0945922161528878
0.122245785182876	-0.0197947727188714
7.25982126044526	-0.195898967819631
1.19199945985018	-0.0678159946630482
5.77533606833826	-0.130277914262671
4.7885043091273	-0.0995935412536118
8.77289758753481	-0.170232859650769
0.547886229057496	-0.0506966209415858
0.251719286492537	-0.0316955758500624
0.0736489363408806	0.0149558415717823
2.70533875039642	-0.0999468974456898
3.73591790354088	-0.104806715226982
1.86008845236672	-0.0689744532249655
0.984441613392142	-0.0559114727934643
6.48378584172056	-0.140622082381594
0.00673022935589496	-0.00510353777655844
7.58040815620619	-0.195697666745624
0.325166162978882	-0.0427821638128942
0.013716695570634	0.00649913077568616
2.85304819972843	-0.117149703480913
0.167931473644046	-0.0225983742662173
0.377659703829432	-0.0359445013166454
4.02922191313832	-0.108043307035057
4.43695993092261	-0.133695115882744
0.742320583089154	0.0494476519052765
6.89932786750244	-0.154679093040455
2.17955132864629	-0.0964958017394863
1.23085287987095	-0.0549449585411092
0.02201165147382	-0.00908092653328213
0.817941945836575	-0.0566256892080446
1.93063164445517	-0.0784641087936968
0.956906008953105	-0.0531557904236903
1.91201348228437	-0.0845808895358741
1.26183898522893	-0.0675285822357436
0.737512567388561	-0.0469175619625144
0.418043720246074	-0.0444922078156457
1.7976322598702	-0.0803532181287897
0.971565100477735	-0.0548963187639676
3.06200782564398	-0.0861880551793535
5.9411538972125	-0.123288113067453
0.122364614598993	-0.0196324515172827
0.444239956735124	-0.0411800544187301
0.0611494714184359	0.0153476682594485
14.6638883376555	-0.234056239178855
0.513845497314168	-0.0301696731368168
1.34402394138578	-0.0567704330461308
0.893725655773663	-0.0570111624415043
0.0184901785831937	-0.00674095496762803
0.210848625829384	-0.0295867002430372
0.0117722376030641	-0.0065994724929112
4.94000989191484	-0.163631343450739
0.531068637469984	-0.0445872211937726
0.0829927171231817	-0.014376937659181
0.0923730002489788	0.0183550319370075
1.09056631809105	-0.0707383508537944
1.16450476339029	-0.0715418985956918
0.339462435266391	-0.0317644057968579
1.00084390928633	-0.0546198154090188
1.61716320415233	-0.0762999868011637
1.56789778893049	-0.0614209306284021
4.72552692675867	-0.117190244605573
15.0018375870133	-0.228615452557267
6.2166663612528	-0.142324495634916
3.2432160830131	-0.111029617312173
2.28099658078254	-0.0826171222892323
3.68202087687946	-0.105526122309931
3.10150390708321	-0.094604616651902
0.193761915165756	-0.0240097751106873
0.466834033988966	-0.037745966259018
2.41083940803401	-0.0807386585039362
5.5718765757098	-0.150499483739863
0.0077120651622503	-0.00610447698112998
0.926155492694483	-0.0610525806366162
4.57743939965585	-0.141658806428957
4.58603086536972	-0.103484592090371
2.29992182120961	-0.0918689313589293
7.29215389382617	-0.170951964678821
3.45877125611018	-0.120195889622766
2.2589467638943	-0.089821682816747
1.58910746699864	-0.0693955541364334
3.18903901816024	-0.0936429016630561
4.4399859383891	-0.137760828079101
1.16349794469421	-0.0534661933917886
9.41069705506107	-0.160669305722416
2.13180527162292	-0.0894349427466003
3.85719240594083	-0.133129188560694
0.27683911170918	-0.0341398528353547
9.98814825338353	-0.188744181930896
0.0355467421517147	0.0120465208400708
1.14347096218724	-0.0550499870206317
5.63254318688552	-0.121658641992617
0.943890269780585	-0.052045711859192
3.79064946717293	-0.102166766273992
22.8578144179077	-0.280723511578056
2.25131548438336	-0.0732938783839058
5.559132055129	-0.131833704148903
4.17889425830044	-0.102766832653955
5.05378267075104	-0.116786078875748
4.57660282927557	-0.125745154026352
6.3002328511015e-05	-0.000493718365872662
3.50181017727076	-0.111278294216997
1.84413573977913	-0.0771515408687232
2.42285099562889	-0.0946251129662981
3.04047086264186	-0.10453424822549
2.46648590573765	-0.0803130430942801
8.58902230723347	-0.168959683472754
3.47943233679879	-0.141599848089766
14.6997453542853	-0.215017009247972
3.47548445371975	-0.114121797960809
2.97420082317832	-0.111067002341993
1.14326967123325	-0.0651446493519934
0.755115343810608	-0.0526564262199653
1.25652038444383	-0.0595153572512537
2.13840304943658	-0.0855931410130514
0.164600800467631	-0.0195800007562156
13.6708546524892	-0.196210267116628
6.34070768453305	-0.161252827887059
1.87221692840771	-0.0981231865111671
8.69763239673708	-0.151255214653701
7.99772343713602	-0.170370248280715
3.26226970773644	-0.102888788143067
0.466488975693694	-0.036875702770204
0.338060460070922	-0.0297206165698044
4.01204259393289	-0.109851431752392
1.11587698793006	-0.0649032405446592
0.484706344668269	-0.0446211563006279
0.628081133332973	-0.0471385321684367
4.19895655921411	-0.120040340366733
7.69283206489155	-0.159512383504847
1.21757487168739	-0.0708777075717539
1.59989662978811	-0.0645958451334911
1.64715076166561	0.0888345509567201
3.80401521894927	-0.121193271464697
0.207011768129544	-0.029207810376189
1.96712630486392	-0.0710917095668267
0.726540419526865	-0.0441669434849492
4.80984037699612	-0.111610368932324
7.32458453847414	-0.14648494054909
1.35859662815243	-0.0634375943855893
5.72642716788763	-0.129368924249761
1.88215656423688	-0.0798336741489252
0.0301338198626022	-0.0118940266889725
0.00920877626606651	-0.00556514289381237
0.0103649575550714	0.00633270891293254
1.04430672515561	-0.0712360897128965
0.611253758015421	-0.0398024225768786
1.12600031070211	-0.0570498236362693
2.49669332173709	-0.0963212804218699
1.2480227018243	-0.0559019778780499
2.38927010877581	-0.0956784582301505
2.19260264875781	-0.0830834098123078
0.936244396611358	-0.053732102172254
0.736249780439068	-0.0503045303081154
4.60162306423274	-0.127579269880803
3.37818881020936	-0.0824167867437379
2.73500303667228	-0.0992951944587062
13.8519311119249	-0.20014532863817
0.190241586818063	-0.0291375239244295
0.159815508971502	-0.02117177201
7.32882905353347	-0.172160083673403
10.6478082834654	-0.182660829738003
2.81555875802436	-0.0880386620767463
0.117244601965579	-0.0185144709334557
7.0006868886247	-0.145316558086523
2.34935755851885	-0.0805410295002645
1.79282564308764	-0.0821907192511751
1.58162179089573	-0.0839304832331303
0.807796522110892	-0.0468171469455325
0.00113468386488061	0.00214804221216967
1.51666181478313	-0.0820955812713084
0.632332771905635	-0.0506966536655312
2.99618912670091	-0.113409530555867
3.67503479684284	-0.145862872392792
1.26578087643415	-0.0651720470306885
4.74311870867357	-0.13080694227411
0.00544434059588743	0.004817016469678
3.79357681154617	-0.122924197380433
3.61486445318196	-0.0837449274144974
0.678682324095487	-0.0541811090233248
0.065360980932556	-0.0151909876382047
1.53040761819804	-0.0750278621406115
0.811267392368701	-0.0610500805298841
0.455828239177121	-0.0413325804761532
2.02382203521444e-05	0.000262502093791388
0.356681507511535	-0.0354779975748167
7.10546627978109	-0.145396552542721
3.28141280911565	-0.119005074881778
9.39693818745446	-0.191434984982348
3.51928418593993	-0.0923775541528814
1.38297540944721	-0.0642437254977445
3.50027788080648	-0.11895359640857
3.2784972273716	-0.0946490058077473
0.573288735716147	-0.0440884538158516
9.29117962008851	-0.156717019198924
4.5826761340619	-0.111040902528525
3.0094639687648	-0.101002847441056
1.61958174082491	-0.0698674625439206
2.97534749086049	-0.100895524644303
1.93631833847001	-0.0737067613511393
1.00639461146178	-0.0626622057137698
0.233872983115323	0.0297721577781958
0.647351941341571	-0.0479610292197557
0.274734476723755	-0.0302771133436181
0.0546036340229963	-0.0133007094195226
2.2167749319689	-0.0907756097946896
4.3761433707744	-0.0968671822291229
7.04543534301504	-0.157310172096758
0.00755025413316941	0.00481484569773326
1.09170682507116	-0.0605088797666251
1.84255794717814	-0.0642056413012759
0.17201381144332	-0.0217216312043265
2.04803530606634	-0.0742573305492899
5.49921794166338	-0.126072691309053
1.27482007136904	-0.0593773699733483
5.8766606574034	-0.128273654035183
5.68901352559463	-0.12460610831464
0.289720743085114	0.0352873041869735
0.413103105265649	-0.0377279184105612
0.968123467482226	-0.0605398658879655
1.31073243321726	-0.0725647402037837
2.09445516308285	-0.0809727350046629
0.437504137757245	-0.0409806750865566
0.914624736983295	-0.0603210422015228
4.34833722928624	-0.087290552318224
3.68670600081839	-0.0987559583880611
7.68844269861091	-0.147214252004885
0.832381949474734	-0.0466425087441587
0.110570900692061	-0.0167185774890063
2.93488595426338	-0.0877850238333761
1.74543689128249	-0.0710028612488922
6.23628650625365	-0.151325156092924
5.73497348481666	-0.148392219333148
0.747964697891582	-0.0463780916748149
0.533762461097405	-0.0384871484076905
1.33106399951634	-0.067867127758877
2.22441993260146	-0.0762119057909116
4.1175189100276	-0.114420651021344
2.63114426653987	-0.0918212780362555
3.60088092005844	-0.109608590953482
1.9733214184599	-0.0834057894538431
10.277236571504	-0.189341469585184
0.670850214590422	-0.055741780381736
5.19480962517739	-0.127939009575719
0.0233417182454225	-0.00871287436836414
1.30886068085341	-0.0708815570674558
0.0839467447735844	-0.0188277038172921
0.0129327822964369	0.00615207496069009
0.0536257992041181	-0.0124961251165768
0.300812720374668	0.0313995695691284
3.67230746148241	-0.10665215958529
2.45141555925917	-0.107998406906253
0.155897611472015	-0.0218992076575333
1.16638949111021	-0.0626728547855288
1.31996870884397	-0.0635634723239735
1.21663420976552	-0.0568636404929843
3.61032077705556	-0.113203653581923
1.0953536160075	-0.0565519767927668
4.26287749855647	-0.125715724802183
0.0449277390388755	-0.0136966526651155
1.07842735520383	-0.0613005963610659
0.0148214116144085	-0.00874139059929074
0.791157264314291	-0.0474839853695753
3.91701742972246	-0.131885490441283
0.857169368421312	-0.0632046008512753
4.36147694508371	-0.109172008755471
3.03030429142442	-0.114481091317729
4.42158307163225	-0.125311397661436
2.38697916051046	-0.0863950673143924
0.0379101384818634	0.0121707424914644
0.167244295370039	-0.0239887289444043
5.23206617611431	-0.135428182887418
0.986474356268752	-0.0553769019248251
2.4477967268194	-0.0852930590001932
2.31740938234311	-0.0881697837424495
1.35774744499147	-0.0761826310787393
0.00199174433019282	0.00260060077779197
9.35807360578351	-0.171124134271923
3.19661929579791	-0.117655004816673
2.79866581608342	-0.095470193043233
1.36407679486661	-0.0738218966797494
1.18757968129406	-0.0605278537310994
9.44783932363929	-0.140325993941046
1.03244106225323	-0.0527933593941995
0.965308858507969	-0.049314640760096
1.17964547689033	-0.0620617727540712
11.0143070713689	-0.176793686780237
0.921575993224068	0.0466064579829121
0.495746844225531	-0.0537958943530191
1.90846554938217	-0.0723446264981998
0.248808220073873	-0.0276767707118223
1.33669446017718	-0.0628286222240425
3.35901623613647	-0.106615385244765
13.7985691486379	-0.202169221649791
9.78493716242981	-0.162821563950707
1.5163395514462	-0.0634131842211327
3.50181506163977	-0.118596230041728
4.07805092038174	-0.107185826697478
9.38792787661025	-0.155446327453263
0.120226889995043	0.0236991403401455
3.64521772509287	-0.115910563309061
1.36691895870651	-0.0700228933551591
1.40382341089638	-0.0601568869346146
1.34051609817338	-0.076526948577843
4.22277741949822	-0.104210594880068
3.20040498173583	-0.121322089883831
0.299223049608862	0.0365407427186718
6.05285814491712	-0.145070211757009
3.09403919908068	-0.095208496773661
0.0462943487465313	0.0137670912943318
3.7613374378422e-05	-0.000345703206538855
0.526004500799996	-0.0471993080609672
1.34305605542257	-0.0649863113610691
4.11657563932233	-0.120664646485523
7.2125743512244	-0.151321971439694
4.37496332974812	-0.14530298219726
8.08781393582055	-0.143430730418779
11.7952851601744	-0.23848493683908
0.14943219561875	-0.0239418771383642
2.00982812104766	-0.0893048358088432
2.69159798694954	-0.0804326292561302
5.35779248243717	-0.146278043457855
4.27057995248402	-0.125794501153274
0.651301887060177	0.0463478012973189
0.762894826839929	-0.0456036085049701
12.4404853090051	-0.192456646813833
7.78085796540645	-0.154871477383378
2.29822083013334	-0.108851170156868
2.17143419315095	-0.0835820473585231
10.4087031821781	-0.141795836539997
0.020813054526574	-0.00790191385352427
0.0111849926600665	-0.00553676670572584
6.31527394246953	-0.140132166938869
8.02432322896467	-0.157987226643292
4.94440653117633	-0.153216092334756
0.361474916226037	0.035970628864449
1.27700258561753	-0.0584469548589461
0.828771537812269	-0.0566071217749985
0.304530184240739	-0.0296744762519015
0.000287730511346279	-0.000978607295331772
0.183378648505953	-0.0224994424222868
9.45777884439548	-0.167305804889953
1.94184139317626	-0.0673428969336793
4.11035760494074	-0.102880139461841
4.76729212814506	-0.130540256395528
0.450430654822744	-0.0401510620681233
0.436363630921322	-0.0407636425878477
8.99304847561877	-0.179556473390498
0.309051073178229	-0.0326846577426631
4.90112378602382	-0.120532522873173
0.503290512347798	-0.0419659227465243
1.83844460252344	-0.0791476802849855
5.66766359823088	-0.135217530968595
5.62327996400876	-0.154696057293701
0.055480870821698	0.0133938873853989
2.01910041481767	-0.0860183273967957
1.56193418330527	-0.0622828905950235
0.0706582353068143	0.014113363224406
0.428056055430787	-0.035066717204436
0.516020079487982	-0.0490515387460683
5.23885196905257	-0.120718150601901
0.0765351011096398	0.0155647355473049
2.41071134067705	-0.0886646650223114
2.91344784932225	-0.0894003200769615
1.4396900904684	-0.0712704676029466
0.0752768255078242	-0.0165240209674493
2.59496772578892	-0.0858412918306465
0.000248964100998742	0.000897316754489019
5.16277611703548	-0.121626184573511
1.47906050100862	-0.057419320912834
0.119164141552218	0.0257513397940228
3.6170161981504	-0.116367679738409
0.161994338615749	0.0242477999963753
0.206686915160945	-0.0261421392763113
2.22783600031265	-0.0782592358042111
5.14398572515606	-0.120856935582866
0.179816925336637	-0.0228369321460951
0.0103302763104623	0.00591076302423661
3.13001962473491	-0.0957301543126274
0.451123504781834	-0.0375709586164038
0.220339130980472	-0.029781121931475
0.818319472138105	-0.0462601771862504
0.274619381844027	-0.0339641522401257
3.51886431426149	-0.102198673917039
1.63729029464615	-0.0726017161077021
2.60347932175482	-0.0789842803166236
0.909151829499664	-0.0672347377140404
4.24733739388554	-0.133345280652839
0.0817027320686312	0.014490762063183
0.407430833491509	-0.0353153798847997
0.463792293714981	-0.0375713764116812
1.18498955504466	-0.0805490572421475
8.69572443791648	-0.175488005506771
9.19295086018873	-0.133956490869771
1.21724485540265	-0.0742905901704168
0.368028620440923	-0.0342446533828062
0.217892752103315	-0.021254255158836
0.0701306858607489	-0.0145200284497338
2.7949961340778	-0.0900888947145678
2.14844912488771	-0.0904108037794153
0.00345998623995338	0.00423464842820629
3.28982810112149	-0.101493498859711
2.33939631656128	-0.100396529289792
13.2435829832338	-0.211135247423134
0.0849213184649934	0.0163322191773335
0.086916313339445	-0.0207871930817501
1.664260173401	-0.0732401008200395
0.468016620604815	-0.0452318394894757
0.862420103749769	-0.0586408423889724
5.30798318406358	-0.122729725093378
2.94236059022666	-0.0885021570445041
0.0299971271760712	-0.0115826036049904
9.31642557439351	-0.176075918863089
6.91117148990563	-0.151469122630051
0.362451180807101	-0.0337973371791173
0.524546708441946	-0.0517839563013019
0.656675644723915	-0.0440342824985379
1.06809710933077	-0.0782049604131593
3.10411616579774	-0.0966948188227964
4.4461833520155	-0.117581782367904
2.03140847104306	-0.0963333469270154
4.91457848654499	-0.13500996750122
4.50632523240742	-0.129266534345017
0.00181025914128742	0.00280254642238192
1.08032667257266	-0.0633136349683989
4.87905482454541	-0.132793911713872
2.28999909074722	-0.0808844658591388
3.50429806131222	-0.112767821230601
3.56989424460484	-0.122672354194339
2.47692525972939	-0.0916521823819755
9.48298116136414	-0.200155357034135
2.78057857495484	-0.137146959527157
0.314099240786522	0.0301525640565752
5.77046244931965	-0.153403520993161
2.09649993590444	-0.0922691301139718
16.8677962782491	-0.240569415258742
1.0546887176366	-0.0554906502600774
0.684274949110392	0.0546644805546915
1.01944539089951	0.0592592638914872
7.0108290059475	-0.140694817382314
1.0862457794776	-0.0581421008888012
2.96368296964705	-0.0893452758436164
9.7445423835598	-0.154597920003651
2.98405875268301	-0.107268021083395
1.03680350190551	-0.0603555385039521
3.76188342256123	-0.0935895420412507
0.555496554039777	-0.0408158252063482
4.66392725963386	-0.132981173363968
2.57021596868398	-0.111851204558669
12.5811497217547	-0.213881291917171
0.41411439741998	-0.0415910467072441
0.00446656433906993	-0.00351043659935938
0.127587829792668	-0.0266690444971197
2.60955625764143	-0.097243371943624
0.352813592253641	0.0374918972936769
13.8291693124104	-0.223001318218542
1.61249277859266	-0.0814146743989769
2.66157168047583	0.103762841652111
7.87143777846453	-0.136409463095475
1.43346051973811	-0.0782503667040967
0.370079640385025	-0.034898851704991
1.47613651213633	-0.080746166595569
4.42071453778175	-0.121357983570461
5.59385431575477	-0.129892909702337
0.527957875252038	-0.0478083151885636
1.28524851893197	-0.0693380089338872
0.196853352753611	-0.0262074118628581
3.42371381211594	-0.110652588838792
2.18746808148971	-0.0844757785297363
1.92525868088249	-0.0754790800405111
0.405560842676035	0.0463049924754516
6.07635796384343	-0.150139019142721
0.168384367021725	-0.025152443845561
6.33530061235952	-0.171715892495395
4.89019564019233	-0.1347441735712
2.92924972755211	-0.0992631507742728
7.81454926602131	-0.199401520782707
9.29977167695771	-0.17085347176259
14.1626176167693	-0.223700922922064
4.55931526323346	-0.140283839586873
2.26801234011752	-0.085255077360496
1.73084914801992	-0.0666143555547687
3.15153705031285	-0.0985244347345332
4.39289365820223	0.119536611252489
1.66383409873283	-0.0809549797294573
0.0115198969813106	0.00651893874159733
0.205404465282093	-0.029621717782942
2.83192450299583	-0.0910021570806593
1.03446049439498e-05	-0.000176302805887088
1.64793318785723	-0.0756333778256633
0.68918501649298	-0.0474927383956101
0.0492332242360496	-0.0119893474595841
0.185767115177743	0.0242479951266243
2.95822503663725	-0.0914556779483347
1.22454175733891	-0.0590126717227354
11.1859292163622	-0.180812238318683
1.12391436520302	-0.0803627040251579
10.8858768088881	-0.181558511222628
3.16842990381089	-0.0952071899979242
3.0075845664084	-0.112859698102958
3.09903235637971	-0.0910535513326462
2.25125975298695	-0.0947380483718042
1.85728884373141	-0.0728442740897189
0.0568134094122926	-0.0137824599601385
3.54078574607626	-0.107237327179066
0.263510258781776	-0.0304237862871205
1.17908514487235	-0.065943948165155
4.70150180327369	-0.152871986678709
0.305558884122156	-0.0405714559485711
0.971938825157233	-0.067508302574314
0.00906401025419678	-0.00578800373850823
6.20138475851943	-0.137730582141195
0.36064746172967	-0.035990719818832
1.29421178541635	-0.0688952127400237
2.14930778823565	-0.0901980406230627
3.30534210420548	-0.100550239073725
1.54098792088558	-0.0746494143769874
2.56139947001637	-0.0847999204783775
3.34901037640099	-0.102514131078337
7.23561805040522	-0.164660357271202
0.340915909278814	-0.0409402117205673
1.5163708131638	-0.0733286497117887
2.16231606544336	-0.10142611955026
0.396109645128056	-0.0361478356736891
0.421919007969621	-0.040359540671195
8.83584845455287	-0.152680647089162
3.89558478769735	-0.105487453659645
4.13325983298994	-0.124135386584956
0.00356726542229617	0.00381510565545381
0.230870437776117	-0.0306739596272263
0.670055755839009	-0.0487719728575488
6.72023398273853	-0.14961077762834
2.07166769715015	-0.0838086206908528
2.76980563019964	-0.12091923191358
8.77999058158051	-0.145569396968801
2.13180732556466	-0.105322285636991
0.00561872809375226	-0.00422677314990605
3.0093099997248	-0.114198437273333
0.640883947737238	-0.0433703228493107
4.25128751203368	-0.118371286588665
3.80270385781593	-0.115912958381311
4.92021080448313	-0.137192722151321
4.04961060654001	-0.0898861156590277
2.04235311638075	-0.087995204223469
0.0840829464945481	0.0174396554948414
3.27955516363935	-0.103007998052084
2.95949223718126	-0.092893926276581
1.17363288470088	-0.0632594580800646
1.6720405843451	-0.0661860801928812
12.7553664760942	-0.231443231234995
1.86364378578819	-0.0767847081863196
3.54764008954816	-0.0939879740880742
5.51203717274623	-0.138439668296623
3.46924916480876	-0.121975197795189
4.15133446109297	-0.128310614040765
0.0322495036276566	0.0101299996655709
0.741245209609141	-0.0454898626619751
3.69017586840773	-0.124545745218278
1.13527104877619	-0.0566872016635125
1.99243621002742	-0.0892207839514191
0.398835795748112	-0.041513836290059
0.668055813024118	-0.0416054772436285
0.0466845063047588	-0.012331896849099
0.278301301822102	0.0294094165302471
2.1456868224888	-0.0849335055142788
5.6247274199313	-0.128172941364086
0.102201068428062	-0.0189490862965252
0.0153998242376622	0.00793072835560271
1.42020565992342	-0.0726403746726878
11.1300906395749	-0.195530786906835
6.22825010695024	-0.121887632078829
0.865797973570637	-0.0599718607345096
14.2580161243067	-0.21479219623439
0.0611124016715529	0.0182764644979073
1.03212820992476	-0.056036926540128
3.24882225839449	-0.102302281620171
6.10478683297771	-0.123579233425454
5.58393984414785	-0.139730110873946
0.948405421292681	-0.0692206961194645
0.345602542984543	-0.0346914938039749
0.0488592092066771	-0.0154322020053833
0.180763990765842	-0.0274262935187539
5.25720874656511	-0.139385466911142
3.44475585279448	-0.106374053733404
1.5186231704158	-0.0653118438958275
3.03656932725939	-0.0979327021834277
0.188718271484409	-0.0239873086673228
1.7553891270882	-0.0797808224012651
10.0857001063224	-0.183117392224683
3.12621141074762	-0.116023337394147
0.695048979757554	-0.0472936121784041
1.89655961154086	-0.0683312103120455
2.12412420634193	-0.0804930053038883
0.0630182666281371	0.0175096299950885
3.90282526202989	-0.11408018273102
6.84582434926612	-0.175825110038065
6.13824452656989	-0.129173461623326
2.75334817196741	-0.103384696947466
0.696521160142673	-0.0535623522940131
4.13029593372474	-0.120112907272848
0.582257843938538	-0.0471789769741938
0.866277182504256	-0.0511701936326348
3.94712573473453	-0.123376594689853
1.71402004443546	-0.0756370243296372
11.3566076517131	-0.20099359816111
1.92283489245435	-0.0712268619166901
4.21851018276647	-0.11234694433954
3.95698294020311	-0.125623888907278
2.6058365755592	-0.0910895203121398
2.31286656417952	-0.0817288221804517
4.90747957209908	-0.121100034877017
0.0951187271557383	0.0165224096001015
13.9292296720467	-0.195198946959006
3.36581640567733	-0.108926141654572
0.379737132860286	-0.0386115158135837
11.3118879797168	-0.177325355561138
4.10725579276653	-0.104393848924794
5.20947386211872	-0.1422582539365
0.288463466973189	-0.0312878467915066
0.138322800469258	0.0198790386700441
7.05139301468117	-0.145791198639292
4.36992256725554	-0.135431834417146
0.610234455250868	-0.042339884919637
3.76060017923714	-0.0984367871551564
4.27490681278605	-0.128670847022544
0.244076900695469	-0.0280294465439101
6.05812343273612	-0.147641649806877
7.53760127817837	-0.168784139300703
3.47550616385952	-0.1159151836048
1.03966808630649	-0.0579597789055951
5.9554634974986	-0.139916470911413
1.36260381168009	-0.0811367782125432
6.96701262035775	-0.133789127099317
0.631828265287676	-0.0461160104625949
0.183530889314506	-0.0238945480123988
0.947040763408593	-0.057627595124595
2.27304993032577	-0.0906384461835694
0.331849706284929	-0.034632604066472
3.61495952966302	-0.122578488576175
0.0211424332241421	-0.00923628715653121
0.342895701573066	0.0400388980303637
0.377622623247342	-0.0341498551241328
0.583121614958848	-0.0452302186412032
6.23108064972255	-0.148415702737209
8.41889573071426	-0.142966991814815
2.13695640389942	-0.0785579931014339
3.74031956089045	-0.11348404452096
0.179784023140876	0.0320275171421224
0.125168125660626	-0.0229053370228529
3.47983088260904	-0.0986235687616599
0.342853993007983	-0.0340753055467383
0.0328494397878017	0.0106094177891104
3.20930072926885	-0.0921078744266757
4.47335987905407	-0.125743894022434
4.61296900243268	-0.137522083082613
0.832834629533604	-0.052580991505643
13.6030258082507	-0.227033852255778
5.49516759173258	-0.154156430020156
3.65542382364535	-0.0993340690240952
2.09853968812135	-0.102471285578797
1.19548251041436	-0.0686647570085853
0.364434196511327	-0.035295777779694
3.13680338555516	-0.107831426477356
2.38182084831978	-0.0857004034072609
1.52711605474166	-0.0684010907507143
1.48125321964956	-0.063508953985787
0.224993324142392	-0.0280942719562501
3.61445813212734	-0.11036984715022
11.6931407389422	-0.191974021876471
6.37480489699852	-0.145974528528378
0.605093144472064	-0.0489879791081969
8.04802961486888	-0.141725526324308
4.02238073188705	-0.108386245570896
0.284313097130937	-0.0292973430203887
10.3318092275176	-0.202475104541234
2.6389116517346	-0.093850923755896
5.53045129504674	-0.115912641238972
2.14949453860031	-0.0773377815191736
0.0112445769522615	-0.00580640411955197
1.87393922694415	-0.0734103135861172
10.0428963767568	-0.178723348766107
0.276795547504454	-0.0236825551405799
0.193595504853972	0.0286749285582228
0.250989816562736	-0.027893806280943
1.11897550503579	-0.0589990485528415
15.5379555817696	-0.17826386844404
1.64413459487231	-0.0826101781306905
0.924575231132101	-0.0494769003678382
0.907175479009684	-0.0463304428467561
1.15870939606693	-0.0685075457058567
0.0218332545329238	0.00893713852090695
0.195375912422661	-0.0248748721127269
0.0515208112607747	-0.0152936623276949
4.70414859380238	-0.117809483371472
1.73959052720296	-0.0829647834823646
6.96807109208562	-0.142543759699542
1.84206535590692	-0.0802347054587447
0.491702763822615	-0.0499906761615393
2.01853021819713	-0.0905001614324531
3.74120685292268	-0.110990681670987
0.344399491802092	-0.0333491872593758
2.41702858121532	-0.092051108401883
0.188369152162647	-0.0265031375776173
0.490956933016967	-0.0450816243275348
1.49127804844015	-0.0804205107109033
1.49205151953173	-0.0686124821553232
4.31814638543412	-0.105255257701726
1.49622371711818	-0.0798292933184756
4.14379989455667	-0.109013947546571
9.02294873929112e-06	-0.000178437085512222
8.46444440767408	-0.175343400457533
2.1541396669244	-0.098278790807972
5.69064625336514	-0.128357862879197
3.86986024990109	-0.0969039352953552
0.879667555639178	-0.0456493137703824
4.27677547143009	-0.112833690765411
2.71174411025157	-0.0883852786919151
5.23007028824648	-0.113405924503142
0.906846554305224	-0.0557043738410782
4.44881825220457	-0.132341114518813
2.63646077204227	-0.0880598868837501
8.59964641948361	-0.137369844281077
0.983406495260886	-0.0652693230906333
4.74663564601371	-0.120589373086738
0.181951482219869	-0.0241034895092475
8.25896940965863	-0.159722645238039
4.47945402207389	-0.106204064989057
0.119111771121561	-0.0179134233324221
0.710815727671907	-0.041568324526078
2.23243888686702	-0.100017206280775
1.72847734624778	-0.0749814250067687
0.668330072267406	-0.0513004659553045
1.20646846192451	0.0723491899456475
1.78991264728542	-0.080364687154297
2.63834533109763	-0.0991000508617698
2.07630015724861	-0.0701372703854392
0.913897038736927	-0.0502736992632814
1.95893635693524	-0.0834803077035419
2.45126725299901	-0.0853122233735172
3.11789965461587	-0.0982874499566082
1.31827038493803	-0.0644483008481749
3.20416868893005	-0.0941392119873196
2.18243981958294	-0.0920861005180998
2.37553708327211	-0.0922711296024908
0.542606160194095	-0.0464090634312215
0.0446503141844985	0.0126977467309939
2.02678929763409	0.0809142348895867
0.829257363332711	-0.0535669818840228
1.35937468525449	-0.0671456440347276
2.49134410576005	-0.104739018699155
3.93775108528918	-0.11095433532667
1.4667270827752	-0.0658925283574271
6.63207666395437	-0.157586878646062
10.7503049810888	-0.170157709664002
1.23180525671578	-0.0649870724469283
1.25632823568423	-0.0717793943378935
0.00294999558266666	0.00413244869351261
0.0823097630094653	-0.0199780560058428
6.53231325302847	-0.144656348015231
0.501439997418375	-0.0348215955583986
1.22040824144678	-0.0701568302510585
9.58980431781448	-0.178763284653051
0.262194874981815	-0.0294999712050096
1.02119028851301	-0.0686465021523818
2.01266935755245	-0.0807711275058065
3.86170908187829	-0.123858291134129
0.00583945720938556	-0.00496238455134399
1.48744019873677	-0.0680823988354719
7.70730867277318	-0.147147136824147
0.948625284034868	-0.055235523931816
0.00305679194769172	-0.0027891879705605
1.02849975884465	-0.0714617280052718
0.30945174418178	-0.0317034301515567
3.16555850589558	-0.110641725119844
1.8300349527099	-0.0780821307110588
1.71409436466042	-0.0697744714919087
1.0133907450675	-0.0560697017898111
1.61463595170833	-0.0654131977349998
0.559976015586778	-0.0430046157757929
1.26216739486295	-0.0729341116291084
2.03352178025528	-0.0703738032243569
1.36175731279721	-0.0682173111624831
0.888608153245505	-0.0447272375062315
3.71935795494198	-0.110658671207304
1.28933431705699	-0.0671774905042978
3.04209002908167	-0.0805254804613914
0.22960617664111	-0.0309039986040963
1.54290241893154	-0.0989919726640067
0.0154132816904901	0.00974767343834278
0.128340952004538	-0.0222935364436065
0.0181188471517899	0.00865475755988368
0.412423091818133	-0.0417962269190799
6.74052483932711	-0.134595770932475
0.995830235719105	-0.0648918287657188
5.72819592458338	-0.139220514065487
2.74829872357535	-0.106465032010762
13.9365374453895	-0.269350089323242
2.49780153836008	-0.105404579530603
1.28663086444923	-0.0675479126362497
1.00788002328061	0.0567786886770329
4.5856325813353	-0.13996814686799
3.71610934805109	-0.113346083111747
5.11618295337939	-0.10853501190169
0.000388358233854305	-0.00136389277895078
1.85203046642379	-0.0757954074604689
3.19625897304993	-0.0984920849568448
11.5266160759513	-0.199138577006294
0.0548676731780963	0.0143608023963123
