R^2	beta
1.3099039511929	0.000140668647945222
4.73842261211893	0.000244785867722932
1.6383403701022	7.99184797405091e-05
1.24791708951573	6.43774607361865e-05
0.382156599672774	3.8953918214881e-05
0.344356687538977	4.60899828872429e-05
0.0244015480674617	-1.36596784980039e-05
1.75521328778982	-0.000128727848746868
0.278902553694267	-5.57483881852204e-05
0.270228671881108	5.02208334441557e-05
0.310197746741791	3.18386463594891e-05
0.0600638014314598	1.1329685928391e-05
0.275665664631104	6.50614435660633e-05
0.0316152215019336	-1.7920291225789e-05
0.553543138101118	5.63566782692149e-05
4.90536939402651e-05	4.58922170664464e-07
0.0819425714455461	-2.96145029165224e-05
1.33809996517168	0.000116593849516319
0.274607233041089	-2.97210935950804e-05
0.000852316394284596	-2.7095503288983e-06
0.0350342194643449	1.16910742724543e-05
0.266304743189976	4.25831560663197e-05
0.0925077254130598	2.39721837616537e-05
0.00147931371501947	2.31039834054179e-06
1.97792999638092	0.000122431862594452
1.3044473737427	8.02486335364528e-05
0.217109363068252	-2.81309646626911e-05
0.197036382935914	2.4171714419744e-05
0.561486339339152	-5.33738675388201e-05
0.000387415500592124	2.03416599693103e-06
2.20561165259157	7.46182220476114e-05
1.58693843506647	0.000100058539397301
1.15201703605372	7.98739982760663e-05
0.128253031208015	2.09836343138553e-05
0.64191974943131	-8.42393065534104e-05
0.373632546849222	-4.44338760917691e-05
0.0974277147591042	-3.32518638568138e-05
5.79731274381251	0.000221374887849184
0.700109166253148	5.32443185676443e-05
0.0107975222826686	-8.84830963767385e-06
0.240693463176699	-2.70311272358281e-05
0.260766378002666	4.41093853977711e-05
0.289508436229937	-5.56047510801024e-05
0.174440064864046	3.10778289209206e-05
1.10034991833709	7.69142546910631e-05
2.48732009959302	9.84774706113737e-05
0.0229428824201472	8.15807831756351e-06
0.0260263720268454	-8.40639929283163e-06
0.046912393519945	-1.51697052469476e-05
1.32531910391425	8.34175432726943e-05
0.00484665581070544	-2.81240186262167e-06
0.325111839086666	-4.02559592141967e-05
0.294643762634835	3.15693337181185e-05
0.557588243339024	3.60692267699343e-05
0.101740690719634	2.26819350785525e-05
0.0719147814407101	-1.85915926538578e-05
0.00514679468786401	-4.48306903573344e-06
1.30280631598059	6.58516551494175e-05
1.02891190936584	7.18068503337576e-05
0.599133931101217	7.50731146261938e-05
0.0650715581434985	-1.61006211979482e-05
0.362991689646951	-5.44820378671891e-05
0.0579691346009376	-1.66093430643927e-05
0.634663609103497	-6.15086122525938e-05
4.34316925904723	0.000141365561179177
0.675595149714283	-5.55921929801301e-05
4.64673565405884	-0.000179298704487742
4.78226204608993	-0.000166971822663378
0.149062915991926	-3.27740205881939e-05
1.04313599841011	0.000105880270631347
0.0998239919088493	1.82484018834779e-05
0.0706956623829894	-1.43754512463891e-05
0.349915225887378	-4.23819007372488e-05
0.000168043863335119	-9.35769328444858e-07
0.388818738335216	4.68433963187672e-05
0.354541521607511	-5.81648176790155e-05
0.00975747743293765	7.23712266202822e-06
0.818474468804655	7.39895181089409e-05
0.187270976688951	3.97065495665959e-05
0.00127521304463828	-3.62774102894403e-06
0.770253475525471	-6.04730368468787e-05
0.0208932639820473	-6.58790014478347e-06
1.13054912281953	-8.99128096426918e-05
2.90038509801376	0.000184398613838758
0.0989902770871299	1.69384959113778e-05
0.0578979078755655	1.42947493423563e-05
0.512441733314283	6.8573969610686e-05
0.00725816946957561	4.52849893967439e-06
0.538211312583444	4.42857945232246e-05
2.75197835356666	0.000110068061797669
0.124752891920611	2.15472583725001e-05
0.344606602077887	4.09572046097782e-05
0.353357930483286	3.85297448517775e-05
0.486322926305783	3.53414139260464e-05
1.6250909550141	-0.000100687855357998
0.270178661733016	-2.86814950890466e-05
0.0033716915448015	-3.54977711095641e-06
0.0771642495146757	1.55925760731207e-05
0.451120341014566	4.17686222175883e-05
1.0759344062548	6.19699049424914e-05
0.0100414069531476	-6.45821455982176e-06
0.0317573741985247	-1.94792227525947e-05
2.5536650615997	0.00021916513240864
2.87466981322641	0.000119473950870959
0.471957638623144	-4.26526521484067e-05
0.0954897056618104	2.10980061830713e-05
0.546834516787187	-6.56553889010198e-05
0.225418112165497	5.86251855649962e-05
0.0964039164178835	-2.55556644653811e-05
0.0333808183144747	-9.42495386990649e-06
0.00363175190355047	-6.00435184242956e-06
0.750004712087575	3.94353665543343e-05
0.215251598443891	-4.48281159951533e-05
1.17405305076119	7.32264312710827e-05
0.00567157365813586	5.66270032604224e-06
0.0152367014856489	8.15097408091154e-06
0.0372355900283534	-1.12593326879609e-05
0.30943475348512	4.73502457476759e-05
0.481503789796486	-4.49365452579347e-05
0.00678205211694645	6.29476503381623e-06
0.185779867994754	3.94556028184802e-05
0.160861803825688	3.05200067302457e-05
0.553324200684753	-6.53314184472383e-05
0.123388931549818	2.29388944616046e-05
0.0838088701772579	-1.69093110405689e-05
0.357957470050461	6.47798137395441e-05
0.878354816981298	-6.07938004169323e-05
1.62206217084339	0.000116468017608447
0.17286640619093	4.18055020276521e-05
1.64756496262581	6.48128074956268e-05
0.283790474801641	3.38474907940659e-05
0.0364594636150182	1.21547881577429e-05
1.04310343183775	6.76876877411608e-05
0.80048213369975	4.87968458932926e-05
0.336357805400492	3.77170780315292e-05
0.69867435409181	-6.17555418253846e-05
0.324047924596034	4.09066419611754e-05
0.0347935871960858	1.2757947560791e-05
0.123689326073177	3.0583362873967e-05
1.53211130368549	-0.000126645216706014
0.0115734102001498	6.39300155780238e-06
0.272100420030542	4.16309285923363e-05
1.14713185594472	-9.84169330267138e-05
0.079592529773129	-2.03180413163236e-05
0.355071008947771	2.85713154106178e-05
0.0461724071241219	1.30079200842638e-05
0.0246004777127169	-1.50829875080798e-05
0.12471615605693	2.49387883524222e-05
3.61921246009083	-0.000148476770811938
0.165442217579589	3.11408153796716e-05
1.57742389689906	-8.46334653075997e-05
0.951934538006802	-8.73537397479267e-05
0.00348127410381112	-4.61403276452229e-06
0.418873202180926	3.58075626001732e-05
0.102352503200815	3.28599085804182e-05
0.407501319413295	2.85100127048229e-05
0.0023239382554055	-2.70602159930707e-06
0.414913198873589	-4.17819095310701e-05
0.224323131412023	-3.17179113978588e-05
0.192251117998338	2.95749460142097e-05
0.076222210151965	1.62542106305369e-05
1.80412140677558	9.96561995026808e-05
0.648939388978766	5.17893200593948e-05
0.0791194451532962	2.50101612917544e-05
0.00302370892933353	2.87127699598044e-06
0.0553557401613148	2.21353411069729e-05
0.121606242071544	1.43856160366636e-05
0.269317488675509	-4.26404667328272e-05
0.235891415576239	4.59460703942241e-05
0.482237748261576	3.87035558106264e-05
0.244262748210441	4.60295601608434e-05
0.244952547268813	-6.1211843326003e-05
0.0920923610056862	1.99579658964623e-05
1.32148820038715	8.38375560172327e-05
0.0881475219271721	1.87924288741924e-05
4.51756357259156	-0.000219284044049418
1.88322942582645	-0.000139685221975865
0.387493694675761	-4.40299969781771e-05
0.0750154463648073	-2.6492583234835e-05
0.146438535386862	2.43285388475134e-05
0.0749434915605738	-1.82693602121071e-05
0.0564148434270321	-1.53791459679653e-05
0.310144165969175	3.1205466975115e-05
0.164737189026056	2.50241606276832e-05
4.00677418917107	-0.0001531637498397
0.589076344804155	4.56298635265471e-05
4.31060727112109	0.000130498998440468
1.03775526164661	0.000125057592953851
0.175791968387809	-2.01443517211238e-05
0.361594132537862	4.92158295940158e-05
0.00356036374587645	3.31450677847084e-06
0.511763620896596	5.01650964234257e-05
0.0499034412714364	1.31440951379625e-05
0.0674507108642375	1.87993816564404e-05
0.008880569725003	-6.62853226359705e-06
0.0241231177380696	-1.44290210335015e-05
0.00819562098556203	5.14626620994099e-06
0.129648012565857	2.5499733860727e-05
0.343990704131798	-4.68528854804343e-05
0.122962138442034	-1.90877343530341e-05
0.328058433342154	-5.74123229363596e-05
0.0482658070505884	1.5703434361478e-05
0.299572117493566	5.95230769605763e-05
2.74376486064729	-0.000130947128467393
0.348056624203805	3.01437890260152e-05
0.0886403506709541	2.4420952266428e-05
0.119506700321274	-1.74317459097335e-05
4.89254511854972	-0.000175520959779682
1.55958067849852	8.24141268011793e-05
0.649819268229118	-4.662517943123e-05
0.326471658909154	-5.35506884024973e-05
1.27617971281253	6.20423025775858e-05
2.4041206333719	-8.40552004252607e-05
1.23332700712401	9.80487403737902e-05
0.0120175038145669	7.80388146423009e-06
0.40810707552854	6.30779543689107e-05
3.9873672860234	-0.000112305852063137
0.13218907875614	3.78310709614244e-05
2.92350116867329	0.000241236727627006
1.80970171248949	-0.000155499980439184
2.6039516164945	0.000114793983836049
0.600095663463258	3.60695649284408e-05
1.72607618441621	9.75111008576084e-05
0.17633727344051	-3.42717757316169e-05
0.511013994338506	5.95322377681006e-05
0.0531152387075846	2.36289637644265e-05
0.0286067206805708	-1.02969548013288e-05
0.717779986069416	-4.99007993875627e-05
0.312014812033242	3.36337209430395e-05
0.126812373467582	2.10252155077366e-05
0.0203861895432708	-6.52574544140112e-06
0.489359765593649	-6.57413526941701e-05
0.0960826084637383	-3.10833076890161e-05
0.352104226868345	3.83613580291162e-05
1.24766259330058	-9.99912974997045e-05
0.334797811345923	-3.62199062768216e-05
1.24636886023369	8.16072064607254e-05
0.0694892880879569	2.56254399709267e-05
1.93734395737384	0.000111186219405898
0.605138851458831	3.90014206438009e-05
2.88434890085447	-0.000114205113240098
1.1197268250598	8.63344118882085e-05
0.790824284092747	-7.24130805631658e-05
0.121597787701928	3.86064101696382e-05
0.0227231519407093	-1.56209485978566e-05
0.0688770000985604	-1.99700112740554e-05
0.167029562905408	2.98897880792191e-05
0.520367649743094	4.55180485974626e-05
0.419261984994488	4.45423237931078e-05
0.151362119869744	-3.04761110128091e-05
0.00207596547203957	3.52614717639659e-06
0.109673995767853	-1.7748706321016e-05
1.34677429038198	-9.90181767556795e-05
1.14208619758768	4.4774059986059e-05
0.331828694244101	5.86020461502619e-05
2.77284222439384	-0.00012232446630647
0.230641738522995	-4.39227047397999e-05
1.39381150866973	6.9749693540896e-05
0.65006931598256	4.77527264082246e-05
0.0417325530841759	1.81559732313682e-05
5.45192685435664	0.000252369978490306
0.187050680064362	3.74451799520055e-05
1.71591761232781	-9.69177547572056e-05
0.20425861399686	4.00783989504463e-05
0.019793365221434	1.72078402756195e-05
1.91841995247694	-7.54590681787959e-05
0.697748006840921	6.97738953776907e-05
0.45876440531808	3.85421194203502e-05
0.247225652454599	2.45371594908727e-05
3.19139387681968	0.000147826172421002
0.812959824310555	6.99329765562861e-05
0.593035903867744	4.64095828991474e-05
0.595521218734251	5.29585185331179e-05
0.00485804961663753	4.35663661700329e-06
1.30676242399125	5.78181600086315e-05
0.0126993972989873	7.7730713286266e-06
1.80902962591306	7.86148443565787e-05
2.65097407208075	0.000172426954743604
0.466717949489047	3.5478394337915e-05
0.134706228522437	2.75939990177495e-05
0.28817123939098	3.57286990376945e-05
0.398162488984263	4.69561330784213e-05
1.32566247583592	-9.28206972489577e-05
0.147252687543727	4.14617366894662e-05
0.00519679505249996	-5.97161690877614e-06
0.788291154816837	6.40484493961433e-05
0.164235104335012	2.69238487063201e-05
3.37067158398577	0.000206991505538002
1.2502901973709	-0.000106417288498446
0.209829297978071	-3.28262461024243e-05
1.12855032450588	6.19700438314375e-05
0.121590317445431	3.22739060492035e-05
1.22958095738755	8.25277790656529e-05
1.94616605690896	-0.00015320114967336
0.0146249650088996	-1.17842245529848e-05
2.44682923235111	-0.000111326611070198
0.778617149299378	6.46259704393743e-05
0.0961527609518038	-2.29299067975194e-05
0.0023796919000283	2.8903886919986e-06
0.505222508989758	-4.43115258537822e-05
0.00262763246629391	2.97372948946525e-06
0.0858595253812138	-2.03257031203517e-05
2.67994082145824	0.000120777821635745
0.938983775629344	4.24274040741511e-05
0.480403679398532	4.09845674325254e-05
0.100514634407199	2.40239709655571e-05
0.497200753102494	-6.96161790343015e-05
0.40702161514516	-3.15171652304023e-05
0.465243398202119	-4.09519584281945e-05
3.54985450787711	0.000125536119636081
0.852908131918971	-6.9951912500628e-05
2.38620759025096	9.10068280725734e-05
0.133955483815855	2.55876643024384e-05
0.288337784733944	2.62861064263677e-05
0.121461970272123	-2.43260872130927e-05
2.47787840809845	0.000134599068244787
3.60711249469922	0.000143241894474765
0.0488313034454711	1.25484495393842e-05
0.469757283369742	3.3431719235124e-05
0.817896354184193	6.69942637859623e-05
0.0420192708990287	-2.23403447749077e-05
0.363474525956586	2.65157936421033e-05
0.123659478195224	2.8306989070056e-05
2.15501133374518	0.000100502469263725
0.282822704806261	2.62584375373341e-05
0.881144232184	0.00010725201049081
0.00619510422113522	-3.54382954099346e-06
0.492657048626121	4.90181965897065e-05
0.158317322466052	-3.13266966774155e-05
0.723684320569625	-4.66531366797217e-05
0.540385839613699	5.11120670802336e-05
0.875332565736449	0.000101340015460036
1.11658004284631	7.54746839739399e-05
2.03216501530071	8.38947162531187e-05
0.225679213097583	4.48870353833129e-05
0.121806994589201	-2.54221394961288e-05
0.315300621680667	3.74869057418777e-05
0.469721396670189	6.58296464291133e-05
1.52341128338834	8.50192994983443e-05
0.75110263960628	-6.00055726054215e-05
0.0385456992211188	1.45624260438751e-05
0.00476211434708125	-4.12914119167306e-06
0.095303143075603	-2.44135108614983e-05
0.229090533357581	2.34439420922979e-05
0.0976481282232484	2.08765583123601e-05
0.0920972865623195	1.51816158966896e-05
0.719610836940645	-5.81187451866148e-05
0.376423576045812	-3.76611253124328e-05
0.424815227171216	6.10895335786887e-05
0.00596181018241195	-5.58529187228433e-06
0.360658329830779	7.16704012274287e-05
0.377647336246879	4.72564188385117e-05
0.0921697685003795	3.34461833823731e-05
0.689068006253105	5.71304170613274e-05
0.0817904555605979	-1.55465588726638e-05
0.109783129884467	1.98869168308366e-05
1.64399855939665	-8.04931811696515e-05
1.85594325385986	0.000181953537259103
0.563562412527892	-4.98624041600135e-05
0.906050092848425	-7.78049881657901e-05
3.35978462011809e-05	-3.33441100917205e-07
0.245810579976657	3.09595254398606e-05
0.00566820581296987	-5.5376190743408e-06
0.0904610017595787	-2.33071479380316e-05
0.907015888103224	6.24665028968942e-05
1.2561317191203	7.26379831222806e-05
0.00264898177278111	-2.98831791116405e-06
1.56324491583416	-8.89249975678649e-05
1.14596009020357	6.01966956669428e-05
0.265433986563198	-3.1091179184823e-05
0.066493765934248	-2.44169128643058e-05
1.02433056618875	6.5922296535097e-05
0.787491615251915	5.58445340436172e-05
0.0416395610359361	1.11113661678554e-05
0.829388269099051	-6.90499649684072e-05
0.165725165758375	2.19972224633459e-05
0.16219991554095	-4.60313352580481e-05
0.0491561323628858	1.77125968307753e-05
0.232145283608959	-4.54605424335201e-05
0.00119714813768255	-2.08267267147942e-06
0.150799867238761	3.00849518516835e-05
2.76667109010174	0.000154553353990834
9.97538039625212e-05	6.85992600751035e-07
2.7343260208749	-0.000144358723980221
0.419927376510425	3.23623760675903e-05
0.638789265613108	3.5235038522118e-05
1.94602867984272	-7.05490574278578e-05
0.0388730143672209	1.79134443091171e-05
0.0999722843539527	-2.33864453590492e-05
3.63170153696191	0.000131695142004755
0.941442267324312	0.000105771277939169
0.242054727073649	-4.89393471746182e-05
0.0569447952154399	1.73475302503775e-05
1.1621603105711	0.000100920134051865
0.199410009216275	5.12839183000856e-05
0.0738990615206688	1.95182450839515e-05
0.450976535565014	-7.08818404809052e-05
0.354142009891292	-2.90864638866861e-05
0.0323808637044874	2.13928430861895e-05
0.0845223202448191	3.11411469401031e-05
0.37146369445229	-3.71108580886482e-05
1.76774985282026	7.59708022849706e-05
0.463107273790069	4.84612575318793e-05
0.00265117689839722	3.41722338520333e-06
2.73475777860625	-0.000132157439803459
1.72707110428987	-0.000132441316385276
7.64626839250765	-0.000206990140916173
1.37939704411648	9.48426461005613e-05
1.84112092081846	8.70717285451838e-05
0.00333451370358711	-3.29148052281343e-06
0.00454900078065176	4.72520997728653e-06
0.864012528674108	-8.3418134792938e-05
0.0197793975046303	-6.59510308520873e-06
0.0727504051377278	-1.54131814736517e-05
0.0346038081663393	1.42249008982585e-05
3.91522689587985	0.000187031118558137
1.0024357791175	5.48234915132223e-05
0.233277587742958	-3.15425654050819e-05
0.0414688998745492	1.24317382731548e-05
1.51010879187329	-0.000128650969529993
0.258012915480661	-2.81540733889641e-05
0.302201636016981	2.8513754217627e-05
0.065011744721937	-1.62736688019994e-05
0.888833551783075	5.25257713977971e-05
0.0164360732741274	1.69798825619358e-05
4.84377947155507	-0.000200778765694753
0.568311796193655	-6.17316230925398e-05
0.653397703731099	-4.86172008221546e-05
0.00172047345352369	-2.97422703620147e-06
0.0516152579813843	1.53958957480794e-05
1.14238560513227e-08	7.85932256890322e-09
0.153049654413114	2.29252852364071e-05
0.125390438067849	2.24935382623599e-05
0.0461569386831159	-1.39103372559071e-05
0.00210398881198663	4.49963007244905e-06
0.032305883774759	8.17808119921076e-06
1.50184217955921	0.000101008114591472
0.880327729795587	9.28844169262648e-05
0.675598673494105	-5.06477065106344e-05
0.376718053716108	3.63090971060955e-05
0.553949145718022	5.2664051311794e-05
0.686370969682035	7.62515142025566e-05
1.65007866608126	7.12104568279153e-05
5.55885927198286	0.000264196374435231
0.00132436583107813	-2.61450648614743e-06
0.457345866446825	4.98852642553499e-05
0.0154278399676125	8.01063664948131e-06
0.237663406407309	3.88861412458133e-05
1.03426422014691	0.000102618718138567
0.136884113627699	2.61032006247703e-05
0.144560832476875	2.91917033593769e-05
0.556232363312085	8.63464620587467e-05
0.00433926757964304	6.76104383962378e-06
1.10523610321006	5.52841362381741e-05
0.252263083775221	-3.45573661320023e-05
0.272527917864603	-3.53763562385151e-05
0.962977691674258	4.42850730419401e-05
0.0804301831687804	1.66399580288824e-05
0.140724995889957	3.24628887377631e-05
0.0703009989634301	1.94082779466422e-05
0.664475392559417	-4.54417929774058e-05
0.231695493691542	2.89815117676634e-05
0.341711199065194	4.49890698299588e-05
0.0450526461557514	1.31812396652672e-05
0.954475710634969	4.86804466695448e-05
0.370052899032792	6.54629195451145e-05
0.650443713064433	-5.09556435678533e-05
0.0107034496868464	-1.22290432009951e-05
0.113836621092373	-2.15373485572083e-05
0.184985753816365	-4.4984065368844e-05
0.0275348385744464	-1.03558315572579e-05
0.240527712817781	-4.38463234725026e-05
1.77217012210198	0.000151313712931249
0.099194529572414	2.31271034514773e-05
1.14579209337294	-9.73301352711464e-05
0.0166747459757264	-8.60889827729419e-06
3.12395161151671	-0.000141880893082577
0.978755541941905	-9.38478632813915e-05
0.03108336914759	-1.26306861310795e-05
0.00322076287166208	3.20834129926226e-06
0.01927939784907	7.35724908581379e-06
0.267139830537747	3.70763581150282e-05
1.84340974383922	0.000106312831425107
0.707708260635386	5.89410171140288e-05
0.120426266754058	-2.2133455916934e-05
2.55723350429941	-0.000119876252483258
0.904652500797017	4.59023281159147e-05
0.37314433428812	3.60737985656279e-05
0.999354543919522	6.25389470865411e-05
0.19362328804624	-2.81728862452268e-05
0.00890785139740059	6.01082401792555e-06
1.40454298406913	8.86403204500348e-05
0.03134726347684	-9.19508291695152e-06
0.00705805333853327	-4.76093769743061e-06
0.114976571660771	3.46170976495225e-05
0.150518915242181	1.81918388747099e-05
1.07109487738247	-7.39345013975437e-05
0.462662384779167	5.42685526701869e-05
1.29858272802309	-8.06412475527045e-05
4.04245414539481	0.000173959534757473
0.696728198605885	-8.01834777056607e-05
3.52544507417303	0.00019385745169836
0.107776503836345	2.30531579028516e-05
0.0455938589737149	-1.79624420415425e-05
1.02506045098185	8.18395118268448e-05
0.309451842010186	4.13950936933714e-05
0.349470581152282	-5.43004929813803e-05
0.156714903977637	5.29961268236006e-05
2.12820760229543	-0.000125337809714913
0.681654409584148	5.53291708406694e-05
3.93732510546947	0.000127917851803493
0.00943406385270561	7.22069440388008e-06
1.14660205695129	-7.99626487302436e-05
0.0236280333892819	1.03023323042423e-05
0.717270615869114	4.78094066538e-05
1.15840301369686	4.724290016655e-05
0.325044453476549	-5.31077311758533e-05
0.15793863238006	3.13143912407862e-05
1.08518257777663	-6.84981208970151e-05
0.54813129160918	-6.75789038234009e-05
1.27225781489466	-9.08457946814509e-05
0.515471030041428	5.22583149662055e-05
1.89101324261297	8.551444020367e-05
0.260578428154172	5.68250766356178e-05
1.80749524815568	6.59015762334253e-05
0.00469481481066854	4.45055337606113e-06
0.214649453495766	2.0399987922071e-05
4.41403161217248	-0.000169951195238481
0.135089899772846	2.0386293335929e-05
5.12402172994053	0.000100762709431581
1.68153526122261	-0.00013002974025927
1.56782630698672	-0.000108814130382265
0.0341878738316211	1.57791637202981e-05
0.690466681917159	4.7627985373071e-05
0.0279711236314835	-1.34030974146685e-05
0.41119325755744	-4.64658333609925e-05
0.410171923941348	6.62603345316679e-05
1.24625732582664	6.62864028397013e-05
0.72482000292791	5.6029389218481e-05
0.234878995278256	-3.99490103157039e-05
0.113236647629033	3.69600982689464e-05
0.394387009648206	-7.98981637943956e-05
0.295041296859291	4.77208548143356e-05
0.665764443897203	5.57310792751685e-05
0.113771622949516	-3.07162877788271e-05
2.41242232977899	0.000105167642158307
0.136177092087059	-3.14055507814956e-05
0.0456325654447721	2.22096165822563e-05
0.0878818406370475	-1.89134104850483e-05
0.55673992368515	-4.61299784022771e-05
0.836308778664066	-6.90148611224834e-05
2.64026321629209	0.000118702916223078
0.00152427295992591	-2.49213159498173e-06
0.16881179864176	3.61283401360522e-05
2.30639448025657	-0.000115568863583952
1.08948108149399	-7.47077875992836e-05
0.046528515999166	2.23983121427254e-05
1.62362563222508	9.64223883214796e-05
0.000883977125970459	-2.2607179146332e-06
0.00481226463032031	-4.56533095588741e-06
0.747046800047935	4.92299467079373e-05
2.13872026066153	9.79635460923236e-05
0.176397427952676	-2.30706342603566e-05
0.135684354312595	3.51117805461931e-05
0.517009996708273	4.58235624481573e-05
0.564157240922529	5.38119257250628e-05
0.00029698691374086	-1.14430976699378e-06
0.565016608632441	-6.26991813801094e-05
0.230971228306564	2.61153053608443e-05
0.182912315847212	2.0758725315183e-05
0.568014175921129	9.64125525430328e-05
0.645225295967513	-7.56708416695144e-05
1.36960379110417	7.7320939536079e-05
0.134577103866361	-3.98581397199119e-05
1.02506612876437	7.27244386875295e-05
0.00101551850189262	-3.66572737519489e-06
0.401439816701125	3.8251791148355e-05
0.324625158001088	-3.12103185175831e-05
0.0279184753276335	1.67909817865806e-05
0.000164195441969592	7.11052492243204e-07
4.64177994258097e-08	1.53352702567184e-08
0.109510635008994	-3.42809881535639e-05
2.80928299710861	0.000110461213040246
0.360949548687861	4.98189375651742e-05
0.860962540197693	5.34965616766626e-05
2.40573218411586	8.35493030860843e-05
0.0130067144775443	-1.15102917353746e-05
0.368254952948402	3.44647486017186e-05
1.49534506149417	0.000131283782835988
0.0494047963647334	-2.07980253245607e-05
0.865433874171747	5.03155679963513e-05
6.87100543408966	0.00028004702349506
0.570566421901613	4.98302582996374e-05
3.87854847120334	-0.000189526781276245
2.11039125315482	8.61547834062349e-05
1.27465322360894	-9.59570633494332e-05
0.0753577503361925	-1.56236590732681e-05
0.000145881641614461	-8.09633864654789e-07
0.576307819143398	-4.85613188777783e-05
0.273693118841059	2.97942918222449e-05
2.2041267901247	0.000146645549359539
0.412529594833582	4.71513504217097e-05
0.075216650638321	-1.49162029555714e-05
1.82361068289087	-7.77063832252849e-05
0.51882514941357	-8.05394056072731e-05
0.683800844812603	-7.10584914227825e-05
0.117207230485811	-2.1899788374792e-05
1.00319762792869	-9.1164051698876e-05
0.0221494186566497	1.70271850512512e-05
2.54902656533173	7.78060959522469e-05
0.363336868712916	5.52408611354673e-05
0.163450734277797	4.8057627128428e-05
0.174274216596233	-4.28363356940893e-05
1.82822679862955	8.77411554829474e-05
1.51652796517141	8.3379462039525e-05
6.20808072125882	0.000297145743995579
0.129247908389614	2.3948958747179e-05
4.39913775827083	-0.000125851422934581
1.03199289620231	-8.0854055051965e-05
0.552870495523941	4.75459817067778e-05
0.204934531603652	-3.23588564508008e-05
1.89412845696513	7.88901138078966e-05
1.84762047690205	6.5061086733845e-05
0.160165839625283	3.30831904781282e-05
0.00214870445019151	4.54873892322014e-06
0.198985314254172	-3.17658095987819e-05
1.00771528274632	4.37528467242913e-05
1.39760315028038	6.56985858600716e-05
8.04015135576941e-05	7.40588888550246e-07
1.85431833469575	-0.00012537185626573
0.117315580767404	-3.46736715213003e-05
1.16810143561564	9.89735219343988e-05
0.983166615658264	8.27849903883042e-05
0.33111243994048	-3.95217008787677e-05
0.585726371150279	5.15891723618761e-05
0.0344353237714318	2.20511054700614e-05
0.0447203355722431	-1.51550123432416e-05
0.265829102641715	3.4532513401875e-05
0.90788673222254	7.74027168076705e-05
0.110152904510635	2.2106198264587e-05
0.759760376247299	-6.51217837869843e-05
0.280596862268574	3.5288578070616e-05
0.424567012379732	3.20762464949471e-05
0.243390678025596	4.33709107605892e-05
0.0196696293153207	-8.63549117191035e-06
6.83281330281868	-0.000221135377604915
1.11449224115472	-0.000100748701524136
0.182085167331843	-2.78110069616362e-05
0.114528932863372	1.52533807570235e-05
0.0239139981807767	-9.10314323930163e-06
1.655039360053	7.03912698331644e-05
0.645836999654409	4.72082477873239e-05
1.58176823666418	-0.000122348290845127
0.356852267047776	2.90721037943471e-05
0.00252906585828831	-3.51729322632344e-06
0.3931424095288	4.772920315013e-05
2.71850067651078	0.000160495469429104
0.793575683713383	-9.45596630725279e-05
0.0873748302938807	-2.97590209311837e-05
0.00178670352624637	4.11150981429017e-06
0.831118661106658	6.35953643181404e-05
0.0114317481523661	5.83578418766857e-06
0.615275523490711	5.50467612349447e-05
0.316185483176491	-3.43596247853285e-05
1.19847860058157	-9.73432481726752e-05
0.148784695672172	1.62104664299015e-05
0.445267344578396	4.22975896305472e-05
0.482008370535215	5.77603646208638e-05
0.377163815700557	3.24712587676992e-05
0.811323593582832	-7.57436634475346e-05
0.26065548182639	-3.25555899017226e-05
2.09114000160032	0.000107438885788933
1.38666124503927	-7.73449733790391e-05
2.39601530760576	0.000105112140834561
0.739783456019972	4.02647194966502e-05
0.283062097691514	6.07245002038701e-05
0.767198388002633	9.74244138803431e-05
2.38112186994252	6.51683161672758e-05
0.73164651229316	-5.57854425291821e-05
1.89030142615906	-0.00011488258191468
0.24126946134368	-3.71018829166845e-05
0.0863054051292025	2.40400072220217e-05
0.0402947937624552	1.06220466915496e-05
1.07690243780492	-7.25734892379615e-05
0.343515944472607	3.92101869354315e-05
1.28480668901872	0.00010525217227936
0.580438081246995	6.39169322865394e-05
1.13959443268761	-8.0015917454653e-05
0.0196028078740911	7.86533057306434e-06
0.149209697428586	3.29773474426369e-05
0.0178617865419601	1.39479454379295e-05
0.0245960398079084	1.12495406239776e-05
0.0153142551321469	6.86081023239322e-06
2.29061768898673	7.20493177662508e-05
2.04780381087383	8.03056887267278e-05
0.143007843475261	-3.01615859294269e-05
0.962389569392607	5.80623581947031e-05
0.575413765834972	4.25039887601918e-05
0.490650892209116	5.38134927397141e-05
0.0025759096292467	-3.40221443156328e-06
2.15906431352634	8.83753738583144e-05
0.0166211198629582	-7.63682707408411e-06
0.0145398468046501	-7.2566344935069e-06
0.492817070851895	4.19156793171259e-05
0.00034092995884353	-1.08489036061015e-06
2.17895600894055	9.13733366173071e-05
0.910154415592361	-7.6920742270518e-05
0.0879274443416885	-1.88002898542467e-05
0.324257014335869	4.25685580639743e-05
0.0037663060797951	-6.22946803826403e-06
0.128165646257509	-2.59391254981075e-05
0.0171007520468755	9.18102687589582e-06
1.69947964626988	6.16066535308068e-05
0.0100187167939383	-8.90586118836952e-06
0.104523221574993	2.25501302043951e-05
0.0260456119023111	-1.07647791684667e-05
0.883464490712165	9.82462922057184e-05
1.21021709843402	6.17346178195136e-05
0.0279462549895127	-1.23605335469369e-05
1.55498857559395	7.97796356004501e-05
1.29571636970945	5.10644112722269e-05
2.24631174044349	-0.000132798946160359
0.474132671187584	3.84287903423524e-05
0.00164935982004448	4.27404711831176e-06
1.42903666287305	-7.28697088344574e-05
0.532394839639639	-8.09912922382366e-05
0.000341660272638348	1.80555275440608e-06
0.431867198702895	3.73909898691393e-05
0.00320705429982147	-3.27113860646507e-06
1.0292544061528	6.19866565762406e-05
0.0274991082898745	-1.62206689988656e-05
0.42608728908043	4.55561740726398e-05
1.49821461531644	8.36413403795732e-05
0.258223553482405	-4.7090952317678e-05
0.0187308067189425	7.40341547995539e-06
0.00394756684287092	-6.88477453265954e-06
0.279814468969839	2.76328616080656e-05
0.206859688075864	-2.61904355249195e-05
0.00365839930271266	-3.55161764179348e-06
2.21241216817906	-0.000111225704258985
1.29391979928201	7.45079471942596e-05
0.0165085580876397	7.17175907905799e-06
0.00333246967195239	3.91785819080187e-06
0.716172734471208	-7.19132494565308e-05
1.02539438862757	-7.27283636335152e-05
0.0123400808562889	1.35772654772273e-05
7.92876206021149e-06	3.11243659462406e-07
0.00264397344212182	5.78524718404669e-06
0.181253057186292	2.93467193641122e-05
2.02452136729904	0.000195099729486861
0.376865425668547	3.27383768304623e-05
0.713217905484087	5.59824242013566e-05
0.376184510828434	-3.09167601713441e-05
0.566768867390073	-4.76964027573795e-05
0.00711779247488303	8.00155529949676e-06
0.0204913143175329	-1.37651315432744e-05
0.22757506655995	-2.54238400069086e-05
1.39821983783528	7.68219906604842e-05
0.0954549645202695	2.30349076128775e-05
0.140797801041509	-3.35956854209638e-05
0.10153000639789	2.28892973435726e-05
0.0235284979027534	-9.84765351790027e-06
0.0806965844956472	-1.88584699433777e-05
1.91894638624919	0.000140516836236529
3.48765453177103	-0.000192860063134241
0.135399377132179	3.56129111262888e-05
0.0696804939330641	2.40110420800453e-05
0.180183416612728	-2.60838283217298e-05
0.0210233891810812	-1.04040255318302e-05
0.00316360451335246	-3.50073730374842e-06
0.18491835235852	1.82148847886953e-05
0.201167588899139	5.51038722573203e-05
0.423709040021971	6.24377952167111e-05
2.65794970853335	-0.000137728432671197
0.0542951578022671	-2.58366837179886e-05
2.02053541026075	8.01495803367633e-05
0.152730733687997	2.1571421458707e-05
0.390696214589605	2.62599352472799e-05
0.927830874023244	6.83341970827576e-05
0.0172127087189958	8.91070758756277e-06
0.679800654846734	-5.04330035548909e-05
0.884854155436918	4.41458777484069e-05
0.407367291746134	-4.53692948589039e-05
0.261737969357287	4.91945609542009e-05
0.191006300747572	3.68435933600544e-05
0.102929238807806	2.2111397601236e-05
0.187620695333592	2.43210242076506e-05
0.400257252378656	4.4060220601488e-05
0.810477929626753	6.22921387706971e-05
0.199157372576106	2.27901362809173e-05
4.43143349219466	-0.000175146383799791
0.0299544600149813	-1.88306197161654e-05
3.26849135233266	0.00018518895969048
0.0449844695128647	-1.01256918200305e-05
0.165807067795094	-2.56704747606512e-05
1.87682382218845	-0.000108746400189025
0.426050049525258	2.47933404593952e-05
0.115020816845118	2.72228161202058e-05
0.164262429130289	-3.30266912751356e-05
0.308491315863189	-3.06233009158661e-05
0.842740902932208	0.000100740298664622
0.020197960403514	-1.03410842582803e-05
0.094321084040947	-1.90432761175662e-05
0.192250538420157	3.12703742835209e-05
4.68836454269037	0.000166681396468392
0.0205087022817836	-9.7459069181757e-06
0.760746565725525	8.45689764237267e-05
0.00537188718674762	3.71748668621198e-06
0.00819507958118765	5.89829633041868e-06
0.0853388915357546	1.69632827117832e-05
1.55648826248544	8.7270197690244e-05
1.50607551328489	-9.02727785189122e-05
0.000560242558180522	-1.67780561069091e-06
0.0308497014424481	-1.492378359932e-05
0.00191906058519534	-2.98205156256195e-06
0.00983888764292119	6.16562516717864e-06
0.189560651736479	3.12711201222439e-05
3.73403118273587	0.000238272066679898
1.43494686732808	6.33416798443254e-05
0.729874150225318	-6.70107764391315e-05
0.0304411450632152	-1.40406101109192e-05
0.872709225913878	0.000110523963876068
0.141023662321278	2.72860778491264e-05
1.60119813682151	9.69488042800698e-05
1.52144973401928	6.79704393631573e-05
0.0298379464354918	1.44222455561704e-05
0.210037192251291	-2.91222309775801e-05
0.229423423504114	3.31007796273621e-05
1.94061101540032	-9.61843462752313e-05
3.20338025309461	0.000188225237226279
0.196906211379105	3.05192359475217e-05
0.0762923566345575	-1.9706440602978e-05
2.25458918860977	-8.00030970533544e-05
0.0797266240696534	-2.59882208353615e-05
1.30203286145394	8.27982259321274e-05
0.359160570728047	-4.43905041350322e-05
0.182520755811026	-2.97774847559115e-05
0.101861067829869	1.66751853873049e-05
2.67354504389132	0.000102985266674943
0.439801367858461	7.03937281278134e-05
0.0276343725681582	1.12558767107631e-05
0.399603590569231	7.08863535814644e-05
0.150268173231745	-2.73182516562866e-05
0.324930166018725	3.60679037141286e-05
4.24600416439475	-0.000152838885159664
0.412847044297154	4.48128375233592e-05
0.935930161131392	-7.60969018683868e-05
0.662690907280468	-8.95572179191522e-05
1.3368734490707	-0.000107812581529129
0.0797446281911769	1.92235671674202e-05
0.173162157449908	2.66882695300395e-05
0.129729902688742	3.85610571964688e-05
0.486710612486581	-5.6579292015879e-05
0.20779177131586	3.8305929360773e-05
1.17326673268165	4.67359687954477e-05
1.70452627565991	-8.90653039502588e-05
0.0450384511717984	-1.46538257545091e-05
0.738413037277438	5.415869632737e-05
4.8699319927618e-05	-5.94920883011257e-07
0.375467000170974	4.44796766638796e-05
0.0528774627597159	-1.5930341185363e-05
1.04209792972721	6.72382172613372e-05
1.02879442600605	0.000117616453362514
1.30785118073163	5.81702995198693e-05
2.08498623334986	-0.000103384488422142
1.7335710763518	7.77955612701953e-05
0.0639544627650993	-2.51449025402026e-05
0.396081926537742	-5.8182587113511e-05
0.280567904020679	3.93727821088916e-05
1.28429887818334	-7.10806187422279e-05
1.09772607304883	8.20194347749107e-05
1.53368873697922	-0.000104458526905724
1.60507904848631	-0.000111738300849627
1.33569899113852	-6.8312393490405e-05
0.281455497204398	3.07211840157866e-05
2.95304767687961	-0.000137777230198696
8.18354974587582	0.00032175157889205
0.682477603421534	3.90586840826117e-05
0.190088757257431	-2.71139241613614e-05
1.07688223167329	9.40754356560189e-05
0.773485175241275	6.32999773520192e-05
1.83767847712192	-8.7497217279921e-05
0.100081976778995	2.91097500137909e-05
0.0453821334744159	1.22713045114885e-05
0.263962186746833	3.40419155493773e-05
0.215852082957653	-4.25966285851519e-05
0.00081557740315758	2.17030010248894e-06
0.084833434450721	2.0141422017901e-05
5.20916846462079	0.000170906506857176
0.0447877579348272	-1.78246807177855e-05
0.491009442221637	7.24958161386065e-05
1.50032364071865	6.15145462891418e-05
0.0871794547708314	1.6587523598475e-05
0.380204914725858	-4.19326823569216e-05
0.000537115999904417	-1.08857898430409e-06
3.01727665783614	9.02461333871297e-05
0.803972678918192	4.58818603234815e-05
0.252880594527616	2.85749246639208e-05
0.0916015345760598	1.92016776531929e-05
1.02170351061761	5.95181588796575e-05
0.4924953240836	4.14654295432367e-05
0.459086264836334	-5.76097018400948e-05
0.104632713863183	3.91644984768002e-05
0.610918703264186	5.71614463944852e-05
3.24382048442039	-0.000167191453547137
0.0915648778317186	2.40447999277057e-05
1.44379257714835	-0.000108558935320293
0.0610764458367745	-2.84507301946911e-05
0.0387969151542525	1.43090923375088e-05
0.810955000444401	-5.64252026048721e-05
2.37703771198842	0.000113813918838077
1.32387500425939	6.97059137031825e-05
0.291860192290494	3.44345143119982e-05
0.126441703080746	3.85590181542682e-05
0.485115619321714	5.30533611933112e-05
0.20764216253884	-4.73294544881382e-05
0.767483688220731	-6.41247461571001e-05
0.296043009468389	3.04158616600526e-05
0.135644027866055	-3.98730253596149e-05
0.252701688302018	2.9047573721879e-05
0.23566041081871	-2.40357955777269e-05
0.00023673383768556	-1.1343689443965e-06
0.298725572124283	5.84330511796547e-05
0.265214816798666	2.50543504308971e-05
0.888167313157269	-6.47970979357476e-05
0.0744467096422146	2.6916597412472e-05
0.153725271094092	-2.25714486548393e-05
1.64236489392263	7.71277819216914e-05
0.00271536765498587	5.60934658734685e-06
0.806319627890961	4.07124973381813e-05
0.0343777952507291	-9.31920002876496e-06
0.294622885577699	3.84513834043492e-05
0.60599750411101	-6.45446265351131e-05
0.206180991743442	4.53361731336019e-05
0.328241918139026	3.2816706307562e-05
0.169127462987354	-2.66367199976067e-05
0.529260997062355	5.52482672228809e-05
1.21126458095317	-8.04734315893216e-05
0.223483588713461	2.87557392021151e-05
0.000736713794889036	2.77264397610552e-06
0.0210019964220632	9.52865309814558e-06
2.31505359587545	-0.000172295820742079
0.00148619285334536	1.96930293872247e-06
0.0620668802636111	1.42844158177257e-05
0.0774329617609181	-1.35902739473177e-05
0.085484670597768	-2.02923845586374e-05
0.957151373927337	4.93581098659694e-05
0.795709327676381	8.45168753905103e-05
0.00184281633275551	-4.122680905638e-06
0.0946131141476564	-2.08172558872212e-05
3.4984584163203	-0.000159235970106952
0.507273565518284	3.91670537679788e-05
1.83176662287079	0.00016559340772701
0.335166615389504	4.10404970240713e-05
3.41544963038929e-05	-3.56626772142003e-07
1.59310807809742	-0.000141408152967094
0.235325662659725	3.47573994879487e-05
0.140361126487433	2.20335336362998e-05
0.317462616921074	-5.56614445043749e-05
2.46781338094728	0.000215932515387169
2.57150694441625	0.000218018626524398
1.39032187503055	6.12072801084603e-05
0.41380685669773	-7.54379879906202e-05
0.00426805074776998	-4.55246388470822e-06
0.705278658721783	4.03885679039467e-05
2.47187053695691	0.000149963779911286
0.0540204201170054	2.50438926198222e-05
0.962644319831339	6.43718793203455e-05
0.888528286363202	6.99175617656927e-05
0.0395970083650578	1.05730748798304e-05
0.649591321461031	4.08762843840487e-05
0.139331732291833	2.74781936030464e-05
0.0631860334406128	1.61956174815872e-05
0.00608405965972503	-4.3630978942717e-06
0.0661244497536046	2.52654276064863e-05
1.20571248709758	6.05679511763842e-05
0.0525951666151644	-2.40217114825507e-05
0.990776864629305	4.94260018638804e-05
1.68976150366882	-0.000115990740964829
0.692420753328115	-4.39291973538537e-05
7.25579091780227	0.000261011822005491
0.555506900971897	-5.86261286271906e-05
0.0213894586177038	1.41433894133407e-05
1.22432869292854	-7.15646135332259e-05
0.073273467890501	-1.51356053724871e-05
0.332822998210317	-3.93456003615149e-05
0.414717261968969	3.98868212936209e-05
1.64223787470406	-0.00010165942651678
0.160433408430954	3.27793762023635e-05
0.319087985485677	-3.77813901889983e-05
0.0345280023671485	1.20575519600712e-05
1.64278878513993	6.69937823992821e-05
0.339013228955168	-2.7311673346243e-05
0.0393970065413636	1.01785064718847e-05
5.62910633710968	-0.000173469157403003
1.38807311965797	8.9951748599519e-05
0.450993609961641	4.7079518761475e-05
0.723097199127703	8.25836805603391e-05
0.303525912598308	4.9986882311714e-05
0.231122071590358	3.47102425940532e-05
