R^2	beta
6.09384243019737	-0.0188910909112234
15.0770837207503	-0.0214936331106287
14.4233294543236	-0.0243418451310525
19.9549334022154	-0.0303370865985576
24.5138727323561	-0.0293894424358313
11.2043076206645	-0.0241547187994712
9.06864798013028	-0.0198970619953899
0.166305123336718	-0.00262551165120198
4.4857596468895	-0.0185301905122435
14.1912992547595	-0.02832955046281
14.0407264697894	-0.0285867758369012
15.2932498537873	-0.0282092501247076
4.96910901364302	-0.0146747535003123
2.41162578895623	-0.0119807784684709
12.9850647727667	-0.0223817745001993
15.4051387821813	-0.0309848423134769
10.7081498985487	-0.0228310467426745
0.353857783865723	-0.00392137370373544
4.53246070068386	-0.0150291030939442
10.0396728481759	-0.0229888911123258
18.7662922718653	-0.033108441639566
9.00692436600608	-0.0181900673760571
9.66532000512034	-0.019556567465986
15.2342159235929	-0.0281251140795352
6.22452971720703	-0.0185349634339372
7.65809668111036	-0.0143890024388176
12.3801756326649	-0.0213650197054653
4.5146762075715	-0.0136651797146351
3.09200262807165	-0.0135897522199451
11.2959045105516	-0.0242704212171281
6.14607571725741	-0.0175936129101273
2.25197326608128	-0.0107435927468878
0.97598737467087	-0.0069289784967132
8.8152053829213	-0.0202807837314707
2.69825823185915	-0.00947013229950989
6.83723538237243	-0.018515751819867
4.93557171877111	-0.0139992266515202
3.15457289922208	-0.0123309703992748
14.6041645063847	-0.0297823247907917
6.82357902435755	-0.0167787024220435
4.94460833880554	-0.0136356363357755
2.63339250890772	-0.00967226196136634
1.03470975531729	-0.00801309331186964
3.28331824048167	-0.010838333813516
12.2612322112494	-0.0231234445591411
4.41451570776513	-0.0145900902585545
11.6964711585523	-0.0240073951635591
10.4580291386551	-0.0220702463728494
4.12428411865827	-0.0123296833630959
2.89565206783522	-0.0121133672892972
5.81121352233884	-0.0141783959086816
7.8258141839365	-0.0170689346053671
0.416637025795335	-0.00551548719558084
7.21782935319617	-0.0203786699091175
9.00599098965205	-0.0199813889056672
15.9498475621506	-0.0271348351981071
4.73226203741238	-0.018677920388478
17.3246217331138	-0.0292294092681893
3.21992095758338	-0.0124941593314485
10.9137619962485	-0.0262237450866701
3.29101342744554	-0.0104805067826726
9.56265660845031	-0.020634948960099
2.39556072865456	-0.010510580572084
5.53151857322596	-0.0152952691490922
2.58094004157887	-0.0110873996015175
2.71642588048735	-0.0121145874727664
5.69317635698314	-0.0194053613260254
5.97273954312679	-0.0161674666672764
6.20388084366538	-0.0204294853180343
3.12568166942857	-0.0145993056568131
2.71868039916982	-0.0111802679529795
0.00102153687517808	-0.000245188025380882
6.04854122944453	-0.0148726754368579
7.19535179107048	-0.0166069859413043
7.35030109300859	-0.0175581416295539
9.70714270086745	-0.0202872839774443
10.7019482633984	-0.0196382286885062
0.953267312721549	-0.00605943018508518
1.83574983206416	-0.0111297029426994
1.2125533576405	-0.00854570701701631
8.40565738747153	-0.0198793754294082
1.94080165888885	-0.00822754123968208
4.65265728150568	-0.0158578503950729
6.56076526393266	-0.0172982002508406
7.05200166111314	-0.0189608678248381
14.0707046869794	-0.0248389040922882
1.7408967891907	-0.0101170503175759
1.28806649336756	-0.00884622376752729
13.2141473690607	-0.0240987230549619
5.13829668441852	-0.0164850210754062
5.54663306872691	-0.0141514014765054
5.85027575721628	-0.0154501255802259
12.7769161362029	-0.0252943454978679
6.69069371415241	-0.0161076730420504
8.1977157154509	-0.0211243343383413
11.666944009596	-0.0210503887218097
12.3359556160229	-0.0272544380100472
4.82221518279023	-0.016885287480229
7.9519443890611	-0.0172723870195963
6.50977251252927	-0.018997515204349
1.52048430594976	-0.00811152002335902
3.60099652527234	-0.0112387365019333
4.91603506005059	-0.0148011415855846
6.31844621114074	-0.0162001698700195
4.81329134170264	-0.0153173422315321
2.55810970510773	-0.0138495031661211
12.5772917488158	-0.0205408923331647
4.11866713072726	-0.0120632420279864
14.4880300731658	-0.0270225578490404
8.96790297044732	-0.0195504593641624
3.02560970421868	-0.0116093982568701
0.319104980943859	-0.0035009659325903
0.706642240541091	-0.00518428156581547
5.98872143943319	-0.0162803574299706
14.3252008337998	-0.0245988678947931
1.29475733880994	-0.00892809116092666
1.59133063415165	-0.008588115353148
9.42864312503037	-0.0219327120596028
4.25575107626784	-0.0146146974025516
15.55214232662	-0.0237010581311103
7.86899790715792	-0.0198574030574536
3.61670265587964	-0.0169817749686125
3.26572414968998	-0.0119550035064121
9.75880300747298	-0.0217917411980365
1.68058583425622	-0.00967503224729634
6.66919502884093	-0.0186685718530486
6.74364271801542	-0.0189671351694198
0.424310761658509	-0.00401567913627185
9.98071850953292	-0.0196525928681356
4.63642409043878	-0.0161142248917807
12.9270062400709	-0.025123972814473
3.53298081952347	-0.0135950087884759
11.4641619351156	-0.0180316247018905
3.48109755656819	-0.0154206154702559
8.86019453722468	-0.0183106704521761
10.8173544310594	-0.0229171578220569
11.4446229421038	-0.0275283625801053
0.93032759930411	-0.00703982458622235
11.7281228219245	-0.0274009538396396
5.31334758765847	-0.0174167077420071
9.7396678006316	-0.0206504513230611
5.03968198594545	-0.015911884701825
8.85937920269212	-0.0168605733685897
1.59348555906537	-0.00962800183426605
7.38645497860992	-0.0176126365004469
3.77482551849431	-0.0120615786636698
2.48766384347335	-0.0112504731471484
8.01251631809187	-0.0186772043970832
6.80268395661316	-0.0171229481103332
1.51101646991232	-0.00821895177543565
6.90846761461144	-0.0172636032772256
4.85200702276671	-0.0154294082948358
8.17157517023984	-0.015718868457965
4.62907892134848	-0.0177849804637685
0.762609942982386	-0.00660983788277756
9.57325869835754	-0.0223625168388942
1.6776392781285	-0.0100342984583514
5.02403535433095	-0.0162881854194066
6.251638413519	-0.0186419254247303
5.24017745529291	-0.0142368647585619
3.79204710805425	-0.0143924705969672
7.54716954907513	-0.0180180870876583
2.29496694122827	-0.00922669636514704
5.11779491072221	-0.0165817462245822
6.56815305037673	-0.016983058741427
1.24199853584979	-0.00685745490414249
2.05445922374367	-0.00910772872204255
10.3236432918553	-0.0231341022433094
7.08421181236217	-0.0172481741346466
3.58982344053341	-0.0142776661687962
10.0339820947738	-0.0214811149167575
9.66391851359166	-0.0221359318808062
0.958498335269523	-0.00611856072039625
8.25860188336219	-0.017262953538314
9.51686159124104	-0.0250723212806097
2.32708161683407	-0.0110667656279794
8.42675900242936	-0.0198007781774146
2.48491097252535	-0.01038586086451
14.9193043198072	-0.0245385368134355
2.64813903614369	-0.0126905792847145
1.68755907654411	-0.00974229272290585
18.2075221498117	-0.0276117906364835
3.87100997877115	-0.0130568485960427
8.32136157982174	-0.0212805444551065
6.93047331976335	-0.0193111526899648
11.1468177561977	-0.0223198563649985
1.61174208489195	-0.00834593366712853
8.60161569461668	-0.0204280824961796
4.2355291909538	-0.0129843350503702
13.3580867281275	-0.0237808233172229
2.47246610124012	-0.0108030053736294
4.19900176986959	-0.0146241629697997
8.66238007227193	-0.023292992490721
13.5007698912781	-0.0233398219732904
7.22815293598451	-0.0188323981962104
14.1131557403065	-0.0266705799766529
4.89626089602239	-0.0147308085165973
5.84142047593576	-0.016872393394729
3.99543079647731	-0.0142337293230792
19.1733045578873	-0.0286664962540592
12.407179608342	-0.0208596702844184
2.33567835311924	-0.0111991787918744
1.12876140074991	-0.00623303351802518
1.43691533030364	-0.008710044970658
5.35685299447613	-0.0168347662126404
17.8989739289734	-0.0261016962604902
3.76313162630883	-0.0134487965586084
1.38637666385272	-0.00793046091511683
8.55394172279379	-0.0187163804322692
20.4743826540739	-0.0307149609620168
3.46695983593395	-0.0131980771925933
6.40491704589255	-0.0191956176651944
11.7983244980263	-0.0265865408924861
11.7365223762572	-0.0230246511745551
17.5398788375874	-0.0277195190560418
2.94413897565145	-0.0136415107721797
5.37322287680076	-0.0173655687102635
10.6125225829095	-0.0207729561722572
2.69437216200988	-0.0114589275175309
8.46893039722115	-0.0203472463814336
10.5334712726562	-0.0182529149115782
8.09405680655664	-0.0187982702085962
5.71948925067168	-0.0170354156732024
7.71893153359453	-0.0177285929102149
16.5338328976411	-0.025620361896114
2.21030086569051	-0.0106664711029551
2.73943484725359	-0.0122869997562554
16.1001937431703	-0.0308940021128248
7.69867884056053	-0.0197927986485295
3.69756907709962	-0.0125001047906377
7.71117150231637	-0.0174526438831788
16.6730911672321	-0.0260773163001949
10.3993545230849	-0.0218746436243765
5.87888314441002	-0.0177642817069381
4.85082217472633	-0.0154517696439375
0.339481534450922	-0.00439993129218673
3.27577848781296	-0.0115888523444504
5.46195937169428	-0.0173077533674641
8.75673898662897	-0.0195735129172275
14.931417181923	-0.0269319730977455
15.8256413949559	-0.0271410166278209
1.57459064778504	-0.00933140279942788
7.97199676729335	-0.0152167814404995
7.00833205190072	-0.0158264392377601
3.34286660677666	-0.012553738900151
17.4671137340845	-0.0274325790650535
7.10813984051826	-0.0169790754762827
7.43536455815802	-0.0230549833793569
10.7808824301718	-0.0232379685302619
2.95904805854598	-0.0130378965656424
2.71907772770966	-0.0119651898257924
2.1305984568099	-0.00985852231924311
7.57354394040362	-0.0196941413730017
4.31020405354932	-0.0161895971794219
6.66177616468671	-0.0181419034010075
4.04897846456679	-0.0134006613741712
1.81364604271201	-0.00918825428790935
11.1240031033748	-0.0229761988596581
5.06404666222535	-0.0133950863522781
7.23197856051084	-0.0168191750139625
3.53471276609144	-0.012671405217095
6.15838749590398	-0.0175110083315354
12.7988930785819	-0.0249165811818234
6.6694778521744	-0.015785592768493
11.0334348480184	-0.0230795820149881
2.88047869063799	-0.0146441616128399
3.65517846729856	-0.0129050087193002
10.8238518575315	-0.026091930264846
5.71197844245673	-0.0172988106915155
6.25981613836219	-0.0149976054484062
16.6217465392376	-0.0286453902653084
1.37507110698584	-0.00896370229938381
5.27314640782467	-0.0173332977327455
14.7010584869918	-0.0318108668889777
5.25722246909897	-0.0168334299128365
12.6926927863054	-0.0250689769392694
12.5006139308999	-0.0250684634895689
8.39427313228675	-0.0206205753958721
3.75777639172219	-0.0124197210773316
9.33725123089861	-0.0193956185606057
3.54806713223452	-0.0110857270837338
2.43114260840971	-0.0105664582348402
6.26151771662888	-0.0186495391123685
1.06908445109802	-0.00596650707929751
7.24077035206585	-0.0164937358562772
12.5252180873874	-0.021323211237945
6.56998450601718	-0.0187996018903961
4.17825814060107	-0.0122585491214213
7.90362972577585	-0.0180562296949281
2.01819525493321	-0.008296923812223
6.41410613926747	-0.0134703938990622
11.957488281861	-0.0213854436068505
13.8902145984709	-0.0273435000591544
0.00818989246584976	-0.000592527988821384
6.08735206798619	-0.0156638365292407
18.1189753470527	-0.0246514245401371
10.6554125900562	-0.0239200057358463
3.43316152735115	-0.0125669107604073
4.17074280629704	-0.0130734347324254
3.77429892927714	-0.0134675480336153
6.02624488177348	-0.0168888767704373
13.8696476243208	-0.0275478910303762
13.4686544494444	-0.0269057841814701
7.50940856223453	-0.0195221553847798
14.1458164232145	-0.0216893294852329
8.32025324771125	-0.0206863057368898
11.2180971255555	-0.0261112207893816
2.94379220098399	-0.00826904109446553
19.6317670182509	-0.0264755802487041
10.3075063634436	-0.02379480917411
13.091746633816	-0.0213065340503401
11.9799511083567	-0.0212094496555551
5.30044204441611	-0.015759892590542
14.4288748051802	-0.0228800834983161
9.16624651255167	-0.0197739832067891
3.43540098780103	-0.013064277199213
0.181451885820401	-0.00317535278010704
6.76389605617566	-0.0178897554110504
4.30558299874186	-0.0127457319404758
8.80853758589162	-0.0252938530839525
9.10657295665894	-0.0219421961716995
9.41985948158101	-0.0211106986076693
10.5282099622192	-0.0239531854139819
14.6146792498431	-0.031133458851734
9.55244151301538	-0.0230574063660405
10.9507253555088	-0.0280177756176228
19.7673056762603	-0.0344712241741883
1.34040579233033	-0.00877919609266932
14.0396575254067	-0.0226262823596308
5.48097458248298	-0.0173604981382351
1.90743469516569	-0.00751516569898187
5.92040726894069	-0.0151339123921887
9.80888980394221	-0.0222401678276234
4.39027280234624	-0.0154166812124721
15.0167414687601	-0.0290730858336144
5.50491321407917e-05	5.16068068935292e-05
4.80261776212473	-0.016758316160263
8.98141264269993	-0.0186872474980733
10.3737471618897	-0.0215943297875101
4.41767140455596	-0.0144329655378723
3.29057154295012	-0.0113698996323873
0.395985941279105	-0.0046688838279269
6.39421108073847	-0.0179277014113278
10.1921296709525	-0.0210628452315432
4.660254656943	-0.017149570921853
7.59459448159468	-0.0178321104951698
0.743036478158419	-0.00683710798485717
6.35679463776994	-0.0158031175834198
8.15833675129202	-0.0204475528906453
2.3143966532196	-0.0100471139569466
7.44470707716231	-0.01686117986073
7.04438844237016	-0.0144455203082453
2.29873048795906	-0.0116178148050826
14.2061400849685	-0.0264329423648828
11.1189220965791	-0.025448078092616
10.0398966788146	-0.0235890327793684
6.39511143725585	-0.0151056696284722
6.98739727152463	-0.0188891061757797
7.39486914099735	-0.0189827401430939
1.38308003544436	-0.00855849990391282
1.9893468843132	-0.0112899297348779
13.8879017758397	-0.0222179984625806
2.0319600734628	-0.0102081270876678
2.46636977254122	-0.0114941414169868
4.9554995835326	-0.0135216921353818
8.05096422162781	-0.0200898417308339
11.8147579737837	-0.0233757789882215
13.4824347574351	-0.026653685203264
11.718770973777	-0.0263323269692068
20.0817626845265	-0.0262847223774162
5.92570878127285	-0.0180094746037317
13.7996570844773	-0.0238611464223752
14.3005182094767	-0.0226834063928642
3.21400200243346	-0.0121793232642525
3.58653457083953	-0.0118585920515928
11.2241302085544	-0.0261591355277093
8.85837756268126	-0.0186378410018041
6.53519099432738	-0.0168965818376968
5.60741700950178	-0.0190262316436877
9.98410652804848	-0.0228059621876684
8.60024473453939	-0.0202705914180468
4.14292198120238	-0.0147927658204207
9.23116872625551	-0.0219490909462795
7.51523196444815	-0.0183185488738515
3.74397847784007	-0.0118265691813697
1.6860040848623	-0.00892190337230092
2.92000225424328	-0.0112413033114314
11.1036541422776	-0.0204024294112175
10.7823334490089	-0.018959729237746
13.0337753799641	-0.0214073333326245
11.6390907087397	-0.0232694165604093
6.1885494527677	-0.0180847881492521
12.4732526507463	-0.0276622108559158
5.80550884401989	-0.0139958883792002
0.727624607163256	-0.00530026479586469
8.67949881813025	-0.0234335863257701
5.68188111293222	-0.015707306300703
6.74855829278996	-0.0193726309517194
5.64684479886819	-0.0166522176662561
1.54789491670937	-0.00871482822283528
7.72580450676459	-0.0199602284147576
8.96586135482567	-0.0232604225895279
3.03024628593672	-0.0118610469806687
0.474974386587186	-0.00623322415475459
8.94806317291699	-0.0227237920832497
0.598664714459041	-0.00678408417082173
6.61300301413123	-0.0178322231695966
14.7224470763284	-0.0289223582374531
3.59875809830617	-0.0127088605511529
6.78349614534231	-0.0193505664372321
7.61299484364596	-0.0162401533218505
8.64588145671973	-0.0214661571385088
12.0409575368293	-0.0236400635409332
13.526378413428	-0.0233625210861703
2.84956593205812	-0.0110436736244149
4.82515169145116	-0.0170064742616605
12.5427893725725	-0.0257798618885699
3.52473083592442	-0.0134091073902569
5.92673987664507	-0.0168088440438474
8.81597594093765	-0.0189065507160424
6.64461933828932	-0.0171630913889373
3.34117603075982	-0.0123277780435231
12.5983954388904	-0.0263114878417059
15.831952590417	-0.0279334207414917
4.24931989718072	-0.0115735798133599
1.4258344696397	-0.00733393441768643
1.80688450713228	-0.00951147750809264
5.10531050255305	-0.0146657735826966
1.62703703653678	-0.00870120326168468
7.91026354680552	-0.021461354674918
6.20187360420877	-0.0163377927358216
10.3941866739358	-0.0205122466615498
8.47220343919655	-0.0195744189959784
8.29865945221962	-0.0233338791307498
14.5841983638611	-0.0242870427272739
4.71370636534168	-0.0173461904371985
4.48287167811328	-0.0139650280350854
10.2065202016657	-0.0266414029568426
10.3292533850183	-0.0259527631744913
4.26686348521448	-0.0151521548852309
14.0152267978252	-0.0273062010702368
0.669796144679799	-0.00524883486008556
2.76046549979935	-0.0128098108138533
4.64425955717748	-0.0167799864592804
4.79426913204394	-0.014345332565118
2.31389021731715	-0.00988278751669335
4.87926113248649	-0.0146900863612764
4.24684429644445	-0.0138830670460807
1.23651506062899	-0.00825804065332386
8.11820411110826	-0.0184027184309302
1.60056766086892	-0.00829766060474467
9.97858036397273	-0.0203019787337821
15.9992204119428	-0.0282443633882773
9.54962860485256	-0.0201522041092018
0.631792879369145	-0.00479547875412531
5.0652211994802	-0.0150026564906225
14.7996645112569	-0.0252397078706639
0.583585949949394	-0.00620710881515741
3.81603008161645	-0.0139967371299215
3.53295937480355	-0.0124030447147913
4.1930496690703	-0.0140750665633062
4.38620170153477	-0.0129880141062336
2.08126663924166	-0.00855894632868108
2.4753649928714	-0.00907728762531891
27.7947109869453	-0.0395048087391974
8.91505608484485	-0.0193184290187082
1.4392848232042	-0.00711044377806558
1.87721210344142	-0.00970995424236366
9.83761097158289	-0.022170327551904
12.1374153395919	-0.0250408436871386
10.1150283942402	-0.0199078585846781
1.63148596938541	-0.0104878279495231
12.3346366746277	-0.0249011187463512
2.0307469260621	-0.0108004271769163
5.47100475073126	-0.0127917218967678
7.95509131290236	-0.0228492533390612
21.9516022729007	-0.0365102635092028
4.89471906491251	-0.014887055319572
11.631203990914	-0.0232882095471418
20.4217395603166	-0.0306687363899735
3.28305943855143	-0.011058323387731
3.08235799612087	-0.0146281769427689
11.5998938791085	-0.0267609119602249
14.5132332892035	-0.0264910282608062
3.21910377072486	-0.00994398134976669
5.65233136837583	-0.0148024875385159
2.58043942603405	-0.0122742093539676
3.52553527488772	-0.0134386147446666
3.96174488059561	-0.0124123283987551
2.89763310335325	-0.0148630180944842
7.63847028011701	-0.0169566486765531
7.20704065395695	-0.0177211828297974
3.78717647549741	-0.0129504147710544
10.1678779172598	-0.022692676809686
7.24363880789107	-0.0193917092804614
15.8142138938621	-0.0320250350137602
4.7332456450024	-0.0142296330811211
10.2288622673955	-0.0223704503835195
19.2290797005657	-0.027827522133591
8.48891938691417	-0.0187495887984761
12.2786178617486	-0.0208864978348873
6.27522107613828	-0.0162599048397087
15.4269522996989	-0.0254379944729479
7.44158746343374	-0.01874727527356
1.89264049971655	-0.00955446114179171
6.32738728177875	-0.0162992997406162
15.3505893537571	-0.0249861990650371
3.65786602690455	-0.0132312835514849
1.89883662773154	-0.00912497794867938
16.278510532343	-0.0273812311171009
9.14872026594928	-0.0175525098276926
1.93910823674042	-0.0117792684674037
8.71719058894688	-0.0195479595631267
6.09798684740257	-0.017194815347094
1.44397308649881	-0.00840117054671351
13.2234533573696	-0.023227035562565
7.06743964252519	-0.0193662329193561
5.01659133520085	-0.0161215010136597
7.29627127858522	-0.0186839047001029
6.93906405066098	-0.0188149222831351
4.27680304812023	-0.0125838536138303
4.44392777821757	-0.0139299523276405
3.25883782477417	-0.0138536052493741
7.36425241400295	-0.0200436470378829
0.534507741816867	-0.0050380146927672
8.2501881834551	-0.0201095647342859
1.71372392786913	-0.00912613237752967
10.6761541055207	-0.024336407536832
0.486632147392074	-0.00486325592330417
7.08597207448506	-0.0159747012620261
17.7362812121562	-0.0276793737886051
11.0850791523281	-0.0211656359947841
3.25176761962464	-0.0113259725352222
7.42343613386162	-0.0217613132895345
16.0263537917717	-0.027730759094515
0.862066008847061	-0.00607459963918787
3.87658547918565	-0.0132504398450303
2.55292628737904	-0.0095663069985826
1.85943536277964	-0.011824372689626
15.2359849326885	-0.0281122593859237
1.2082161889247	-0.00835176656023854
14.1386326567851	-0.0252367228371494
7.10887391079157	-0.0229524583834712
9.48293112317402	-0.0199203553017287
3.97278640137405	-0.013308771157628
2.99126266627198	-0.0120044854200561
9.99190974875093	-0.0205665716571854
8.42947740698579	-0.0178590220743308
11.98463004185	-0.0246915612795071
9.44877155947531	-0.0212240223120464
1.43496614647014	-0.00781048053519654
5.55291167471444	-0.0200080568643971
11.0438950422677	-0.0201889398552303
15.8358105986691	-0.0245878312871447
6.35311404269729	-0.0178712417721556
5.33949773768079	-0.0139334389454924
0.361607673832699	-0.00397259500991854
6.41220359798791	-0.0146321831460783
1.98820253061846	-0.0102196096182126
4.98149225390411	-0.0154111659164921
14.3557822548696	-0.024752620852553
24.2031608106583	-0.0346979258914271
10.3300912265323	-0.0236149111387244
1.59616458381906	-0.00833303324516972
9.96572518289961	-0.0209473018623416
6.53557102880885	-0.0177269883458326
9.97673522464079	-0.0233283621204363
12.2924314650534	-0.0228401719979521
4.22684550807254	-0.0141062902543955
13.8579147096468	-0.0240831450645227
4.31459490296261	-0.012653178873565
5.46643734999063	-0.0178372950311108
27.5400656027314	-0.035353412988643
10.3819090776862	-0.0234678322129314
9.88761109186075	-0.0199380178173647
6.88513370423244	-0.0179432660125264
9.40673181468983	-0.0217029901564161
10.9250950714288	-0.0194871726852591
7.45996596809598	-0.0229985290287847
4.90844894422965	-0.0149255901293472
6.28368315124352	-0.0171859786569395
11.8898271774233	-0.0194481658495069
2.2144099436339	-0.00904688806593863
4.78152272812767	-0.0134164458775751
6.72885033167097	-0.0173592488505568
1.25332979156824	-0.00789146170294761
15.4780781744104	-0.0248085060166594
9.61026685639904	-0.0261473955275935
17.2063341402422	-0.0252156024351307
3.08138649774773	-0.0147659189696602
6.67747047090095	-0.0179561675483231
10.470238130344	-0.0232520568731723
5.23970444202701	-0.0172749460957871
2.09244309779189	-0.0082052332976864
16.3539706987629	-0.0253998211274946
3.31140451033937	-0.0115365463248668
4.7509882521817	-0.0142004734862951
2.3715094633436	-0.0119530335533082
2.30122692278956	-0.00953637286061171
9.50503804939611	-0.0207165606539242
2.53320655732572	-0.0140483076543266
1.72746735762977	-0.0100605942888384
10.6920589986712	-0.0246686165760682
13.3256226615764	-0.0230459298107527
3.63252483810698	-0.0114630584478171
9.57386537868476	-0.0219057218678535
12.580429413924	-0.0244170196977038
14.4391485760566	-0.0216371830835666
10.9737780486491	-0.0234945632814182
7.95293091034292	-0.0216577529191854
3.18132993231868	-0.0116215773773838
3.72998499381022	-0.0143255582445487
8.30014745599726	-0.022352990464929
10.6878486187636	-0.0226955785160288
8.36669712362097	-0.016426570813569
8.6148222962868	-0.0236574697350245
7.10465732173052	-0.0221914942332979
5.95950095295098	-0.0168445617632237
9.06377318750872	-0.0184707310326203
16.1516081662199	-0.0287265907332983
12.3767272666106	-0.0225740316668976
4.12126566266083	-0.0135890801966829
5.62406852871511	-0.0148492417202633
5.11436122557086	-0.0162937980930738
9.09544589544534	-0.0212621972166532
8.53728044269924	-0.0198474422810745
3.82455266718789	-0.0123858753780203
19.1002098627831	-0.0286025780289695
7.22737026246688	-0.0167269658537199
3.58987234551003	-0.013862047943426
10.8055474860428	-0.0249645322756945
2.09150118837897	-0.00983705773142001
24.48489533838	-0.0329209739015258
2.40812261651161	-0.011294408463849
4.03987641008506	-0.014540382813738
6.8256653593648	-0.0173576564507491
10.7127706290318	-0.0189379771482062
19.1326333238996	-0.0303602975690403
10.7621549069701	-0.0205967500843707
2.36782046960059	-0.00982879884311232
6.7628889273458	-0.0169351965691678
10.8981137167887	-0.0207149247239961
11.6858901287076	-0.0235236302675428
3.83944123969437	-0.0129285725450901
2.64951644806616	-0.010823333082498
1.86267633891513	-0.00899108746659986
12.1921661333875	-0.0253857582144063
6.7605604512252	-0.0157413289772163
5.92655464021556	-0.0171255666210426
6.70761201694939	-0.0198319501136521
8.93411636182985	-0.0208248657516555
5.29706496308404	-0.0167709623740611
8.50035936925268	-0.0164858324190897
2.13298937410314	-0.00931459076626352
3.5498858788031	-0.0114356273662504
13.4982455478923	-0.0238055527088669
5.51773021813886	-0.0151377400360261
11.8810167086831	-0.0218495479476628
5.09923405165951	-0.0149507525450192
8.36543291000481	-0.0130173342479239
3.41420418156947	-0.0102737561620594
8.09026934961538	-0.0160951211224986
6.44693631078353	-0.0174607843441565
13.0362262550529	-0.0275622105099856
4.68621821584101	-0.015048191963824
0.887793716316407	-0.0077025576320837
2.90156499557682	-0.0124644561172635
2.55594088399624	-0.0117755543769321
10.9597741916422	-0.021236063272744
2.9952353442179	-0.0132280751165947
1.72538372526351	-0.0127418463863354
10.5291157819669	-0.02178410953858
7.16808424533769	-0.0172876355450876
6.77858975989817	-0.0185176346033955
12.8120133913608	-0.025253091269222
4.96890017310525	-0.0128182961616075
4.91887232119232	-0.0160787461963769
3.37639647089267	-0.0137025635849652
6.78344910509849	-0.0156018125567444
5.75443133458721	-0.0197876040537589
14.6680524920459	-0.0225660444652129
2.16615660645747	-0.0114026917149787
20.9368078868077	-0.03629587522531
10.3593738635223	-0.0192882996551716
2.16920412516284	-0.0099424986550704
6.21027855535589	-0.0183047989840497
5.57206927405243	-0.0148793077892123
12.0757745259052	-0.0251149962870676
10.7207441111061	-0.0228066563112037
5.89139375192756	-0.0162676446171398
0.0507206504034053	-0.00173568843918093
9.07687551103491	-0.0213344553088726
19.5839786715679	-0.0306969849542778
13.3670211900849	-0.0240783867635905
6.54342403308782	-0.0163123098381272
13.1687860227195	-0.0225694343423661
8.88430425532777	-0.0203637187247143
2.56484971590776	-0.0144129555395874
15.7076148124866	-0.0243558741645224
6.48267055919954	-0.017820424210207
4.22854447751668	-0.0124235161235359
5.52300661170844	-0.0157794504452539
10.086078743178	-0.0209945922958827
3.88539480179386	-0.0134568380991501
10.1876526363268	-0.0231803810634612
9.41774576289163	-0.0215029323497497
14.5124246783728	-0.0225246249271478
2.92675340416563	-0.011611930527594
2.24641108246159	-0.0109080023182645
5.66985867730665	-0.014084305621262
3.30462564343118	-0.0123945777240006
1.54321991620971	-0.00889554253500465
23.0571414117165	-0.0295103733097937
1.38598395229209	-0.00911560964107138
19.2320785597391	-0.0285432381098451
7.66649863943286	-0.0178494813441709
2.80125527736536	-0.0114091356855309
2.48939086620944	-0.0111697082320777
7.07771153292481	-0.0175533703300756
1.34251278014966	-0.00924847198565726
5.93568709691462	-0.019911113372063
2.77611054989118	-0.00957377201923954
3.38777102978274	-0.0111557156820154
6.72826145244965	-0.0216273966467563
17.5031891831459	-0.0304162031503188
8.61642359739668	-0.0190484579259108
13.0055163530514	-0.0268885489880975
1.38409962744905	-0.00907134109189265
6.55340292795199	-0.0181874582458956
7.29195834719449	-0.0199458183726832
0.0314186961818937	-0.00133188624029321
6.48468847720596	-0.0184529136527384
6.0944087450416	-0.0158778584156758
2.40846377651474	-0.0111431445971312
1.59063302216102	-0.00771106147720721
9.37351948243157	-0.0210906882454412
8.28557806704533	-0.0173053393624024
4.17223803521838	-0.0146196596399148
17.8318718861821	-0.0294350510386611
7.53605523514987	-0.017525986259882
3.62779052472129	-0.0136605961281385
7.64684750186354	-0.0183659116178721
3.12893068848146	-0.0120606004126967
3.31473588604434	-0.0131012117887718
9.11369749271445	-0.0221678260560857
7.67986994472193	-0.0177908330306788
1.70947120708649	-0.00823782912820185
2.93873456590866	-0.0108665498558393
14.1078574524541	-0.0245393033569642
2.86270882830005	-0.0128209439927999
2.58412667027534	-0.0128007095277325
14.7584346547861	-0.0249446604655605
1.85545190867194	-0.0102428460271218
17.025481225745	-0.0246550381294325
5.85674923728443	-0.0161388051720414
7.30184076184437	-0.0198287815222383
5.35123952772539	-0.01328439586644
12.7460711201014	-0.0230050692959033
5.7014187958349	-0.0162077191734492
3.59784976658581	-0.0107003315479546
9.32042504946939	-0.0251637136664011
15.9182234790141	-0.0289333805630437
1.79104893781888	-0.00879586513162144
7.72079888699708	-0.0195096875225133
3.17346041100698	-0.0118772761086723
0.00357808397254595	-0.000458422729166346
7.09880950568195	-0.0181823157367565
5.00491996951862	-0.0127276275974578
2.12288019426024	-0.0104351964308527
5.73968344922628	-0.0192674290251806
8.73421504781975	-0.0197238374870316
2.75672330729149	-0.014241773638464
22.8345128104108	-0.036566525781203
2.11105970779869	-0.00969660836045469
4.40592626252758	-0.012469314995235
6.41861429299217	-0.0173895906776664
5.27777176166443	-0.0150018332215364
17.5387897599634	-0.0297728547760462
1.43943725934858	-0.00725470348766169
3.06460218485524	-0.0140883663717136
0.839230790036063	-0.00607475511300791
8.19760055236424	-0.0171407331582066
13.4926321455343	-0.0255287461749432
18.2574126319434	-0.0269108188004172
10.6375847780092	-0.0194748064042315
4.68109540811292	-0.0127129821271797
7.30910178914975	-0.0191123388549104
5.07461465918175	-0.0158813722148898
5.77354785484663	-0.0158333594458267
2.34986559269409	-0.012677640043999
4.97881463950891	-0.0147893477262105
3.23772794592387	-0.0128910263013114
4.22255077672747	-0.0149620952790492
11.7335858999124	-0.0236705113187012
10.6590610117976	-0.0212148871809516
9.05746835262183	-0.0213733417275911
7.16911322891748	-0.0181820557886522
13.0678305020598	-0.0210903855446137
10.4766946196105	-0.0197570864849976
6.53982077967752	-0.0131928412060478
5.35873938642395	-0.0129347513911977
7.00613359296014	-0.0181449288900893
10.0581849721393	-0.0224986767972852
3.790594717505	-0.0130485638271989
3.37250898018729	-0.0110031038211135
4.42183936633835	-0.011682820768113
2.95382697498844	-0.0122275927645042
1.83135710002222	-0.0106388145958216
2.54576385880106	-0.0123589437659686
1.97158208101125	-0.0102460353700692
12.0565361472799	-0.0269676317438959
13.7035195815105	-0.0266272244946837
0.670643973270849	-0.00566915235710526
5.26975475316254	-0.0166471656129458
17.2522688616291	-0.0266888158657156
10.2467572534793	-0.0191186648382003
1.35363969196976	-0.00858479071975055
12.8203561852261	-0.0243109961769133
2.67541600909127	-0.0112948323564486
32.8763459690791	-0.0382723858368671
9.16579192368791	-0.0217405098201793
2.52611691481849	-0.013935779200505
9.51950651056999	-0.0190771897606591
13.994805146272	-0.0277506897750901
3.36181530519635	-0.0113430186921806
0.0284503867106511	-0.00126761948241334
6.80628111047636	-0.0190179654931377
3.80634176869791	-0.012297432168385
0.790757766936472	-0.00627812334654131
9.88632078817054	-0.0221750098833896
3.31265176769494	-0.0124783460613347
11.4859758589691	-0.0215100433028078
3.34205394254718	-0.013195366196102
15.3093385232509	-0.029092775944634
10.8423020719294	-0.0243822288880411
6.17522590915652	-0.0167603353442197
14.2108569984471	-0.0229958317972107
23.1405919540785	-0.03082225195688
13.1399580325507	-0.0256275842014709
11.7419582588519	-0.02196658198205
3.02408997264196	-0.013617345766185
1.8629829708575	-0.00857704830891806
6.31667750152112	-0.0150240283050903
4.76221693531834	-0.0171184736858436
17.6039264818249	-0.0229054906448746
6.77556137076242	-0.0166325650519699
0.0927477681688967	-0.00227035342182524
5.5539701594825	-0.0178763412739834
11.5021886308121	-0.0217834763583263
6.25050851954278	-0.0175144828340828
2.59048728962977	-0.0124343408664529
7.44090671522812	-0.0165430337569701
5.10690721431501	-0.0181012129747938
17.9297822235869	-0.0326722120021518
1.39944483458071	-0.00910723559021084
9.95463993953007	-0.0196063035555185
1.60630777639866	-0.0088142850461141
1.22007359726247	-0.00821622848134202
1.74502416593289	-0.00815898678012114
6.89354048795762	-0.019563370535377
12.0892322225976	-0.0225798565291631
14.8661787441361	-0.0265293055962604
5.66920495752942	-0.0177526961676659
1.75528985760685	-0.00969553243019042
1.07229930427551	-0.0074908786630707
11.8553572845703	-0.0200737382589804
8.54319033452865	-0.0198677791870332
1.9517457753341	-0.00899546739824123
11.5277995930276	-0.0255165416654557
7.71729834785036	-0.018354539564358
2.86457888847207	-0.0117854577959517
1.31020788592911	-0.00636476497297375
9.8209013596562	-0.0204978087809619
10.0985777908205	-0.0213130811412193
7.62583513313172	-0.0168632675947895
12.0576252546967	-0.0237693247436005
4.22552560138492	-0.015388667141348
6.90533777706387	-0.021775754268594
8.25067061729474	-0.0209198200339064
10.5969073844136	-0.0223659953579836
5.54161477806255	-0.0156459363237357
9.34310313566059	-0.020323307460139
7.19353986406758	-0.0190413038543192
5.0647465544217	-0.0150440830798514
12.0648405952557	-0.0219458975605138
4.34435044563352	-0.013166603718397
5.41678156277481	-0.0158883168386087
3.89579375841376	-0.0166156881194589
7.32151577353254	-0.0176977800312881
6.16211591216423	-0.0166992150237143
5.0642876553687	-0.0155350319055849
1.19997138330904	-0.0069772385435032
6.27627193737988	-0.0150413945030649
6.9446356900908	-0.0156052801579247
2.52068452340319	-0.0112881642818877
10.5445256603766	-0.0210674032376139
11.3533818753833	-0.0236299863823307
8.76721429340226	-0.0172558386776378
11.1188719897071	-0.0192187802657581
9.30068735094638	-0.0212185523761674
9.09214769267783	-0.0197948990971643
8.78689757046518	-0.0200775250744338
2.70911356257015	-0.0123435439519722
10.1029474766438	-0.0217478119530167
1.34021257838702	-0.00678509421319808
8.42901612365448	-0.0142779541537908
15.0097241795389	-0.0293882417516841
4.01087265278432	-0.0135243365246822
9.05799895246509	-0.019591782393532
18.0336097277264	-0.0307424396648997
12.1899196862133	-0.0231938711207804
1.06017629078851	-0.00755536884854532
3.42626490140522	-0.0142826873733746
14.6281576596569	-0.0241260694468818
10.707324663212	-0.0220901496189662
12.5234292343558	-0.0221097072264389
1.7292355443079	-0.00822491355962614
1.81830120036171	-0.0099123679963306
7.03722644406854	-0.0187062351017354
8.87793173671182	-0.0205214613601496
0.0323077854078095	-0.00145563024913764
3.20250898246625	-0.0113095990762489
6.16521132677664	-0.0143653021325938
12.580887634205	-0.0230896747215616
4.65569182491423	-0.0135435743055363
2.53810839877837	-0.0119845470028288
13.1115143219261	-0.0259829189271802
3.63983999332795	-0.0126704874824179
0.0602938290884195	-0.0014858438053211
5.69832672550801	-0.0152424352901578
2.85317240757601	-0.0145999991886661
5.18239321875679	-0.0139293413073303
7.59218579851035	-0.0187175642465213
1.61440798644066	-0.0106284264547327
2.95834308394252	-0.0121355631473127
3.09001687242005	-0.0113480800305026
11.8314431080594	-0.0249296254677834
2.54642928139639	-0.0132477121776036
9.1079806779128	-0.0222744458068025
6.27202452870368	-0.0202024596601348
0.30700427335545	-0.00363383578999195
3.9592733536564	-0.0148749011639409
4.25556158861609	-0.0149472492671035
10.4990947914963	-0.0194585417799467
1.54258521940293	-0.00805691120485231
4.9333397882376	-0.0188898824721092
13.1750654259268	-0.0276174110975788
0.608007439019613	-0.00545665800955516
0.0190525754973898	0.00109517028803001
5.62999137000132	-0.0170582081981692
1.88492056655283	-0.00975683043230052
1.09153073440649	-0.00762783394237296
13.2724401956176	-0.0219639053432002
11.7477497605817	-0.0308591165660861
0.650844120792706	-0.00559427370411621
7.64434008024057	-0.0177164352386959
0.879227111399097	-0.00718772607571584
5.13632769937042	-0.0159834504277385
8.88950418939017	-0.0220059394100458
5.90822964866713	-0.0155644063865091
2.64545814386527	-0.0138874006836046
11.2266551032757	-0.0227971285311788
11.7046736465771	-0.0241701185726558
6.70331034010222	-0.0166131353282073
1.76255931107364	-0.00941626180710995
10.0490689990164	-0.0247463836090817
4.2308675015082	-0.0133580059852189
5.18244214575327	-0.014202672825681
6.10766264466881	-0.0132044484974961
16.4815630401601	-0.0243072454920053
7.36369099198057	-0.0230696415822053
15.9668541531323	-0.0320359767400519
5.79539362097341	-0.0165100294599793
2.94397436859913	-0.010856222941751
6.09129287573335	-0.0168537798661623
6.48945457863002	-0.0178879532587254
5.43529541349586	-0.0157194812498037
5.89035384274088	-0.0182054865944202
11.0051356252616	-0.0205111912417952
3.94677926040358	-0.0112519594566317
1.59994713477807	-0.00854846544553628
7.21959699863894	-0.0191033372289032
7.03750478219975	-0.0164521920271126
13.5260499535372	-0.0233982638729996
7.7007292323008	-0.0160480486631549
6.84526777976728	-0.0207767218333089
0.327668482300447	-0.00343617322088335
5.34289915593881	-0.013192891480486
11.2596436740759	-0.0233551870183428
3.20809700028605	-0.0109898320130358
14.8500145307684	-0.0274481009206354
10.028644303255	-0.0233405009067059
4.09647233222848	-0.0124901906054448
1.82312672930807	-0.00943169392356797
0.839777127428806	-0.00648352053695352
22.6969140232051	-0.0299956935979754
11.6943112358675	-0.0312791141493844
0.951975900301543	-0.005284660583703
2.70000097927422	-0.0121193323119897
7.6182053466836	-0.0206402518160796
