R^2	beta
1.19583106504678	0.0102273820606491
6.14220506556866	0.020685394282183
0.160658366764516	0.002975731300485
1.05904581451946	0.00900207554288647
0.270257068218277	-0.00449445926923297
1.53081153830355	-0.0104638561697949
3.39761736662396	0.015661306392208
0.774241851991685	-0.0075397749945449
0.000578654839592052	-0.000175435073264977
0.383843587077018	-0.00554506384058327
0.167096641930284	-0.0034948827996059
0.0017233047734158	0.000263595566245389
1.56059964460746	-0.00936170755709322
0.029675817419521	-0.00150323718605624
0.00223050605269862	0.000471853935228841
0.155104375114081	-0.00360183407089894
0.0298355142695426	0.00127384337811054
0.0494859511555869	0.00195751885842861
0.0205078949448967	0.00136596049964354
0.453814144027268	-0.00610174589009805
0.139775325826981	-0.00316499926054926
5.18027601072613	0.0201459298715899
0.197900399489713	-0.00385028886789024
0.166343077429197	0.0033952542022495
1.21928777662521	0.00889728038750192
0.0735161448834039	0.0027093156292823
0.0644129392887489	0.00193021221700049
0.560607166891497	0.00687909293138572
2.69648110072909	-0.0108659968386073
2.8041664016423	0.0150985258558894
0.0520836130620573	0.00208815979191281
0.218617608162093	0.00409556973123823
1.73091858788667	0.0112950704159562
0.328988257016885	0.00456744076801202
7.35466180140607e-05	-7.43314445989096e-05
0.0860135579685078	-0.00253364760673507
0.201631775804084	0.00421608779608761
0.0108723821506313	0.000967699640810984
0.817213089215227	-0.00801871047581254
1.9396025116857	0.0128043174761351
0.254165268818779	0.00439563815549984
0.398111687989077	-0.0063595052449857
3.86871039235769	0.0157366486892956
5.80979851809391	0.023022597033191
0.000217577698514524	-0.000128756645798585
0.0735958938591369	0.00248382124893231
0.613412854983909	0.0070564908331086
0.659112916976702	0.00628523713372131
0.6503530447644	0.00668847888919124
0.109822652870672	-0.00284249060358538
0.5208959440999	-0.00549302047581335
1.18683947830175	-0.00940874917995958
0.0714859493387586	-0.00259495201280919
1.22759518522723	-0.0102602739274488
1.72674758525755	-0.0122227341482843
0.00687514708572541	0.000859691326299407
0.328540115450453	0.00533222255583327
0.713169077035641	-0.00674223818778459
1.47960561869286	-0.0105894902608261
0.238926212015552	0.00327955486771965
0.00575989311560066	0.000840569613310448
0.0411547969406816	-0.00157002961083288
1.03114955060378	0.00920693083552959
0.476467522328344	-0.00606525423216466
0.0362028178963982	-0.00160688698375596
0.0397534191847247	-0.0018258498474423
0.0343380587746949	0.00138552138694344
0.00034664289474244	0.000180671558486615
0.241146206500614	0.00521814414462091
1.03561439697249	0.00733119092739515
0.324365813637996	-0.00487686047161233
1.28443068440097	-0.0120874587380605
2.40930884684433	-0.0132565267146277
0.985697643412375	0.00953537443503288
0.352226961898977	-0.00465509870640067
0.0571018492016055	0.00194212289636994
1.56201789257647	-0.011364823159495
0.458904179985433	-0.0057770844817763
0.0558662288257515	0.00204753154641078
3.52748565616738	-0.0164802177687071
0.473756966933029	0.00734135157835794
0.279014775829963	0.00490941204193273
0.0555095592531945	0.00175330279106877
1.52226269284285	-0.0104672597622185
0.474974628214261	-0.00487750385583641
0.0269101350504605	0.00116399727253788
0.0288165533679601	0.00140549217426737
0.588751978852782	0.00751724408040808
0.0326778938770957	-0.00159037398103019
0.751089888126073	-0.00721485615583766
1.35949033119936	-0.00870258090811978
0.0923605436339341	0.00241271287384274
1.09010740617745	0.00982048546999078
0.0402959506837818	0.00149511412536343
0.416070133522833	-0.00556945057983033
0.0993583822214819	0.00269886524170947
0.362177704562164	0.00503201326894094
0.910833666413049	-0.00788025856724122
0.00334643073796037	-0.00048580989881069
1.06534994093284	-0.00979180926102637
0.643535886469982	-0.0085694846156298
1.8279664589729	0.0122074405512344
0.400825012302237	0.00507432418159243
1.2168722966815	0.00887885739661099
0.0817372686644747	0.00223080951067249
0.343479215723398	-0.00483741102413969
0.455828729139778	0.00541105876709993
0.0644067343911228	0.00260502001326356
4.73573905204966	0.0188188187776851
0.534027582349899	-0.00646690389781614
0.0389906268165188	-0.00168577439132524
0.105485277641974	-0.00252080114208313
0.014714678527587	-0.000926675081083837
0.00102246641264556	-0.000259419907267562
1.70002932625039	0.0117702573272458
2.03471803540417	0.0120709442959185
0.0386380392002278	-0.00178697551090037
0.132375990963101	0.00262536992827597
2.0130506294127	0.0113652572832467
0.90511093642039	0.00834090408713358
0.225933625649556	0.00317851277160014
2.35659183522741	-0.0148455015641788
0.00198288905489729	0.000365262032376914
1.20210707489511	-0.0102918392567712
1.99767810873581	0.0124425262741485
0.318111638527917	-0.00537954466567259
0.0126005532439692	0.000925659723175379
0.00191480620325245	-0.000376144761830611
1.4505821738481	0.00969844202264271
0.0747801545801917	0.00203068313515892
0.439253470718488	0.00610723191776814
0.90403029202012	0.00908500878186694
0.477522940092198	0.00651938548793809
1.11384673435192	-0.0102461867100089
0.286181942297847	0.00466577657725532
0.00647729690891189	-0.000660421148342444
5.9552071986373e-06	-2.04374908287927e-05
2.07476573096421	-0.0120676840043497
2.40448881383843	-0.0134686428691321
0.28887575700074	-0.00445106705910646
0.374434928434651	-0.00590980239487026
0.0479973822826138	0.00207644805130592
0.0402206055634495	0.00181102475519661
1.02084520628964	0.0087760462800965
0.128967664637027	0.00275931147073649
0.101955723599769	0.00259893271634162
0.0149219150513444	0.00105630112981685
1.88359119204037	-0.0116455085803578
0.548635728218999	0.00578607456073797
0.133998759091178	0.00276088576295373
0.071864440835391	-0.00273343853117447
0.0628811560680545	-0.00223944429024078
0.372653122413642	0.00579783591474663
0.409831980836727	-0.00532521542435639
1.72424053098304	0.0110768038279443
0.442423800371462	0.00494993900782828
0.28866855879794	-0.00444554397421471
4.44628148122807	0.0180898890251474
0.157449217905078	0.00352594011190227
2.02467806927414	-0.0126115256110156
0.412662300936789	0.00559832718256032
0.171536712777426	0.00348856766208642
0.0824886456534527	-0.00223336684773911
0.0402754584520152	0.00168040368330367
0.00741313747252407	-0.00064364423278375
0.530141721745417	0.0067619983752952
2.04047080364076	0.0114442144321186
2.95144606273705	0.0175916714794089
1.19520283886997	-0.00898698391376543
0.210689075478883	0.00356863862246864
0.0643358575843886	-0.00212516916826829
0.0077764103690284	-0.000758985826373266
0.136768563977712	0.00342094310472175
5.9432670775329	-0.0233926985563787
0.0475784569611662	-0.00172597307694393
0.472438367373519	0.00539962127638852
0.545993491979008	0.00676524447017079
0.30012539790736	-0.00369710832085263
0.219453019302655	0.00360869875348835
0.171053239395984	0.00309909692434763
0.688001278153953	0.00758188457650009
0.734631328182606	0.00670308238051959
0.439825145255265	0.00553030348158315
0.0330102259089352	0.0012680241347885
0.0242706957009318	0.00125460010215232
0.0126250559872594	0.00100668846248208
3.57696165815458	0.0174967694931862
0.825386665102062	0.00797154346379188
1.34329901306407	0.00940228704239581
2.12549163402543	-0.0125014765524602
3.01649109937669	0.0162676753425216
0.128301759984393	-0.00280687141681946
0.0504261259587692	0.00196630529436848
3.62939322908089	-0.0138507058118488
1.02912267690009	-0.00951074530401382
3.50972632597824	-0.0208647395254367
0.0616630989328177	0.00235061687742586
1.61159513118351	0.0095130193885101
0.161284381492904	-0.00344386529334717
0.287452215218338	-0.00495878638795415
0.360826981018652	0.00549370842732387
0.0594948797596488	-0.00187685328429347
0.000271690940472636	0.00015516338802281
0.323532533651663	0.00476174246251201
0.252043772670673	0.00457604082858406
0.0211778295251034	-0.00112208115426266
1.03917799909024	-0.00771313359187766
2.81679641071437	0.0120222669731977
0.295579156801646	0.00477464180619452
0.00867435728904111	-0.000726601681472364
0.968416419436968	-0.00887717612720591
0.008989406390423	-0.000791409624138995
0.0140648589974459	-0.000957121585495429
0.0232162053694942	0.0013690927601622
0.374948921140393	0.00472913352935719
0.236774573239125	0.00368358882074431
3.4535205022341	0.0174964250711995
0.00165071298798933	-0.000367071340439352
3.1797170786577	0.0158010592424184
0.0734297253909746	0.00254789986961773
0.0362344575638532	0.00154988728692882
0.430520718918901	0.00555800063968211
1.70578359949482	-0.00932785327279344
1.31914658581306	-0.0110430153552973
3.09014399551534	-0.0130573185751451
1.28726989680261	0.0104490567103161
0.316748397684266	0.00439878263971331
0.916604587434457	-0.00699723218040369
0.00409144010865565	0.000544348512957914
0.0603486410716737	0.0021802478756935
1.32692026801076	0.0108355923692671
0.0949070996279371	0.0026579059695591
1.97879272221187	0.0116952795768936
2.87185829892737	-0.0128179674103155
1.14229095535599	0.00845458477887429
0.00539222117932349	-0.000664815011427493
3.48316463988732	-0.0126624863563268
0.312376531875482	0.00501022538182388
0.0464420412096958	-0.00194959255615244
0.186930456361596	-0.00446930685951663
0.643090902911374	0.00667791143248771
0.0390724352732571	-0.00150303735103782
4.01343270712841	0.0150913627401983
0.0636025309347158	-0.00207667003884815
0.070025872304714	0.00202281273984943
1.26369920067339	-0.0101915117527735
0.753850852158291	-0.00682832064655847
4.09088591772127e-09	-6.5303634569884e-07
0.152392395526151	0.00311760698599752
2.1433648610907	0.0139768906595735
0.0124015515988393	0.00129524432067443
0.153847012190601	0.00402759454159706
0.108318603055084	-0.0029531308845107
0.0281473243727695	0.00146969533000619
1.03313991932261	-0.00997301883699041
1.15734157891829	0.00891213991511418
0.293893525646977	-0.00467764316686589
0.246232585224545	-0.00447846850127338
0.196941132315098	-0.0040323599496971
1.88529713875422	-0.0109503155347918
0.636329639849098	0.00630175011916156
0.0236023855985483	-0.001236556117461
0.450843279763514	0.0057684921834428
0.72012968106434	0.00723859121349733
0.305652332645849	-0.005137252339551
10.4646744257544	0.026993286787659
0.723278186342096	-0.00727727941678494
5.22146542128897	0.018754155274161
1.13279476765869	0.00799810452768194
0.0308894480475032	-0.00153404727999779
0.666649900890184	0.00733243700904321
0.0919178600746524	-0.00268387636274547
3.184352550279	0.0188734734918978
2.14987876691658	-0.0138503027808638
0.409802482605144	0.00499682468088497
0.155354542701112	0.00343680197484278
1.26203425551864	0.0108875743518404
0.102485749355349	0.00275501158867294
0.00365475084623779	0.000587538751990562
0.00837553115785372	-0.000802452951082186
0.882496222062002	-0.0079728706254065
0.578093678757626	-0.00623522940405787
0.0596524020441469	-0.00192560110613029
0.409699402351384	0.00555227289056721
0.000492599151118017	-0.000147881901222908
0.0671506896225441	0.00260618378744998
0.673661164488559	0.00760213630028043
0.143820494724898	-0.0037508418904314
2.84355540815358	-0.0129948064596753
0.960914383713699	0.00922656384234586
2.38557797105497	0.0145233262260468
0.422932622882126	0.00640564746095677
1.6284456636097	0.0107535788274545
0.0181530889607064	0.00123582918536705
0.0260708546980048	-0.00128943243608626
0.00568901557974638	-0.000632070562734684
0.617353260904842	-0.00644900822060889
0.0515819105503437	0.00187982248788924
2.62081128165337	-0.013742525894891
1.39172032600007	0.0102580021214698
2.66061212546929	0.0128486505955908
0.0110261914491758	-0.000988735819739261
1.12857081900037	-0.00688495372361443
0.910410767277648	0.00911597551015035
0.0649475071267611	0.00222557202783858
1.54907700438536	0.0109946012935762
0.213859397136029	-0.00337806033284107
0.00601079404585077	-0.000534762302987965
0.526933851327581	-0.00532623450647852
2.31628945400458	0.0135523648560389
0.210149856374248	-0.00404738251318017
0.00827664510695701	-0.000725739013596283
1.42893280804948	-0.0101569049538805
0.443725060121508	0.0068424360108597
0.745096672324995	-0.00769389349470365
0.344567562890614	-0.00604710361896247
1.71163342258779	0.0126203050135364
0.649814479507757	0.00692083581822762
1.21593814816498	0.00934366627420681
0.0537050076663315	-0.00232123661672843
0.0585895154566763	0.00198876872076564
0.0349527189658622	-0.0017139255424297
0.184564123256776	-0.00384043240633365
0.152741365302336	0.00327269649815116
1.97159733752135	0.0124912426581327
1.7718644737227	-0.0137952582368954
0.691735885370555	0.00691979492919815
0.827533946457589	0.00806041372690353
0.771306510145883	0.00624459330798355
0.0162591607679605	0.00103779606451764
0.00267012735994711	0.000422389125129192
0.154765098231431	-0.00320011034409876
0.0591646383049192	0.00204051664023751
1.71364675548524	-0.0115009639162082
2.34407867846803	-0.0125610107115544
1.77855677415614	-0.0104406340716737
0.701463417892594	0.00772559217551776
0.0221221473602138	-0.00118501232766865
0.65499945873536	-0.00748273577815608
0.0598242285396187	-0.00192982033442711
1.12127448894786	-0.00907154078319738
0.658954699839403	0.00752775690116222
0.180628458666325	-0.00337058239301599
1.41473435623198	0.0105087011915126
0.0131445678270682	0.000904155628363202
0.891698455989977	-0.00797145298887902
0.00018843706041002	-0.000115909036896847
0.0271324148226997	0.00137673722618216
6.50915573490393	-0.0232749916804371
0.234064192013004	0.00579608950495786
1.51267963095747	-0.00940432820327283
1.30894578554238	0.0114775095831034
0.968175716634295	-0.00938912105284787
0.598587854980454	-0.00658779046221183
0.261565101753809	-0.00454646619245619
3.59322646859431	0.0163085161594861
0.726591704200161	0.00793482367946651
0.214585171845761	-0.00374449613475929
0.42340628463511	0.0056074116028273
1.23369108963969	-0.00949409821352288
0.0269269852423971	0.00125243962975857
4.1024258020595	0.0179162119711486
0.488646460867933	-0.00606721541888756
0.136759268704924	-0.00310575456042578
0.0301851357872429	0.00158053395834859
0.00897059601973871	-0.000858117885386212
3.07111452318811	0.0184854538953821
0.0206945725888593	0.00113203393297411
0.000487062992392356	0.000173466338511986
0.0410567661289716	0.00182082708550053
0.0272080402253211	0.00150790962574956
0.312078982571003	-0.00422145395946666
0.782716168733734	0.006993769727241
0.0541684338701873	0.00193367368797557
0.294148681925146	0.00425612712926455
1.70652208542444	-0.00967652247263058
0.108152806815553	-0.0028756784737517
1.55379023316252	0.0104365389976193
0.105081505261793	-0.00283191294861356
0.124549431724881	-0.00345804091047042
0.123221865552178	0.00333072607620266
0.0584691061517506	0.00203352182709183
0.343060573145932	-0.00508103459704428
0.535035911921543	0.00679796938747895
0.622486503884015	0.00808722482862669
0.404673336597324	-0.00569276072928176
2.19690859578217	0.017027048469857
0.325354600033651	0.00468741231450925
1.59886374132522	0.0125965711132837
1.80233879209939	0.0108054286439995
0.0210996584106353	0.00117594297903565
0.716348208305837	-0.00691424480765518
0.234734809114087	0.00383703353917684
0.00568026372487986	0.000634022219982977
0.0768277655112539	0.00268366147462251
0.45323998258649	-0.00513272848268674
0.267439066150041	-0.00405920448544249
0.343872525165029	0.00515010120368765
4.07458688861889	-0.0166384480711019
0.860367340242766	-0.00842068477259303
0.421768115461412	0.00516038728176498
0.382356104978717	0.00496264033871546
0.0149917488886571	0.00107392583325857
0.260987768203547	-0.00467704177575869
0.00154716636559878	-0.00029597912515071
0.175074923628717	0.00344456799198362
0.0117466462348938	-0.00087194411470228
0.0104815349134092	-0.00076206155225243
3.14604793982099	0.0148300278397645
1.29626028836306	0.0107110274739564
0.0458079310425391	-0.00171796503076391
1.5590553715082	-0.00931689540378716
0.034140690434871	0.00171050633060168
1.2642070639764	0.00998317729747776
0.00729454112618862	0.000642758186564956
1.11579346518112	0.00960212645824556
0.0107266799160994	-0.000938708545038534
1.6334270716495	0.00961190153635592
0.0207655501983894	0.00139241434486118
0.337960925874061	-0.00481679305643902
1.17170205070463	-0.010211355740105
0.814548127606734	-0.0081795708076673
1.2973448488469	0.00963962034357944
0.652982430655098	0.00665480246452049
0.0346660235327984	-0.00141671184719394
0.194233730616714	0.00398910115614109
0.767524450660811	0.00786283192099836
0.00124762592921833	0.000237817912503727
0.693843250053429	0.00626629775326978
0.522985140299641	-0.00614638935924363
0.977054673020785	-0.00876241175543297
2.85160052701089	-0.0155335032433222
0.294704965895692	0.00431151918712285
0.0482268558609533	-0.00217306030392125
0.0639839492004415	0.00222315596973656
2.64135215653219	0.014958134327444
0.000953018873002281	0.000245766792446183
0.0342628368936659	-0.00167663340858916
0.0459779676788501	0.00193225038275079
1.40699532587057	0.0103323384871238
0.114342461477681	0.0032038864931506
1.55317253285883	-0.0086956495305163
0.834593844271372	0.00745526228540751
2.26062657952042	-0.0111323175661677
1.91683293097242	0.0120566843293288
0.0328538565388015	0.00156165223222869
0.000124264914726824	0.000108172550170882
0.235204298749921	0.0042992269697804
3.28162695863683	0.0164085495582343
2.0502565311147	-0.011071888258674
0.635397475907982	-0.00602898676696148
2.09774388070767	0.0133271111936531
3.12815426648962	0.0161672236821972
1.78233519154386	-0.0116667158390384
0.278047634369625	-0.00428615743055413
0.0351550685151942	-0.0017333524585131
0.238561985007048	0.00390208815122168
3.67174594969778	-0.0178413053414901
1.46365704266561	-0.0107192658203443
0.362678563802074	0.0048103755582769
0.407800042730615	-0.00513376675730956
0.585316532617193	-0.00705780043199018
0.124246698543411	0.00347663282484129
0.750446887028492	0.00796277695335379
3.59534938095986e-05	-5.12427498343619e-05
0.0123260800175102	-0.000886335291471658
0.337806034385936	-0.00501915388973586
0.259457271954484	0.00415448569659637
0.684771893482119	-0.00681225781702097
3.34643410633267	0.017622993250503
0.277980380779475	0.00552434495297141
0.834510030574395	0.0079891186293076
0.412340056869357	-0.00571016600801914
0.023723018552871	0.00131976783741913
0.139455836333866	0.00363401155648854
0.167262931754885	-0.00339330842216216
0.0290094753610693	-0.00135824299058992
0.0358988034101105	0.00162379959468587
0.00114078240813364	0.000284855920780458
1.38722796870956	0.00913583206096075
0.841897363053178	0.00788651894200272
0.235432826797102	-0.00399011240809779
1.32613842039041	0.011323744024753
0.570280890447004	0.00703003062947261
3.54550429050888	-0.0175373298016136
1.38223311923603	-0.0109183363162186
0.00124683226488913	0.000284071475113945
0.628797379483665	-0.00627009793518436
0.0116101995303901	0.000986714937040997
0.00508824209695778	-0.000647214616709386
0.462854709154242	-0.00544006590200196
0.463137407511244	-0.00567118269086671
2.4814786343774	-0.0135633271046809
1.13614129400017	0.00824404419136132
1.66864896678891	0.0105474906371953
0.0723325703391546	0.00244986461327648
0.0858751752860899	0.00271206209059682
0.00794910829408942	-0.000782696313030636
3.38173943058565	-0.0167197474148105
0.612731785788455	0.00699647852537954
0.419624245807669	-0.00545886930683163
1.30496783402958	-0.010497327003227
0.311582497837709	0.00576258599786056
0.0921331958222896	-0.00294717106974811
0.377360630319738	0.00599475045490369
0.01370556336095	-0.001107077471755
0.16223509202123	0.00367420616759343
0.0678354098529809	0.00217268926110049
0.0259139634055386	0.00127885915232581
1.30965168392404	-0.00874336149592288
0.671312074921394	0.00760259109182676
0.0132294316573982	0.000918842080899518
2.82316028611885	0.0160077876587898
0.58383270823813	-0.00631407892082497
0.231234293463429	0.00404796068079997
2.21379531875409	0.013283247388069
0.00456795231923319	-0.000621474932732884
0.672066210718847	0.0075044824077729
0.481206949505715	0.00653923124769535
1.57150515075224	0.0109064853880857
0.0199397892198349	0.00133271091451812
0.244192924357803	0.00427303722591892
2.5240756445103	-0.0119240800002439
2.96140327331823	-0.0153215602859735
0.98555579638213	0.00843456133144413
0.848390153165231	-0.00731714629410247
0.0530997506425578	0.00185037656349203
1.25761019804422	-0.0114847534405305
2.82312924430645	-0.0139969421401453
0.306945667052869	0.00464494060519236
1.52324596990345	0.00974305076777968
10.0293790211956	0.0233094064866034
0.688750392294635	0.00749354285605665
0.320959527695131	0.00597140398440995
0.00143134782272175	-0.000369257406859993
0.42572379464939	0.00617308984688749
0.140626213322914	-0.0035078439110431
0.455265987185187	0.00659218676107124
0.668335100412461	-0.00667286230882404
0.00412959083858649	0.000537229132219545
0.0088870573790787	0.000826974613008667
0.799051768032486	0.00795612458740886
3.5492804401419	0.0170821987331289
0.257824337605866	0.00468974780391377
1.72449789265693	0.0109741677516877
0.00808611359494968	-0.000944704244836646
0.0747553222418642	-0.00220600418911636
0.310847412217352	0.00574635562285488
0.00880671661829637	0.000787636579710833
0.566977435428161	-0.00527849496424695
0.000619402857880154	-0.000213217647876944
0.293520853467583	0.00647777526695789
1.09528615684568	0.0112090938839033
0.0214409224305152	-0.00101382339824779
0.115184979379308	0.00282835449190487
5.35239812637745	-0.0225348109047852
3.08812788535768	-0.014545144526481
0.270803770771604	-0.00438666603436169
0.0284672755678671	0.00149128976003495
1.15088004747473	0.00859156144103052
0.000163367781829909	-0.000114680706106763
0.00618094102563036	0.000551123733543765
0.000278245113072631	0.000130778573233927
0.0287481912187006	0.00153943890456349
8.28478343081281	0.0253285049755422
0.301864608014209	-0.00487622158588152
0.276097534920148	0.00500728044076144
0.0043460290900389	-0.000567312459351607
0.14838738822257	-0.00322674957924346
2.37922743791304	-0.0145504243641702
0.179153977687877	0.00403979798783502
0.246761836684084	-0.00389388449720822
3.98895865107682	-0.0167345600242496
3.30976872192124	-0.0165118657931818
4.34498503623098	0.0170413327385245
0.0380929917394913	-0.00160959851296114
2.14772438834267	-0.0142726036606544
0.18238533994687	-0.00407260254238545
0.961805556067108	-0.00893291844229114
0.603257210540941	-0.00591390611819755
0.0619659854556618	0.00173909816282783
0.164465904655661	-0.00302828450432893
0.505208219510817	0.00660484517644335
0.0665730587075984	-0.00221817232423422
0.972046981863218	0.00897172046725921
0.0700233505459588	-0.00237934579702812
2.95999124154009	-0.0158644315925246
1.37103454509004	0.0103304317057797
0.35874394663142	-0.00508860886533901
0.277043685039405	0.00442118757476281
0.321330040653554	0.0047944571432603
0.163296245327496	-0.00334660197395634
1.52631232703449	0.0112814069639401
0.00323649531836191	-0.000394864235513471
0.431610093087675	-0.00646932035128028
0.450855659627373	-0.00571468096629946
0.458158064124558	0.00643009291738475
0.206319757740371	0.00376884137901362
0.104102930389826	0.00318904724727169
0.413749928959766	0.00506375859396261
1.68551004402856	-0.0128285226598254
0.615331258153069	-0.00696768627340382
0.79251641405871	0.007592601966403
0.410914813003264	0.00505580536602178
4.27736746733046e-08	-1.83837474473862e-06
1.33164608487681	-0.00875984073985022
0.0457679847088334	-0.00207634938507602
0.762512423949226	0.00811589685349946
0.0249613606239524	-0.00132502833136587
0.7544771453231	-0.00796517196658191
0.0239319580801303	-0.00145719476624108
0.082901203672412	0.00250691643351608
1.74172680646581	0.0116048711517958
0.309853232507883	-0.00502498381999579
0.6019051804104	-0.00696740949467739
1.32172983688693	0.00967982807315381
0.968753640544758	0.00980765971890999
4.25514643545589	0.0189866983743691
0.25571423293514	0.00515952146271696
0.354310907759715	-0.00476338878720494
2.06660922274427	-0.0109393630477906
0.00431657247800479	0.000641523301281007
0.0241956763118386	0.00123467746373051
0.131036928814157	0.00307178151888918
0.462781986001925	0.00622841544574702
0.182143906456371	-0.00351742341319417
0.853921296983419	-0.00789575414174977
0.0117666613574419	-0.00107523171050303
0.440872943490416	-0.00469333338558574
1.24157880620962	-0.00901038214938545
1.08677790054418	-0.00922708657999156
0.272733589470801	-0.00471029738497623
2.62926697278725	0.0149222925887278
0.0102214710734492	0.000875741110106394
6.40957308698615	-0.0164512908161226
0.0915614125592465	0.00239269761717112
0.562414714959219	0.00611659340627068
7.70573307475917	0.0228683653064431
0.00704804187766799	0.000666715519710387
0.137155205089863	0.0026208526915191
2.57996646085643	0.0154244340882589
0.745172567773782	0.00771078172457854
1.85167246260964	0.0114852703624706
0.000201678507141421	-0.000119490425440478
0.380844291646013	-0.0052271066321297
0.0292727618681212	-0.00153101634223731
0.334237160009197	-0.00525952409499238
0.824716972924087	-0.00818743505600021
0.515098835759411	-0.00610622693402308
1.11390318442876	0.00869659181723076
4.02295567585182	-0.0169030213319472
2.36756634899904	0.013239606355291
0.0217868887497361	0.00141786988326852
1.34290706857687	0.0121669727024428
0.444180994080093	0.00573196581891806
0.0884409421200709	-0.00238329482626777
1.08186273256236	-0.00799452757417088
0.352712534080642	-0.00480285930963403
0.00396378874291097	-0.00050808050072847
0.453217615764056	-0.00572567424579752
0.329186505938103	0.00394961135391609
0.015000554619659	-0.000967215740170868
0.0399706325124293	0.00161259132182155
0.06419308954286	0.00175683856297235
0.0171749730981446	-0.00118032324222767
0.0386115613830445	0.0014740341757248
1.26931835133485	0.00914835960034032
0.0158754200851014	0.00109995134024129
0.715231668175942	-0.00780159663150706
2.04481606662678	-0.0126177721116777
0.319053169118162	0.00530748712388445
0.000724208189592211	0.000204627145066877
0.000220227185547663	0.000128369043758218
0.556498233351001	0.00667107078449681
0.31587857737573	0.00537752829897433
0.907732503787628	-0.00736170924197596
0.17835738097847	0.00373849486590134
2.33801222105735	0.0135735854892227
0.334049028268699	0.0047993793649572
0.00679177812829693	0.000637462273534261
0.578756328571518	-0.00661762852734007
0.18894279251816	0.0040588033670424
0.143579737722314	0.00268542174130873
1.71543497296641	0.0110378481361084
1.36994471549665	0.0099481029571217
0.961771569825013	-0.0081943155402583
0.0211244734280342	-0.00116188290479465
0.465199798640984	-0.00547484531304696
0.415894725305371	0.00547771192639265
3.28783587015734	0.0148200523757156
3.82230651569241	0.0163989602904637
0.953629295960629	0.00750716172000481
1.66023366672167	0.0131213744810706
1.38981279880489	0.0103809016592682
0.709613138991991	-0.00662446675524232
0.00227568939712137	0.000401084932755518
1.03279595161128	-0.00802519122424054
1.02589539632806	0.00965668154464513
0.399305747723748	0.00507794656748506
0.00354619017505317	0.000512182745120591
0.249292745366559	-0.00422501896653846
0.670025736941507	0.00712013550543205
0.0138710303562972	0.000974448995639016
3.16343359078139	-0.0147005640452478
0.0490906413957828	0.00168955679382368
0.533268757143589	-0.00584355494143459
0.0521347748076528	-0.00193758727289408
0.244398052378397	0.00459453638929216
0.0153383105677102	0.0011579304537669
0.024849039972991	-0.00154770568348838
0.912778577854579	0.00693815542930611
0.0464539039945264	0.00193312899498438
1.07074352116834	0.00986658600621919
1.41990708590764	-0.00853717241527003
0.203746546150231	-0.00342266217604816
0.0192654719688812	0.00144825020880118
0.45279793417209	0.00641826179532182
0.817372382511106	0.00725617227984093
4.62888343119247	-0.017984550999588
0.439637660801264	0.00483787867422964
0.344990266100828	-0.0047852013193242
1.5524064409368	0.0118070330695585
0.620301780551569	0.00769665173415371
0.219204704109147	-0.00519616991560516
2.10096083143146	-0.0111245987556792
1.84694083701644	0.0118968586855365
0.000726145382941079	-0.00024647649374213
0.540586957007377	-0.00789079291726872
0.00311779173659159	0.000384033128535352
0.520801262340566	0.0067963922497947
0.332525164700184	-0.00413468855617009
1.55711220815859	0.0101544331119549
1.09453018667307	0.0085530485664039
0.0151518611612804	-0.00096315197925238
0.0100908041431174	0.000937431322308466
0.0868551479962725	0.00265738650904048
0.409619965334626	0.00614535760305599
2.7197656600236	0.0150672858206897
0.261264760047554	0.00424627486990934
0.218863305581647	-0.00435525029727537
0.0846708189162532	0.00276876571985949
1.19153964628515	0.00909113485555217
0.0399813575108936	0.00159211092994672
1.41382939074409	-0.00952046145501627
0.00514388123073622	-0.000728291733384671
0.590555585359034	0.00643180445987751
0.656717284928884	-0.00771060216065885
1.69202241361356	0.0107377338548716
0.108872236325028	-0.00250465466511389
0.965406684729012	0.00904435238816141
0.739799262734874	-0.00775491193457262
0.00718392493034778	0.000756839468597444
1.16047623930264	-0.00887774809920529
0.326714996764305	0.0052015482272871
0.00726218958543196	-0.000867493881381233
0.0695034658133826	0.00205570454194792
0.135660569196193	-0.00305569554269974
0.668348419552263	0.00767079845443091
2.00443453595077	0.01219053626268
0.232266232000998	0.00471636396476316
5.13244498882729	-0.0172171565313109
1.3485804873813	0.00977207036869739
0.476421902362606	-0.00586133124155005
2.06294957051126	0.0116989083465579
6.76564577421639	0.0191007229167615
1.07406216803698	-0.00844847298444332
0.556292483830729	0.00624151462068197
0.79609561172264	-0.00761225764689532
0.351299276240187	-0.00452560971487757
0.00505673244150282	-0.000606229565469749
0.000212787785739185	0.000137800065805247
1.27922069856741	0.00932890441164288
6.52458873360165	0.0170783750579052
0.782869200451654	0.00609297884771674
1.26986000431583	0.0107163167835011
0.521651649383768	-0.00610730379699102
2.7869907085274	-0.0160765318835703
0.164719628605227	0.00321706470172315
0.990729854821462	0.00882770654159852
1.08062197735141	0.00770719589505321
0.183414380022508	0.00350249861172101
0.152103875287343	-0.00354553655592045
0.170101214692943	0.00369329133912513
0.936808321083433	-0.00729931972832363
0.635727663966693	-0.00716868990504562
1.25626599182476	0.00937966555961284
0.00403742731337261	0.00052677316758489
5.32046908323764	0.0234401543519274
0.241870167940771	-0.0042991223022146
0.179927651329164	0.00401074762046258
2.63796010555634	0.0152259528599958
0.344186867317211	-0.00467184943259827
0.229592169688171	-0.00517011264246325
0.0687655418361619	-0.00222581876350243
0.181021789470191	0.00366545108423715
0.223723584167557	0.0041533257758357
0.195880151633154	-0.00313985541478463
2.35438323547547	0.0113123447053959
2.6211250677854	-0.0132350289332225
0.0496091047063456	-0.00190186415505923
0.0562966542871352	-0.00179562838358742
3.88056569386604	0.0160139011644106
0.643760580606313	0.00636984715361877
0.239863752613318	-0.00358555900401877
2.01422429542266	-0.0147229074822722
0.0538256519035527	0.00187978229765402
1.85119612375091	0.0103862215232667
0.149052868355622	-0.00315846992634815
0.384233194034819	0.00436100510421828
3.83845523913807	-0.0164627761870403
0.00330043048295427	-0.000506690141529258
0.00277528583470717	-0.000464119596175683
0.162997140630801	-0.00336490142665152
0.172843612284835	-0.0035577721110547
0.146899842303842	-0.00315357086007859
0.0289602720122022	-0.00128137503131333
1.81868998274621	0.0116677769811618
0.298966407754884	0.00487359115414143
4.37141767356092	-0.0149923753939056
0.821486045655099	0.00827238849520043
2.07382135086603	0.012993660602183
0.382177160155998	-0.00471169946672177
0.337115928079244	-0.00503062684083601
2.07506421044805	0.0115092769330432
1.20574705545936	-0.00946998369875778
0.828554897335629	0.0078315966242191
0.486849370807928	0.00591124373021477
0.199349378061415	-0.0035931993868938
0.154699104657718	0.00289054905809882
0.478791930372932	0.00566261129371617
0.2277993071424	0.00357516657853463
0.0705625091371233	0.00231123494758142
0.0172359483691316	-0.00103576970007143
0.159609551964235	-0.00375437179696571
0.163930625243498	0.00353163464377418
0.635384406444708	-0.00694525874364098
1.89143446945433	-0.0103777042372337
0.0316619483091234	-0.00134576367722672
0.00075730397081982	-0.000254937322036477
1.0438295172677	-0.00892876127951506
0.762345167753146	-0.00770766760769143
0.193036202528204	-0.00376777840450648
1.05094302621178	-0.00976743790429701
0.989497125667339	-0.00823785482344884
0.122422766327387	-0.00296957131434297
0.177730228063002	0.00388954805976325
3.28351461902288	0.0138056875665374
0.419203378316327	-0.0055772966116746
0.29217647964711	-0.00407336837927345
2.16849915371454	-0.0129506073215059
0.893615965501438	0.00831652234509003
0.0414510676638591	-0.00182248182313532
1.0020688789951	0.0103273845227134
1.60396005099982	0.0111239411905291
0.00649365496438356	-0.000519531793897384
1.06547882803563	-0.00850086920255335
0.0919215663400651	0.00270078764831453
0.837844973551875	-0.00738376747015611
1.49564652725947	0.0112241569063073
0.128703746555547	-0.003157829336494
0.877684514078027	-0.00769199993113907
0.0200765984261502	0.00120667710195191
0.00148812448756727	0.000357876603703479
0.690366776930977	0.00745744193065249
0.878180756665887	-0.00763861608773294
3.68286317717452	-0.0173619230949887
0.648480250670646	0.00671485330070379
3.71545243428076	-0.0161582502755053
0.335169157964797	-0.0042401685133166
3.60403867714093	-0.0136298603663383
0.100599423272112	0.00302784694454063
0.0189727336279992	0.00108559432290332
0.000962683558595595	-0.000281670907916872
0.401146211201668	0.00517509794494188
1.56492231734774	0.0103176564935103
0.144573605138542	0.00382994789803242
2.56246778313517	0.0146956604489316
1.18121427725138	-0.0104707463879991
1.06956766722984	0.00773902534615599
0.486168223820998	-0.00607736543266492
0.847742451012232	0.00766049919328346
0.447318691300125	0.00581828574083817
4.5206220056372	0.0168139963109781
3.86247070270639	-0.0175595017027485
0.831903150407712	0.00754439450825819
0.71395099190314	-0.00752775136369975
0.227636467321364	0.00418825784122416
0.170206428368617	-0.0034133608848962
0.00938281460420928	-0.000846294861622478
0.445023902583306	-0.00637483551051438
0.0871937824674417	0.00259574461651217
0.312517906131114	0.00449105324421049
0.468592927150902	-0.00590595095319571
0.199395954283668	-0.0036973128661158
0.956934882140735	-0.00800319749534817
1.41298137465412	-0.0113411572837359
0.0509623865442786	-0.00210925774196655
0.00498034361582322	0.000717463611242521
1.44793460616696	-0.0101577093576551
0.735535779545364	-0.00823059495452447
0.0869386646022019	-0.00235879799532862
0.885876764453267	-0.00766698687769592
0.0226636343762778	-0.00148710126895766
0.355244151015514	0.00609940239155207
0.195566186463483	-0.0037997651726083
2.00245738844584	0.0122348806169991
3.0593253594944	0.0146921408640952
0.116851751558945	0.00270369082945241
0.64656421931386	-0.00684911199723838
1.33376854040832	0.00894770536930599
4.510157227374	0.0180058993025877
0.0404389835378377	0.00184095766790325
2.03223593088646	0.0118347995189516
0.0208747209051879	0.00148272203658844
0.315889218546374	-0.00439027234297562
0.633604888382182	0.00682630484431235
1.63525671211514	0.0119566873019414
5.11377895768322	0.0182473639958136
4.17527176209662	0.0183434344055946
0.482109600828439	-0.00549064337701034
0.0586881014850132	0.00181040111109267
1.43388607833579	-0.0108161748110189
0.0136958368321819	-0.000995308171436978
0.00558753869600144	0.000703007413401671
0.0191476840208634	0.00143368329954509
0.790480095873821	-0.00771053960883659
0.00115511139033544	-0.000321240382285498
0.0904033703679559	-0.00239560457667691
2.46118738856958	0.0115204914153697
1.42503321881028	0.0106685272692807
0.243574300115555	-0.00432057210131443
0.0108385731936301	0.000846514515292732
0.0686073743596534	0.00207972155690227
0.0660423196313922	0.00241478327145049
0.148749401157038	0.00297169349259168
1.25986406096002	-0.0101424809684746
0.313033183842454	-0.00416412533500326
0.0302022405937418	0.00168599483319992
4.39393737342586	0.0194938054108922
0.98684854840889	-0.00671473920416555
0.0598675552054093	-0.00211425928464795
0.129027545802539	-0.00298982783728474
0.0346404225872324	0.00164070627057409
0.0805621898956869	-0.00266444840039031
0.018283907434013	0.00120142046482448
1.14667876442929	0.00960259470805631
0.150673877496143	-0.00286333657604843
0.0618186734055998	0.00249927378555407
1.50277665506148	0.00961049264255683
0.220567980615957	0.00347785174178715
0.0088014486729556	-0.00101891268799963
0.506173169000627	-0.00597632830013488
2.51108521829719	-0.0112150332765172
0.289142348377267	-0.00523019262021487
0.168188355527715	-0.00362085247082621
0.174000015836119	-0.00250790450873952
1.73400245534712	0.012936476039607
0.727290900165811	-0.00792808411975074
0.35801222288722	0.00517988742522456
0.731108471175885	0.00836714911150382
0.100009675529666	-0.00312861332335202
0.856603705580864	0.00890500895231671
3.65467035073646	0.0175893362671318
0.0535401207299016	0.00196146395297185
0.100048647299941	-0.00254485413400762
0.0694307410763614	-0.00240203233108538
0.113091498543158	-0.00308950713991279
1.05028285352734	-0.00795682148893266
0.627363946589795	0.00674892382682787
0.103714657688853	0.00287863047171081
0.00504289556837881	-0.000676334620063321
0.612858461269814	-0.00707433611671613
1.74029358525041	0.00901411815618224
0.236929223052131	-0.0037858887067062
2.28981258257798	0.0136586913640506
1.26377514326369	0.0090702145240963
0.202002293784611	-0.00424048684827486
0.159487327362173	0.00403829000690765
0.582548396600054	0.00753001991937032
0.0519532036246612	0.00205435084930326
0.439109288605501	-0.00536608118633105
0.0131120313799305	-0.00087339055268766
0.545465495877368	0.00743871117793147
0.0898185813117177	0.00242570595620701
0.55140487112313	0.00702745362114834
1.87974798993576	0.0109799324096139
0.237385784657947	-0.00392820275348158
0.481473569209417	-0.00543075798876972
0.40519744189558	0.00559170940106833
0.0143056069555274	-0.00105163900899175
0.00373502638988999	-0.000526795183005795
6.87007703292407	-0.0217849472559226
0.662888850737782	-0.0070048646327313
1.14929898831034	0.0110223074347011
0.000274327040262207	-0.00016023264384521
0.990602069473274	0.00759623256453501
0.0713927505133733	-0.00247960883111573
0.0412643009329188	0.00166690272217025
0.0558882997120626	0.00189712794789222
1.04420897022969	0.009657160346966
