R^2	beta
4.08090968176828	0.00133353701213675
2.77621396310642	0.00108308842669128
1.95708472551405	0.000621621941103995
3.4440783455341	0.000873402359304165
3.32054097018072	0.000992952723106511
10.0314286819005	0.00124549592493629
7.38830906614921	0.00162360401617324
6.86271724048461	0.00131736611860958
8.94853118022231	0.00160184449770395
2.4440096136218	0.000815515421456727
5.16706354486978	0.00142826983407503
6.00991612458148	0.00119422253351175
0.913276518429652	0.000566047974249073
13.2266079012381	0.00153202589197672
7.60672522295175	0.00142479497848511
9.03328863230573	0.00136005899081935
5.02827657829916	0.00122949841959623
1.59350583622033	0.000770066036146212
2.20890297736313	0.000790216049281331
5.758842992963	0.00121728116198683
6.15488811074244	0.00135052838246322
5.38295222528149	0.00127463997754698
6.21698679782082	0.0012463168793377
5.07857266561108	0.000875798251897269
3.46053544157574	0.000715730414002305
0.890017075597646	0.000623131456800076
6.17194499010596	0.00123406637040295
3.60644843327145	0.000705258020034387
8.20248085827841	0.00148413099250629
9.75502734085154	0.00148447274612127
6.78880586036196	0.00146426054985153
11.6479265909928	0.00169173676091324
2.10321422075132	0.000757679230245288
0.65273824861199	0.000491887932345788
4.8205044931618	0.00127346491336564
0.478745712620391	0.000340591273313889
2.54246260157385	0.000819293395225889
17.0790215860471	0.00272956272904761
0.102014033159826	0.000173628832827548
3.66398248497211	0.00118943101764055
2.4190724526647	0.000771045729295226
0.324894989497429	0.000273572934170042
4.21691142293296	0.00144071349304861
6.60519576679472	0.00126910950679127
0.848127086708242	0.000612470619044849
3.0068763484545	0.000783331280209084
4.06693450732257	0.00112123926428116
5.80680849857533	0.00162561038540189
8.97892475274594	0.00120973938202485
2.898843240707	0.000727113618929906
3.95672263743863	0.000837540677126584
7.0443561741296	0.00130545461741432
9.48357711282466	0.00127829804071734
9.16119662807805	0.00156016603044982
3.08631399750259	0.000892827942249514
4.49295583694626	0.0012980962415901
6.64402161137026	0.0015274788234602
2.53165962438699	0.000782141096053164
13.5644660132258	0.00238566960534917
5.41945847289466	0.00110293875335645
3.5373413982824	0.00107415449618093
11.9092379820839	0.00171267700810423
1.82407367081424	0.000675200136443438
4.45367823968681	0.0015668152279725
8.82326273572051	0.00127218606905287
2.41845909134882	0.000750800833452081
10.6030000291111	0.00155606770597777
6.2226941794089	0.00114403722208854
11.5575149412925	0.00257743282027615
5.01082075140789	0.000947970646772382
15.4789162126046	0.00272218356732673
4.15831265681417	0.00146726541129546
1.5681923220059	0.000665727693453907
11.8150323753955	0.00230369667006533
2.53983975686428	0.000884113463880878
5.26909978236915	0.00106070330870753
5.52473328683141	0.00113208645040399
2.37903451275171	0.000891497971484909
7.69908241838894	0.0012315475088353
9.62488265780209	0.00165391593232915
6.56734839753682	0.001370916183224
7.39425830422354	0.001549159223771
3.62445779525051	0.00102764379217218
2.66331771981068	0.00115464909078785
7.94514633170499	0.00187303725022312
13.1630061914594	0.00267712562146187
3.33834512451334	0.000784781964784311
10.4917227714128	0.00186275419199688
8.39216206392704	0.00140197947236905
10.0318277490528	0.00173694069732454
10.4340004480046	0.0018145264951028
3.40060549769289	0.000918372497954159
3.33444360072717	0.000822452190568276
7.05205451994995	0.00126018400832143
2.22718783988587	0.000671846287344171
3.67901878215626	0.00120692963848911
3.16020614795809	0.000853416522860504
5.2814218183501	0.00125068428787036
9.73660065478815	0.00164737823327472
1.0212363033824	0.000537689523737889
3.01063051274019	0.00122274654764131
4.9320668804991	0.00105578896294806
8.55483196810687	0.00182839152081021
13.9391170766459	0.00258239271657573
3.66228364546977	0.00101547947626271
7.54142491879614	0.00125051031367453
4.65132841300528	0.00110001712059416
9.19279744611914	0.00164575374777492
8.02350205756035	0.00132220899636913
12.353086746956	0.0020718946822143
10.9789030298453	0.00164629370037325
6.90375377765518	0.00130296789001677
1.8106544584915	0.000776353064369193
9.13479453359901	0.00129037465520705
4.17778059416388	0.00143337105354611
3.35854981586506	0.000807168361757862
11.4552466679744	0.00217034757674021
3.26803817489106	0.00104134127957806
6.93675239160703	0.00156073025081634
3.70802793057899	0.000850820757224647
3.84010979925568	0.00106067005074667
7.46883306193004	0.00123565304732153
7.41480807855884	0.00137046800452159
2.24423710288659	0.000741323853110924
2.76328110739039	0.000863133197825475
2.8694382145884	0.000883801676213054
2.77060689330093	0.000747877789660315
5.65154392569379	0.00119749197018119
8.45560040536697	0.00176926589365334
9.33271915418859	0.00172225137970995
7.31889822772486	0.00140874030047427
3.4899968783891	0.00152522045457778
7.33159096669005	0.00121647438886117
6.04431476165954	0.00129396166585034
0.921421344714175	0.000618919219227888
3.96858045058649	0.000858297440336744
13.3889574864743	0.00218230339344325
0.997527740694473	0.000616277597809442
12.0528952942565	0.00185605521023175
3.13017775152405	0.000690241786231298
1.78406636986068	0.000648582443015466
12.2134206272062	0.00160748052126837
8.43447863539462	0.00185316726266829
3.65857724884968	0.00109779157427169
5.00850241615128	0.00124038779761547
5.97004409402536	0.000983787081305784
1.66219027175569	0.00053057691617402
2.67554677043496	0.000718541809564055
5.20459909352872	0.0011188504855174
3.77762494260015	0.000987906528111197
4.47726975228151	0.000808546227376419
3.00389788047051	0.00102900067757504
2.38152126754137	0.00101396936192113
3.93757503860782	0.000892996594598216
1.74323299483783	0.000631810776571386
2.54609270707679	0.000821319840952731
3.24782817477742	0.00108108288304661
6.93590364579406	0.00137266179310812
6.70641379356646	0.00116750787543113
6.46179952082437	0.00197123401934798
2.38912414204449	0.00114160606659439
4.24221198133898	0.000861063506168533
16.9411431876637	0.00251394917526561
5.90797277535302	0.00149465050873512
3.89860691839443	0.000842707900103608
1.97039265307772	0.000773021166549994
2.48642847317193	0.000700702091997978
4.57719482521222	0.00147563088113087
10.4658076067525	0.00171866889989873
7.02813073278556	0.00141565134893946
9.11128173799755	0.00222803608215538
3.33514135185553	0.000889972393940568
1.11894939653023	0.000559919068177532
3.07862829553476	0.000871348951686025
5.86561685652993	0.00121556524617109
15.3209587101336	0.00262841875733536
1.43859598819378	0.000638514444915488
1.3739701217816	0.000543812730245909
5.38583729019644	0.000987888433594088
8.83549153563098	0.00177265183030303
3.87231618256834	0.000945210562218098
3.12095174351097	0.000865174681356513
1.90479246913087	0.000786869915251265
13.2115196114979	0.0020948685750361
6.65337689028736	0.00114378483351471
5.44257074857874	0.000953667661779608
3.15038340531252	0.00117136852981385
0.940376347277414	0.000511690234715006
3.05590239563718	0.000812092857445341
3.41041101421101	0.00125538708626289
1.97383746377032	0.000920776189498367
3.47636301188535	0.00100144987686857
5.83637218481869	0.00155326090013847
2.50647371539272	0.00106176060075923
6.62779001145265	0.001030794365897
8.25603919566952	0.00150175600571215
0.40143404308958	0.000384275614751933
5.20645691850747	0.00103480357199697
6.79619739994759	0.00193816148616234
9.58322726993047	0.00186992530826683
1.90705479511391	0.000837024735787407
1.32625581452394	0.000585628758380896
5.45865497742063	0.00128840688689015
6.4877913608301	0.00122493916734924
8.59056544394498	0.00208393294791167
3.84735727294475	0.0009955493375875
7.8014016474213	0.00183914266767843
4.57787410857179	0.000950691225989587
1.75442252064794	0.000722932906818298
2.24111068097135	0.0010098605025276
6.53062929961902	0.00106476520367956
3.0997870891135	0.000962517436961852
1.61863769423738	0.000895887937147017
5.2115909387563	0.00102977092338739
1.9728672969474	0.00081166170478557
9.31208028018704	0.00196479686804731
5.8763329424378	0.00145933662199653
7.16163056915874	0.00127457053699774
5.13346008835212	0.00112531526408396
7.24510957551778	0.0014305861635963
7.49073813554458	0.00115320205867937
8.49944789487347	0.00188490861212283
5.35537445194042	0.000871653187723006
1.85238994243408	0.000746129739270005
4.3136426523289	0.000847861670475056
3.68662830038567	0.00114256906090974
7.72231533684466	0.00152479144459396
8.8561529163652	0.0015827763383471
6.10339352594979	0.00120546937904507
1.86647857342424	0.000919524318333086
11.255734390111	0.00204711222933387
6.40428777735383	0.000989342089787004
3.54966490041556	0.000854996250609889
6.54735057852424	0.00133744422222784
8.58708938337315	0.00185978108301317
14.5175155682826	0.0015551084034869
7.63930868155251	0.0014059188499118
7.32138685762667	0.00128907260627097
3.62394699365252	0.000831808911419109
5.58377278662813	0.00145278907184529
4.8789490935207	0.00110019858412512
11.6939832728175	0.00140067586622038
7.79730925420446	0.001278468984119
3.33267317571774	0.000838745357659915
6.52195098641183	0.00131155077875123
8.66027449661909	0.00150525829827787
4.16873517729995	0.0012571483269636
0.913175701164486	0.000429059778741867
1.35634736591585	0.00063324165458513
10.7001690371739	0.00164711117195796
4.07485919929484	0.00111776395471463
11.9022577143634	0.0021946148166959
3.69264911817647	0.00142905473256891
0.651168101668563	0.000415134029397064
5.52576671149465	0.00112407498908939
8.78080079367299	0.00118273050873703
0.653495600746827	0.00034383524535013
1.36176073046076	0.000587774848211576
1.19392492151182	0.000520878365485955
3.00379768562896	0.00102205374668752
4.63283059129641	0.000742665867211039
7.23999349905544	0.00178377464690981
3.95851596858696	0.00108172729022016
4.82942827473683	0.00120176882463929
10.8479157842433	0.0018917767823885
6.37100857497349	0.00137604838254758
10.0735760792689	0.00158488822448159
11.1052217337373	0.00167250615183779
2.32226216741413	0.000828139887185055
4.04579012294592	0.00105208113291265
6.55991840873815	0.00121496763999712
3.82845778922126	0.000993691502473486
7.58391140698	0.00110481757189015
2.73334270264486	0.000787465571880884
7.15541708093222	0.00158309955649111
3.53497728044613	0.000932398901237307
4.45961676807051	0.00103221302614645
10.4880721703828	0.0014923294039053
6.24841974516933	0.00144276314822454
4.06241531246939	0.000978296065412912
6.08968783860387	0.00139543994144603
12.0167094282326	0.00169477951335354
2.20895664481253	0.00108580943445299
3.71431723410673	0.000976914141194819
7.42849942846886	0.00114281219367799
6.90059800920588	0.00128651611978273
11.534152345857	0.00184470217142867
9.149220913697	0.0014408678721148
1.87040297394363	0.000828109559858916
7.20550691679398	0.00148317139407571
7.35735719268437	0.00151852574011817
0.560241467261559	0.000517805738496196
11.8985802276057	0.00134635049746558
1.03860989468847	0.000530004111626198
3.19530142508591	0.000876661303180732
4.08232984679303	0.00171300084923792
17.7787013108709	0.0029151445045996
3.90312609554233	0.000888209253229119
6.34323259525854	0.000882683497169945
0.410522699913139	0.000398938545643623
5.34535888511522	0.000909402424578457
5.50797417291508	0.0016029008390324
3.84871256773396	0.00118896618472811
2.42036433068095	0.000877138732515456
8.00676244032781	0.00120486915726902
4.17922689472138	0.000815468191299638
13.8768579172265	0.00167733992803952
11.7361038523579	0.00168978850803367
6.24839107366831	0.00144229811218277
3.67569668261482	0.00118699859550933
6.77217315177171	0.00158109711184918
5.31323470041397	0.00127812499397205
2.10846941232811	0.000798465078097536
4.00332782849622	0.00112951757906418
3.96532922676896	0.00118172063958187
6.42398037268007	0.00161181475641073
5.2508646890831	0.00133172156518016
4.96973943504489	0.00102075774280522
5.95181914600006	0.00180860734489915
12.4261710007783	0.00191100035340837
7.42450027560248	0.00159239314507261
13.6324741737347	0.00244693761110216
12.601690575376	0.00179761653214417
4.49449749594554	0.00101088133828796
9.99262468293075	0.0017801901662112
11.207458283078	0.00163241820807712
8.6073142847101	0.00125829491714992
9.12394874878473	0.00135879052479155
1.88906709833101	0.000705656021352527
7.33119693030692	0.00166134285525154
13.806231121201	0.00204060647869809
3.99675152207419	0.000857172701306832
4.45294143723767	0.00130906349954048
8.61711984119055	0.00163666815477822
8.02912287352545	0.00124879833521264
8.47451241422047	0.00155885590317787
6.49827062440072	0.00157184286240521
7.71685871782098	0.00179643796738259
3.77344982864448	0.000796545497828492
1.26577486205262	0.00056238158428659
3.4707167623222	0.00105584929034245
1.50237619505197	0.000559255233443841
5.82172376769761	0.00123100578872057
4.29504634684053	0.00109268601432761
2.06678127918489	0.000910103545501416
6.15938332930521	0.0012556942288758
5.3151179958185	0.00108245371954643
2.24945365619528	0.000827273954113537
7.21752734390275	0.00123148411209411
4.23464760735098	0.00104288447716484
9.19306566441208	0.00140665749132777
17.9097002599053	0.00192162378809933
3.03786001101772	0.000972443238974578
7.03404173767641	0.00139807013831847
2.01449261170183	0.000555857713191516
3.50185299311546	0.00105291957778131
9.81661687622592	0.00156830694473337
1.58575997620523	0.000770320645738137
4.31387965342682	0.000966266424886556
9.82115083242647	0.00149021658750601
11.9964033168895	0.00212782425635334
1.72303534072519	0.000904818403814294
4.45749930205519	0.00125098585894234
12.4000213958805	0.00157857798471683
5.82605787653224	0.00138740758018769
6.42192042589285	0.00155342615039477
0.969955848428842	0.000506452741703365
4.46528347935582	0.00103435690022299
3.55978759987966	0.00121495460404369
3.21608750357462	0.000940234140073116
1.39819034446931	0.000623501667213263
3.6263646749605	0.00122859091415945
5.23373976967851	0.00106410373025414
4.94926292544451	0.00106194785874474
8.34775272298849	0.00153676663038316
6.37904233024087	0.00117091565947773
2.25469504644559	0.000664990487322686
4.30096920857698	0.00143411308938488
10.8098278915186	0.00205293268440999
5.58897599952204	0.00121750487176898
6.44554823907777	0.00120665846667594
7.898520612706	0.00149663734827057
0.22701280991445	0.000269907114526009
7.38574530315624	0.00158720044249699
3.74993613097871	0.00103494238857329
1.57140721705618	0.000669865712083706
6.91494231373694	0.00167835586604336
6.29318612257149	0.00141082877044689
5.29336441423904	0.00108466936919578
8.53183844358584	0.0018107287915995
8.05937622503326	0.00128729845346812
4.02165989212914	0.00134445406101932
4.80212520100254	0.00127688645609612
6.114165754003	0.00112690846914758
2.61696635189951	0.000817467092713018
1.40575674721972	0.000618069363351651
1.42516150309568	0.000470711754894693
4.62658271298031	0.00102375454211187
4.77799484389316	0.0011842277689039
4.9483616617438	0.00116428684737147
8.80486615887694	0.00129085113196171
11.0274487832666	0.00158227229698606
10.4582210630961	0.0017965686503466
1.1748094597235	0.000626838041234928
5.81261692846864	0.00130774845648317
3.46118139472194	0.00125410105270234
1.99272525527368	0.000790050796636096
8.27119869043191	0.00130194248701017
5.30342832730349	0.00109591537072085
5.42569347977705	0.00173280003015693
9.03701824612877	0.00138724916017201
2.74019072604067	0.000773927970570585
2.30288362796563	0.000837027418680683
5.44907995589553	0.00166812293277569
1.88889885940881	0.000625382732349247
2.74639472932128	0.000886351888533194
5.12093276127708	0.00173267090602714
9.14686450881353	0.001443053359475
4.39582491695359	0.00145364413127998
5.07656436894264	0.00101657839963343
5.18863721274817	0.00133176299758779
5.34618026600441	0.00146826152522493
3.97035405708996	0.00103233062131207
5.21752316964843	0.00140880330070256
5.94303647885204	0.00114519374109982
3.53453199386284	0.00107981556326194
3.25096628687044	0.00111925275045957
3.01223458958834	0.000933315485149156
6.73292698851037	0.0013042256281139
9.86624800714453	0.00157661449432174
2.32092840687232	0.000747718051636035
3.19939741287636	0.00101402904148154
6.81272154571135	0.00160272426386962
6.35688930588559	0.00176134938327076
4.47315259968958	0.00112712441137794
5.49023741911231	0.00118412849036746
6.17869302286159	0.00104102125703405
2.80689541184902	0.000985814091267987
3.052555263084	0.000871136352086295
6.89477677538711	0.00157229473265643
10.1193922762547	0.00154332039561868
6.33702236530624	0.00133921115597107
4.86226108042911	0.00114582462416218
4.22982550974055	0.00115214609938198
6.24987243678196	0.00128539824574746
3.14315060645089	0.000990032612965023
6.27205779975697	0.00121342472817864
5.75879066746351	0.000968210692428351
7.72040601748559	0.00136233612000858
8.80054227357199	0.00135637043447398
3.34416504748666	0.000943340700513908
0.235414985009212	0.000283416442292081
8.9888200136797	0.00194316397370699
9.3901790747672	0.0016012378447524
10.7079531608974	0.00185067521463823
11.6378632955122	0.0018246867318708
5.04074347971516	0.00159168328203004
2.09744440999898	0.00079652473672624
4.93937065831003	0.00136493487569581
2.08492801687942	0.000684933011083313
3.61311363756576	0.00111057170605225
9.99830167517587	0.00148763792557188
7.86112655464574	0.00179784376607956
6.48253426549754	0.00132104588106985
0.464160548900006	0.000377105907254656
6.33862776013777	0.00139084169763154
2.50219507188523	0.000739764776277763
3.4942585721679	0.000991053409255361
1.96649839343816	0.000852004891230533
5.69375699273409	0.0011644302295963
1.63525780767832	0.000609077566179194
4.83081451398997	0.00129104644383895
3.23526692468684	0.000869113320213446
3.20073365284452	0.000927374729175394
1.18828928341724	0.000631513724768379
2.19625738420778	0.000799524472838996
11.3113482372263	0.00232466949025465
5.85943652238993	0.00143575526404715
4.4180940853805	0.000791367321462158
5.32593791972563	0.00145262772129251
11.7000586892736	0.00200622311691342
2.72860178503918	0.000777720168618262
2.17660053502875	0.00087573291699565
6.44383020445478	0.00100554502846715
2.31683492159299	0.000919926272552988
2.16056018576421	0.000808787180450322
4.9005440161207	0.00129573693756736
5.340886851988	0.00129584167671657
3.91612697579735	0.0011083640575572
7.76628983793898	0.00154711307691793
6.73119428090047	0.00135916227807026
6.52670723147658	0.00141230662402482
5.42207755577128	0.00163158573502641
3.52017762256719	0.0010168505163826
4.89494085703224	0.00101741055502277
14.6824987445338	0.00222301996061305
8.05766345543798	0.0017139214745103
4.85837945898074	0.00136094450186906
4.16790681411448	0.00163586951835267
2.2255616147611	0.000680845645540385
7.28604588108819	0.00137868696947317
8.01223643183123	0.00146127395245259
4.84688708831951	0.000976236038424462
2.77558167840213	0.000714830510243583
7.16216998367684	0.00191809654118533
0.528981303792114	0.000326857347207451
2.87981190172499	0.000793636157305248
11.2908913358736	0.00252267112041993
4.94979281735568	0.000893805493377052
3.26302746941575	0.000950682730385425
4.48584695482875	0.00132997561516652
9.11067641625247	0.00181623673897809
2.6307798422498	0.00065186232728519
8.84623094725234	0.0015782460771631
2.46871772582653	0.00071620927083187
3.70490936073696	0.00100493314224609
3.71623107581349	0.00107430951692731
5.34655988810226	0.00125048394221511
1.59603446886486	0.000948702713718486
11.7645193316877	0.00214071760620095
5.48139726661157	0.00142479339306774
1.46398193085673	0.000722112523770809
3.54086532107754	0.000790751584711525
11.6521312315901	0.00190103248646187
0.908103491583508	0.000462140859876589
1.83352555470639	0.000659151238176395
3.0898881946284	0.00126941366192062
5.8167490053318	0.001135886142101
6.5094545145747	0.00125354574516692
2.44469011999567	0.000816508285438435
9.2929106958558	0.00190900078336785
3.01774161465372	0.00110128996304507
3.62301442073236	0.000976561998133005
3.13927349138122	0.000862448390006489
4.65544428063139	0.000899997167803922
8.48112163033536	0.00183768861880101
5.95149064286664	0.001131594807214
7.75397161227336	0.00139680340700203
6.3495159487602	0.00154376370981579
6.68415598813334	0.00133519879265928
6.70236128966148	0.00129120641271469
6.19836736168541	0.000982702624290144
3.14164361649774	0.00133233229065566
3.44611509054458	0.000828888633146105
2.68621791341023	0.00126960070028694
5.16094227119992	0.00154743047440422
1.56710632515437	0.00073734907168179
2.11105104868635	0.000902739017033516
5.64344286311975	0.00154344186371733
6.56013081321354	0.00106239194902048
4.02327592451728	0.00146159544178407
2.41991048180298	0.000624835337150585
3.77569260663524	0.00123807508223869
3.57945882200543	0.000696788612173859
3.8226655382103	0.00132342889432025
5.34102748199164	0.00108201360713394
0.0873335205651344	0.000186099189526205
4.65594367432572	0.00125045566983293
2.51017199897753	0.000885648016788015
8.70842719467269	0.00167984942802686
6.55389490130587	0.00113102102765919
3.04464434581585	0.000948125428416793
4.47023178674745	0.00107437779588793
7.54411010446042	0.00116495707291519
5.36347782588055	0.00134688139526943
9.08089271322272	0.00158756907891143
4.18816474853339	0.000879086275178239
5.05869744217	0.00146486995334685
5.12283008217172	0.00129403013690675
10.3605352520428	0.00111496867446319
6.1450107674408	0.00128710492878405
7.55537751309987	0.000946472922940746
9.15028521184781	0.00189762539042473
8.207812404274	0.00137152786603033
2.25419370154124	0.000529457565259859
6.56199655016701	0.00120172940424884
0.979059846807481	0.000417766053515021
5.53406405921944	0.000952030559759423
7.58716070010351	0.0017399171160338
5.80896861380432	0.000990390724949292
2.74279338861004	0.000844077428311046
1.72740886386791	0.000734720720515639
0.152620412306385	0.000182457646239402
2.26027432195984	0.00119830931456374
7.71131582191526	0.001415133604257
1.3669873052857	0.000545394779400163
5.84706405103117	0.00134974446456684
7.01355963285304	0.00166930646694591
0.0177993528247008	7.87723272956076e-05
13.7599353488731	0.00152058563982843
5.58431970661483	0.00113389709111745
7.60850563144032	0.00171394639587275
8.72716665634309	0.00202761689461844
8.09164117255496	0.00184576575843638
15.2639778772052	0.0020831861306527
1.82354711199067	0.000883811437025985
3.91032531795033	0.00079489533800419
9.34627883796123	0.0013734524177674
7.76727449042568	0.00160827005585521
4.5112480222576	0.00112877737479942
3.75414416148251	0.00107509823604645
4.37373409741983	0.000825810298364835
7.29742143412634	0.00165725588061266
1.81153111129179	0.00059036306046483
4.15004061739611	0.00106864394323758
4.70855064117312	0.00134968865225072
1.69820799745621	0.000551883226972649
4.85447811934735	0.00102028387303073
9.25414831592898	0.00192000115331058
7.45614872292586	0.00169420982703293
5.01473802329951	0.000995978567085511
1.34870119192731	0.000609777204277145
4.63128947441639	0.000884021329343285
3.20890426139196	0.00113749974598667
3.51984101617852	0.00118096065979993
1.56307445281093	0.000655683908793855
3.32630771421546	0.000904240214177515
4.77173046005597	0.00104462127609994
8.19405750937539	0.00148855260938489
6.99781859075716	0.00139223611608111
10.059633148536	0.00153092721652818
5.38298250049317	0.000999988007298038
2.41380482970509	0.000882630849373809
8.63800749389257	0.00172412941522619
4.70347691825812	0.000976352191454402
8.19792279690118	0.001873863832338
5.17610674305106	0.00100243860820174
2.1485762353883	0.000747703072060088
9.50794958668069	0.00170558812299959
4.75178404820182	0.00105024354480255
8.5486199059314	0.00138254573703153
3.53108542181826	0.00112981066454031
5.72583117229597	0.00117482261280993
4.11168602286146	0.00142617392156265
3.55323287166872	0.00107992691814105
4.93733414608618	0.00100448328839103
4.44169508160891	0.00102760972331339
3.81295181560205	0.00085425986843363
8.67697388977138	0.0013094886722591
10.1953026541745	0.00143354053291795
8.80597452963537	0.00254317034316883
9.55880914701106	0.00209994713583903
2.03583679082138	0.000729738898405045
2.24081304276561	0.000822736973190562
1.94481371010661	0.000800129937608053
12.1283856620973	0.00156949457863978
7.88913511434744	0.00121628049320645
4.19939757007607	0.00106239373171215
11.3515378867444	0.00207019457594831
5.06222736273763	0.00130079177823083
7.28186819284429	0.00134633645320327
1.70898286721881	0.000777093365714219
8.933943421489	0.00151729412050134
0.430717980109614	0.000357595185550208
7.99410381218205	0.00158625107815406
1.96126111656395	0.00077487272855332
9.69602168525658	0.00151117981157653
4.68170818143491	0.00162142219546459
8.76415734218844	0.00156219148841642
3.33103434652621	0.00115776364372436
1.80336967664489	0.000728146112713538
4.82472268484639	0.00121475732691147
1.69523439460562	0.000640094400891478
9.09753386211031	0.00150249846489592
2.42541362082005	0.000780494173109374
0.615003841532017	0.000473129975914236
6.42191030094991	0.00162484872992484
9.13329201416345	0.00162152354104782
7.09066458951217	0.00146628844653356
1.63469784474536	0.00073054855256804
2.88688430524747	0.00115128244000109
5.3874500305557	0.00123560185475982
1.5210454032715	0.000719926822677809
2.4302301805846	0.00105864580140014
10.1307546779461	0.00173411532856744
2.52561622986446	0.000642197836351193
1.95713086099771	0.00081693018685518
0.620002485035256	0.000396074324809166
5.01383664712158	0.00145000910086131
2.32652659629504	0.000678482885402142
9.48755337083043	0.00146085767475365
1.57198160807093	0.000707942762112353
1.26395510612445	0.000421400980019306
8.15694824843145	0.00144024870076446
8.59136449286756	0.00136228834224636
12.4504120613886	0.00219251444711996
0.325003556880563	0.000372066803873247
1.09013852866623	0.00083021180420705
5.44852384920731	0.00128653580081368
8.16488218140743	0.0014728856063785
6.55648555713471	0.00149799630074881
9.98732215880906	0.00147849095553763
4.72465175707737	0.00104995628788971
1.71093718562006	0.000588341382697673
1.22635055234304	0.000669637334978665
5.18799885732994	0.00133818298382285
4.28530386796525	0.00104733556282761
7.68230085415446	0.00161701284338981
4.71317678981741	0.00107794286040723
11.1677841212424	0.00152918004891372
4.94570695305747	0.00106418985021903
2.31086582436718	0.000769920921985533
3.76402509260735	0.000861638502531874
10.3084367528954	0.00156995454700683
7.18240380764411	0.0013269195323564
4.52343117782563	0.000961495096481713
1.2889642726919	0.000568522454694697
3.26782664894887	0.000889663772696178
4.90719528060082	0.0010064021960365
4.71636834572056	0.00109883799152992
1.90991878412463	0.000687734333302103
2.66977879396029	0.000763178689732393
7.31111515785458	0.00135165999484841
4.06602578487275	0.00105803148581063
4.41931826310196	0.00119387854558754
4.94549209531077	0.000984944607909472
4.04422815214478	0.000986057719666028
4.07138222608906	0.00111559487889627
6.00569874923058	0.00156644526799793
2.28855150356791	0.000740274182952671
0.00220301374966673	3.16603888987414e-05
5.71391474112705	0.00125328080209071
0.466109322341461	0.000408096431721837
3.57437315356627	0.000932768209123117
10.46245199894	0.00207756272026182
2.25775984421169	0.000762514438853353
1.35919720724468	0.000517457541695951
5.17081651830854	0.0013001160807573
5.22957209053363	0.00169260766980096
4.69172380448709	0.00161568051053127
5.83089583221204	0.0012041393820725
4.59384288034504	0.00097333884609525
4.81164991458333	0.00115407086915711
1.75610946520426	0.000674241928811795
4.74392846065925	0.00128442692560317
10.7811590777564	0.00213386282008672
0.193819949018146	0.000266685014282241
8.44489928378865	0.00172298904266797
6.50198958894325	0.00157671757782382
3.50498657785509	0.00138904545349654
4.45936997012139	0.000972327112063748
6.63623458507509	0.0014331460649487
3.87542551842671	0.000978833192908535
8.03690392145069	0.00161704425589522
2.04252217400331	0.000747068024670241
14.5208252487775	0.00236291319063036
6.36103868858799	0.00134216220585378
2.99341656354018	0.00098913431555706
1.37879188131103	0.000799234119478214
4.36335911242489	0.000899398299487497
3.76499160765119	0.000872392045110557
8.33912639559096	0.0010636294167048
6.52214529495932	0.00118321892809255
10.2192284105404	0.00120743141271679
2.39369788822406	0.000779111069132288
6.07162167539882	0.00149410449001256
2.70616294926051	0.000911228049435647
9.89314091153182	0.00150858049852847
7.00167419433266	0.00106299512896133
0.697399373954473	0.000472978725003381
11.4165558917395	0.00168612590209817
9.67206725979893	0.00211194846194881
4.79509864166566	0.00121146780034718
6.87640392391945	0.000943918053976798
1.6061141652742	0.000801527048744724
7.34605763873729	0.00151488019799076
7.00937883332163	0.00133300668035223
10.2728416927313	0.00158816841769339
6.29336319724756	0.00113103364685231
4.24446517387899	0.00139061926340894
4.89950375256373	0.00129671694223221
3.8093806536358	0.000931181341515582
4.77466592871585	0.000937374821953435
5.89701224010121	0.00112727122896799
2.35565026138358	0.000927226577331461
4.59866764272535	0.00119130567767285
1.00042407496661	0.000584325883918934
6.49458187093736	0.00107565595927519
6.83932205741378	0.00104494855360227
8.73852872991402	0.00160261315760543
6.78670211770117	0.00120866347855942
6.35200388434226	0.00101442414555742
4.58148601853338	0.00122586940762674
5.96515169799665	0.0022782841116965
1.18101250283893	0.000657919863513612
0.904670203731829	0.000443536401189604
12.7688614545035	0.00245632155166467
1.44808065986392	0.000669861346284204
9.6041571701554	0.00151277697874619
2.59581387245856	0.000939503829400858
11.6741540792066	0.00202635953370783
9.36018163644474	0.00134832289791529
6.24587068252965	0.00118929256152263
6.33364204481034	0.00118121609707068
3.59931261485127	0.00105039452336963
6.91004573022586	0.00121130930661614
5.67497775084947	0.0017021390196448
7.29564247837714	0.00109560996404873
5.87402032695531	0.00139243521556154
6.68589039018936	0.00176540211368439
13.0126850727428	0.00183846453434908
3.8075604142869	0.00102109800239836
9.5561354067654	0.00219904011710025
4.83725238684401	0.00132323157011985
8.37720215042737	0.00141315333776037
9.50823600979767	0.00148717972778694
0.56388994000858	0.000490114748109806
5.00714930933048	0.00117919307518267
5.70405335147996	0.00156781116023297
3.53034414418629	0.00090742632782963
3.68847494456097	0.00106321997650642
11.6362383408042	0.00165367432132754
0.179383378221807	0.000207390408196095
12.1995333485715	0.00271130967491929
1.67016926791506	0.000562497568310293
5.46883021960339	0.00158999721845587
4.6970520238168	0.00133297931329049
4.5679669513543	0.00105282072867126
4.5007478441916	0.00122149974170954
10.1439892269158	0.00170507375566773
3.20966190093546	0.000917552610897394
6.41257223610849	0.00156434569257557
3.14177092437033	0.00106678579656671
4.40181578210429	0.00125691853645265
2.03099604322546	0.000618840504725761
0.878337936368265	0.000521006448629917
2.86544257241083	0.000885665552343607
3.80969852090993	0.00100709511856537
6.62596912571469	0.00211415347926749
2.45602194340467	0.00075286522860897
3.85463975189607	0.00105839165712918
0.867173175869324	0.00060130293768331
4.78117980867669	0.000928801039995584
4.72891840043851	0.001407759259175
9.98298861304439	0.00166526903678298
0.949502802191921	0.000414745693698912
2.18152252561256	0.000774165708772308
0.946510814035556	0.000538121363533222
9.00398024525685	0.00136415392896819
9.82161911834964	0.00205907359560602
8.57989090548991	0.00200309883756262
13.3441387358174	0.00143878659064463
7.62181777051137	0.00125457996904381
11.5709713443786	0.00188061486281182
7.2444683842654	0.00178089519786652
7.97721418300267	0.00127384405890459
11.7297874678973	0.00219547149293449
3.72679102515759	0.00102237667597355
11.3977700710414	0.00239929743190917
1.85870592684175	0.000600973842979411
2.16926726133639	0.000773205588315043
7.80430845573127	0.0014947984043414
7.42707029253503	0.00161224022914048
0.906592344342182	0.000498817446679019
3.76248693660673	0.000889537610686154
4.7553278225392	0.00134258715170259
7.36925224028862	0.00133666578352857
5.62515951093403	0.00121935695274344
5.22888037666248	0.00130571904903751
4.65680628329564	0.00107173154267814
2.92938091693064	0.00120600341187679
1.79141904049545	0.000783590779564785
8.33912375830413	0.00163464328788691
2.16633476227918	0.000694394699976357
11.0056685129149	0.00221047079228078
5.98571128189349	0.000925098708299322
8.9716060034193	0.00209261143256427
2.49788437795086	0.000802301663361053
2.3405233982041	0.000672697344325529
3.1065340481216	0.000930154918659497
4.51999548805301	0.00109982795093109
5.55090308698286	0.00147542360781124
7.12669551809779	0.00134840177455071
6.17031608674107	0.00116035270617707
5.24227998145575	0.00139160176703205
3.1675902205493	0.00105304374354399
6.54097907146221	0.00141144407308115
5.53277336239893	0.00140933294295849
4.526962090048	0.00128679300830543
4.54052572173992	0.000870548321206517
9.47356734076619	0.00194251845867273
12.5912129460175	0.00188801307469145
4.0656437091533	0.00104064399223094
2.99986482504883	0.000997275224712287
5.06723923927524	0.00145997441992586
5.97038919511672	0.00161048471877913
2.28397642747444	0.000745119987589305
1.02018043785422	0.000655653674076712
4.12125856130283	0.00122976134394125
4.83345840842258	0.000962808204035611
8.92116023575378	0.00144630565607979
5.06367042851238	0.00114847436660096
4.34850573810648	0.000977694305784197
5.35450725707672	0.0010995879484423
0.00746838883895485	5.86270966096011e-05
6.90446624659677	0.00103720620846716
7.72230213195034	0.0013502573723243
6.60496803130517	0.00129695651440576
2.23277471415097	0.000606940718536148
9.98006217718376	0.00146019564764658
8.62293994179681	0.00108142848680905
18.2020952154415	0.00222618105453554
7.24470259984426	0.00163708149042378
7.47929114640554	0.00136844972147044
3.67397997503553	0.000840943384636872
3.72669625299535	0.00101398971998164
9.16112607886126	0.00175804337123751
9.18411182324284	0.00153191573874845
3.82798429683149	0.00131796728101894
5.34209531154853	0.00122168533970209
7.12043712910654	0.00127484400163809
13.0728095036847	0.00241117651654222
0.807280301575853	0.000417352918225622
4.86000611209185	0.00124583210841483
7.69034048266527	0.00143369490249911
6.04752598883671	0.00126042440068092
6.22883998773218	0.00121782478601959
3.35930389062692	0.000904924504499074
3.00179455258798	0.000950835441041453
6.37415399325576	0.00142132961875
7.96375633695528	0.001513308531944
4.61862571366794	0.00147738897862825
1.64828995170779	0.0009307807741
2.51927376384551	0.000878584401829195
15.8843798619905	0.00194465813915911
1.7638023426433	0.00060999071695698
2.72592631447001	0.0009593979710366
6.8299385399396	0.00144337318351116
9.77778584371206	0.00125901508560748
1.95611870239628	0.000586329229937709
6.61800922435822	0.00151278515220901
5.13264286921993	0.00115760865992643
2.54032739441206	0.00074613831252497
3.04937027053281	0.000718628703187079
3.04828379118284	0.000882813429634648
5.97189945521367	0.0015631833959727
3.54669865683181	0.00106658868199834
2.00937461889438	0.000774944264619052
0.512857884694028	0.000414886683937827
6.47686583961358	0.00114994438460414
4.93475856296752	0.00109610040402482
5.43324545106515	0.00141395881467675
1.52222951604483	0.000621020276719121
6.94563127328188	0.00148724946518996
12.6234460156598	0.00207101190216167
5.84447314632137	0.00136713980821499
6.823427603052	0.00151314838333586
7.99279562501269	0.00100171323070499
11.496050774431	0.00208771404891941
7.93736290626021	0.00161005318290372
0.647865755494708	0.000369352178821765
4.08166421231571	0.00120676814631534
8.78545056456203	0.00168751590950327
3.02696350875812	0.00133427126599497
7.95907094418137	0.00131761156930135
3.7258875622137	0.0012898494074473
8.82492444327065	0.00135295831424949
2.50030961764252	0.000736641780898822
8.41146900124618	0.0015615730994578
8.30233022534237	0.0018547444863377
10.4904709365224	0.00159731246502497
3.93787911663696	0.0012828368938161
2.55091318689323	0.000760552090573998
5.81721271841051	0.00104570600522328
10.1915354223193	0.0019932249299983
5.50666801184575	0.00132251446786758
0.0119412974666993	-7.35444992171043e-05
5.84887427002634	0.00114791098738393
10.3498498389133	0.00172839221995823
4.01887038656676	0.00122676754926546
0.899864767159868	0.000517566737289048
8.20934271974489	0.00160414190797294
2.78879247970449	0.001214183249579
9.14426166069505	0.00139884314397372
4.13024283918686	0.00102706538836935
4.20288736217631	0.00122709630694624
7.39549430231042	0.00131832571811452
4.61987865342788	0.00112379554822353
15.0384246322057	0.00349739199811745
5.28566722278359	0.00109160574288411
1.77867769134222	0.000780510140738369
4.22428643780466	0.00111853468405399
3.43195953304504	0.00115956939771846
5.75180698799755	0.00101897270754398
5.80213399798233	0.00118978349691367
9.78216787499079	0.00137760129424712
8.58468319133653	0.00148189096309963
4.96151080434391	0.00164461939051113
1.69302016662553	0.000650626782868226
1.27613276642475	0.000590029716534064
7.37571459551182	0.00185905674419975
9.17789972928763	0.00159236217176938
14.5853665771916	0.00223232350392059
14.0855546965525	0.00199199180170246
9.92833257889059	0.00187899886933264
1.64274494905244	0.000588642613536669
8.13557811572054	0.00147789783571221
8.41851894512818	0.00162040060948537
3.80860978734782	0.000863950268951136
0.854282136899341	0.000463626220768122
