R^2	beta
4.53976698757061	-0.0212857274927934
7.00583970520005	-0.0241011712478964
8.31426506415685	-0.0249465250144229
0.314216713973984	0.00532863199860434
0.237910960105616	-0.00373205644439699
1.01644100954202	-0.00998457694386447
3.96371171712326	-0.0207257938973626
0.539909184628448	-0.0062569053164836
3.20882833145687	-0.0133436898790935
3.77686298459264	-0.0149293895396368
0.81709501057896	-0.00704495788185296
3.43808248673229	-0.0158455869535423
1.65622591916934	-0.0135058042388222
1.41628932020787	-0.00953093526071728
1.30818939983673	-0.0120653234379702
7.59371764368457	-0.0267847669747105
0.863257624901266	-0.00826656856350494
10.0967914446698	-0.0287543760193395
1.5612947003771	-0.0120049333475969
3.33724908751708	-0.0151684518543556
0.654282409419085	-0.00708952791127951
2.09873756525561	-0.0130573662869615
0.296452164291825	0.00308229551538806
2.56913297358041	-0.0133112100549814
0.0884685098886356	-0.00288741750314842
2.82629267125952	-0.0142693721944735
3.90133534974131	-0.0147888516351257
5.40818394629472	-0.0190180160430443
8.60149538329713	-0.0232944631343121
0.0378795026778814	-0.00149362552990284
0.0196507895706992	0.00131630886429533
3.62485123266071	-0.0178817687331878
3.20822907213844	-0.0133992341272995
5.84926736121074e-06	1.83859340328569e-05
5.57415679835838	-0.0233729677916859
1.85270552308542	-0.0111384218832807
4.80624285366991	-0.0187102076302655
3.3564203825408	-0.0166597608240446
2.02206777223753	-0.0113199445074846
5.76271255552699	-0.0190636827082927
3.15284909876813	-0.0162390335392929
1.53163280016691	-0.0100901713960995
0.0597244776965768	-0.00203938010403084
2.08979404415985	-0.0133067175404407
8.90848208896541	-0.0223226026374383
0.363979528022305	0.0058948242302391
3.67555959656495	-0.017970974523907
0.185975688312026	-0.00342425133714095
8.98826534026612	-0.0327951181650779
3.47847974609438	-0.0158920967351414
2.5756128999828	-0.0151611947113608
2.52349990210726	-0.015058911136814
4.7497641828865	-0.0165688978840625
0.132608049282394	0.00268100566214351
9.69304133465813	-0.0275962981057984
0.179682041081529	-0.0038303891791028
4.78820182353455	-0.023511957715095
2.51058750253529	-0.0145523918639192
10.7456703834968	-0.0374848933622753
5.99496398923454	-0.0202047036664093
7.45269675636332	-0.0243953522294156
0.0140451599044072	-0.000943928575765909
1.13027589491176	0.00908201047995204
0.0434045384022662	0.00168035763333915
3.62934593106161	-0.0165450404536713
0.374052356523777	-0.00520312816956833
1.23623995399951	-0.0083128605659124
0.0702171332927754	0.00181162074762619
5.52123720569294	-0.0195273955850621
3.19667888635558	-0.0184059975454762
0.758342151569856	-0.00781480007924138
3.9641176510556	-0.019212964783944
3.26491555317005	-0.0174906475729439
0.653227047586749	-0.0075042278311476
2.22990763791707	-0.012076152465514
1.70292308991832	-0.0117005579277342
2.67647412551117	-0.0109980646316797
3.48366348805882	-0.01543729915938
8.91432378889307	-0.0262687158917448
3.2288310214158	-0.0177924130379153
0.28489535359766	-0.00376991156384536
0.0111699852651274	0.000896122437673608
2.15374919636742	-0.0138144515886666
4.6104911248053	-0.0228040479958701
3.83746872899503	-0.0215565492847662
2.70174200990255	-0.0133019783883822
2.54425684473833	-0.0152347219111058
4.52279750226356	-0.0172201956155887
0.584778525697404	-0.00492910371523617
2.18934741567657	-0.0116067594714707
0.820766391326978	-0.00910779770233757
6.9886801642821	-0.0228921554430653
0.0858917986412553	-0.00250100377252171
5.76922846653972	-0.0179120510373282
0.249353966137277	0.00439603180594455
4.19853706979295	-0.0179462775042275
5.64336551538198	-0.0216217185941221
0.00672300376248077	0.000575076960619825
0.332754466421751	-0.00428751553396216
0.442499855359846	-0.00609131632261506
1.92670547202492	-0.0116439383626589
0.400515615614779	-0.00601523903247345
4.0696003419896	-0.0190636230230355
0.727175177236667	-0.00834789722468082
0.666276819561975	-0.00823289589608834
0.070912926792069	-0.00238794884700098
8.03521568922297	-0.0274800724978567
1.70350811190191	-0.0114608937481139
0.641841189692075	-0.00706057846424588
5.29342351295781	-0.0211394894068541
1.74104551152351	-0.0116089827068179
5.8824621823671	-0.0208717554118716
3.97892362015914	-0.0185353219243847
1.41687644900397	-0.0108616282074284
0.0182833772579485	0.00114845257534929
1.69177103006631	-0.00963683796210254
3.39281944535118	-0.0161154486342407
9.08662841418439	-0.0312211162245861
0.205895581711798	-0.00478205567143833
1.75911841365136	-0.0111998534306381
0.117937661896861	-0.00285299413686266
3.64469177273711	-0.0164523995144786
2.93233818375445	-0.0147925818282946
0.577698752233928	-0.00655991906125687
9.5592719248276	-0.0277053961258453
0.375070592550262	-0.00459183215079094
10.8703933909891	-0.0320025987387065
2.79557611938186	-0.0157563966493648
3.5089361602214	-0.0175644739210905
0.271942353360185	-0.00473241573972548
0.041130862905145	-0.00169718801271943
1.4735374708412	-0.00979144028565066
3.87208206866508	-0.0160122862652606
1.21625079078866	-0.00823263569165635
4.30592542671405	-0.0169435816708437
2.64631766768751	-0.0124659993469301
0.0522272779672372	-0.00197553134778998
0.469194588363051	-0.00494634949242812
2.93210802324287	-0.0134456758222294
0.473468572276886	-0.00519353847483848
0.168296034202773	0.00387830332932766
4.161160996096	-0.0161147769153815
0.927074261801938	-0.0077700064464718
0.225159977039342	-0.00388648508948301
10.4386249461733	-0.0304284543875703
7.71200256470232	-0.0242664318819117
0.0985632413185443	-0.00321133831313221
5.42488112051785	-0.0183872627381129
0.50572800964591	-0.00541779958653808
0.182319958632545	-0.00312260124758154
1.64110502520613	-0.00929887564661263
1.87293848569378	-0.0121492943301843
0.217962791164569	-0.00366484683942189
3.96031520803714	-0.0172888995994286
3.29860222396663	-0.0152641757024286
0.0175239843738961	0.00105248794887092
3.56530009296032	-0.0166731396160009
9.74835273007019	-0.0356733045548442
3.96426250646559	-0.0178795721234249
1.00456242651288	-0.0087845329315494
8.70180588440122	-0.0326839693212911
0.331623679707834	0.00504958867968764
3.04757381087272	-0.0132398164852996
1.71735453335259	-0.0115539525502736
0.260361532093746	-0.00366659552776735
2.32609029992428	-0.0128560475059523
4.77224618243909	-0.0181810538973936
0.194286950901331	0.00294900750682533
2.27716989123481	-0.0122370629972881
1.90753218457827	-0.0103398891062678
4.93403159615784	-0.0185628450456303
5.65791543702783	-0.0269141150947938
0.107024382747295	-0.00306687691456205
0.995738487742592	-0.00743976010488308
4.25134726358928	-0.0230119998867618
5.45893728741623	-0.0219987975709571
6.40993362244501	-0.0223290738020187
1.33741885322112	-0.0100619999206232
0.00257834950513721	0.000546465758812947
3.04531971811053	-0.0163183937400583
0.00376588939536555	-0.000451244824905296
2.92301831245725	-0.0149859049916538
0.609701986680114	-0.00591116037725596
0.642693086362737	-0.00711248534000181
2.37590857068394	-0.0123284986576681
9.67690092315328	-0.0283789595550084
2.14953403465642	-0.0107645670837137
1.0504425873235	-0.00885092582430758
1.33442682630967	-0.0101749050916618
6.95996428896696	-0.023245771065153
0.560253004222809	-0.00736603018468096
0.238171950873663	-0.00480385922005751
1.24869325716289	-0.0135994274114978
0.50082642306612	-0.00749862863822074
0.401028996390061	-0.00438835253283595
3.85166050415986	-0.017963105130447
2.67629475842631	-0.0151308862397465
8.27209407270884	-0.0275148923072539
0.279533044702464	-0.0042586252737345
0.328890589191348	-0.00481955461247287
3.53888117260918	-0.0169288561653431
0.133218755035381	-0.00266264983077419
0.22959135327811	-0.00416030635631324
1.38106621161707	0.00788870012473051
0.166773109974613	-0.0034954994916847
0.848222235481131	-0.00744387697026322
0.439204605689475	0.00473313231062303
2.85685390452944	-0.0154028421674796
0.00401920468791098	-0.000458929624547304
3.08426737814842	-0.0123644767050233
4.35489024533812	-0.0186894943955678
3.24130126385164	-0.0137180072082998
0.165085781814351	0.00323984018387446
1.0960830050203	-0.00960254747672126
3.82840328784752	-0.0160248176674527
2.51768362050601	-0.0152162497071207
1.5529671833151	-0.0118871664007936
0.244518641905702	-0.00355785810706982
0.065604846535718	0.00225394308405585
2.17477587588533	-0.0119565992284738
3.87322036535096	-0.0198092480427251
2.15960440018066	-0.0126517474830612
0.735355859578981	-0.00788178293291296
0.300591812328527	-0.00590578672695618
0.988665993216323	-0.00911098473842544
1.0793543683733	-0.0108058589665892
0.698936044724132	-0.00646255977264296
3.80505544937293	-0.0154611408774727
6.69569480243126	-0.0279783459070918
2.50840720393452	-0.0142276903919662
1.99498062721631	-0.012939883183922
8.28805339523915	-0.0281068763780952
1.10699653481347	-0.00929899500948706
4.65402549492244	-0.0175961335124152
0.234768358727313	0.00361022349417084
2.67307389377491	-0.0148372433100496
0.405640568793856	-0.00615511183464913
4.51486772066233	-0.0189862325096768
0.0125826493267364	0.000874350439394159
0.273152849961545	0.00420668508424369
2.0476281918267	-0.0114669677184732
6.96161883107754	-0.0258625672625362
0.396856603924095	-0.00554295152063847
0.321266272956239	-0.00338829553833899
0.0725706853671098	0.00222441367630845
3.91257641133372	-0.0179502351467952
0.000172479735843401	0.000122199020409848
0.736722607073423	-0.00714563475715904
3.33197636133369	-0.0176288456622958
7.0676684376028	-0.0253669402517926
6.22118069669349	-0.021638064316648
1.79278381332333	-0.0123697181056446
3.62996942303437	-0.0160851736094631
0.0709276575287988	0.0027544972207129
3.36139868053894	-0.0183254290151466
1.65576127825925	-0.011687256633178
0.117238520560501	-0.00256896738972999
4.97765509116975	-0.0196488183985224
3.28805012383393	-0.0156828795339096
0.0678086608911591	0.00204591161934171
1.06403251991257	-0.00810530904716985
3.75902660467855	-0.0189260627341799
1.1841277983969	-0.00964135455836277
0.235376758546325	-0.00411589515124093
3.62820596827101	-0.0150386896953167
3.63508666691072	-0.0203748290111041
4.29392315668735	-0.0150432813625347
6.18546192318387	-0.0264821211221617
6.55041769917662	-0.0210699604931822
0.917674178773351	-0.00780534755797251
5.15606584711461	-0.022687269969558
0.140921376788305	0.00272375181000706
2.16676617813003	-0.0132090326708567
0.206722626288045	0.00358935978170968
2.08620703242087	-0.0116270817895776
1.63578338563709	-0.0126883329106702
7.17679493849105	-0.025627383424084
1.85518864137861	-0.0109100639256444
0.230957304428318	-0.00333872736554531
10.2747766946436	-0.0277192011819258
4.48134924020995	-0.0158120295689296
6.20324917501575	-0.0190229150681415
5.41419064220255	-0.0237669967426524
0.831846009879462	-0.00751184948322078
1.95882713517111	-0.0117165919612559
0.396577380458248	-0.00463778183344516
0.678811007513679	-0.00752962180613194
1.26636669916035	-0.00960646869343251
4.78252178811444	-0.0206324965119515
5.94919788073333	-0.0197829654484064
2.67755134077594	-0.0136161159449494
0.0991173622962503	-0.00244352904320213
0.243105489377061	-0.0043315463754858
0.512728604066046	-0.00636718952343844
0.109144271637533	0.00265540427480346
0.000103320730658656	7.72380274831517e-05
8.46783386636226	-0.022919162055489
0.44821307827349	-0.0058008761852857
0.0089390583799888	0.000896317217004845
2.84435460636157	-0.0144805624549419
4.3775155992352	-0.0202664252255682
2.06195172244009	-0.0125629419873266
2.76965483946152	-0.018966118997761
3.86551529340154	-0.0195828331353062
0.754652055747509	-0.00724076202499248
1.95754525790303	-0.0117681521678746
3.37396437758783	-0.0170448417949678
1.12953304272479	-0.00771287707015962
0.926347247508263	-0.00864377269545604
9.53098865819168	-0.0280287658762918
1.59427356505276	-0.0100456737828815
7.13590754320597	-0.0193648497152358
2.84882087972847	-0.0148414915391188
1.15522251563978	-0.0100876815936863
2.36100696826721	-0.0115775470731922
1.35849974544013	-0.0101238208108568
0.0271227519716235	-0.00121773694749055
2.5899526363959	-0.0104193469685425
2.30513353923864	-0.0125457518071752
2.20173755200389	-0.014059212851446
2.24175672769541	-0.0131429095385572
2.00120463737122	-0.0113405865787989
4.37707448856468	-0.0200733130951218
2.86146510451722	-0.0140892374175354
1.31032208702427	-0.00962056286005476
0.928336620380716	-0.00697447052980179
2.50489173830928	0.0149065950574722
3.83403025640913	-0.0164197470441437
3.35253569501948	-0.0142694733166787
0.820272060608137	-0.00798552751790345
3.12599811590045	-0.0125738364399705
1.51017203123021	-0.0108525126499258
2.02415159949407	-0.0113096755200196
2.17100889309972	-0.0142502106175931
0.167103551743592	-0.00321634986475038
0.317386072182935	-0.00457205990919027
1.41225585192305	-0.0109043256860538
4.73286108018947	-0.0190241138207015
0.00010764892128043	8.70276097576726e-05
0.32823445340466	-0.0048439256106279
6.94383913860816	-0.0244454260024465
0.166808187563043	-0.00321734743912834
0.221879807765843	-0.0038553804919286
0.0665961199043448	0.00211627503065934
5.07482270932777	-0.0209035308113007
0.0481462855747088	-0.00220824671781236
0.854641034160184	-0.0073780428029472
0.616168687629304	-0.00795345435917511
3.48090002306048	-0.0171303072987049
3.14998037613709	-0.0164008544368981
1.3545174199322	-0.0094055254937923
0.00332153512054822	0.000429091165082513
5.42131535767562	-0.0184860849312892
4.51944331861534	-0.0199248560082495
0.0465268344363584	-0.00214236461516083
0.366329894488211	-0.00582583269641481
0.00925983022698343	0.000752211155756791
2.80843401561783	-0.0142130609866458
0.661813027656113	-0.00595727040477998
4.60276478636668	-0.0211918764548735
1.52945830887965	0.00926513794726783
4.73824389875618	-0.0165896125321872
0.0635489758265729	-0.00181879098618314
1.46316079411307	-0.0111185294507224
8.37694162237699	-0.0263525479118068
2.76572981317842	-0.0161574238354709
0.65251012935156	-0.0054386406187611
2.61977314949173	-0.0188307201514684
0.0101624694332461	-0.000742464542540223
0.748946471423313	-0.00719212092062873
0.831095831026378	-0.00803739091100798
5.14376149345883	-0.0198822914064286
1.38162262975954	-0.00904053537406509
5.17315924262367	-0.0184688961509651
4.05915422933847	-0.0180711219781047
5.76267841101119	-0.0274854473616214
0.174055643126345	-0.00425068767258008
0.669701343128534	-0.00736363708767265
10.267707585727	-0.0295748065133588
0.00123980414485981	0.00023481007519202
0.810401090155619	0.00732581252145756
0.929380963557747	-0.00864425777067508
4.52046472167547	-0.0168915739010194
3.14646403715393	-0.0135028062421136
1.55544427899656	-0.00888763697829218
12.9478579234762	-0.0309954374304018
9.25393235545255	-0.0249089577018646
0.800064219970501	-0.00827473595863635
2.61763392095304	-0.015121132814807
1.25349232279641	-0.00769485784076164
2.46313930267243	-0.0138007107615219
1.74028888017578	-0.0114186569044641
2.91614640791124	-0.0153306397094892
0.798577469660846	-0.00658907794828857
1.76950334460911	-0.0103941914657652
2.22972275583268	-0.0142167494919749
1.66037543630143	-0.0113494801617102
3.36231323121878	-0.0166409924201194
1.86509720511162	-0.00963548382944054
2.86768003250605	-0.0167907228896871
5.09289801789676	-0.0215598063132249
3.7619260244327	-0.0148731081816907
0.464233282528104	-0.00550684503276025
0.107715735605684	-0.00256917377246426
0.880167587109069	-0.00744864853626385
1.41379231696863	-0.010295975695256
4.70366215543693	-0.0161415859351662
0.311225264902124	-0.00435024059308575
1.24485318428181	-0.00912698143894966
7.62283837411849	-0.0223821090199928
0.153278325429674	0.00310720458897665
0.0731237141606318	-0.0026949027597073
1.85580339636942	-0.0126351866375887
0.816375858504959	0.00830211561188882
3.1747257854677	-0.0154269906591694
0.00209679967623968	-0.000360131097927022
0.00296046358247864	-0.000499504554673269
7.53239870761366	-0.0278373718219967
3.78351751590552	-0.0186038239041647
1.97743962349138	-0.0145951135415574
1.75050782335166	-0.010780582098781
1.72559830402959	-0.0125741972515066
0.571925067939643	-0.00644349267437336
1.84971254203332	-0.0094970445204453
1.51158658043204	-0.0105472368653401
1.58556032214245	-0.0114473223020506
2.49010452668112	-0.0129761449308422
5.37604110009272	-0.0185381202339951
7.01478385270461	-0.0267645169319908
3.75770371870959	-0.0187607413863264
6.69616655648886	-0.0251768728504951
0.0340273839630513	0.00179135943350771
3.52597222181157	-0.0179727971155421
0.782816014658188	-0.00701895209800289
3.24559902581769	-0.0170118268574749
2.28839966252352	-0.0118694442901047
1.09173319051159	-0.00942330024257538
8.26870268791997	-0.0312367161789953
1.14316515030815	-0.0076896305928255
1.18119929559179	-0.00998709900515773
2.37641015600539	-0.0133022074039393
10.8017300499767	-0.0269505605454124
0.0454561692658459	-0.00147007783673484
1.02676996616807	-0.0079185948070188
0.140331040812154	-0.0026335982473716
0.891028035623822	-0.00668187718092189
0.723019490836952	-0.0075532863226122
4.89422663141786	-0.0215755677378845
6.74197241461817	-0.0209879890500674
3.62422433276714	-0.0166572114484321
0.862482315104448	-0.00718284429248612
0.267768883615906	-0.00458079641390269
2.63203423362945	-0.0139417416104223
0.561631468304479	-0.00513094215939233
1.41621714613035	-0.00878497677082149
1.97831971193485	-0.014002539564204
2.55957826544049	-0.0109553933782942
0.190309016445794	0.00324405333391077
1.04693411117439	-0.00868795018365855
1.34460346201701	-0.00859987763112613
2.77358952595434	-0.0109044692187577
0.269474858700008	-0.00501888252505139
10.8882618152612	-0.0313683795796926
1.73088725585107	-0.0129215706624127
1.41849260862668	-0.0107152062282628
1.56921776913775	-0.0108705972099034
3.24156579692479	-0.0173683871823336
0.668542104680755	0.00675091912291386
0.479464160892168	-0.00635783199529066
1.23337166240381	-0.00969973645213718
0.999812024188004	-0.00968298618872824
0.808720106450754	-0.009346565818973
1.13794550103753	-0.00838853401788446
0.745761319467574	-0.00703789559157663
3.66739792090894	-0.0149462797979796
6.8540869060632	-0.0264813502008979
0.019794953747649	0.00111551247888161
0.218698029605211	-0.0040447165823405
1.77641157105618	-0.0131844023772547
6.00314999283268	-0.022455617710047
5.19795867074925	-0.0207065448670151
0.29243533882106	0.00435735321052786
4.97187086568928	-0.0175256343984453
4.4643126789452	-0.0180952464769129
1.60204452944161	-0.00830212010222739
1.80155935908899	-0.0121483710309931
4.36789445142009	-0.0198429172484233
1.04413931773244	-0.00783162195604665
10.3279333581923	-0.0246496776926647
0.436180064921918	-0.00479181702035311
0.334509499681916	-0.00548025104296136
0.0353267330864869	-0.00122540548206439
2.54783640960908	-0.0126129527966101
0.711838586033686	0.00552146299082849
0.593937559516722	-0.00710611509305853
2.64845496961188	-0.012690579691216
0.667177589948722	-0.00663317510269736
0.68062695136201	-0.00717285560416399
2.26992006246221	-0.0133121216895186
0.429327173933863	-0.00495187524278028
0.0396262092628738	0.00172397339138862
0.973309438734935	-0.00983206646230488
1.40014417456012	-0.00864703918105726
6.49321116543818	-0.0204165741908303
4.51072091924566	-0.0158250935709955
5.79435185419258	-0.0227491137838414
3.95745062916617	-0.017663030878757
6.6924042042674	-0.0252419797012507
0.0349850519503686	0.00135228571853925
0.595072192598229	-0.00606835883862476
2.02791160473023	-0.0123182605404656
3.12952081401738	-0.0166900922889403
0.529256928123549	-0.0053406235373768
7.28266643377235	-0.0258750382850769
7.8622919730266	-0.0261526423798321
1.21204524913804	-0.00837552890357111
0.0866934159468244	-0.00279907843925224
0.181961322385803	-0.00370897624512359
10.065111696419	-0.0300704294911379
0.496398220110411	-0.00599503792769581
0.0937671976093134	-0.00209575648095118
1.44414262052764	0.00760400378315278
1.66825360505051	-0.00931039807935093
2.18480006044857	-0.0105118078578007
8.00920398386299	-0.0217544199404485
0.828693108443186	-0.00794689103532253
5.14394382883687	-0.0208536617957184
1.21559157780942	-0.0102038542603416
0.0330820067682558	-0.00151852721399783
1.74222030684306	-0.0127455275449084
4.13490800263346	-0.0190543751363855
0.70216080903991	-0.00783200080243574
4.39030696604694	-0.0178154780627896
0.121886394113653	-0.00369194175497969
10.8651207465319	-0.0300820871555447
0.168051235799364	0.00375143248943355
0.189403131315804	-0.00344381457616492
0.0166309804182748	0.00100081735794472
2.93637182282789	-0.0178725595285612
3.69963085560174	-0.0218459025475197
1.53782970545094	-0.0103717787366671
2.86455448870376	-0.0128091888891061
2.31530729186223	-0.0130103620249588
10.8195798624273	-0.0404935071354786
1.79506665115078	-0.0136983282858925
0.354617601010969	-0.00495469003135721
0.155173475493221	-0.00296171945047463
0.00295616437850109	0.000484582534456249
0.799175331362328	-0.00760958412131049
5.66098714426826	-0.0219377510094537
2.17661742829739	-0.0136899763914435
0.195252865122289	-0.00324349749061074
3.83755126999208	-0.0175683019859181
1.38719502894722	-0.00798314108590298
1.15269966815247	-0.0102886651196079
0.0951381471700414	-0.00285213608046883
9.79888986156132	-0.0331892882751179
2.12434138739446	-0.0107243632041839
4.95532832615674	-0.0176862502171555
0.269859543850552	0.00420640386600689
1.36565397476839	-0.00871780045221721
1.64635833270459	-0.0103932624276847
5.87200562177134	-0.025286032332596
2.05270563419559	-0.0108956525448996
1.13148254422074	-0.00929919120570891
6.22656403711004	-0.0232425319046317
2.60438905486569	-0.0136764672183024
1.63305822675802	-0.0105247937738628
8.53794926014084	-0.0256221754840732
2.17615550649718	-0.0156834932021895
0.675132760835078	-0.0080147220778612
1.8830551934002	-0.011403889478932
1.69434011656437	-0.00998629211637457
2.68549145717648	-0.0145385383078985
4.21435440252764	-0.0201749057877401
0.226600070290157	0.00433050164823727
0.000773815024782811	0.00023591624093161
4.94567741620304	-0.0196970317120166
6.75466081233716	-0.0253924119694943
0.106721202940003	-0.00268251334825648
0.473220218029741	-0.00552418897683475
2.04901272260758	-0.01743847908437
0.667523288364411	-0.00808353654636915
11.2089923954816	-0.0286046990622008
0.726917383737445	-0.00691369429854579
0.411380756464808	-0.00634935292152708
1.15887544679431	-0.0101378133979768
0.633761441330526	0.00621475621691775
0.329292811889111	-0.00420529529315628
0.56629810026896	-0.00596058287625813
4.5410854903257	-0.0179134816935717
3.19414584627826	-0.0127993563951675
0.607804476177842	-0.0068478965975428
0.0279119569042707	0.0015245326340414
3.85756477891313	-0.0184834927074902
5.35505216023452	-0.0206452158378713
0.00212143406865485	-0.000356971805687158
2.86377175496892	-0.0138979596445882
0.34850215188612	0.00446611595183517
0.72923831846668	0.00682315420668291
1.441364036911	-0.0121790051442563
3.93753332053352	-0.019227740144698
2.44907665084256	-0.017071756117272
7.67946692929642	-0.0278923845634648
0.725906195579188	-0.00695511830425146
0.375741744076268	-0.00608231821711247
5.54160839333035	-0.0184129910389119
10.6744203293123	-0.0306988636759031
4.43812516436206	-0.0200692836517948
5.41482450509274	-0.0200605043412661
2.98056115079731	-0.0126594410141565
2.16877074582566	-0.010898366641506
3.31987643571302	-0.012240591840354
3.86146835043835	-0.0162183974539692
1.86215863808747	-0.0104318351356764
3.35201599485892	-0.0147914949191622
0.196255833728929	-0.0042553978511255
0.743487516325959	-0.00803260265394297
4.42884486190118	-0.015885812542928
2.12295074216416	-0.013173475592292
0.0519030655028676	-0.00225422486168453
2.59643282030832	-0.0153150442928809
0.890150125516589	-0.00854183892579027
0.113021377296686	0.00266102854158517
0.0058750835322958	-0.00067177174413149
1.04965700464719	-0.00781312674418396
0.11476444120782	-0.00272126142354028
0.000743435254769376	-0.000232188851383671
1.68794008558624	-0.0105356503241451
2.53987679767616	-0.0136144816101456
0.00485773014117297	-0.000527776520722296
3.42808839244609	-0.0157236327412487
1.62579798736364	-0.0111982398031313
8.18736715006307	-0.0232403651354329
8.57105464537191	-0.0271033444057672
0.0199942391726329	0.00106173846790739
3.92288687273508	-0.0164518434027475
1.29583727142826	-0.00960159730756426
0.466430553208515	-0.00547810823426842
0.914687575772114	0.00806047687174881
3.53985743746513	-0.0160453148348384
1.6124931735064	-0.0090259886387402
5.21978916760304	-0.0211723250908451
2.55053720735343	-0.0142303697598617
0.476528120474674	-0.00458838958032032
0.196243919352722	0.00358486329253369
1.78045935269433	-0.0107189651980327
0.134117926674721	-0.00317604502514289
0.160844238102995	-0.00364113141985858
11.4655554432792	-0.0335230671985156
1.78426147193577	-0.0109635454911695
1.7771810950526	-0.0128589737801317
0.155137695001218	-0.00309060356140087
3.96084952065608	-0.0181333649289251
2.58436476073249	-0.0131245178948551
3.87555659685364	-0.0139715571981434
2.82891954535123	-0.0141041746230748
6.80877282615732	-0.0180643472154855
2.96851435492459	-0.0137047200871342
0.434481578548586	-0.00488840645034794
0.494842724517583	-0.00549273909089527
0.069217399822104	-0.00224484449198204
4.97799516168196	-0.0216310743143297
0.265502794791474	0.00505264315685598
3.3728973764875	-0.0177272334232975
4.57045389201595	-0.0191999575627214
0.60287075912926	-0.00686105870681438
3.30813843958338	-0.0168169625538793
1.04035870378218	-0.0100669264021598
1.52119085972258	-0.0109370134980256
1.93870579763618	-0.0127546056365198
7.3418497937095	-0.0216941502307818
1.05225243014195	-0.00915781425872596
3.10469495030847	-0.0152471725856665
0.00312495177118026	-0.000531937598851239
0.225340660077316	-0.00417912347317108
1.79283375888302	-0.0118601568444234
2.50121872133817	-0.0164460988831858
4.19789388481564	-0.0194807587562322
5.19589243671289	-0.0180708047478078
0.626196626521349	-0.00689908548422097
5.8397071249007	-0.020965083428899
0.526551042743731	-0.00636721256597557
0.0253550006341964	-0.00157702941913962
0.448962218419373	-0.00613953630577694
5.697079073304	-0.0230298225867926
1.38104867259071	-0.00931088703290779
2.75927231540353	-0.0167879330596383
0.0722128623406043	-0.00261388642183029
4.34235614308581	-0.0180304719230982
2.79104092144817	-0.0174853034675535
0.334769521675811	-0.00401319760830806
1.26863500366858	-0.00882623777504616
4.30101312704279	-0.019231551784208
0.336032504825276	-0.00554029749756272
1.07273239559479	-0.0083668421417465
3.2674269068838	-0.0194228876950686
0.656095879750136	-0.00784579126107175
2.70298777898237	-0.0155186183548831
0.311080354388074	-0.00478052287415645
2.32758890580684	-0.0150361144805107
0.493457415039245	-0.00554728635699923
9.70779614627202	-0.0223024942766195
0.0864674068649355	0.00254958383507697
1.08367298375281	-0.00806689125352029
1.30203550822305	-0.00885055896714504
1.44097121898752	-0.00995309600141325
2.55788126002324	-0.0142610268863828
0.646951157032346	-0.00692640308622756
0.0239114227384756	-0.0010501733848821
4.42455838071588	-0.0183922213766034
2.63018298248477	-0.014803589083482
0.00111287165629443	-0.00028019224332363
2.82148298915902	-0.0111569203864663
4.64808715671753	-0.019005644369524
0.737633522897488	-0.0091231424778341
0.0333581206652181	0.0016455545821958
0.0675044939125682	0.00214659220506585
0.812230773330751	-0.00660115941763078
4.33171844475225	-0.0157971416722441
1.33799211447933	-0.0109093201090583
2.09593726591106	-0.0121194178438227
0.172400678233827	-0.00392938571969974
13.3548010009844	-0.0286180203382607
3.54498312831887	-0.0219550692043969
0.000423060494114511	-0.000176321230288708
7.36779097533453e-05	6.14386161998979e-05
0.259075038077154	0.0047646800508357
8.18796968450898	-0.0290863487967498
0.421632494622956	0.00493758918528218
0.754918175089368	-0.00959259423672034
2.35544049403414	-0.0123950219121455
0.057483191516136	0.00209119912211568
3.89432460028404	-0.0138305387039008
0.0335737840915329	-0.00137763353858174
2.2748237973759	-0.0151274733354132
0.00966819887235153	-0.000746845896020592
0.0389409026237176	0.0014104708054862
0.430974430031046	-0.00462388979676227
2.12655409371396	-0.010731983526173
1.73024798180423	-0.0113722506273088
0.691371322570714	-0.00769855028110425
1.68623196430453	-0.0127638565480122
4.85254493103681	-0.0154044518215709
2.99585852041267	-0.0170759264250299
0.127726669746777	-0.00317672021322949
0.633835487405424	-0.0058599823870061
0.0212508168661924	0.0012027230527764
2.42274965555468	-0.0129151390217212
3.56303546804895	-0.0150383271586149
2.01290751990291	-0.0140820586165692
1.45076267086829	-0.0109068150979464
0.00716892206641559	-0.000597608247400403
0.101466902617214	-0.00254131497822107
1.24660745514713	-0.00890264751478832
2.96588879450775	-0.0163696846995657
0.0949688634121142	-0.00279391862001207
6.80224082997346	-0.0272340515733184
0.370459092454151	0.00459255989703488
0.237304670441567	-0.00356273828328304
0.0361731252237375	0.00155616920690171
1.43593238269642	-0.00835846587114007
1.78670203530058	-0.0107998479855653
3.51519795628326	-0.0186720329368226
1.64100462455458	-0.0125062072987261
1.74080692533479	-0.0132396365848549
0.877546396016395	-0.00934106254836028
1.06572639681336	-0.0102958154221787
0.0403298559542821	-0.00194172578023163
7.34207990288117	-0.0258387050412511
1.2824916010518	-0.0103619501667868
0.966748790094562	-0.00725107750012197
7.56312311086716	-0.0230161336086328
9.42351682851533	-0.033165938149442
1.12671595867068	-0.00880896746879857
1.19414222540875	-0.0110097174881274
3.93294442064442	-0.0183559668225543
0.135186959257852	-0.00250192965817552
6.91243494048263	-0.0248968002620167
1.70112545346875	-0.0109928502159046
5.48651226575693	-0.0193678170233777
8.0106058410371	-0.0233402793112739
3.07901879583288	-0.0146656892466268
5.9636277001448	-0.0230384487030641
0.212946902248838	-0.00354800084969933
10.8636113269648	-0.0321452254973549
0.148726584002481	-0.00328216294271412
0.00772363879130094	0.000831618128705744
0.615863111493607	-0.00694598429577243
0.270552483683781	0.00434282956777333
1.93922217373021	-0.0141890141794303
2.02554751583849	-0.0134741990805149
3.75423351512133	-0.0195142636516967
0.857516777442402	-0.0070178245032097
0.889662977543133	-0.00886374185496692
2.48175647970521	-0.0174145457809088
0.169798920896341	-0.00344120561579695
1.51104938701314	-0.0106832037358645
0.0161519971820386	0.00116348443258809
0.757791506686575	-0.00951519029646476
0.415180729545281	-0.00453049762355693
1.09507918403711	-0.00978845970238004
6.55834113552485	-0.0238283627105693
0.749611074617574	-0.00747181023515091
1.1325326263161	-0.0112507282251285
0.590109467573256	-0.0056237938020738
1.27376019108377	-0.00903379915411793
4.26936246885616	-0.0178209648963641
6.72234141981302	-0.0228434298850787
2.98841835306062	-0.0160072484047094
0.755756025566101	-0.00768406949585752
1.79512707020446	-0.0114220235068139
5.69391851826832	-0.0187286444655168
3.78385956670576	-0.0151664895781815
1.77114633115934	-0.0138963250212251
0.534355322737187	0.00615613026812382
3.33445390997385	-0.0140158917927302
6.86431598235921	-0.0258943101870167
2.13636681551616	-0.0133559200831428
0.282324004669654	-0.00514815915610438
1.96518943584758	-0.0123501179100673
3.57740674688503	-0.0162659792963174
1.37757968320889	-0.0107580558453281
0.884614226379737	-0.00745816999418161
3.36670353635032	-0.0137025867102954
0.511780064060119	-0.00495977885011662
9.00217925358822	-0.0245749502787904
0.0934135343755998	-0.00293624891938191
0.491647980820245	-0.00460769528247916
5.15915574867893	-0.0182811149185703
4.74768617462296	-0.0216751657328671
0.842896532377935	-0.00644868044538738
1.06869526852441	0.00872147641254505
0.779974394978028	-0.00771905271188411
0.0204770446777397	0.00134847073321097
0.413974457125583	-0.00512859920008713
2.02321840222454	-0.0112693964890193
0.807111303598929	-0.00766004194871977
4.50383175908715	-0.0170190444985941
6.44521063522723	-0.0243216104889467
3.64065906933947	-0.0135816888015462
1.76194010817039	-0.0111956139070032
4.15133766885812	-0.019904199497478
3.54093770435269	-0.0182303496301148
6.00297100974606e-05	6.64312793791021e-05
3.15248045018808	-0.0161339332326845
0.204773996343901	-0.0036246721773586
0.0886222902549387	-0.00293089856376987
11.9748611878952	-0.0367640823586732
3.34179396327517	-0.0172981635082765
6.58079332330423	-0.0218575950956259
1.58285760772542	-0.011231194478049
6.96926148135454	-0.0223192337276447
0.11174302653991	0.00290402322978018
4.08614841433726	-0.015856246044144
3.27300177382305	-0.0146256704854297
4.94503419597818	-0.0224902788814701
1.39309076771374	-0.0106348289798431
2.43427330774224	-0.0133465258404786
1.89261477472833	-0.012346762937083
3.05035937001584	-0.0163986187544525
2.28562595756641	-0.012837355856935
0.516111149209728	-0.00588784613365301
0.268313144735801	-0.00450077637418768
0.628998669820624	-0.00698572749919393
2.73539153034993	-0.015067329331173
4.90075859539093	-0.0192575931059446
0.409406237215176	0.0063004428911185
0.0838476098463056	-0.00251585515280489
0.594215555330716	-0.00750020864935378
0.533953862314067	0.00579269766792
0.303280470882461	0.00354837711129585
6.1971836892085	-0.0231173867126771
1.63323980897509	-0.010359760684486
0.865695804094281	-0.0074529518129916
0.772477637642788	-0.00802904961803804
0.529849594957382	-0.00617014155668605
1.19648884624402	-0.00837450765878518
1.26800834309547	-0.00899712613086992
0.151975512158371	-0.00266842539735917
2.24406270960239	-0.0139974972415975
8.15072264858612	-0.0281847041200361
0.997143293468518	-0.00911532851064831
3.74247540413045	-0.0204449367649661
0.984686418894938	-0.0082069136940889
3.35965477281269	-0.0162218621265083
3.57355366825939	-0.0169096826211398
0.66172428184906	-0.00694093771100253
5.03388835833299	-0.0198047575512498
7.426115673211	-0.0297483284991612
0.867059659579051	-0.0072727994812563
1.24231214383414	-0.00876748435649552
0.154048775324625	-0.00329791230104625
0.140833038564191	-0.00266380423913074
2.151439495914	-0.0121706435945415
0.131338837537104	-0.00246653015396267
0.00886845193401924	-0.000787606493901387
2.93084354090788	-0.0153631856901674
11.1166656952028	-0.0274030952681197
3.81819684181623	-0.0157973712150086
3.79464698691243	-0.017088367006262
0.959893077778734	-0.00832734834731203
0.243758792079154	-0.00389275628058542
5.40802961913116	-0.0199103367099723
2.56230014122587	-0.0172055381913078
1.95149517896819	-0.0140261965320421
1.52712871759722	-0.00992192333830715
0.0669334134543027	-0.00222552979242365
7.82595047389934	-0.0275756833210308
12.9112151366292	-0.0333281208951211
0.597574780515313	-0.0056367811910913
6.02328152164617	-0.021345470807811
1.02569706966237	-0.00854724314374304
1.64981969261596	-0.0101374362596504
2.54617036097025	-0.0132054040393638
0.715972015303471	-0.00770382402944994
0.000455556825080296	0.000177390433062305
5.0166083600017	-0.0208283134846464
1.17039919476312	-0.00917741757664189
6.78378650274585	-0.0232963911382489
12.2338136635015	-0.0359340541405008
0.115363269197969	0.00337049819998645
0.357937539123609	-0.00485505900420038
5.47095415532203	-0.0163911914081776
4.85134159673818	-0.0217398245657294
5.88741949974169	-0.0227789932685892
4.81299629715503	-0.0167704340923204
7.20800727792198	-0.0252457342622158
3.05101557871343	-0.0145761895578908
4.36146303008326	-0.0225822379449357
0.000197583777519571	-0.000124044930051059
3.16858202023945	-0.0187144612592659
2.01405613180935	-0.0126408000222695
1.38897072140101	-0.0114714931825778
9.01425178528182	-0.0302048144124368
0.261441378324852	-0.00503634374928583
1.15297048905852	-0.010213670580893
0.00515211168819487	0.000604058054421934
6.21574127265409	-0.0251753425037018
2.20324555842592	-0.0138468120730175
6.17374005830882	-0.0264448325326282
2.07009231002	-0.0115921089301001
1.22461062937156	-0.00870278025352423
0.154887744047607	-0.00332116047197037
1.40522446213328	-0.0110624448616496
0.0133092643107479	0.00104721900943917
0.109050645933002	0.00228454000626056
0.0903641203692452	0.00289241837968337
0.0583171742024756	-0.00185474942227173
1.61227575784677	-0.00944022811474304
0.711649826700744	-0.0080157423731948
2.5152718164067	-0.013632445214623
0.0173636628149537	0.00094228871191118
1.62800923192647	-0.0115337002833985
2.12032898233332	-0.0112097854059575
2.59107661499939	-0.0158697167867771
1.03002083366878	-0.00795324463244942
0.4753265770276	-0.00617139242558435
1.8156702309221	-0.0119844069363482
3.36122686990107	-0.0151905970714792
0.929676916237371	-0.00724870716004047
1.1870595016672	-0.00976390163553511
0.0857240314614901	-0.00221043916805855
2.26593746778527	-0.0123911634372508
3.28759267317746	-0.0163816864079034
1.09659536081963	-0.00830411938576722
2.48767989163379	-0.0129720143670922
2.66712035950664	-0.01803778787113
2.29204354349441	-0.0147709621601707
7.67795297519462	-0.0250105802569518
2.55428455891807	-0.0131764392812904
4.38791970953329	-0.0169605346696507
0.0144206661792334	-0.000971277669355215
0.999307037449601	0.00885025724513978
5.76527889011652	-0.0203378586408404
3.20499623973464	-0.0157207857863198
0.0583431931274596	0.00149851527783618
0.242231708069537	-0.00526390046143258
11.1211848973107	-0.0337591050336644
8.36262701445403	-0.022843585800669
2.563076752256	-0.0186192952082877
0.0840596745438799	-0.00277631482449595
1.92052562110319	-0.0108407521596707
0.548233741064831	-0.00615148684650414
0.588215402631456	0.0057065969520346
0.616635787143749	-0.00862564186663231
0.0536961302730842	-0.00176449016023483
0.0448614213988549	0.00176206851887691
3.02231646285262	-0.01405324549336
0.36321864644988	0.00518094415437881
5.19354873106938	-0.0197850781856536
4.35639073583352	-0.0194700771081615
6.47619430222221	-0.0251915588525222
1.95030191652412	-0.0121380387257459
3.36680044553529	-0.0137515523584006
0.387664806336712	-0.00590416794337654
1.2302014630652	-0.0143179104844833
0.0801583525573881	-0.00223421247170349
0.983163808454091	-0.00835846743080807
0.960334422759147	-0.00676096306003557
