R^2	beta
13.3375777326435	-0.730719967760614
3.43159835262833	-0.209296458173214
2.5864462939778	-0.189399804735534
6.27085614625023	-0.443278194860934
6.32034627308747	-0.35100280244495
5.50129437623996	-0.286340829586898
0.860209699495422	-0.119501741922404
1.57184652959548	-0.103991416620265
4.55363075667567	-0.314162098068348
3.18267707840916	-0.274347290692666
0.920298030040998	-0.116681714695961
3.99013410521303	-0.231662228997862
6.82866258950149	-0.331759702314658
3.47240244759295	-0.223816310027302
3.27232480733587	-0.212443318809986
9.96752231647312	-0.413038034216545
6.46681616558579	-0.334499477128373
4.56073833795031	-0.228075130817124
4.79286965047566	-0.353318464577029
15.8456015595051	-0.457335072601807
0.633425043955371	-0.117278307518213
3.33878987237778	-0.243687565236682
2.6788047279167	-0.207187364487147
8.4077956103559	-0.404042702369492
12.5122518610687	-0.399773649888445
7.04748269030716	-0.421769463650167
10.3298614957426	-0.439443929732946
0.698913038753097	-0.0857581186659302
7.35506625757659	-0.36991936557646
1.6316134031516	-0.186796712418028
5.21751442724418	-0.260856452272429
7.92473556859854	-0.400607558135708
1.52787984306856	-0.129856612905164
6.23541401450106	-0.29566682107034
9.94692600396813	-0.409719024199709
0.133933592949259	0.0469320715184281
8.2482976061081	-0.366968439150302
10.0765402697694	-0.351640271628677
2.6610082427299	-0.28167928112037
6.06775216968456	-0.340721468798374
16.8070640040083	-0.442109747853151
13.8809891770871	-0.487750340880692
5.72278554095983	-0.303224721019203
8.69139684859946	-0.346659731904001
16.2168628275995	-0.819908789249019
1.3218096447805	-0.143977758082454
19.6137544537478	-0.577965781132658
12.6433870377311	-0.416182257819432
7.13368093344148	-0.345291705701249
1.41068820289775	-0.142297321547893
10.1168566901632	-0.360757029589851
5.23813729285575	-0.371083659512411
9.13592520415861	-0.459281715368276
14.1608156608754	-0.437091534616292
3.35501659645037	-0.212899514474571
4.56280720795971	-0.298938350987843
6.87846218432353	-0.417481432444131
9.04533953468526	-0.389930569049478
9.5552844475489	-0.504070730969295
6.58746787721059	-0.292914255866437
8.40770028227001	-0.441805171024645
11.0249077783058	-0.398024888839747
6.54688717788036	-0.355127752562162
5.46387449210425	-0.331335637950232
6.65235066974377	-0.419535248587648
4.64843332571628	-0.221296076893472
10.3646471658382	-0.385844293321417
6.35282765464156	-0.309684567228148
4.61493748984851	-0.310767329130131
17.3654746579148	-0.711577978106209
0.194724840622483	-0.0466920019210915
2.48639809709902	-0.226307955194968
2.37360144164347	-0.193780175343322
9.12933038752707	-0.427598739371896
9.70298194591613	-0.394911714315197
7.0744441185268	-0.363395577631807
4.99253525334258	-0.260040202619637
3.94351460246495	-0.253081449593557
3.46798854859998	-0.276559963931138
7.89586883523157	-0.393859302954133
2.62029085457215	-0.261116494508587
10.2586178208998	-0.383529825603685
3.85334011893988	-0.277921381565951
4.51105344547628	-0.282376546281824
1.79179269395246	-0.206933343641561
0.0102396992887469	-0.0151368564618622
2.01728631314547	-0.176711664628043
7.43149606967162	-0.332588053631117
6.38352116662495	-0.352574949223531
1.21829938551141	-0.11791784319027
1.77304485309326	-0.14897253878267
7.18002554281812	-0.326611586999521
4.70924509343384	-0.323287358453673
8.46811990963096	-0.392212354974192
3.94091191322496	-0.204509703129615
4.11486392672546	-0.311197962329916
5.13471718598022	-0.30001634749006
4.75350678449967	-0.269042984090059
15.2311196934867	-0.551686171288057
4.6064736858814	-0.239734153647941
2.95199099439671	-0.228396723181013
2.12242341074217	-0.187745427281896
10.7143924175714	-0.326290176403229
1.0522402915623	-0.131830249589611
8.48443379096193	-0.471371163479871
2.84514226356951	-0.274959385541769
11.4795811686599	-0.366112244241906
0.85744679248859	-0.135103300378572
1.33891395635592	-0.141568011426648
5.23422702582395	-0.365324958551426
5.71187935483127	-0.342348018391908
2.32237769874812	-0.229925704772524
0.948769044965293	-0.169595473080741
6.68546425552285	-0.297162316705687
3.89789975827135	-0.306577765839139
6.60113379244205	-0.311382585031972
12.4854742855707	-0.401947407193177
9.39144679071179	-0.414984772219637
9.18183318879313	-0.41145938201244
5.47038837117873	-0.283518542765816
10.2628831238429	-0.457024045513702
11.9685581940493	-0.380950652696003
3.02912320409765	-0.2754637939738
12.4484002729106	-0.702800392965546
9.46305930727539	-0.410251542105942
12.4574304834473	-0.58944380395272
5.98475441627189	-0.375304993312546
13.1128907307733	-0.490465912851929
3.87484051075743	-0.272612250531648
9.67585878946761	-0.471321064376826
12.3141406478603	-0.457316606710995
7.87119932563658	-0.44120453631955
3.42394488516326	-0.223268457222513
3.78574436751304	-0.226272117315652
3.20241793160817	-0.189684938886151
7.65851736117629	-0.396255693540503
10.5763334796621	-0.452492984658266
5.25901857984935	-0.316170603446685
3.41926804497122	-0.301532767209899
2.54651936758459	-0.187649382956652
3.24328790967453	-0.230617300271276
13.380634632318	-0.538074989443046
8.19133865609301	-0.29817178744247
3.21346586530486	-0.264343824238061
4.14170229563249	-0.287090588764945
8.57513500004908	-0.325561253448867
1.66674091385415	-0.131967469060905
10.0752749203351	-0.392075036950347
3.85824012168229	-0.242345729330067
8.88351452209765	-0.381462217835175
1.61689888350582	-0.150239146664275
10.7542048839763	-0.447829289750242
4.33966217525755	-0.2366741211967
1.86643776197543	-0.155113779192825
11.4082142119675	-0.453544720644207
6.27212310275974	-0.344198909298231
6.3175078043229	-0.306718447673997
5.66743846405405	-0.231221209740147
2.98924862618965	-0.171915861133202
8.85844410575202	-0.393030517759821
14.2170179961671	-0.504007107778398
4.6999670946028	-0.258379586951276
2.3684569407924	-0.246969352639035
2.97474179991311	-0.185593697095505
11.8793594857147	-0.476339155683609
6.0474701930269	-0.285457147172689
6.0355602020931	-0.347677052612682
7.33812826306587	-0.350305806451579
7.17233417807058	-0.357298830092151
1.01907346385529	-0.130165810755738
6.84942106039348	-0.284292336040374
0.766947902740508	-0.100352431960721
4.70042057566871	-0.243248324836418
18.8574596879406	-0.592672086499413
4.23016009533666	-0.256070569789973
11.1477270603497	-0.489633926669979
3.71867942149326	-0.270462476349813
12.4766495698888	-0.389664483537136
5.08825623475386	-0.340668289144738
4.80337735719102	-0.261692575229773
2.40924630689527	-0.226967629938064
9.11923887901878	-0.330982604968115
0.807711285773867	-0.130194360273922
4.52477431469733	-0.303386099768559
6.8257483544069	-0.365078448199037
9.65616939511527	-0.464347589448798
15.45652033666	-0.416886979077311
6.09017231606113	-0.348614530210687
2.93539951236151	-0.241370433240463
0.790690565218645	-0.113692473628635
1.82938456188779	-0.131348504350165
5.4989830118167	-0.287676330892492
5.94183998357997	-0.356407788101129
9.10124680353801	-0.387917076213163
20.268018601415	-0.615276081367715
7.5073048466497	-0.329327734849074
3.01205802024379	-0.241105574693659
1.91739040240671	-0.207967305168607
6.66700837598227	-0.543184682228369
6.81796597814107	-0.340382704969
0.909328997998638	-0.115726390700938
6.60860354381824	-0.346707499720483
5.466002139683	-0.320074718314051
1.28013005169386	-0.135857396661592
7.53117735191231	-0.343617506519902
0.554987193925381	-0.118195307336784
14.6456125418281	-0.479189583780568
5.96515908108388	-0.27337634140954
5.67151721595445	-0.363308078379682
2.80128084437072	-0.184700968944134
1.93821427039827	-0.148970533635392
1.8685014798594	-0.15996774447338
3.27871897839855	-0.267108262313265
8.43908678055135	-0.364528426443608
2.08481548991689	-0.152565574722199
5.25461565981357	-0.233449359441753
10.6103207920211	-0.376100657305976
7.18774374734394	-0.315458267338901
0.226465385616712	-0.0758346855650502
1.34942923590892	-0.173186447696039
12.5782839350539	-0.416217056299034
5.97061739897444	-0.332750398951875
2.7371560123521	-0.260782641222599
5.13016420949421	-0.275058015716396
6.58857717249162	-0.318554249497844
5.23021365100284	-0.346145369362353
6.8938464679928	-0.344486270151428
2.92180028902217	-0.190162248852935
4.22899330351514	-0.395446376767801
3.78555164214658	-0.280749207160493
4.19351501637887	-0.224368124462102
6.64153705144527	-0.460708302587338
7.29057633231324	-0.490878337577304
8.67398199560078	-0.409598047720292
1.6870275965184	-0.187472485753686
3.98530196235315	-0.250744375450167
13.1808288131658	-0.56945774052713
11.1837926088406	-0.478630414426732
3.10363820204194	-0.185423746851824
2.01130977499515	-0.158969472301422
5.34818224385877	-0.327555874282617
21.5665626415647	-0.501943892510349
7.94038443003403	-0.356066700226734
2.8721184505048	-0.204761666307914
2.7942270409294	-0.217452196891527
8.24076042289035	-0.353516758848878
2.80311700027216	-0.164625833262382
7.6881513044034	-0.359330536298461
18.2067986424093	-0.679588093539627
2.88631110282833	-0.206297175455712
9.24975736491094	-0.426996281151359
4.86088387935198	-0.319471259126087
6.52489426734354	-0.3407170268448
5.31435091233943	-0.347986718034418
8.63544096602813	-0.312114668598317
5.50036374768972	-0.248656391326563
14.0742197547	-0.451006396970401
4.68580757438272	-0.290747291536674
4.05819384928615	-0.232734617743121
17.6384993713834	-0.567606095523859
1.73124371448409	-0.189354575441942
9.35123114362751	-0.383102786838001
4.17535130736096	-0.254318801033438
5.367684557183	-0.302619127095495
8.48045558220776	-0.331127583825272
18.847822188512	-0.682712718470299
1.81390019944595	-0.21448256048816
7.11130552181138	-0.311290590970517
10.5659907845088	-0.448929998898662
14.6766540867576	-0.509617069951642
14.3538331237089	-0.488115752946361
4.32134859181902	-0.27842294900652
12.8536802463321	-0.472037390424517
2.58178412058791	-0.248456186423741
9.23883077264471	-0.427072953322107
1.39746616997456	-0.138877246802581
14.3212658170786	-0.567805720681446
2.72646970950303	-0.181837139752508
3.23543738157636	-0.245461939438408
7.27082708596697	-0.307683649024802
2.04837897780121	-0.147799724248028
8.93800644572143	-0.416303555496966
4.28779097410093	-0.268496976827688
3.06878184065339	-0.223968757183189
6.94049857194535	-0.426404988640188
8.8837675212087	-0.452106488335431
6.90200928292799	-0.42328161166352
10.5123777377929	-0.38656575710955
5.45378600971595	-0.338637847964011
3.40533260131085	-0.216224507395491
6.69236782605754	-0.3450105045653
15.8453459136087	-0.662978056802449
12.5960458234197	-0.441116946887495
6.08985813606697	-0.318852657280704
10.7148053187605	-0.475690062145365
3.77871873705914	-0.285100714955705
5.14001553195128	-0.279977017920052
2.78062507895734	-0.155514593803302
6.38748515101115	-0.402845608397329
8.33246673848631	-0.475930048131162
6.32602086584351	-0.345796482415297
4.39934120637672	-0.264186600622775
9.86596255822513	-0.374323547338002
5.74532061872012	-0.267579502194455
6.05997981234304	-0.27629324364409
4.94687007836289	-0.29464106612079
11.9339945383803	-0.429846787979409
5.01266860893552	-0.282425948945533
11.0329916986121	-0.496283366020907
3.02152662402424	-0.175047414963573
2.96204488834272	-0.190998421534923
23.5547433055276	-0.676399649399024
5.97271115757897	-0.400851826962953
3.36354928795705	-0.285912119051521
2.38200304257898	-0.210437099850505
2.75871565813505	-0.261340837346583
3.74612651613451	-0.246861902759347
7.52271049879677	-0.343217733828972
11.5413104968527	-0.479329860031481
6.646882955878	-0.358409961528246
8.62140213416243	-0.396560119596135
2.54383075081064	-0.207725141221756
1.78845721650721	-0.132213701061992
4.83461249822046	-0.290507819125179
7.17676993241496	-0.511933468463673
5.70780104773478	-0.402081298779966
6.48534174576127	-0.462256228644415
4.47978109775623	-0.259485859127133
5.81710713415894	-0.452919008804244
1.03662382928536	-0.139503798271399
6.45818527023143	-0.399094834035181
2.35329100306175	-0.180296683806682
5.66376188180226	-0.329336480253938
6.51561975305454	-0.285621408431233
6.38913102586961	-0.327572494947528
2.93479326928362	-0.205646028556875
9.10070798165418	-0.442182303928027
8.42912983397369	-0.365491004039266
7.36141657337771	-0.409013787856311
18.7393976488463	-0.519945328875219
8.45571138922921	-0.393747641473361
6.72577323333867	-0.291771589000052
4.62621198679664	-0.381151833043536
0.149484586280338	-0.0744027699822444
12.9618812078889	-0.470162604052875
5.10736487455552	-0.289100656005699
7.69507843854441	-0.330603577791656
10.6635958825389	-0.571693599404385
14.0507394402042	-0.537883395611129
3.24540036627764	-0.233493581865837
3.35134121200816	-0.231350929968228
5.99212609035496	-0.339808310123972
4.95262396577401	-0.279428966763801
2.98336697311483	-0.193724313768072
0.350806910843518	-0.0870390627247951
6.83535786992307	-0.37268316542148
10.6468699057296	-0.38595396851979
13.8663916229212	-0.501460089733273
5.12452803850549	-0.290949960864315
16.196262814038	-0.54830325762419
4.76765759619626	-0.31308048368636
5.30699348437749	-0.333221531282179
0.823293454485372	-0.127205754532489
5.57011164285814	-0.306618191114838
14.9619922424172	-0.525009173362394
8.12143021398744	-0.344899778815885
9.75422868411899	-0.373811521851789
7.35313650789302	-0.373487555102704
9.56257957847781	-0.361794408231155
0.448309631550349	-0.100015603389208
4.0267446313365	-0.294762171686659
3.41099290241869	-0.273339765375601
12.3022405804139	-0.458507805746459
10.3274710894677	-0.355869424906453
5.50596451390848	-0.24927381692603
0.688083981552814	-0.0911388243146651
3.12749648610422	-0.203722818224652
6.90530930032556	-0.439860502030245
2.8736868757283	-0.238808044876584
11.3954929776683	-0.542001710539465
2.17602608485873	-0.214318485634321
3.92959804793812	-0.237929755848235
1.38724609047718	-0.155219986991374
7.30363997063054	-0.329590999890295
1.05259302209162	-0.115147898770353
3.04583393910909	-0.20317023665715
7.22770039421898	-0.31619425135971
9.43901621264209	-0.477269130726921
4.6896615827997	-0.278448082946402
6.98055012040515	-0.33904270193931
5.16731704742569	-0.277163081605562
1.71667494294041	-0.212796349823951
5.19965036431809	-0.351627317068122
6.42864452265307	-0.394579612349397
6.57745625498208	-0.354174025059327
4.272320827074	-0.234937260252
4.19916085052455	-0.297147863317978
4.69240323209372	-0.254309221572095
1.96708481981418	-0.195340861568794
0.334441716930985	-0.0777353662047046
5.41682678411812	-0.299581792393334
2.21490591069098	-0.213584599651265
2.63868546181935	-0.203908426355228
10.930570373675	-0.443090066864573
7.9421489090087	-0.396778615849765
2.22721541355754	-0.166043494323798
7.87780537057261	-0.406381411532705
5.87849754274295	-0.364608448278097
2.57109265273087	-0.174596353403941
6.00146945188347	-0.301503689963005
4.84567676914038	-0.287797196581273
1.83387458269199	-0.177269334786081
4.53567862795659	-0.297168510058697
10.7928183936601	-0.352309896120741
2.91423994875162	-0.193062794957783
9.69031377138011	-0.375125338186442
0.0663257381010956	-0.0431238023265194
13.6335689282242	-0.485208000910833
5.44252875268306	-0.347373357664744
5.76667400967428	-0.341972476755528
6.57255580403803	-0.343458888298957
2.1777443285029	-0.225574992800678
8.37970695208043	-0.450847529989897
6.13737285583679	-0.347685800409502
8.57023741328557	-0.393780152979733
12.5458186400095	-0.452194447368397
10.8600396649967	-0.424466147644676
6.56488004447494	-0.405207437609373
7.2269509031954	-0.387623699826107
7.0321834991834	-0.382135059703543
5.66082576674451	-0.314985112406413
11.8083165203719	-0.450821403322533
0.858460121806894	-0.149366644642318
6.08969568250617	-0.367658101183767
11.0333162679592	-0.438989909472861
5.21123369128668	-0.281941987004315
6.85331643691565	-0.342012501410173
7.79064530583166	-0.408696355400007
3.36257202532379	-0.217997625231985
10.9271827896455	-0.528045044210794
2.80981876427108	-0.232689575549339
4.10659614588476	-0.223712005050865
1.59792832878446	-0.176325218586848
10.3880603182134	-0.439667137096349
8.08804781291868	-0.394605237018405
7.77591369260491	-0.396253479577023
5.12585255865002	-0.278560211346217
6.39147838921825	-0.344594726448744
2.317140512158	-0.279957787800604
16.6200602570967	-0.651493226761949
13.8341938209299	-0.512857040853581
4.98739796727835	-0.299418784262148
10.0767052051186	-0.450421866482906
0.157488014983537	-0.0651090235409205
3.08237320736081	-0.271831618873108
5.34271530953297	-0.391375012892469
6.10197365425471	-0.271887583366464
5.77162185448963	-0.244074944717515
14.1094819688212	-0.452840389206842
3.20772082267208	-0.240023449589402
5.63072063341034	-0.269121758771244
7.25704423074588	-0.318658719090319
2.59587712119118	-0.198176470515581
4.22220751849743	-0.22473789462161
2.93534171139703	-0.208019352878132
4.36457525332661	-0.255726885928943
5.77482606796697	-0.40403550062497
6.32061300360915	-0.314153705689524
12.817777621561	-0.479997910257996
6.08867443380047	-0.273614884836988
6.1839152458469	-0.238636003717216
9.01232192517866	-0.317189337461854
6.44201045612434	-0.337604738665196
11.5644983617231	-0.366846615276729
7.3860072571528	-0.373733413432376
8.49447993612896	-0.398844942635433
16.3860178422746	-0.559908149357958
7.14901946390124	-0.356898162549546
7.76771660815454	-0.393787302801687
4.26196544109931	-0.21457887476829
8.85590214939802	-0.346201119894145
3.2292952237269	-0.221303784201971
1.19673979816134	-0.125529587160322
8.19879209721062	-0.324277510260671
5.25481100707997	-0.324125626694589
11.1547327358097	-0.31270465398691
4.1274348585201	-0.312593075150024
3.82932316352497	-0.254959897278567
7.76805412980941	-0.327099450678121
10.8257933412245	-0.486350227653689
16.9274738531868	-0.67726502456995
10.5996235563986	-0.519363607393287
7.83912086904094	-0.324381032858382
5.93748724459739	-0.390056212201063
4.87617479742861	-0.272656590529128
7.13853966264126	-0.346673457062691
17.0810246175178	-0.517788380794846
3.35709574224792	-0.245443546738194
3.02826003807547	-0.237397865033564
4.50315003233459	-0.266029718966578
2.72827643780091	-0.18000647088158
4.97747159156291	-0.292613729831371
8.18613293997481	-0.326752237528726
2.35440277278223	-0.211132092995356
6.27109883129264	-0.382926740361957
10.6780029504427	-0.431926595092376
5.11334081562135	-0.366440254188841
1.94531180857616	-0.201209371279849
5.60612734045213	-0.284251804950829
5.41530350116732	-0.312529789446819
11.3822326185652	-0.357022761301281
7.61317041737172	-0.421511114093789
5.68957172660043	-0.285755838332787
6.72180650577438	-0.335375975668715
2.5884815058087	-0.223590669797422
2.89638190784549	-0.241695930338014
2.36778082909325	-0.24323935218897
3.99391498010706	-0.21983109994956
0.000317119572859476	-0.00217616855135154
7.96129371057288	-0.388214405317904
3.99630174150242	-0.215508014228362
5.37949453486728	-0.281990421382816
7.3883420692873	-0.292413174114484
4.40441481275785	-0.243620463336159
5.25867469216442	-0.275380889924364
10.2944269588363	-0.529505172752287
8.9284136074408	-0.32328019813914
3.72552258357065	-0.206197206561511
3.76446110230271	-0.271467055667325
11.1472900361956	-0.400509885339522
8.82467120169613	-0.332391774470616
7.50383824860805	-0.329159995144334
8.2635759422567	-0.415751654222775
8.56383043075083	-0.356794063023062
5.59924630574379	-0.364923024235485
2.36736530054159	-0.156641396985442
11.1623068584913	-0.446996690057818
3.20876073601698	-0.168972656201169
6.9237728017275	-0.388462508245378
5.55251634207802	-0.332419884720045
9.44093535459866	-0.495286519308672
6.44320231456771	-0.298370174112312
4.18396394479406	-0.247579467745196
13.8979036147824	-0.432563158858654
6.65097647599475	-0.425617119495209
6.28448280265326	-0.406749364282578
3.01615372578526	-0.20453953540904
4.79287532884889	-0.277768914930167
4.13424279121249	-0.269999865326457
0.863859175577851	-0.167470176419847
6.58207923911808	-0.338665703862061
0.749464740207413	-0.136885813576465
8.90967445806976	-0.335941554237482
8.03535788316418	-0.381695990869253
1.87937378568453	-0.170792856792108
4.52727196390532	-0.294656959896331
6.25976958453827	-0.28040554908228
3.95668872866368	-0.222402532129468
17.2002479585368	-0.582723106425133
12.1663469317926	-0.467878906852065
10.7784547656713	-0.415945015622268
3.12708430945319	-0.236034306620785
11.6234875439546	-0.552473029553003
2.9742249599029	-0.169662276244149
2.86173445448052	-0.266211770550248
4.12124351223627	-0.243386743010122
1.78044430479834	-0.161537749138123
5.41011672959523	-0.351284499360094
0.667263374678562	-0.112138469185798
5.05307037338373	-0.263182634555531
3.66419541341077	-0.233513483175756
5.95443533585738	-0.282297112662372
1.4281456505745	-0.149102390642434
12.1843277368459	-0.540947715672244
7.97178678618284	-0.297012541332091
13.5510839744191	-0.51351438383545
4.20656436380569	-0.223144330990139
0.815425894918502	-0.0984718459880302
1.98179270509037	-0.136157639764487
3.07194841040124	-0.221611213669442
13.1455906645938	-0.507454606522449
1.11810088030092	-0.142726924712471
5.26599818055335	-0.430600539025471
1.86171214000537	-0.167712018348735
12.7260659661707	-0.479278237197788
8.86856248136478	-0.370955149679151
1.17175601145452	-0.187909956006717
8.19932077683542	-0.331649393417316
8.02900076823829	-0.376144849143736
13.3890730854696	-0.463106905433018
5.87353699325911	-0.320612528124521
3.2989583179159	-0.295938660626448
7.1485145739471	-0.45308996036241
9.62822281524419	-0.415676126209226
5.68580373033508	-0.303771096685982
9.2526833784391	-0.404467340400174
3.85893211704922	-0.297520758171812
4.01481346551969	-0.316463227730348
3.08435507094121	-0.272091438079502
2.21417397118786	-0.20256128813561
8.10164664685938	-0.445017401816093
3.85018834829424	-0.268659884546529
18.5484955510037	-0.658055026414862
2.41219716374375	-0.188417073156668
4.52648927103805	-0.288367337548744
2.50200794270398	-0.176265782543122
5.10400586473513	-0.289886274622108
2.34360757657114	-0.167477341391643
0.889600208635483	-0.111503727030635
7.31571552812567	-0.331290819719777
11.8862260147111	-0.397238920516532
2.72913562267247	-0.22619132464274
5.39079687858421	-0.298321690256968
12.8840280904697	-0.429651384013697
6.88500184054874	-0.386091987946149
2.04003817697461	-0.172486886341691
1.0952900672331	-0.131406063538394
2.46093784612228	-0.183530913330897
7.80678595354333	-0.462621770145655
2.67001029353147	-0.240936035635569
11.1274468539962	-0.353497377086407
5.78969800129188	-0.383812545968571
15.560693672163	-0.558446585226605
1.11672412346969	-0.178862411070345
4.83160701231996	-0.243802362691713
3.81496039665313	-0.286717983169189
0.623260049934122	0.136624172102813
6.51917485248357	-0.329280756605133
5.30348938413178	-0.28777686957949
5.66608368278574	-0.311723994850684
7.65999493098476	-0.37703095985165
2.36796258683003	-0.206581814500009
5.00048280858408	-0.332938421685637
9.57984832910973	-0.461890198488034
2.27734274797349	-0.177552422563399
1.07855981973646	-0.146098126519589
2.66189740052568	-0.25216484125616
2.77306302557502	-0.189743237021405
13.4245189764292	-0.511849170130948
5.39765541232706	-0.344764700372739
6.59880472902634	-0.412479235651565
8.99952784166567	-0.393166382195492
7.71290542980056	-0.360796040487009
0.187204614938685	-0.0576207130271985
2.83540206659714	-0.223211434157447
8.88657077380994	-0.38157782341265
1.52821404991808	-0.194677210559162
8.15383060915143	-0.451256879054449
1.57886033177419	-0.187468607612207
6.27393824981748	-0.253011871506961
2.5705038124602	-0.229260801090134
1.19905131288763	-0.146585239809417
0.0153695343393309	0.023613273552662
2.80858345466934	-0.223304684958081
2.98437649242431	-0.272112363759975
8.75700607771133	-0.408246513016707
2.03247673037702	-0.160565847053466
2.72609077888715	-0.187604069549561
5.04096820421735	-0.273143245753167
9.62530078328909	-0.423153624639868
10.9114103354754	-0.509251216281187
12.4339501473266	-0.514091286178978
3.72351702106307	-0.250372990171074
9.24964254974151	-0.464257097523302
7.94972636319179	-0.448228365154144
10.7036595570393	-0.401191310098266
11.4668697697	-0.504907863828677
8.71091781421114	-0.431194251072362
10.3073067976848	-0.489613789989103
2.04667862804889	-0.193227476033208
4.0216224831108	-0.26375293759529
9.38413190282408	-0.440592167192957
4.68986039966645	-0.251396752227894
6.42795450829613	-0.312474368651613
7.27867831406426	-0.367128861729926
5.08967150610799	-0.283913166691506
4.98198071457947	-0.322543353778101
5.13737473652462	-0.327033541063436
2.607310733759	-0.16938159176949
4.69573566051191	-0.30305363745965
9.07665926286929	-0.32926854335592
8.99175530833758	-0.375682110758135
11.0581285932357	-0.396372713786428
5.09434142104098	-0.291078487523818
2.99253597065692	-0.196257757855418
9.23435054711936	-0.406868162543257
4.56048542152821	-0.307598569156205
4.25519003719036	-0.328006137770885
0.442769476962016	-0.0792570977866568
15.0465520680296	-0.50508553252526
6.20549755428535	-0.295777652612885
3.65497880847959	-0.276053911001583
3.20617958539963	-0.260914152935968
5.44006175597819	-0.306045590908822
4.11945469404369	-0.252254147746296
3.8771478414605	-0.246824093351612
0.710162847448471	-0.115421502354031
11.3991842323559	-0.52521985347554
5.2130441959687	-0.302855433281247
3.40621088985261	-0.268703821463085
4.39715673717306	-0.316554100925182
6.63440404342811	-0.276026823396321
6.89698201062876	-0.342746535088244
5.14341945715999	-0.248342835302559
5.47172885575278	-0.315224622911646
4.34116738073736	-0.207672347384891
2.7053669607972	-0.190169131333943
7.72577899193114	-0.320453723255891
0.763496185878136	-0.121869784537274
2.92866151510488	-0.210006503527787
7.47833741339541	-0.314653035834555
4.46221437667596	-0.298104877233551
8.01374454861457	-0.411199907435278
5.76385559361019	-0.273834074410149
8.97274309370112	-0.371227444962013
7.54580365857752	-0.330438668092447
4.29158427913927	-0.234632851615744
1.36749390241037	-0.157182567408212
4.78190271713479	-0.306882269172863
6.43685567097152	-0.356025489102862
2.17923880993433	-0.205747311612951
10.2612212264049	-0.381526733694054
7.20296341604335	-0.350666079502762
2.24061742533058	-0.142791349607798
19.6595194550115	-0.598054071696092
10.7245201433585	-0.436473290757277
3.30698156632646	-0.208238076213655
2.29806475080532	-0.155989403840948
7.67732483956255	-0.397844661363239
2.53333263680406	-0.232396808566608
5.62456905244992	-0.340931940269558
4.88679700101629	-0.267714423620659
2.1755891363376	-0.186653648815099
0.722926067923777	-0.14990388330197
0.965736966230538	-0.136813174813164
5.50853798272587	-0.334725848711234
7.27722215368068	-0.371133941776328
6.58186986624789	-0.322042539376524
1.9315054100195	-0.164269606765248
2.17049981950805	-0.199138115403892
4.20367372523818	-0.248218502668425
0.778328013540111	-0.12040420359231
3.2074472008382	-0.241695481612325
5.8017715172941	-0.249529407746057
7.99585416486918	-0.335512178140125
10.082315723168	-0.283864628570406
9.49441858255202	-0.359459333267457
4.5024840752137	-0.328974158510373
3.22423599851882	-0.213262585366532
3.65537506369955	-0.268353915193519
6.17864566260812	-0.31708618624001
10.027649604498	-0.380558783370223
6.92313324116334	-0.266779478928757
1.99604500210035	-0.218790259346835
9.48441366888711	-0.529812171758477
3.76634728892789	-0.228710965637632
11.7233753498352	-0.461075813728005
7.70737089494224	-0.417384194143344
7.66772193809626	-0.368314998722146
8.28571073351889	-0.393886410416719
4.88899239800891	-0.304462575088751
6.09496979576466	-0.2983275209194
7.63680705392262	-0.456284405641975
0.147288298024788	-0.0549773812619023
7.49644486136589	-0.366135829070757
2.80122270400514	-0.159963162185234
3.06276994080171	-0.208495008155756
5.79034029696108	-0.227203317374425
10.8702527992302	-0.381401444909655
13.363212613426	-0.547541789021467
12.0885842347747	-0.580962195789775
7.50296245192327	-0.306648881096725
2.41334308710346	-0.235072585045024
5.50258720860913	-0.321447651587858
6.07535870774038	-0.323753463911065
1.88757428662328	-0.198307194640024
4.46909598946939	-0.293700766421929
7.15215911560086	-0.405446112203867
8.85221323670532	-0.39908482952383
5.52500570057591	-0.284241626659747
1.53156191754497	-0.23407332838072
4.55410023098696	-0.309737724247522
2.80957279923253	-0.225540942365271
4.36752910189926	-0.248108601330087
3.02276461489619	-0.234882164384031
3.62317747108347	-0.265061413446276
0.781684086715058	-0.148935682020821
4.39490138019637	-0.246027697186936
6.33841809421572	-0.33187597201365
5.55405930031191	-0.268034600028221
11.6827952685945	-0.434299339840527
6.38783921699494	-0.29651030675105
9.74988998114528	-0.427107077707201
4.51061973319367	-0.288530129665221
2.10355793862225	-0.22126164614988
5.81050794701488	-0.3690275480037
13.7167698787524	-0.44865036443059
5.98499158560307	-0.38505366588891
13.5255147942538	-0.428810254322542
7.77096319160133	-0.34015087334643
6.8468971258282	-0.350164395460595
5.53779643129485	-0.361396272167499
11.5964528436969	-0.307893919810134
5.50896706926475	-0.326467799815812
7.07667430053804	-0.322494349204641
0.251067738803102	-0.0593056431485174
16.1675841604568	-0.678545318856469
5.977956604025	-0.277306024096202
6.1344559264568	-0.327456942095991
1.24755225195467	-0.138043261938775
13.5381099442141	-0.496789179789003
6.27892368113509	-0.341002588119208
7.00491692640256	-0.405839854242418
5.44366809050876	-0.362472614223432
13.072405970178	-0.512622913738541
7.06373092065066	-0.3363627907063
6.66725891903882	-0.387177746041747
3.94183111410671	-0.215727272163288
5.61598796222268	-0.300007226816556
5.73510563096773	-0.30585654560913
4.27019565918463	-0.274989487100797
3.57151089748934	-0.210301441659296
12.5032019374351	-0.563092961866066
4.40275815211449	-0.254104708046672
2.2069783561111	-0.204073168244923
7.06785727947253	-0.311239532751949
2.30006658779458	-0.203332066745657
4.22572066873027	-0.262685359362459
10.3597726445866	-0.520347594819364
6.44879076916452	-0.335990589052093
7.76393507051178	-0.376710820783512
18.1851891306097	-0.620386864549042
2.9868898239926	-0.153609376820345
8.25624195082855	-0.327650569000955
4.84740339264648	-0.250219596844443
5.71712722993804	-0.309012351425185
0.0263470063134987	-0.0193471273848407
1.54892878049779	-0.173700770127534
10.9381215643286	-0.427162770347684
3.72625541297439	-0.231575286184047
15.1610115587635	-0.628754519891252
14.5688026392378	-0.57395592464686
3.06075834226163	-0.226660455334283
0.262290144981564	-0.0582358744046319
3.80732931608781	-0.258454524297257
14.66673063013	-0.454543909474987
7.83133465591545	-0.39400068107465
2.1066690562857	-0.144180099255284
6.17740322947765	-0.329483024385719
3.62998783217345	-0.190039374883248
3.10534244085347	-0.15034389752485
4.08510344685857	-0.248587923746265
19.9857068402111	-0.600292935263416
2.20555216066888	-0.201283876884203
2.52044139103938	-0.248456723451344
15.0383507369702	-0.547538739640765
2.64795982831233	-0.232151764649097
5.95326463872937	-0.306129446063391
4.92606449979044	-0.298959120019541
12.1041436791822	-0.449756618142284
4.07107701721957	-0.304623671344239
6.18654837170367	-0.268795919631993
9.52566119167693	-0.352738368070888
7.67334153158484	-0.391845527460382
3.33749540673819	-0.272436785188455
12.4144255281811	-0.523955734276054
0.95907111064962	-0.0900080433569376
1.61467554402081	-0.1682436640614
10.9834316010162	-0.424475481189858
11.5169501426571	-0.45245891757899
9.58650862216936	-0.477000378471349
3.48858544730065	-0.198158658163887
11.1490008530556	-0.455863703591127
10.4380732247013	-0.337815558478393
6.12582064719522	-0.323304520187371
10.4063433510623	-0.490467750285635
6.8556076271371	-0.305580378526891
3.54331744863335	-0.261647574508148
0.0290445622310246	0.0292597544135857
1.7056615509551	-0.156001268219327
2.17294239634104	-0.174912130787037
20.2349477597016	-0.561502345123582
5.50983756771836	-0.345214775841613
15.4913935575693	-0.644393570812011
20.2312777686619	-0.793586762268217
0.758356705915791	-0.0945601391886056
5.03425909210271	-0.269051647311676
11.6963006116714	-0.402476013530585
9.87566011775473	-0.455970063865328
4.94321082562217	-0.293811794102629
1.2435050071682	-0.14098388750528
7.94404295761598	-0.407746991372114
6.14720342134824	-0.320695425573954
9.74215047086454	-0.429909202384696
14.5784956514021	-0.521371114587429
2.2233921175842	-0.207238413808811
2.85711651187071	-0.214631153199032
1.8926655581207	-0.165455152413689
13.8295969247453	-0.399853174786269
1.96035838658523	-0.183117479707177
2.03217280996817	-0.165611471168527
0.504871046498765	-0.0896994060438966
4.73515389442256	-0.326051051595476
6.04665945611584	-0.276180583391172
7.5032598386938	-0.350045583890189
2.77678560495403	-0.21585012321462
5.37133875279112	-0.253939529793075
6.80771741765748	-0.306409601620058
8.0110117148659	-0.393378631389932
5.25290019674043	-0.321120907898481
2.94035264227875	-0.214601551721432
3.44441051080453	-0.232646912527019
2.46837966015927	-0.207996879205221
2.55629543152134	-0.258611613929802
7.08726078783268	-0.308034268347015
15.6519927092393	-0.497111766375385
8.84076491106046	-0.535206326707899
5.1484706342881	-0.302751084131141
8.02201625850611	-0.359942239571746
9.52458795592287	-0.385787202763018
4.12714514120255	-0.283216200410235
5.53238008771184	-0.328942382271093
3.71466595960344	-0.28697052367954
6.93244480481183	-0.315714045599447
4.14463357109182	-0.288526813163983
18.7746658939042	-0.581042457539809
6.23195622049077	-0.328589108916213
5.49949301259265	-0.360247312870176
4.64072706742654	-0.260404720523435
9.65320541468452	-0.443662965870272
1.03066088060957	-0.106943267365671
3.12193666893205	-0.270261844842494
6.57055546150965	-0.368748789567438
6.20953914853722	-0.370340647962712
11.7328202315561	-0.563973631740476
5.13611966008511	-0.285517476828655
0.0871952435878853	-0.0526145472747574
3.98406147820252	-0.251190830181406
3.98039627245607	-0.234003742945246
7.43918905441617	-0.347000903322054
8.08118847063305	-0.383505349898483
0.639675466355291	-0.107598952662694
10.1952239596134	-0.378002302103499
2.89515542231607	-0.259440370943384
8.93259692797501	-0.312146969400649
5.95681212414677	-0.246579389788045
6.52520830183449	-0.353828470608734
8.8345529175338	-0.317680735015169
12.0321505880294	-0.500228322855074
10.8300198332239	-0.410577691188575
10.9161746853217	-0.403476057830007
12.863988328131	-0.375723969370336
3.38810312383605	-0.292661431999861
4.22741916510108	-0.241307777060031
2.19283162232063	-0.186963028970698
7.9723647172822	-0.494381815847727
12.2959848211658	-0.407457298362034
8.32281832487573	-0.452866304275641
2.42865151108828	-0.222462380463534
9.64218256443379	-0.406170816482301
0.64930815148134	-0.0925462984967399
7.83167385178091	-0.333907428067239
9.11473376028833	-0.365046650523661
12.0119877378546	-0.4853900056901
4.69892492737956	-0.333412730296318
0.606543159634682	-0.101245952856924
2.95247011556469	-0.234885375741352
5.4842330027491	-0.29681568693025
12.2074868876153	-0.430562746103671
7.48689199604043	-0.357524482666122
4.46259714998853	-0.266866971380136
2.66991229906137	-0.19050162223371
1.14449852109313	-0.129137730072276
10.7690910642022	-0.41549181799192
5.693986601891	-0.295322730997488
1.98197394764261	-0.160690484581153
5.92779985921591	-0.352636786464341
6.43661857130758	-0.297084729415871
3.68183519829456	-0.220345283062588
8.89098655447025	-0.403503648253211
6.87987685104551	-0.263227156101817
6.21523430973059	-0.372773421893679
5.05569404561069	-0.362212551480757
5.11297958039219	-0.371236015561974
11.8002041161168	-0.494712166958766
0.292916668045305	-0.0630239505887976
3.83913336224912	-0.260129791866202
12.5257171445618	-0.372838641783322
1.74456591883592	-0.108053132144051
3.79423600079552	-0.244481045408597
4.8949032358623	-0.304275890352381
7.56571177189365	-0.318330161466042
2.74024966274163	-0.227670194393258
3.38947621944466	-0.252040483821781
5.68249659612947	-0.277320301988279
2.32657937698402	-0.220273604583102
7.38563646706352	-0.315570619479106
4.4287168367084	-0.279327301455263
3.57608345678299	-0.202745704174687
10.2026157836552	-0.509091552143578
