R^2	beta
36.4322467034581	0.115301121888726
31.2156258486148	0.123779905658229
20.4544092689528	0.0935426277256484
24.2501412469138	0.0853719971736891
31.7054431376264	0.115129026139206
32.8955962999229	0.118443350953685
22.0331747824427	0.0921571534694842
30.6546813268026	0.126661431874989
34.8570877691474	0.119652581196222
35.258436342303	0.110054356161573
27.3736287279908	0.110955114048098
29.8563148882603	0.112796325235478
34.2407459073402	0.131739580843299
29.8793155585096	0.0932262800628365
31.4269176916402	0.108410745781486
19.4500018390658	0.079565250596319
31.3723118190166	0.105167121534929
39.1874656017235	0.135170041080995
27.1129245475685	0.0908655035515957
34.3594118880933	0.111844119010871
25.258451252773	0.0808981271649212
33.0429052719039	0.116092024237395
17.4205626056357	0.0736142960303382
28.2139133172043	0.104339617037266
27.8058961875533	0.0939808564978113
48.1926233466017	0.17529654835219
29.3714854780277	0.102515833489804
34.5299598631608	0.113618754275634
27.6187416502907	0.122685734811207
28.7984697194698	0.108669211573019
33.886062285787	0.0982918356034333
32.1647496169814	0.113056113332552
29.8045984478078	0.119000751282525
29.9047726190685	0.119110717154717
28.0411983443566	0.110360314396044
42.7358192194975	0.163562342288135
28.4903047488487	0.100251416823989
24.0737513508081	0.0816063571723312
35.1777691835931	0.11240097913431
19.9736557626632	0.0770899830305172
21.0975985834726	0.0828465191890685
30.9667408813892	0.125327414991935
42.7977664824167	0.154509231023243
30.693552500279	0.102607133441593
27.964282704583	0.100813359014858
35.5712625791849	0.124454959587879
27.6074223169994	0.120697966316589
31.2545397174581	0.116862736808323
21.7044855234887	0.0799442834289413
31.4464007064603	0.117881331770982
33.8952880671024	0.135946462937133
37.934430989982	0.116446999289582
29.9699102273663	0.102154235944935
28.5002673781451	0.0856289254308846
30.5403543292771	0.103941969894388
35.0370489181213	0.116480942708398
43.403181852934	0.142719012909248
27.6879377767651	0.0907570806339385
23.5597874187987	0.105430668768986
24.29933754417	0.0827779713954595
27.6680660967981	0.0907756171589326
29.6705056715631	0.104153550856335
28.7723451295364	0.108263974196304
30.6120593311065	0.108333022655844
31.1553765152409	0.0988472214168689
34.7368737773044	0.0959982095579505
34.3954012701118	0.127043942636346
44.5947599886666	0.148239214170871
34.6174741885422	0.11262763384497
27.1806993135545	0.103132273213664
31.9889706863847	0.111615030546584
37.9421178251229	0.113495384997081
20.1427653166755	0.0816544362938625
25.6128229084125	0.0863520466381703
16.2441378223931	0.082407305645504
30.9220188788204	0.101109002165262
26.0929479046054	0.101024957197136
33.857235855304	0.102029408461618
34.8242621539141	0.128708589528965
24.881174922681	0.0895629401409686
22.0691088636506	0.0938222852456931
32.4975101352228	0.135050191107443
37.5734394134692	0.137742990301139
42.0152080970805	0.163301562072929
27.0297368095334	0.0878266540885397
26.7508641524535	0.107080185268514
25.8847680253672	0.108667333785206
36.3102638879288	0.121471695099611
24.7113221465008	0.0887302626242434
32.1789661484872	0.123539510938648
31.1827540030885	0.116977118307608
33.5187876219041	0.112790176218956
51.6905670338425	0.177763017402753
32.4866394079521	0.110570004670778
31.7553925253745	0.112479620224531
14.0026260217661	0.0733664063726692
30.1857129950453	0.089798393228148
31.835670463741	0.10588367289229
51.4874894950771	0.173008939054074
26.8999695885337	0.0961868684125768
25.9525948081595	0.115237744287649
40.1730193231325	0.164948508382759
16.7499581688528	0.0893674883497298
28.0431139540784	0.101173869456372
27.6307004805389	0.118559808510675
43.428095710383	0.155452727492826
35.1589267634364	0.121358230654611
42.8911629606144	0.13778788153945
38.1710211387592	0.146957416067529
27.8035384290109	0.095412124032456
31.3380630757906	0.105832446098039
23.3146067293673	0.0859088122105716
42.6020085354394	0.140722590365466
24.1480676495332	0.0909343552298666
39.1313430139436	0.124967408190647
26.7892632760484	0.0960780221074521
24.9455057101775	0.10959117560507
28.9591072685542	0.105338201447823
33.7210037905329	0.116001000302309
15.7600471598844	0.0884389134035604
37.6992732483259	0.11906324486598
28.1009170330893	0.102476153410745
26.1932987488308	0.107395031944552
30.4577022203164	0.0906787779215066
24.7054370468899	0.111080631453441
28.9862237406175	0.107542836837686
23.6924379534048	0.0921887547309092
37.3182638683474	0.120183858726256
30.1171430458347	0.12323947436878
33.855457488723	0.118853417104847
22.4284142027057	0.0985305452207759
25.9346317672968	0.104570730125039
32.5556325387008	0.127179356962946
34.8518557991179	0.115093742038148
38.5034939222547	0.113939657084846
37.0528009219641	0.130469590776271
33.758530348755	0.121213481623114
23.091150431802	0.0935062683579164
29.4676390704635	0.1094085004889
27.0537238545988	0.106672581179526
38.256720251957	0.116717387111964
30.2806524960501	0.114641411641381
22.7229580897418	0.08480852728775
33.4755813574389	0.109027276878664
36.0780955103014	0.123579173236465
26.4110547356168	0.0871379166378344
23.6219344761323	0.0880460236120766
30.332646637958	0.105558038440319
40.1965032393338	0.148841998048398
27.5727800146267	0.110048364447263
27.9484753527605	0.0788649063638526
18.9754709948561	0.101014760893288
31.7315216091365	0.114052212707318
18.1994348204538	0.0708897359496033
32.2166329613589	0.118226832182982
35.4664625932457	0.118484243335668
20.7830947446329	0.0761747382835868
41.9326402847922	0.131398631375967
19.8344815962472	0.0777038335516878
26.8281426197476	0.0854822440087143
27.8028496305438	0.103946805722454
24.328050611965	0.0853946042315256
36.2534870719059	0.121357667996943
14.5738634854929	0.0711992447694152
28.4884481374441	0.112313612560359
32.463052182338	0.112254582017342
37.878365349258	0.106702417854879
28.0127109406255	0.0900363469699578
37.9508905374364	0.134877847016309
32.1962194177226	0.116099912530196
31.1021521730605	0.109434550997968
20.6907651281254	0.0795716460284815
32.1584255805168	0.117951070819716
30.2227206315055	0.105197332212464
42.6677794760437	0.12975656258803
21.6734126390651	0.0989606348414327
33.9262877579256	0.111866608360185
33.1614421893667	0.0970145635294023
29.2714632174093	0.100506157845221
35.2234850657748	0.0989564493148152
47.6154915771227	0.140797630837046
34.1405284174749	0.127836075639324
34.596334666044	0.117899287217629
32.9078692970138	0.0983208960464803
36.3773947082526	0.122965285977143
23.7427778097808	0.0895729598203503
30.8869799412466	0.113109142528356
28.4879679450059	0.0974670781729843
35.8569268760953	0.115032439562145
38.3570416448763	0.116026743672643
23.8254946596097	0.0936047524678644
31.7184099822001	0.10430510737372
31.854921104711	0.104352093700294
31.8007953691536	0.110707935075505
21.734076956557	0.101729839196684
23.6438485496695	0.0850608069086746
28.0004360239955	0.0995162628743817
43.4303326789902	0.130684685595198
33.6732585426723	0.110187135713826
23.811483229275	0.106638601292363
24.3413627458846	0.0851270591112663
26.2975668463517	0.0998194887620248
26.7497501678051	0.101987856213308
40.7522664117657	0.0957837314218989
30.6899054926667	0.105500952736606
26.1525259017497	0.102626641975797
32.6850592654792	0.112073755957604
27.5986918807172	0.10873199498446
31.1352099917512	0.105101004232539
27.1094074159322	0.0983431613549111
33.219508577967	0.135617722783303
33.9534535019031	0.120329098730443
24.3149711144378	0.082493555545667
29.8992802348169	0.113759824211515
38.7121334069274	0.099975692650864
42.9176983535631	0.128008242555049
31.7182456157044	0.115391756670222
27.3511299876213	0.0978205680820488
38.7345869876684	0.108235741404116
23.8679182328378	0.08668565984361
24.8899616330788	0.104262481967061
30.6550416257841	0.12083375483643
33.0557248654597	0.120806741927627
29.3944738827258	0.11502370720675
28.8291603367326	0.104683684366635
28.9990501368217	0.125351950659959
28.9069396626748	0.0959352142073214
37.6857700863363	0.102720841047051
19.1381429970629	0.0892574349736331
36.7225933875428	0.122220921610984
38.3052435090244	0.119350131962328
22.4077659105041	0.0857115202709504
43.7983085843029	0.155559186176258
48.7655352973003	0.174999613425622
18.335724776371	0.0867225016055267
27.560529117335	0.107392319899453
25.3097198388551	0.101276389149516
35.7923918910136	0.113571445733527
25.2659207746135	0.0874187407037363
32.2072737276308	0.142503616514189
16.6641492259887	0.0834456167599083
34.0378367969792	0.117451861735023
37.4018655539301	0.11310980906988
38.0785341841012	0.134127288090833
32.7331220580003	0.130561157346588
35.522811779796	0.107735967565195
28.9745140697202	0.121759103045041
33.0960691003768	0.122790283600248
34.0654045050041	0.130775347803325
46.2245534547377	0.14825528497977
22.0460092395159	0.084799091965502
31.1396784481869	0.0863464869999078
27.6913208551115	0.104069565037063
25.7674358445391	0.0975816048650038
28.0935714375465	0.100622753593924
42.695351205748	0.171006814668112
14.6916703496793	0.0654569024888091
25.6345749192998	0.10046718156554
32.2023552095308	0.11435742881733
30.266700376316	0.101915466591852
43.2448652805317	0.13697758332359
35.1986865554646	0.12213922726584
33.7821233416503	0.126402918427342
31.511125910324	0.117188884068898
29.3873610049643	0.121981853569059
22.8641376216712	0.0880005573182504
33.0060137811437	0.129411691106663
29.0987953055138	0.0858486861134934
29.8530987693881	0.0922799563239192
26.7089914179758	0.0987254606000185
23.7400173314361	0.0735588721833961
26.3619775194725	0.110556092449082
26.4466015995969	0.0894237396661933
43.9790750576419	0.125921596008311
36.8494042173533	0.0973124515839649
27.8927076500656	0.0898534469820813
22.5620383424597	0.0870355431227505
26.423140572986	0.0926238012690955
34.4975162038119	0.138994591619392
28.8260521331434	0.102228700883372
34.8318996551265	0.10485819827748
32.6331120298642	0.095254021717409
20.014181884409	0.0883844720596131
24.9296698945482	0.109538775211187
30.0321279201174	0.0930067834341302
34.0963690617977	0.122475942572504
30.9826843107802	0.0979054847595392
26.2459250042997	0.110501386216164
29.0346111919938	0.140321442852231
23.119054379202	0.106125505749115
17.9685853882851	0.0787837254599399
23.2723904912928	0.103955562359713
33.2587629341557	0.124042114984202
27.3904884205517	0.121601837047113
26.5854846084652	0.0987772828204947
27.4070724191647	0.0984508277828147
28.9282470560289	0.0965114953908839
42.7664665305675	0.140158306694117
37.4779836624009	0.123459155212727
28.1610553972119	0.0903744768192098
24.5425698777784	0.0946572090623227
40.4788474355904	0.141017728819086
31.4389819256046	0.107482014459344
20.9047838524145	0.0893895339500766
28.5738810891381	0.108570159647882
31.3771843055161	0.0972239096061616
36.007955549716	0.114666744909946
28.3309222920352	0.104702126353948
30.6965265651459	0.0952250378367206
26.8152418657784	0.0975476812193953
34.2508665309915	0.114300684824864
31.0278286544788	0.109171052275752
27.9438765745461	0.102145302551826
27.3065303865523	0.10268526308882
36.0245387256255	0.13702237931035
34.2600013452761	0.132916591476793
29.9923170333523	0.0999446095425499
25.0231088165935	0.0989393387180769
32.8939003484037	0.0975686862741209
32.0875071533521	0.102892168665237
35.432561343987	0.133641195268721
19.5294413033453	0.0823854494620971
32.8690805018072	0.124338846805283
26.6061613599928	0.097634872860854
33.5371363579867	0.12759154387096
31.8443331047894	0.121423550009973
29.6445869204354	0.108538457052681
35.5266300129332	0.122030110236125
29.0388251759651	0.116295035611708
28.7439153600412	0.0817729523227773
26.35922640587	0.104008856116341
32.3412590985871	0.112942917291128
49.7056403404456	0.152773409401565
31.2903138864112	0.110697049193179
36.9200988736417	0.12162305670592
35.3475459430211	0.109690457580766
33.4498797408066	0.114054822878714
16.3425766383281	0.0857202978845472
22.8129413686549	0.0997775651899529
35.6685700302695	0.131013123169021
30.6752321263442	0.136952736795636
36.8569033666961	0.106761123878066
33.9762529788685	0.10800036498798
39.5219356251434	0.144452694149693
39.2182721509847	0.132145442854806
33.7759520675316	0.101380751823257
28.8255751941847	0.10562174981192
36.7015758559378	0.128981427550242
35.0139609934783	0.100902817379547
46.9474649167488	0.136204829744725
25.0063115969806	0.0930120718986899
33.1597273843618	0.124378776186792
24.6125094337716	0.0993051316273706
22.3350067477272	0.0744561880955379
26.2997112250043	0.102442689399364
29.3509681668531	0.123213992456658
30.2393352329381	0.116961251716442
28.4683478577014	0.0885708674581678
33.1577317561428	0.109512815504492
40.0922922972255	0.121035131598809
25.4284876540333	0.109310873225707
35.6172611741816	0.110854656835931
22.0694001138689	0.0851639164348629
27.0035792669558	0.102500366629967
25.6179269198106	0.0893733634971264
33.8186153573412	0.128197439401262
29.6981022812705	0.100191001449031
38.2527344472305	0.103708947346429
32.8308256271973	0.128950050680578
41.641805746569	0.13285800258916
30.9498573407953	0.0895862811915622
28.7223520765707	0.101778543682206
38.1062085516178	0.133066331373404
17.1691906745696	0.0779940860107208
27.641203997743	0.0994703103005639
36.913429673104	0.134177802383908
27.3912045261741	0.110314652512956
32.7190244163302	0.126516182249113
33.0699536159389	0.119120192307926
36.9951450727944	0.135490704537324
24.0299424613746	0.102837225179523
34.2778708556794	0.122739415536633
24.776676068305	0.0933713455562685
29.877373380658	0.11976134558725
26.3947930720255	0.0842937265894243
28.2337586860565	0.0998251117034017
16.2367438035773	0.0824479445062246
18.2011638256429	0.0759845803867349
31.5942413665999	0.1150923819466
25.4633630590563	0.10927125196763
22.7118845766369	0.0970366042705757
32.9751175464947	0.117052117930623
32.0189089974263	0.119306767126354
26.6812407670785	0.10069401684094
26.8440529873376	0.0980595432591237
35.7129307601059	0.0930411521424538
22.8922336258523	0.102083598271155
32.2812924954093	0.0921760535378371
38.9602557236187	0.138826334757871
28.4782616591634	0.0949728246618164
29.5565251001154	0.0948727232302216
24.9210407720316	0.110712007053219
33.5339794184459	0.105865806264094
31.4325195234583	0.121352086265725
38.5654744850836	0.113010492381337
32.969850941166	0.100098744390486
42.4931434715549	0.163106658502907
39.1049192769282	0.120069801253067
30.9745395937401	0.0971414818163773
30.3415402731003	0.101970162763632
30.0742180649889	0.0999271148822928
42.6086022092575	0.12053849393628
31.0139560930212	0.0945915282121006
33.8801674692228	0.108181915263382
33.0373027163602	0.104049622426852
36.9578045611353	0.11989539393166
34.7263977584196	0.129502647165799
33.9987337956839	0.136075875889245
28.1957006337508	0.109096393417251
31.1190149036029	0.103269210290107
22.8009760880451	0.0968332602708583
34.2141534384921	0.134154600763345
40.713616565469	0.120826369272161
35.0719926939717	0.123009836547263
25.6080384160341	0.0974853633582456
25.5047954081921	0.109549049892511
25.9445427965224	0.100687081366966
28.3392368733408	0.141732866925928
22.8967516153604	0.0969485977448216
25.9110394680374	0.11310967052524
28.5931469330781	0.109649471325518
26.4415382296003	0.0877067709969399
28.909996659158	0.117379049914061
38.5438198208944	0.119618882513625
26.4236896598655	0.092350853496026
28.40074324156	0.108972076552256
35.6159327351142	0.124649056735372
37.2729704871368	0.117827344247964
39.6600647334155	0.140561236273244
32.2522896582501	0.10901751543601
30.9910158846529	0.100719906671076
31.5260747608378	0.127671697867953
32.0078515508123	0.118155463184972
32.437627843919	0.106200170760991
32.0854738320741	0.105488290312426
26.6499796596199	0.100520018565159
24.2807402466008	0.0948170331850942
28.8622632440297	0.0975653958934476
33.4807299943885	0.133476193246439
24.3638888920845	0.107387696708813
51.2937939729751	0.164483541597781
20.2535578957517	0.104999305842371
27.4133042721356	0.0828206357467569
38.3385087857228	0.12248705103313
32.1787280766947	0.129692503577814
27.6620420429288	0.116516111243465
24.087053969621	0.0774708331162347
37.090027845437	0.142274556766878
44.5308711985321	0.145866648447173
36.1859627634448	0.126340349494741
37.5691049891048	0.135560853760516
30.8169327765591	0.0958734537298807
26.342971252431	0.109416786115331
28.3545186671045	0.128157037286582
25.0722007143635	0.0841304185174907
23.0242785332855	0.0782366464896358
27.357122826191	0.0856104976436423
47.4020814561538	0.143529028592741
43.8227716197246	0.163144427412514
22.2389031733094	0.085457844732441
25.3890296307592	0.0929466305763616
30.859652862067	0.100833279926997
38.6470231953657	0.130970319128431
43.4769238440993	0.115952629062172
26.4200801335425	0.107682151837121
33.5167158944842	0.0978656109735388
30.438142829104	0.114963724812052
44.839099937997	0.134808015122667
46.2613329249212	0.140297699288746
22.9192272897108	0.0972311430413057
34.1386114619847	0.125765597812127
35.2044334874609	0.11811681817746
30.6118799619284	0.113880616861811
23.2388271399828	0.0907361041640783
28.9073014778867	0.11143487050158
26.3472958214959	0.0882865801495331
32.8792428325067	0.110235805458232
33.0824879930466	0.122125605447448
40.2894203467928	0.14051568778641
26.5300407102694	0.086048925461469
40.9872677033483	0.152884294771192
36.3738518625257	0.121910962799787
23.9363010192335	0.108604653962249
43.580706129535	0.149029495751292
19.9854208647536	0.0704723746032151
35.0646162072135	0.0994179971453138
35.5150296641353	0.109836084033074
29.1181600101981	0.0994823878105396
34.2163492880582	0.109658467650631
40.0131737063137	0.116368280102167
32.8051195459413	0.101886772022593
28.1199864874732	0.0965291386185498
19.6508459955985	0.0917720248592893
19.619429924163	0.0803115427512451
26.7556410530923	0.0934132695402089
27.4468456216128	0.101990055970616
38.0632634629116	0.124896081849614
38.3197426932338	0.124085280129951
37.3447492872903	0.127066942757497
25.5233424435586	0.093157104868743
41.0408891687372	0.113846842337461
29.6419307807621	0.107671434843245
34.4036359674732	0.116103730226163
31.9741827216728	0.100096909843059
39.5038963101224	0.136895635310126
25.7053773139312	0.0779515936720653
32.8358533822319	0.0954997734557594
33.4325152599155	0.131994949634854
32.071280074944	0.121416258591549
30.7558040915709	0.122623728328557
36.373999307191	0.12117667597849
30.59240703779	0.106207050522919
29.5722386130417	0.112405199288073
27.9611602715822	0.096238482205957
28.4737491881958	0.109596523004608
26.1274800511281	0.0803792507186572
37.4974880688331	0.146561598323775
34.257652409999	0.122826429744779
25.6096588595894	0.10307793797428
30.1964392955682	0.125706037329726
16.5202494139146	0.0715526342631247
36.663101288829	0.122634738675224
35.4871382527314	0.131660167926489
26.0563729091014	0.0901301393487827
40.846027551401	0.137245635431995
45.1718978446121	0.142222055685192
21.0306436658621	0.068281802844002
35.7516414786938	0.135277745169589
22.4214206670953	0.087470804641276
37.5699930103316	0.112155905192491
40.6642678420112	0.137003401023191
38.0558813237325	0.136054137411687
31.6418145376465	0.114809909154414
24.7174969870079	0.0881406524325586
26.12991152588	0.0957429865641272
35.4887820780726	0.114494844708225
27.6420816641599	0.109524718910425
19.8078776696329	0.080480155368817
32.9895424980213	0.0902132953187099
34.879099580184	0.107739075809834
34.2546077447478	0.137271986950737
29.916690572204	0.107568894596238
36.1414051096009	0.13869376403876
28.1849445535947	0.115199248816532
36.0581407815198	0.107054485006333
31.2487851532447	0.0781669861110418
31.0293438518372	0.128260532945415
26.1028807805416	0.0959361111485404
38.4589947321203	0.153033241791639
27.2941980080294	0.116180526995752
28.8704974021507	0.0837331245654022
34.9261422433384	0.122046191203752
32.4363799461605	0.123140169103672
32.0241481980083	0.121404090566401
33.3487636835782	0.109305629936775
36.1976764419296	0.134078671890155
28.1878709772048	0.0959732259148929
25.8109881611923	0.103757006662726
24.7802926697357	0.0929531316824129
34.880882980045	0.134067288898533
49.171561686129	0.152869531298962
35.45457114004	0.120821392909361
32.9891106117678	0.109076091298639
28.5421864367933	0.112285317251133
28.0820864660782	0.106820054487573
17.9209380102982	0.0916166047290277
35.3411623713808	0.0982917723237444
32.722973996563	0.115517381880474
37.8467515334561	0.125096250185863
40.0217150732588	0.148809633774454
35.0959978485287	0.0947568333506742
28.3036261715469	0.0924084813017156
28.0013028896756	0.0920640963521435
26.9038930746391	0.0973026840257899
30.8091813299888	0.122742057700477
40.1557769867479	0.127019758619357
38.7318313843471	0.133070626949002
24.5637176197872	0.108739322966861
27.0964750567315	0.111306502841087
38.2027940056695	0.126899541207238
39.8233639885229	0.104318457934906
26.199050620607	0.0979910483695744
28.7695794883163	0.105528513496232
40.5397044824486	0.146097021999468
23.7138031565659	0.0909302563406443
30.275255156553	0.0768624831748234
31.4874156028871	0.102531423751815
32.0440746150289	0.125274896090543
31.0000429071055	0.115138755562832
38.6097810783777	0.1513248892636
25.4726339935979	0.0849900280783238
24.1530275120264	0.0996568062523603
34.6095670254971	0.120019938295595
31.0623550967964	0.101607235065821
24.6712401072848	0.104000977354633
39.9001649712106	0.11381876353699
29.6573440359456	0.1042917563796
31.8244080287467	0.105670025945517
38.3444718612309	0.103185052355957
26.5136396875557	0.0847573349077133
39.9238996705634	0.118437283326747
21.4286059661238	0.0921665355801155
37.1609364769776	0.111611703559165
27.3864920546917	0.10914047177674
24.828899600944	0.12615825314465
34.6659918112816	0.0970696053039424
24.3229443895938	0.0967779562029232
32.7291036119961	0.120927231279676
31.3864959642459	0.106763686043189
25.7601872699705	0.116331224570498
16.756647725731	0.073864160503906
33.0906725291004	0.125671052900579
37.2793672074281	0.113609796392458
38.4511097632581	0.125814798117415
25.6607413988546	0.0878865283383172
36.8309320040689	0.116482135530077
29.8860206239116	0.10801568725602
18.3208405340251	0.0966207264984702
37.7348246683908	0.132596953352277
12.6733940289288	0.0616315218103015
38.3517945642011	0.124660269199897
42.6249482657548	0.126334460477344
24.9084775618903	0.0884479231332909
32.738951213636	0.115819075434998
40.0473967643037	0.112134769023611
34.2571864524417	0.116562440685625
25.0356638753416	0.0821280099856936
26.9874652796174	0.111295249624985
32.2493232556003	0.0968182115669015
27.7192890919566	0.110958297048918
29.6745906707482	0.104219068849884
27.9460139643485	0.101496636376566
44.4995671444029	0.1579599076304
27.0462941711658	0.0895525101894962
31.2536695574766	0.0942509278484302
27.0734103905156	0.110102371579239
42.9347812140696	0.175198992031517
27.0474589639189	0.106837559834757
21.6316588439492	0.0829431462916894
23.6080095808665	0.0818659954337828
28.7811993904112	0.100315263763974
35.9133658570911	0.136038424858458
43.2085624275599	0.158653052459549
32.2645705389632	0.097208181016908
30.8800575192471	0.111284593649013
25.8995677362828	0.0796624023469558
25.0936721430103	0.0871400060356457
26.5826731973997	0.0944865018579172
42.0757413350928	0.146732270065117
36.9204760617608	0.157321161563597
35.9293361310197	0.145988966520468
26.9931482323367	0.0953215697249218
22.1813373919603	0.0818761923921072
42.4243945392611	0.129415313648594
27.4363594759595	0.0886916408056401
23.8648980487896	0.0918297871146223
31.5730157216207	0.105772423811213
33.4387460274631	0.119662250614154
30.1793807620941	0.115345532620293
27.4016272067496	0.0975167076250257
27.5811145892121	0.111121618145906
38.895627616611	0.129132862344314
32.1342576230519	0.110085921417641
36.2390151915254	0.137592274359677
22.9569730223225	0.0965632464137149
31.7166886585555	0.133442735101081
36.2657207982214	0.127154102319463
40.0336096497761	0.144434698659013
24.6269771171213	0.110916904941946
45.0438194518289	0.149352923132113
29.3189079286885	0.107451392055083
40.9946024410406	0.143279879520279
20.3118039171999	0.0887148454032547
33.7162830917801	0.117681317185823
38.8077335285101	0.138964818242801
33.3180180931544	0.141775710842399
34.7931068039332	0.0910146127987354
26.228206615951	0.107633491672024
24.9252747800387	0.0858308422545153
37.2320669771125	0.153375021148316
31.0363355895256	0.0982978892747983
24.6909724339778	0.0871256465826991
32.5542741485367	0.139067061012925
33.0751075383536	0.112146706722066
29.9870934170732	0.108746355053639
33.4402317657335	0.0944250775409244
28.3635253401841	0.112809135390413
16.0812002788721	0.073249087972773
26.8763212344273	0.096462740835349
36.5202680062251	0.134310986570291
16.7049712637436	0.0775883596409094
32.7994241632072	0.11482597237375
23.5386443143681	0.102870820747787
34.3008504606411	0.13054226208697
24.5894761069019	0.0975982954247304
23.9160311640725	0.0982329517651341
40.4103406088833	0.120074849005735
17.4783240062692	0.0824364295894758
40.4408252234122	0.157515082304401
21.2386628529497	0.0894051654610135
33.969066063165	0.114478195691458
24.8780335427535	0.0886275718249515
31.7618906743063	0.116906839352512
28.1665082912301	0.0994047562058956
28.5938424953831	0.0952556745886106
29.96578834287	0.116941673975537
37.6256131578595	0.115817629889792
29.2255992325411	0.100103415895811
40.1010771569069	0.12490541805831
30.475090297697	0.102631717945088
35.0225956987871	0.114207105833397
43.8902116673371	0.132394485449962
39.9291991904011	0.121109490249753
32.6438183363603	0.121085438088161
33.8197502550787	0.122822097815613
34.2513387519313	0.104113810679074
34.800885184419	0.106704541466345
30.7930151595159	0.118903646967057
15.8301842867905	0.0905143056557357
33.9419207691084	0.114240117517657
31.0314683556217	0.121410672250595
36.6782648930631	0.146399464794002
27.6930515373224	0.0838685804509375
32.7068982634583	0.121628187114473
33.5608696150528	0.114117280481164
40.2220696838834	0.124424466563343
43.0113449512634	0.141149420061769
22.5656566467385	0.0847180744523818
29.9359899996997	0.100406660901769
19.7897872383564	0.0789287385026734
33.8002756439801	0.121985130672155
32.4837386795761	0.108402563813642
30.6545210356744	0.112867902917478
17.417649798252	0.0733702008783635
25.6739098578123	0.104741389721392
28.9505514534904	0.0844098360183957
28.7375436850108	0.103652148353935
30.5766796809796	0.116559827735922
34.1671568048778	0.117317659261639
31.4709996938607	0.113876146852636
29.0013824224371	0.105296320715563
30.34847482954	0.0957973653638991
39.3690511788883	0.137950746045024
35.2997902287593	0.117889979846484
42.9832073944736	0.135009991766325
36.1345815850958	0.114186083546598
29.5709136762095	0.118999813326551
27.0168115705914	0.0961492969576728
15.0976614962557	0.0802432403920069
28.6456314498058	0.11492723825436
29.5570168369647	0.116183468597886
43.1860618267206	0.14894788422767
34.0521610829862	0.102963949657633
34.6508951737405	0.110747102357666
30.9190841798368	0.102146994670581
20.3464407456966	0.0889459769795112
38.9876616941903	0.121139441294337
33.2018530000309	0.0976626123779923
12.3961143290109	0.065651309973116
35.4755563902837	0.135491875128755
29.7490083486246	0.100039983838413
28.3898071626944	0.0884865940140109
28.4726281837987	0.0948516185626801
22.5356889059982	0.0850415699490053
35.689056109186	0.129001927919286
19.4458091318265	0.0806315384627659
26.0264903324482	0.102890402724635
25.4050671041457	0.0932438875380914
37.2000157982336	0.119035742342563
44.9265204787822	0.162188883817686
35.7050225142966	0.117319564458479
22.5160575198578	0.0831975542644811
21.1078132781149	0.0716542503881142
38.7800046619843	0.134175560684584
29.0756350592413	0.100444622324049
35.7961478444894	0.124776710471662
40.2001052418681	0.136345784700733
32.1067045762792	0.115643669914516
26.8782880861075	0.0931827769894159
29.6072289283405	0.109111280140015
32.6889387522226	0.0956410186177779
30.0953117306053	0.105992523823352
35.5241797430421	0.103565744443103
36.5530406434068	0.111241866147412
31.3289753118899	0.106291323101311
29.6866897276479	0.113782865978614
32.8778963643013	0.101936533496328
22.6469339877143	0.089455455360212
31.8920531649374	0.131724669212983
27.5788850700276	0.108555242702385
14.2772000647298	0.0770898060176455
19.075684077321	0.0820799425025641
32.9660509997384	0.132893497223008
50.3292436749877	0.164779461297988
37.6995988652089	0.118580926300952
37.7994635248374	0.133957008432655
34.4100286516322	0.109359915985077
25.3166806550473	0.107538875361234
30.2142303938507	0.0951283973127902
22.5488167640528	0.0789543810004601
35.3227954631457	0.116924184258306
36.8878712079844	0.120515098871602
33.9618097792338	0.0991165258713558
25.2105926332556	0.111680333067081
25.5957208920454	0.0825653512373564
33.8131617611206	0.119513463990104
32.2350748627435	0.107999897530242
33.4886798624619	0.104182769540693
32.8454906666503	0.1117754319374
39.8505115567301	0.138013891947061
28.1789719873063	0.0899364633713662
29.6092542105311	0.111464678623686
40.0541986039641	0.116079639391139
10.6890969126529	0.0592792771956231
23.8510212809449	0.0820748202184097
35.7440364935381	0.114758454600331
29.0380873319114	0.107698894902016
34.0674461521358	0.11738154801456
34.1795867662808	0.118949304292701
35.4815518699507	0.130246278923625
30.4952570322337	0.0956579238223617
29.5870909703755	0.109182631259771
24.0555237274103	0.0846909790623385
26.8551398328069	0.0936960253334936
30.4447062522861	0.107383663305716
33.1891507450265	0.109184461748898
32.9181800473315	0.118087504273371
31.4636150633712	0.112105504241431
36.1451534613706	0.115941253228024
35.8204760268826	0.142505853921329
26.1970273343746	0.106065648766389
41.229044341965	0.132517199746
27.2542560026564	0.0904390910963632
26.0337249256002	0.132257154036719
27.012230358671	0.105571514445085
22.9429080045465	0.0865536326686229
31.3112346642154	0.121656771682414
34.4267265395109	0.127739896786072
28.4339569521688	0.100204618645093
32.5558436158322	0.11437806439343
46.3305600281506	0.141158750432958
20.0538244718536	0.102900763651011
38.4924127517741	0.116345802966361
31.7800541998408	0.120843588697623
37.7600769520908	0.118487108982178
34.4299268191944	0.109378581224191
28.6318836960916	0.0911547526005448
33.9050154815863	0.112052734264328
18.0086862404321	0.0810586705236814
32.8370731568216	0.101456524129377
34.0422148955361	0.115251907859084
43.4967238389882	0.123135041982223
38.8827262175278	0.130525985467489
28.8401233648174	0.108556262891925
33.4587728970626	0.125216198426984
33.6345666236497	0.129984689628886
32.9385815789903	0.117661894757164
43.1703591182666	0.144768148427771
25.9060979654249	0.0828861912140468
22.3984311573384	0.0939224592627664
27.643366754019	0.104508150225164
20.2281109694889	0.0841347460757222
39.3663545030349	0.126897187439932
20.7489538739676	0.0976600979323536
27.4529262889689	0.103891172193954
27.3863320503596	0.0864617220039179
26.2689156563588	0.0981803938649638
29.7703275697022	0.107040802788721
25.2717084940541	0.0948647560377001
29.9595299397119	0.101617635330647
20.6723614704926	0.0705384957818495
41.314170802732	0.113583522982329
23.1210616597786	0.103844178017314
32.8303339038065	0.131604224097416
21.6298788966726	0.0821224828512295
35.8496011604592	0.118479921899497
31.3079167777267	0.099897396614243
25.1923696362405	0.0993623724547782
33.0573912258304	0.101345730580881
31.9210488350793	0.108459248217376
33.8539317229469	0.112709457165538
28.6951061426846	0.108640199072187
33.7099791831473	0.121411196154584
41.3388407638149	0.138678143121444
29.0669108269511	0.114843694942082
36.4921067849917	0.1135391939852
25.7126327887832	0.0838536813821034
40.9646959517633	0.15034395502384
26.9789014595449	0.0931244969515394
16.867106833616	0.0862258925688744
25.9198380679595	0.0859816690860994
33.8770230184484	0.106813717368769
38.4835492695898	0.143972449281582
30.9358858250404	0.121706850125847
28.5874070341004	0.0937797823111759
35.6766056153781	0.106111344195352
44.7309576551504	0.15213069314508
31.13523370762	0.100155086439648
25.0612348245318	0.0911953190677127
29.4821270742956	0.0985966289435774
31.9221545619039	0.111514348217054
25.3946147312062	0.0957772182126459
29.7402193744398	0.09975573480901
35.3545660350096	0.116051747934423
26.9889395171321	0.078514793230005
21.8376320981903	0.0843547737165136
31.1064192583196	0.106788788855425
24.4283983468817	0.0774018371991825
25.5007102197646	0.102258045770496
22.7339517040847	0.0861092884616528
30.7942922753862	0.0958229230005019
18.6510075111421	0.0865501665996441
37.3348912831495	0.113685165801075
31.8094491582354	0.0928332146153345
27.0489053207544	0.107560378340395
29.8268266637958	0.111296088069234
29.2701833446951	0.0918410625452204
43.5605397838063	0.158038497258648
30.0390052339109	0.110516711298863
22.3749617036021	0.104109631593337
16.7948259749259	0.0811577290389822
35.954796989379	0.140100137626529
36.4086553065906	0.105029719773104
20.0029311866122	0.0843063646112283
24.0863917314859	0.0984804143194113
19.3865766402617	0.0882537196304454
38.1831824219128	0.136966859698084
43.1122538071494	0.147324307558596
40.7038647900792	0.146481221149022
37.8016738022454	0.103876982179255
31.3994194103958	0.121026491304024
40.6423170859628	0.125686922480905
33.2157970408425	0.123295702293938
27.324765432468	0.0952421763910038
34.169616960682	0.128329207395394
34.6292208117845	0.123178843990529
25.9690250188176	0.101698037208456
28.0565105966265	0.101123547561499
22.8846676546751	0.0898719336269935
26.7123011141376	0.103787264448877
19.7344928546213	0.081086093137184
25.9268465636921	0.100589759786548
36.5457812104089	0.122432344145446
37.4586216251578	0.117626623290734
37.4685728063553	0.127442923857265
22.5436795394816	0.0924331883219061
38.8574295171963	0.12121570378526
31.2304354524874	0.0972108824278268
33.5710320296353	0.119385525239962
33.2539099833232	0.111957448771881
25.1692640392545	0.0927488799131121
34.452133924335	0.121713761728825
32.0286648919088	0.109442266212029
28.8519195649822	0.0893801329930404
30.0267094051296	0.0944204408959455
31.8818419129425	0.121452092139618
32.0929547791659	0.106711972406499
40.3056038857609	0.124425332343658
28.6222043423526	0.110044490535834
34.8295750785597	0.142126985761712
27.0242304897902	0.0920626274211206
36.2708983100077	0.10525575843997
38.7198851676608	0.110769488588338
36.548937875989	0.104530344381276
39.2273896892743	0.100339831214064
32.6483804245066	0.112525329555085
25.5033744980805	0.0855891215633864
38.1821204209179	0.123655320134205
32.4865722036683	0.114112218258737
36.4644282074739	0.12217565583395
28.0928088749679	0.10906129698275
18.2534986315452	0.0822793435208996
34.4659944908533	0.135328434341955
30.3667642343795	0.120622278930181
32.612213407978	0.11010759363576
33.8586142894807	0.112382141664084
25.1841023247507	0.094452630569497
35.3258901356498	0.122418054731005
33.046406458969	0.12633846426165
42.1202033703423	0.147900437147862
37.6177099736271	0.136848238442559
36.1794328907125	0.129576235012859
30.9437040743786	0.106421555004778
34.5492678160523	0.135737929143816
23.0737468580768	0.0829471657229175
31.9214579345637	0.109335235275326
24.8607035659113	0.0879723950607392
33.0088822321647	0.109228403120707
34.2645500906965	0.106971395759315
34.5233984943691	0.132416671139696
