R^2	beta
2.65576114647505	-0.15041483314257
1.83770455156279	-0.1391403060912
0.0109679909299023	-0.00974633883388428
1.96765611293966	-0.148793551668703
0.0621741918061281	-0.0274151536242358
0.489595298897531	-0.0672369702629913
6.55085257298559	-0.237826591597787
1.72722688032857	-0.1362988791399
0.980953301953143	-0.0890520999523163
0.611186224876141	-0.0685107280333602
2.54629365599247	-0.144270049074253
5.25835381219521	-0.229647644311915
0.597862498924189	-0.0731124553942435
1.01327905392511	-0.104994679165378
0.294581950249369	-0.0449322782335704
0.361817606545615	0.0550492451593687
0.339311941418651	-0.0519334640946772
1.92590019681553	-0.143340309871081
0.000727750035736519	-0.00267689299881312
2.19479414753794	-0.135437505165885
1.42613599782096	-0.118657947907975
6.99785720260922	-0.272032739087032
0.824556362458111	-0.0924539615143316
6.44602865275285	-0.252960935065114
0.315931115760655	-0.0573949680161861
3.07007075692996	-0.150710626508624
1.28530106388802	-0.0974554803596543
1.83267725651237	-0.119924626240393
1.03255428868072	-0.0852234669672259
2.05389727585974	-0.147024955337153
1.57553223700484	-0.119772495074556
1.48043094454393	-0.103749340403548
2.20546823158226	-0.118840481092225
1.50441707258372	-0.129816538590605
1.72497486160967	-0.126826813256181
1.9816946073648	-0.149510095491403
0.609185576949724	-0.0686128957325538
0.439582285488568	-0.0564322214783926
0.0222154603589718	0.0137022795561965
0.610906324668623	-0.0771251820294072
2.15259563448446	-0.130237468879744
3.51127137542813	-0.161612019340048
0.891606546164248	-0.0950796937806027
1.43682534507424	-0.115983605533092
4.49760321237818	-0.198678457028816
0.61219444114525	-0.0619296534016885
0.849066381970115	-0.0887154188468578
1.71968548598451	-0.114861206699229
0.187576793618515	-0.0394779911308343
0.0805504997778354	0.0300394529770024
0.00800596160793359	-0.00839996243482839
6.00538302881761	-0.263718966486866
0.4414956456721	0.0570223498392937
2.64618741310392	-0.161371989847708
11.1388439486019	-0.319927189927431
3.39786693691877	-0.208609235977416
0.738695173376188	-0.0862287388573971
2.69216314176233	-0.157804722578034
2.71763577106753	-0.135638970837747
5.98077193473084	-0.25456038016274
2.02449370346273	-0.114304314598036
2.7955948318974	-0.141907061750831
3.14255063666056	-0.185368822157999
0.0433791704005365	0.0186381719097756
0.000707393871731394	0.00267936752951003
0.53187368578494	-0.0668924260200787
0.994038051633609	-0.108675057947202
2.6669914265334	-0.167365603032843
1.09102969895351	0.0950303404449006
11.5550040705377	-0.322050834471082
7.66272876194503	-0.240527154324346
1.46966644470473	-0.138181182172624
0.601482801223203	-0.0773086020003129
5.72362329976776	-0.225493906260494
0.0598445412573982	-0.0261912460417713
2.41388676030965	-0.159258788801476
1.49294018442848	-0.113854569652039
0.722500768768919	-0.082991719720471
5.5456238483745	-0.231076394701484
5.11988545150187	-0.2243704108228
0.962441920910611	-0.0890095842234663
0.155654321339318	-0.0372346979789556
5.02000560083945	-0.204269656024208
0.26121158990659	-0.051201410903601
3.54583082908199	-0.174707732698895
3.72235585958129	-0.175676104888173
1.2677540776419	-0.0972546068184578
1.25777643576662	-0.115919781691706
0.626429473557625	0.0710342598374863
0.00645631053782717	-0.00811570948473349
0.275624328169809	-0.051405852263021
0.273735854042572	-0.0492670446077707
0.0032986911859144	-0.0060782392763498
1.24776638599449	-0.100313198994272
7.37379224729716	-0.270025489316253
3.92744729383747	-0.203628852445677
0.409834484086654	0.0625220346977663
0.0187547968631875	-0.0118441673571253
0.0411232922666307	-0.0207971666193898
0.590099082091605	-0.070793447075434
5.78524736994115	-0.210447281045096
1.63515546760817	-0.12136054320138
4.98036200416791	-0.237732940809485
2.33643390609879	-0.13733146072205
1.74086393858578	-0.110340239558811
0.963045268648204	-0.0935201849805786
0.447853713652231	-0.0610118808946932
3.93657391985624	-0.188366686483675
0.433364846758046	-0.057443882638797
1.37340553453257	-0.106801819481612
0.799307868692307	-0.0772659508983224
1.7231002076927	-0.107089907426311
1.1816941042264	-0.11273432238071
1.52328559732233	-0.102746193035974
1.41220248084994	-0.123744013462574
0.226529412308818	-0.043060005608588
0.0250161306767184	-0.0161725523307962
0.628033874950329	-0.087077789792855
6.84467136524301	-0.270870977655256
3.41175518328181	-0.19168102447788
0.443938448507495	-0.0656890468991852
0.640499207776861	-0.0815981119526974
0.0122567457129644	-0.0122920454204894
0.656524978988118	-0.0794561400574793
2.29865785928066	-0.145607485929009
1.16593194109152	-0.0930782795735668
8.12504219443588	-0.259189294144119
6.1554658325695	-0.196953191472184
0.0060426121966997	-0.00732403285813445
1.24847428739365	-0.102108338814032
0.43505814510212	0.0624654450510808
3.09397532204323	-0.161439421672552
2.83916185298708	-0.168512888844927
0.148955967409304	-0.0344594156186941
2.65316055193264	-0.15347083002996
1.17917705602093	-0.12044270835822
0.534252935823747	-0.0628341264584046
5.56287362467461	-0.232258043181972
6.17017856571735	-0.261356256821104
0.703845129841275	-0.083256108348093
5.47494276726374	-0.229850543712398
4.18803671498804	-0.183535343304078
2.87025105039668	-0.155947398066012
3.61830158427024	-0.157713801904586
0.0169650083295112	0.0133596611585276
1.58853074681933	-0.0946358335096143
0.261295611635581	-0.0474170651697961
4.80858705656663	-0.197922271252022
2.59831853413313	-0.140410699549482
0.00811000672543706	-0.00901518436890031
11.2266350273095	-0.353377605749722
0.115883518773447	-0.0330182379499181
3.48894034677348	-0.190405625925952
3.83630185219268	-0.190203641594335
5.44929369253322	-0.209917361078612
2.41915381464424	-0.15495235312207
2.11044845984573	-0.172792719984723
0.158513250117715	-0.0318313393380599
1.55367751573828	-0.109722314832994
6.64358197258179	-0.259011357919182
7.85975407517066	-0.283129089621687
1.90856331165723	-0.129047170689809
0.710266083363164	-0.0804066201501372
1.18775270454816	-0.116042636204177
4.74618568890248	-0.194266540964434
2.16696618026503	-0.136119693683004
3.38919610250292	-0.187739069307165
3.78665413617326	-0.192333532328223
0.0107649966345455	-0.00880013379578907
2.17578124934675	-0.126215118340046
0.21129269402036	-0.0434110651676313
5.2083038287472	-0.227173449396086
3.85553653205588	-0.1889291969546
0.267956224218842	-0.0477087011597363
0.0456687840649936	-0.0183866271076368
0.99021296541646	-0.100572546996959
14.7540855579588	-0.393318494753829
1.36371218347993	-0.0969593885387722
6.83487189858189	-0.284919117606262
4.28343412833409	-0.20304666858333
1.49630667387541	-0.140562603821009
2.21785414388563	-0.155594089538732
1.82488556334586	-0.145726164494314
2.13009837236843	-0.119386507938296
0.242659576472664	-0.0436843758993705
2.98766907251661	-0.149314201237028
3.09969568221221	-0.159082814099213
3.86161472169423	-0.174624595383005
0.0804640953018732	0.0289401057140379
0.135221130225723	0.0359712539359136
2.38471892484455	-0.160015338794617
2.16200626590737	-0.130012147642851
1.66540974993132	-0.117302364131335
8.17262610373464	-0.286745777650102
2.90710422937632	-0.186535464253222
7.23751799663782	-0.247158738201101
0.289299022768742	-0.0454283377656725
3.60234262033236	-0.195363427376519
1.906989864123	-0.118749872396965
0.116899116402459	-0.0305217139176423
0.00107477079395016	-0.00332793337630391
5.84376847193497	-0.237807799402548
1.3131858737242	-0.116367617575398
2.25856237541738	-0.162620326576106
0.804054394329513	-0.0898247696307195
2.02416739442905	-0.154652218239117
0.545259276244512	-0.0728591910052745
0.220764399494392	-0.039511050412105
4.30404755891701	-0.203247420971788
5.1275140201391	-0.222177705532659
0.0115135639023079	0.0107862423867315
2.49637860229763	-0.147143034936907
1.34690574585473	-0.120803541405268
1.43393115001463	-0.109252769596875
0.0940468993110006	0.0309201669295507
3.81422800175075	-0.164856559828834
3.38672963029686	-0.14487279403811
1.89830100874154	-0.147185300055301
2.64406782683284	-0.157950841712983
0.204316942267635	-0.0409492428432901
4.66028323239309	-0.204403674301227
0.229151226291114	-0.0455891818314146
1.80381774765733	-0.114349962252974
5.07676951851345	-0.178721752727034
2.34707769516018	-0.149220271517127
1.07904541733243	-0.102267769353606
0.358689634688997	-0.064553320070044
0.0306156252691452	-0.0180664324321552
2.93251965322786	-0.158273062725165
2.40939641378124	-0.153652858424439
10.0590120452159	-0.29030926159744
0.144405078293734	-0.0334601769284315
12.2147675708869	-0.342825485826625
0.2832852323172	-0.0422167365693097
0.00689683728140063	-0.0070637415930444
3.14236705020703	-0.157227151747648
0.313871468673294	-0.0625814058775229
0.846640113243746	-0.0735540167400513
5.68905238085386	-0.237797187855817
1.01993079543678	-0.103664100430148
3.0750531415061	-0.171521801647402
1.00168616634961	-0.103686394919443
2.04000500998414	-0.131974769588094
0.886262049638775	-0.0907858727970131
0.0507460662487361	0.0212486131415771
0.00299236443489251	0.00526250760641634
0.000874345373456621	0.00249114287642591
0.268946418700186	-0.0514277820617835
9.74024782049002	-0.296294485248924
4.88910259412808	-0.220338872516659
2.28905935185967	-0.146448199444509
8.06145328558048	-0.282331632916852
0.529340170415097	-0.0661789933700403
3.87304951240527	-0.213813547593273
2.84741827701096	-0.1628017655821
1.02864160237381	-0.0884923319481181
0.0901662155850937	0.032510122710719
0.826625788488555	-0.0821395313368881
4.78814553506291	-0.231425211435444
1.54294833009391	-0.104824990258137
5.85237271222546	-0.277767980226054
4.38728619951597	-0.194333591698318
10.8483830482911	-0.278126986765389
1.05889083062379	0.0861751552388502
2.21778767145927	-0.136756198053979
2.45126639707401	-0.17605757747153
1.08267371379037	-0.117486413061316
6.97787205326493	-0.218725850865707
7.48176966214959	-0.267199862114354
2.82896293197693	-0.163340563660672
1.1262364636957	-0.0931746033866372
2.59849966654135	-0.171577935574131
0.787040201110352	-0.0904579591620448
4.07306777678047	-0.184579849388346
3.59572191426515	-0.157842964317751
2.59522689260284	-0.150353365642829
0.044507576969227	0.0176790997055777
1.45176534330948	-0.117927643345453
10.4881110675521	-0.280363371919816
1.93950256396379	-0.125226730308903
7.53915810202194	-0.269682362037118
4.29300860612093	-0.183849308186656
0.145051097133802	-0.0359545797330906
0.735226215822929	-0.0984242119445604
3.08397839832146	-0.169897310954157
2.31758137753169	-0.149576507809279
1.42139307805863	-0.120394842655815
3.38101460729693	-0.159144408382571
1.08900929249002	-0.0954223045398105
4.01245787336893	-0.178995924580346
4.29147454500453	-0.186101414939258
0.454634680483194	-0.0638997466661013
0.19129897249005	0.0388145183086291
1.79176915802012	-0.115465510346994
0.401713256488557	-0.0611619085383262
1.02651303053498	-0.0864789013492199
0.709207728130257	-0.0813912877594061
2.83825777782851	-0.152754527281741
1.7369317079649	-0.120510439906976
6.73760883286482	-0.247696321293052
2.40438781894223	-0.165842424224286
0.228357107135062	-0.0477117482384444
4.0879467248643	-0.196064935894378
2.56676629451026	-0.144216217713212
1.81274001249194	-0.153498664239529
12.8854195708508	-0.37194052831048
0.0625778883614524	-0.0246910030381705
1.53172771499586	-0.118059474296778
3.4257135030925	-0.1468914283442
2.70091290086031	-0.147000729745517
0.262631393157624	-0.0465878256549709
7.04566128795045	-0.22791967822652
1.33853057431175	-0.112351310305878
0.525087518170319	-0.0789215423466161
2.36132613565101	-0.146997945435228
0.790140139553188	-0.0944083103652017
0.487826567023397	-0.0667282101496548
0.109394274945585	-0.0312950952327819
7.87145783154972	-0.262814199755897
0.111489576356022	-0.0301678772222661
0.0663685011842707	0.0254907754166033
0.995817642901805	-0.0879543153006139
2.92486095529012	-0.141252102734086
0.0555996657210341	-0.0254640299992029
8.16401210155131	-0.254268334267178
0.588980094575751	-0.0707788415238745
1.29203662188882	-0.122402215589051
0.533905938660838	-0.0669179143697771
5.90505308841941	-0.209629457703991
1.71892254884183	-0.114728880229982
1.14128706846675	-0.0865512286749434
0.601469456378918	-0.0816362557938274
1.97798153514869	0.131844456513997
0.748164080963127	-0.0778269954547957
0.53429281803479	-0.0725023934655449
0.000173815336182282	0.00135674096993292
0.251233982793934	-0.0529033526316421
0.106811297574486	-0.0352487361804238
3.02269296791646	-0.159600911961663
10.153730725463	-0.280641311226319
0.264782506729102	-0.0511559183088909
0.216462135917684	-0.0432847704974169
5.28611996598475	-0.196224881490864
6.51952785916733	-0.198644198684911
0.0669029496512269	-0.0266918591618707
11.8354345831965	-0.344615872654762
6.04751197211457	-0.240179907149395
6.26148765265239	-0.210936465458127
2.64057889871573	-0.150320541355101
0.623573299686447	-0.081008510071632
0.252963645464364	-0.0513151962193611
4.38090226619993	-0.205077074225236
0.0317807599492211	0.0163739384150585
6.98598185102181	-0.249210518261649
3.76175753854183	-0.172223444992475
0.141475789542024	0.0352882999446342
0.36959652625606	-0.0500679472870126
2.3975255609327	-0.161697314755759
0.139163483211519	-0.038500841493234
10.6346416761765	-0.265444372385928
0.024483122013435	-0.0147317295898674
0.290212682576134	-0.0627655777225568
5.4904249060696	-0.18338999724431
2.71601227660325	-0.159521691363414
3.26716836356557	-0.177208733975497
1.16432947307633	-0.10233245060978
0.214154139681619	-0.0449808618134205
1.91260556757717	-0.116808737939213
1.31529584510798	-0.118299268466417
6.75037233649289	-0.253506656427396
0.0326061278019212	0.016367284115055
2.35467006502929	-0.150331610236806
2.57265103617605	-0.142145460824005
0.9922174553682	-0.0997977463942539
2.87762289287116	-0.151478310382652
1.44234998887456	-0.125211619635432
1.69047239287036	-0.121684860466335
0.543690634201885	-0.0626534638535727
0.777211389847136	-0.0820805873782982
3.53990618404484	-0.183092535493224
6.08110358958263	-0.251125606062044
0.0414310089537604	-0.0203266172282411
0.651893942005876	-0.0795106609870819
3.18091730238488	-0.194389495419602
2.03364766163246	-0.137708702751493
2.50054773208343	-0.127410909952685
1.11098813207425	-0.103330052029891
1.88888055233591	-0.132182121556001
1.8982020262606	-0.129213849144582
4.12489997901228	-0.185897274735511
8.42840146574989	-0.274317757172629
3.38699192956481	-0.184160755925887
0.000600274421840718	0.00242541595898892
1.217781800361	-0.109830649260605
0.172547630690885	-0.042425788887561
0.0497722196393023	0.0233322497108501
5.23021389756898	-0.21055640804236
0.759054395198533	-0.07657497119739
2.14770021113562	-0.128590799888994
0.521767650918041	-0.0691388147712501
0.114310650611642	-0.037708869249603
2.78883471298012	-0.157081331629167
0.170234015007682	-0.0347865497114997
2.41905762062049	-0.135356453231136
8.10177141541164	-0.293892837360607
2.97566987400495	-0.154261948538442
0.0394918043031684	0.0194736478976239
0.220582078075371	-0.043918566722385
3.85942717589112	-0.176484259182543
0.974828166861146	-0.101980131856397
6.25598818949765	-0.249931155704521
6.18437458878602	-0.258401287447816
0.28380934789489	-0.0506207350303737
1.74734002410975	-0.114025287170462
2.80621196615703	-0.194037792911037
0.729668442496717	0.0902869779646573
2.247617940476	-0.14763933790166
4.67111144756674	-0.210629622262497
1.93307847617219	-0.110951965378362
0.897764941341467	0.100710135438908
1.99098463675348	-0.146289792613062
0.4473214987061	0.0664097817944112
0.182152221033732	-0.047178789244205
2.71234434391815	-0.14536143299625
1.42574087689637	-0.110041081527463
1.20494166999482	-0.091037201939364
1.82463239504526	-0.128702947116181
5.59103757550519	-0.245303678096286
5.15795582518639	-0.198366544657462
3.43219686057081	-0.168560684495733
1.27176031533005	-0.113790234752048
2.77475852524259	-0.159963731665208
0.160009978518138	0.0411189743393571
0.695382923225445	-0.0769833220255864
5.70306154469139	-0.2315145138836
0.289535676294544	-0.047884724824319
0.545202432681688	-0.0801074638008041
2.19238136048932	-0.136315099869635
3.92939130485554	-0.18186520061131
0.122129892290344	-0.0317065763939805
0.586655019955719	-0.0811517172176643
2.26742439880921	-0.144530070278533
0.794493080841945	-0.0886143565121772
5.42111896516785	-0.190009230897598
1.1134862860839	-0.115348625176916
1.35216664699953	-0.120136399777132
2.48777231077745	-0.167479553175121
4.94180831539826	-0.202258951176914
0.848620210166233	-0.0902894899233109
1.06892480720122	-0.10278501379214
0.239915862152661	-0.0572940746722985
1.50045998104875	-0.129919068271357
2.93910080790052	-0.172031584225257
0.179400213736875	0.0454582082389687
0.192557218086588	-0.0406252302263994
4.47134939341629	-0.213859121450815
2.77629241308232	-0.149785134046352
0.232263870933759	-0.045255592167575
5.16965641342394	-0.213148169512091
1.0785784296816	-0.0925532836112438
3.82795481921545	-0.166195098147058
3.0615506784356	-0.173836018269103
0.26998736451205	-0.0446526967831342
3.5858756355526	-0.189783925747402
0.716332707040447	-0.0822678513014034
0.922144407104044	-0.104286107805168
0.0591076236633112	0.0250996675113836
3.91344724934804	-0.20173377326183
4.89826434266958	-0.230807809332818
0.00402700425211099	-0.00554486565925657
1.23407762812076	-0.125041794114496
0.460475171628586	-0.0644523147736253
2.00036747153008	-0.12459890386894
7.86605492333762	-0.247912885395796
4.04460844491607	-0.205206209825945
1.71430364356526	-0.122840207299174
4.64748654908959	-0.19505917938194
1.42805092798027	-0.108801408239391
0.68510578002914	-0.0804862134699876
2.55478640657935	-0.148176651776138
0.841535929079953	0.0875452791301356
2.65346924774748	-0.145795173445616
1.39100751263372	-0.11365354276144
2.08271352788427	-0.122549372973418
0.46087880705564	-0.0622301993057344
3.5707973624428	-0.197420615727454
0.667903123327073	-0.0791624461126109
0.470726824641748	-0.0572221069485098
0.0329849861542061	-0.0179095419269776
0.608611423329584	0.0697779422222755
0.994662404896962	-0.0985413880322866
0.0658000978288232	0.0248106896988778
1.27055994522828	-0.0946942212549139
0.109663313418679	-0.0326956686832527
0.720362351896314	-0.0799557731060859
0.0337220183503067	-0.018658619126491
0.133762709560701	0.0302485912713371
3.48161892126838	-0.172494287149593
4.38849208007079	-0.187439110227474
2.95713273960839	-0.165724628640806
0.0698408900141591	0.0244206818781952
1.96614028975353	-0.135531078306547
0.15250431034336	-0.0401253394523842
4.84372574235144	-0.184728792174673
0.688252993484566	-0.0711900810440147
8.38409210774674	-0.245890347020214
0.184146334239082	-0.0383480329526174
3.83889297400975	-0.206045611890645
1.59199963966046	-0.121439893783168
1.39666620464477	-0.111265229577555
0.206672194230128	-0.0417163548537444
1.76551513302759	-0.126486329715622
2.34090653635499	-0.159701643638743
2.0015995072569	-0.131401378252786
3.04981273982438	-0.17714554602748
0.005362637704075	0.00569418507778916
3.50351232520356	-0.174794255225947
0.0793810495112488	-0.0278354260500841
2.33322110217444	-0.136640017520198
0.196772713406001	-0.044385764010242
3.36072235010458	-0.16918680746224
1.91858499148336	-0.14237936604548
5.89762223632474	-0.23735933511805
1.63462099657566	-0.101981274020664
2.65494706156064	-0.136846509865798
2.53270777182826	-0.148535900587189
2.09007602214474	-0.122341486275898
0.87019941117969	-0.0883185977107527
1.74480867417002	-0.139901594366653
0.593385200863152	-0.0692032086869215
8.49562552194647	-0.246764689757493
0.452997425572069	-0.0632340665110118
1.75711273837104	-0.121539243386028
1.67209313367354	-0.137715372809498
0.528651676878432	-0.0625734642232751
1.07620340184362	-0.111343662277211
3.10839540869198	-0.170857416463587
3.06659006991974	-0.184330364619984
3.51767831842104	-0.198061954735043
0.715809008692737	-0.0787061296427217
0.0104502675107779	-0.00959749078764593
5.92701080754786	-0.233196367827937
2.0782771374812	-0.121054752118123
3.74265167135838	-0.211675800017883
2.61426716811012	-0.166366283883079
2.29157893079117	-0.157490799420083
6.97088094659926	-0.273307049230932
0.203579028492694	0.0440296280182796
1.00595394495692	-0.0995123265285708
4.08644794472259	-0.185500176632937
7.74813078300477	-0.226918346115913
2.63123338730242	-0.155657062588707
6.12085420745465	-0.220265087919699
4.20231854179052	-0.191962017418177
1.79163061884602	-0.125006235930765
3.67771500381514	-0.174708187880388
1.31877306049944	-0.097818571288996
0.346176898284541	0.0639635782539792
3.63777492506288	-0.193908047458818
0.279990125171333	-0.0450748147910208
0.0847906418984946	-0.0273499684297899
0.0105154686066605	0.0100917832912183
2.20233426759526	-0.142007079245204
0.853436790633409	-0.0911573376433605
0.00821221308825768	-0.00932142217239918
12.2219809888315	-0.303110734603429
0.876000664598649	-0.104066762260655
5.40274637850821	-0.23314498587455
1.37016010102798	-0.109532683231072
6.12336506747521	-0.205522923344577
0.306528011116545	-0.0541764434116486
2.07559692835101	-0.151453700086368
0.273707770965564	-0.057718575578446
1.52354267009978	-0.13549979663285
1.82107150245467	-0.112456836350137
0.270687386750505	-0.0505650959576016
7.73535042238435	-0.24680331247801
2.36800704642463	-0.136098627763637
0.744505467804838	-0.0696909084440879
2.14743489678746	-0.146813209651327
15.0384143601113	-0.349727143866727
3.59114617326281	-0.188206552377991
3.29003313990883	-0.177876858502324
1.0166391216611	-0.0920372376033193
1.26611024314829	-0.112192111890093
4.58639930250488	-0.198339102872511
0.0503399316654779	0.0207025438030445
2.77061682471531	-0.15505384242848
1.94395531630172	-0.121687714978725
0.926838426543071	0.0906787358220144
0.551673517017298	-0.0643919186317031
4.4258960235225	-0.20742734493189
0.908896109418334	0.0858627834008342
8.76335818191868	-0.227111176015419
5.62852730413564	-0.221866318408875
0.1456041890093	-0.0393928703787623
2.84452487610907	-0.15237997903402
0.0176495183825419	-0.0134569045480326
6.75322323604292	-0.282897252058747
1.40845856593516	-0.140963047471348
0.0147172937608258	-0.00955584715006093
3.59019261946528	-0.1955852598155
0.57615595937047	-0.0665429927624834
4.81113038983168	-0.225458677662292
4.4715952237926	-0.203116951050408
4.53808652540862	-0.205800015053949
1.09353342829397	-0.105432906414019
0.00297749309019252	-0.00577801580849498
0.313626961663966	-0.0577572455783653
2.05622882880433	-0.134128415027398
0.00376357289354615	-0.0061330546485085
0.296166878887215	-0.0518438527401675
2.20961357907541	-0.137066178897456
2.34315700743376	-0.134407678115322
0.191789109231131	-0.0455845059933238
0.0282502786013939	0.0158840902937566
0.383922335668099	-0.0644730837479105
5.37385528953955	-0.213489568294147
2.38890459451142	-0.133368604343052
1.20631163665805	-0.117743737675292
6.38320806645099	-0.237339135836731
3.0084718426104	-0.171803562480001
3.31136304562025	-0.176417302539385
0.721120245842762	-0.0898288779418557
3.23509034776501	-0.160410442042944
0.952247963655012	-0.0859651822027817
0.127253518304802	-0.0372805829765075
2.31761946598687	-0.127920342889693
0.369840606603918	-0.0572941798494403
2.66935219457145	-0.157323969394979
0.253208885047891	-0.0426614810459653
9.68132817897962	-0.277383532633444
4.35308839278292	-0.181712016634439
10.4210912609974	-0.249448399813116
0.218833259302597	0.0366953920139171
1.34822654806224	-0.0999644802779425
2.91006219546501	-0.176797770239668
2.48181011989963	-0.173152985891177
2.3281337891338	-0.121097071440325
7.85611285188462	-0.269687532628971
2.82286326634354	-0.179017150250408
3.02986613529248	-0.190640547964836
5.097152119194	-0.193632926302794
2.31642971514734	-0.141649800827331
3.21139094992385	-0.156598800994955
6.7842233696887	-0.271882324886015
0.916443897462583	-0.0859184645890139
3.05133626093938	-0.146315557793825
2.40633263031709	-0.160146728577031
1.59528650468996	-0.101653210999362
1.12207923327222	-0.0844240040199217
0.485101898844697	-0.0780603278768761
3.06302856991077	-0.195132116671812
1.70182798522113	-0.1231576527062
0.718331163208518	-0.0784101900463442
0.243179364568954	0.0477379208628798
0.668642070860407	-0.0854064526718656
0.37453070427605	-0.0502009396697455
2.57274734927748	-0.159461648059809
1.56777368107622	-0.121446040386419
0.348017159283687	0.0577870724805894
0.023821058720793	-0.014559413772766
5.06533588586858	-0.221687490316328
1.30496630212311	-0.116233091028393
0.000789001362891325	0.00261792783023187
0.00361958133785743	0.00544201660383573
8.33828610855653	-0.273062636579178
4.26086989472932	-0.211914336636814
0.383256592894899	-0.072537626165994
1.39047879330496	-0.118703987595554
3.2482335609642	-0.19010320548114
0.00412100242558461	-0.00702258974381732
1.29418212573671	-0.108567349937381
1.41459798133424	-0.103020389759991
0.155875590838458	-0.0389386419487131
3.72917677307497	-0.196282412348811
0.00706651974298207	0.00798898093809455
0.0464969319260798	-0.0198107773476516
3.37994487073329	-0.207359086865695
4.57747079069357	-0.235112897557436
0.209030658156606	0.0419090956651521
1.90612070468194	0.127314073126898
1.88523845179607	-0.0956158702877129
0.0935717842334112	0.0284706885801333
1.10892929875018	-0.095898263606427
0.00112728196309772	0.00312784087302658
0.678969805421377	-0.0863778916383241
0.544963496051579	-0.0773051482215224
1.32539770012134	-0.109650122292932
4.17779533503187	-0.17729245620721
0.506419112205485	-0.0594998746601867
0.0483754528185867	0.016714624174956
3.08199183077309e-05	-0.000598443873900134
5.64300888213259	-0.238276081743519
5.36405008159339	-0.206635449951133
2.04112205736365	-0.145259381352938
1.90838347985424	-0.114634780056457
1.82089023816303	-0.137380738308928
1.52727750906593	-0.130992483588033
0.361745938268619	-0.0559121322790564
5.07707852652446	-0.1956789462193
4.70696364591778	-0.214225735880069
2.25031017203338	-0.149275745470234
0.000424007891652548	-0.00181198659333598
1.38367997709676	-0.0972629538526126
0.0398767893346418	0.0189706184896955
1.79179659014048	-0.12616799431007
0.660366616025524	-0.0660475356793571
2.72465597055231	-0.14164886758655
2.07317929332488	-0.136865622427385
4.33286238575778	-0.205198873249153
3.65104567979568	-0.185302028205021
0.866196349409718	-0.0733466440484981
4.62079691966568	-0.221093810172934
3.78237860994724	-0.230748889099711
0.147354344245333	-0.0311890372619196
1.6739308009197	-0.143090007762004
1.34639643384587	-0.105670004915461
0.53658587685918	-0.0618795766651152
4.05298115602425	-0.197283582220154
1.23991290371127	0.0938157099619207
9.49598082466736	-0.313710932294439
0.000231165237453291	-0.00135843633536369
1.209578609878	-0.109812210512648
1.11758267154008	-0.103801562738454
0.790133264953715	-0.0823835318939062
3.37545968327919	-0.207884852356987
0.255364871951288	-0.0534857295650129
1.66128849116858	-0.11515252073648
2.85907009265088	-0.174589908741418
1.58081234449403	-0.142418519337004
1.8203381915572	-0.136614279771768
2.62514236289848	-0.140937669484419
2.25511159152057	-0.131769329264414
1.36416979484793	-0.125277537796744
0.323925615088931	-0.0575570788476748
3.28271574649442	-0.19643981644773
0.572227523725017	-0.0733180561065661
0.0110452447689184	0.00896619084403839
3.34481762298775	-0.130467752834407
1.91355651134205	-0.149755077916554
0.0616321760974649	-0.0224186014630956
1.10624505663385	-0.0911034579354742
1.96567264819122	-0.135609515559693
2.00259727365015	-0.145945057700658
1.75082202745059	-0.115847105411327
0.554043336256703	-0.0619829072740829
2.34717795372561	-0.145778245430093
0.352138733385067	-0.0573502835445826
2.47211663934195	-0.173440068462172
2.04004712175501	-0.115492997139085
0.313680218282773	-0.045038420121764
1.09605605980888	-0.0905144067323459
2.15964848415384	-0.134812726831244
2.03869925431158	-0.14552300080194
0.806165869307648	-0.0928194144913279
0.511461885519069	-0.0620956408006645
3.86475004048948	-0.222749482313058
3.18071954845291	-0.164975928896943
0.324696452169594	-0.0497061510219284
1.42823769368738	-0.108245408535437
3.55786448982871	-0.159445890948325
0.000744044207972573	0.00318744237137399
0.349628524889447	0.0586422237312485
0.378953884956609	0.0508790607918757
9.48218425247175	-0.268245904652892
6.70235443197577	-0.233859787927133
2.01618002124372	-0.139474936611302
0.0202435446693638	-0.0135816079592587
3.64205285379029	-0.178677462981037
0.61209964985248	-0.082095660547852
1.33685260440867	-0.0939488920703632
1.60439379780322	-0.141264830753356
3.20492678282377	-0.179035957475195
0.0816719615958969	-0.0275514997231152
4.64139917175617	-0.192368891570067
0.0127231885822345	-0.0113486093315972
2.24686745859257	-0.126301608066281
0.237286799696973	0.0395527654523596
7.84103759405925	-0.302821720432918
0.183736300540604	0.0501235903585097
1.2206876896852	-0.10861314589319
0.146080190827016	0.0376700416287258
1.1283554546444	-0.113902404132747
0.820510232560145	-0.0859651827279058
0.202427777219628	0.0448356579713938
3.4715649510661	-0.218904786547212
5.29810620113251	-0.233872531004551
3.45040183498201	-0.162418421389579
4.53759275626601	-0.238092557375486
0.0385631066855493	0.0193931894748006
1.05318239277722	-0.10302230779723
2.07896932695727	-0.142740686700594
0.00830357318492054	0.00871174561396959
3.40759059376522	-0.180401153908362
0.0763454801965133	-0.0261149476954995
0.0532366116343412	-0.0211747633364498
5.1024450539437	-0.20153656313028
2.59397228755516	-0.150618358040154
1.47272523086477	-0.117120997734971
6.47639430405291	-0.215890264827741
0.324259452281234	-0.043454469639498
4.76864005990099	-0.202094287698208
0.756471715592795	-0.0765373666174048
3.73493221596246	-0.194497394769989
4.67119772500275	-0.200603387989935
0.471182150213164	-0.0657764501621729
0.234585726756248	-0.0436360181649249
0.00558939548865298	0.00769124973194562
5.43693946887548	-0.209945505710116
0.0171675567273792	-0.0138284157625978
1.32285965285088	-0.110182138332557
2.59909904866057	-0.150541467317171
0.962580180507487	0.0785135708151172
0.194543156811582	0.0465500771569353
0.0261248644028519	0.0163882708214356
3.47915212200295	-0.173669378117074
2.81908925445875	-0.151325985187059
0.452934532828455	-0.063566389167626
0.0765292761992539	-0.0266325322830299
0.432118125313488	-0.065279916218384
0.387007829910549	-0.0623633347254724
3.75691057400422	-0.181044566039886
0.150109904721816	-0.0393444618885714
1.9197459369453	-0.128913433439541
2.74092548593055	-0.157671463678131
1.42007589759137	-0.117511250795746
1.87092613099309	-0.153648010468219
0.00276489998659498	0.00476498726154398
0.980876754433698	-0.0906083264830392
7.25241850031004	-0.233913077357965
3.80218913688831	-0.196136041261413
0.275532654681397	-0.0515988852835381
2.35569314217469	-0.128908977408898
0.773893786453042	-0.0779113738423638
12.1775007943269	-0.249634879119661
6.83606201510855	-0.259557081598996
0.00156347558287496	-0.00382169673698248
7.59621280882427	-0.231722801369656
3.59348443014841	-0.165798053497522
0.313130375338602	-0.0517745177091465
2.82480209985907	-0.187366830099621
3.31486377451458	-0.176743419859564
0.701860199404149	-0.0675867410470818
2.54687666198368	-0.1377206817456
0.200249391492613	-0.0441277059290419
8.84274507105913	-0.309323445764866
1.93368370492131	-0.138220387906375
3.11698790897191	-0.151971892903251
0.0162204358785748	0.011748264202486
1.91418062803339	-0.146892578884312
12.7093679386834	-0.34452914606706
2.83967823331062	-0.155342831679438
2.96897033858802	-0.140891533643978
0.513720640390476	-0.069429318970197
0.049814943313593	-0.0267351276212383
0.117264716691513	-0.034789700966684
0.0206096669977638	-0.0138163025031377
0.501856403139048	0.0754952257193214
0.325313380478831	-0.0581842965252686
2.6912136611012	-0.138297004617699
0.948024082440413	-0.0841107766734124
4.71723494718091	-0.200672602808179
0.936939137550136	-0.0864194865993341
2.48988543403822	-0.138691149275916
0.300644794959732	-0.0539768538631285
1.45113750439451	-0.111902612718912
0.0411230094708904	0.0154441901667838
1.56394022453267	-0.116785680695413
1.26758442872058	-0.117090381804148
1.0102278095149	-0.0853782058738814
0.534025817765955	-0.0665466292840341
0.0308296209453504	-0.016563755111931
2.58020042527979	-0.15463810742927
0.151094368034853	-0.0348067704788796
0.364285021233921	0.051514373009343
2.04673122712084	-0.130110418922809
1.09299955203454	-0.0966951307860163
0.0797224936395653	-0.0286417466239096
2.32372501924967	-0.131218099367149
1.68810582607293	-0.134101958513037
1.5413950930249	-0.119643020284889
3.30673597207039	-0.182703993567716
1.48879189017735	-0.122274472786088
0.146703829239944	-0.0337854957440262
0.0570739934870876	0.0247113891614408
2.26622309562275	-0.145367911526072
3.0196786518174	-0.154993590247158
6.41407600664261	-0.275090013493431
2.0174815762941	-0.145664529232392
1.86839273329422	-0.124560239684316
0.0274543836803198	-0.0151488065446992
2.6366132563497	-0.144243551163143
3.77337938024824	-0.176827858212646
0.00559918850112048	-0.00812588602320188
2.10636349739705	-0.133156972027769
3.75610014443724	-0.163376628173779
1.74429022532589	-0.136524132489275
1.39340251819424	-0.117288750618708
5.79745053634035	-0.197045900128494
0.415929247754943	-0.0722575086470522
0.0916676016380408	-0.0282470520886996
0.303664812415028	-0.0558761781957021
11.7373312700225	-0.271385506340082
1.85190065173376	-0.117024356169398
1.2393618252913	-0.102041611680775
2.34392801162941	-0.139439594805075
0.392367667447369	-0.0633054735725652
2.49866369178917	-0.125078957139
7.69610634952846	-0.288159343620357
0.421981992975374	-0.0600507547891794
4.80951972124457	-0.194370712438116
11.0982430338583	-0.256471188448455
1.58284116703893e-05	0.00038888623439714
1.28392524280064	-0.105485049433861
2.08160649408242	-0.136905187057311
3.32125374356259	-0.19140280911997
1.18363953731391	-0.10501386488645
0.0345127550621632	-0.016019018139104
4.90637394175513	-0.209048246458973
4.61674993162631	-0.207231454799045
1.91648208830503	-0.140632931980191
0.567098683008986	-0.0775403155697096
4.90560389586646	-0.218586501295807
7.74877143470693	-0.240231247765697
0.414428182865799	-0.0627593730224627
1.87332362364507	-0.10974517911715
1.51796495917836	-0.112279637232376
0.291854569574969	-0.0496274675904509
3.64637280932624	-0.188436453839768
0.970303501579246	-0.105846357893091
4.15446049263625	-0.192999244913385
0.872270672084952	-0.0939893033516963
0.570194309555118	-0.0692900994743862
1.00030832209562	-0.0836249614273577
0.242799196835977	-0.0444917744395062
2.45942659980154	-0.153620006644303
3.85951739393264	-0.168846644314245
3.66812023167273	-0.177122451616888
3.36263478783254	-0.157141264152494
0.885164439243541	-0.0922480805396144
2.94350120710057	-0.160226228848369
1.26859310564204	-0.100792446313139
0.00592786310455781	0.00771463730220777
0.646519038003847	-0.0868323074018662
1.40906938561304	-0.110572071332185
1.22506888582702	-0.0969591617325572
0.373128121102292	-0.0573864667375674
0.010996968483508	0.0101646742253722
2.46443675369868	-0.14566267871716
3.16868387676752	-0.162938197556141
3.36285598533267	-0.138266612971267
1.17065753994264	-0.105015683968787
1.38966719651912	0.0947259201834557
1.07780717870693	-0.11232420331657
0.040923249810133	-0.0174135802079266
0.338519569908357	-0.0537045628097588
8.90716514684975	-0.28546546556859
0.371009455050478	-0.0587475315110688
4.51105675397943	-0.230853337382093
5.68284666905708	-0.2417818382902
4.88599501829493	-0.205877901977587
0.972033954638752	-0.0937776027741563
0.586380292549501	0.0818225874174336
0.150785640809456	-0.0406882562631178
0.118955839258884	0.030321143893543
0.0695904042650477	0.0240829229092295
2.5958330262404	-0.178379948635546
0.612089362978776	-0.0795476561355151
0.4047671557191	0.0618731449609783
0.00768849130851547	0.00812463848208684
6.2292629899295	-0.248318363451431
6.24265757398162	-0.22765572767873
3.12289344307449	-0.158265926455661
0.559401278966953	-0.0647565809353082
2.13217435207187	-0.132773395961109
0.168872828387863	-0.042877003715437
5.45198726281118	-0.248733582833364
0.490275610968993	-0.0692092901714814
0.605593473202263	-0.0736339916862722
0.884910626432302	-0.0950249691265866
1.52024967408989	-0.129641985691303
5.94103506070446	-0.204794596650167
0.914778638681301	-0.0806528018849646
0.0947863100563131	0.0347909121239758
1.18735189532108	-0.1007175900087
3.09170179657942	-0.154156597546642
6.71400325861056	-0.293002103662455
3.1543883398841	-0.169037925937855
1.32699013078323	-0.0994402430834585
0.120287261590734	0.0354025089388563
0.209216645413534	-0.0386290496971106
0.0807658003252376	-0.0243201013935639
0.368226018717547	-0.0663401219002513
0.525582022226502	-0.0853146629266389
8.97841364896272	-0.302028850622796
0.0538863290766618	0.0230581584321983
4.62400897946647	-0.195357558374059
5.1580629945804	-0.179529492917684
6.0142504525996	-0.218280388487605
