Seq	Ka	Ks	Ka/Ks
NP_001291322.1-XP_011073098.1	0.381283	3.20911	0.118813
NP_001291324.1-XP_011082966.1	0.197067	1.03741	0.189961
NP_001291327.1-NP_001291328.1	0.351105	1.47195	0.23853
NP_001291336.1-XP_011080043.1	0.53796	NA	NA
NP_001291342.1-XP_011074742.1	0.00346963	0.400298	0.00866762
NP_001304907.1-XP_011098121.1	0.128068	0.82864	0.154552
XP_011069376.2-XP_011069377.1	1.26644	1.60344	0.78983
XP_011069564.1-XP_020547210.1	0.147033	0.298389	0.492756
XP_011069586.1-XP_020554344.1	0.0616488	0.310167	0.19876
XP_011069589.1-XP_020547416.1	0.0596792	0.20579	0.290001
XP_011069590.1-XP_011069592.1	0.0638665	0.330106	0.193472
XP_011069592.1-XP_011069594.1	0.228762	0.965534	0.236928
XP_011069594.1-XP_011069595.1	0.327608	0.594337	0.551217
XP_011069595.1-XP_011069596.1	0.225965	0.613323	0.368428
XP_011069596.1-XP_011069598.1	0.149299	0.638703	0.233754
XP_011069598.1-XP_011069599.1	0.267083	0.809779	0.329822
XP_011069636.2-XP_011069564.1	0.059117	0.0983868	0.600864
XP_011069640.2-XP_011069571.1	0.294887	1.27518	0.231251
XP_011069659.1-XP_011069660.1	0.413774	3.42064	0.120964
XP_011069660.1-XP_011069661.1	0.219404	1.30654	0.167927
XP_011069661.1-XP_011069662.1	0.0919112	0.382357	0.240381
XP_011069670.1-XP_011069671.2	0.116435	0.407093	0.286015
XP_011069671.2-XP_011069678.2	0.0789447	0.289461	0.27273
XP_011069673.1-XP_011069672.1	0.103906	0.27817	0.373534
XP_011069681.1-XP_020547589.1	0.0152601	0.0536876	0.28424
XP_011069713.1-XP_011069714.1	0.179875	0.674929	0.26651
XP_011069714.1-XP_011069715.1	0.0253284	0.154031	0.164437
XP_011069715.1-XP_011069748.1	0.150161	0.392158	0.382909
XP_011069718.1-XP_011069750.1	0.006293	0.0453075	0.138895
XP_011069728.1-XP_011070677.1	0.127587	0.417516	0.305585
XP_011069747.1-XP_011069713.1	0.42874	2.59855	0.164992
XP_011069750.1-XP_011069751.1	0.0430295	0.475195	0.0905512
XP_011069755.1-XP_011069758.1	0.441713	2.43911	0.181096
XP_011069763.1-XP_020547583.1	0.350551	5.22801	0.0670526
XP_011069765.1-XP_011069766.1	0.0606254	0.273659	0.221537
XP_011069776.1-XP_011069777.1	0.377819	1.59969	0.236182
XP_011069850.1-XP_011069851.1	0.205566	0.683171	0.300899
XP_011069851.1-XP_011069852.1	0.157529	0.306298	0.5143
XP_011069856.1-XP_011069858.1	0.0394673	0.163824	0.240912
XP_011069896.1-XP_011069897.1	0.293007	NA	NA
XP_011069897.1-XP_011070177.1	0.312729	NA	NA
XP_011070003.1-XP_020553828.1	0.0841106	0.427826	0.1966
XP_011070008.1-XP_020554199.1	0.187004	1.17921	0.158584
XP_011070038.1-XP_011070039.1	0.387003	NA	NA
XP_011070070.1-XP_011070205.1	0.264035	0.70435	0.374863
XP_011070114.1-XP_020554137.1	0.0376215	0.0771263	0.487791
XP_011070161.1-XP_011069850.1	0.469291	2.0431	0.229696
XP_011070163.1-XP_011070164.2	0.180382	0.667671	0.270166
XP_011070164.2-XP_011069856.1	0.0414167	0.207684	0.199422
XP_011070168.1-XP_011070169.1	0.0518227	0.0628486	0.824564
XP_011070171.1-XP_020547381.1	0.180494	0.599059	0.301296
XP_011070177.1-XP_011069899.1	0.263648	NA	NA
XP_011070196.1-XP_011070003.1	0.141092	0.902787	0.156285
XP_011070199.1-XP_011070016.1	0.032324	0.141613	0.228256
XP_011070205.1-XP_011070071.1	0.351948	0.932851	0.377282
XP_011070212.2-XP_020547607.1	0.0677165	0.294343	0.23006
XP_011070292.1-XP_011070306.1	0.0331573	0.0738681	0.448872
XP_011070306.1-XP_011070318.1	0.224249	0.682517	0.328561
XP_011070341.1-XP_011070365.1	0.0355816	0.0145061	2.45287
XP_011070372.1-XP_011070373.1	0.279617	1.42516	0.1962
XP_011070449.1-XP_011070450.1	0.0202078	0.418316	0.0483075
XP_011070450.1-XP_011070451.1	0.00640903	0.3584	0.0178823
XP_011070451.1-XP_011070452.1	0.00684554	0.223033	0.0306929
XP_011070465.1-XP_011070467.1	0.155559	0.509965	0.305038
XP_011070467.1-XP_011070468.1	0.0142697	0.037739	0.378115
XP_011070468.1-XP_011070470.1	0.0196631	0.0510146	0.385441
XP_011070572.1-XP_011070574.1	0.0859085	0.422595	0.203288
XP_011070575.1-XP_011070576.1	0.409265	NA	NA
XP_011070591.1-XP_020554301.1	0.3689	1.97782	0.186519
XP_011070595.1-XP_011070596.1	0.0151798	0.0764148	0.19865
XP_011070596.1-XP_011070597.1	0.113314	1.10839	0.102233
XP_011070597.1-XP_011070598.1	0.0328169	0.132827	0.247065
XP_011070598.1-XP_011070599.1	0.0837419	0.806282	0.103862
XP_011070599.1-XP_011070600.2	0.128995	1.10656	0.116573
XP_011070612.1-XP_011070613.1	0.127737	0.198938	0.642097
XP_011070667.1-XP_011070668.1	0.236295	0.583822	0.404739
XP_011070672.1-XP_011070674.1	0.0404889	0.100862	0.401429
XP_011070672.1-XP_011070675.1	0.241664	0.993836	0.243163
XP_011070727.1-XP_011070731.1	0.127955	0.467606	0.273638
XP_011070731.1-XP_011069742.1	0.0503138	0.0562287	0.894806
XP_011070755.2-XP_020547631.1	0.0743169	0.142125	0.522897
XP_011070774.1-XP_020547497.1	0.458686	0.966697	0.474487
XP_011070776.2-XP_011070808.1	0.113101	0.464605	0.243435
XP_011070791.1-XP_011071255.1	0.293212	1.79683	0.163182
XP_011070807.1-XP_011070810.1	0.715315	NA	NA
XP_011070904.1-XP_011070908.1	0.396575	NA	NA
XP_011070908.1-XP_011070909.1	0.319376	2.28379	0.139845
XP_011070923.1-XP_011070926.1	0.00839501	0.171127	0.0490573
XP_011070926.1-XP_011070927.1	NA	0.138754	-0
XP_011070983.1-XP_011071273.1	0.292472	0.783646	0.373219
XP_011070992.1-XP_011070993.1	0.191996	0.550951	0.348481
XP_011071025.1-XP_020547485.1	0.12993	0.375224	0.346273
XP_011071181.1-XP_011071304.1	0.0194556	0.0930806	0.209019
XP_011071207.1-XP_011071218.1	0.0315828	0.0647942	0.487433
XP_011071239.1-XP_011071240.1	0.305553	5.16105	0.0592037
XP_011071248.1-XP_020548622.1	0.154895	1.06398	0.145581
XP_011071277.1-XP_011070992.1	0.372948	2.59678	0.143619
XP_011071279.1-XP_020553105.1	0.237544	2.00064	0.118734
XP_011071282.1-XP_011071283.1	0.479145	0.91732	0.522331
XP_011071304.1-XP_020547717.1	0.0922228	0.284118	0.324593
XP_011071353.1-XP_011071355.1	0.135631	1.78167	0.0761258
XP_011071425.1-XP_011071427.1	0.078916	0.368918	0.213912
XP_011071426.1-XP_011071425.1	0.0132095	0.0393897	0.335354
XP_011071427.1-XP_011071429.1	0.0732126	0.349209	0.209653
XP_011071430.1-XP_011071432.1	0.079593	0.464104	0.171498
XP_011071432.1-XP_011071431.1	0.093955	0.391384	0.240058
XP_011071466.1-XP_011071467.1	0.296987	NA	NA
XP_011071467.1-XP_011071468.1	0.139069	1.59291	0.0873055
XP_011071477.1-XP_011071476.1	0.0274549	0.113315	0.242289
XP_011071478.1-XP_011071479.1	0.806863	2.74207	0.294254
XP_011071480.1-XP_011071483.1	0.104479	0.682713	0.153035
XP_011071509.1-XP_011071520.1	0.125875	0.459606	0.273877
XP_011071520.1-XP_011071197.1	0.123608	0.483417	0.255697
XP_011071561.1-XP_020548376.1	0.075336	0.211577	0.356069
XP_011071574.1-XP_011071585.1	0.678136	1.79139	0.378554
XP_011071580.1-XP_020548410.1	0.332035	0.492239	0.674541
XP_011071620.1-XP_011071621.1	0.893171	3.87004	0.230791
XP_011071640.1-XP_011071641.1	0.00413561	NA	NA
XP_011071648.1-XP_011071364.1	0.130062	0.374643	0.347162
XP_011071649.1-XP_011071650.1	0.200047	0.502995	0.397712
XP_011071650.1-XP_011071651.1	0.579669	NA	NA
XP_011071655.1-XP_011071426.1	0.00597367	0.0311009	0.192074
XP_011071673.1-XP_011071674.1	0.126514	0.636951	0.198624
XP_011071674.1-XP_011071676.1	0.0401513	0.109922	0.365271
XP_011071676.1-XP_011071563.1	0.0253313	0.0617858	0.409985
XP_011071712.1-XP_011071706.2	0.416841	0.550939	0.7566
XP_011071716.1-XP_020547991.1	0.232472	2.3222	0.100109
XP_011071744.1-XP_011071746.1	0.0279836	0.0751086	0.372575
XP_011071756.1-XP_011071713.1	0.126884	0.390153	0.325216
XP_011071759.1-XP_020548080.1	0.0347337	0.0934408	0.371719
XP_011071779.1-XP_011071782.2	0.223467	1.28742	0.173578
XP_011071831.1-XP_011072114.1	0.0251841	0.0486863	0.517272
XP_011071841.1-XP_020548010.1	0.0445442	0.0718665	0.619819
XP_011071868.1-XP_011072130.1	0.0742375	0.0936391	0.792805
XP_011071886.1-XP_011072159.2	0.306849	0.429821	0.713901
XP_011071935.1-XP_011072173.1	0.312903	0.757489	0.413079
XP_011071968.1-XP_011071969.1	0.122631	0.266349	0.460415
XP_011071971.1-XP_011071973.1	0.525441	2.00082	0.262612
XP_011071981.1-XP_011072186.2	0.0657943	0.238608	0.275742
XP_011071998.1-XP_011072000.1	0.21782	2.60643	0.0835704
XP_011072072.1-XP_011072202.1	0.0792658	0.347987	0.227784
XP_011072111.1-XP_011071813.1	0.044078	0.0909938	0.484407
XP_011072114.1-XP_011072115.2	0.053838	0.13434	0.400759
XP_011072127.1-XP_011072129.1	0.0195147	0.0489494	0.398671
XP_011072130.1-XP_011072132.1	0.100361	0.110515	0.908122
XP_011072130.1-XP_020548006.1	0.10241	0.167552	0.611213
XP_011072142.1-XP_011072144.1	0.205377	0.462136	0.444409
XP_011072143.1-XP_020548698.1	0.10508	0.136953	0.767275
XP_011072144.1-XP_011072147.1	0.208822	0.500632	0.417117
XP_011072154.1-XP_011072155.1	0.191119	0.663185	0.288183
XP_011072156.1-XP_011072157.1	0.294944	1.22058	0.241643
XP_011072171.1-XP_011072172.1	0.221724	0.454718	0.487608
XP_011072173.1-XP_011072174.1	0.226149	0.564439	0.400662
XP_011072179.1-XP_020547986.1	0.0861632	0.150058	0.5742
XP_011072182.1-XP_011071980.1	0.0660211	0.225646	0.292587
XP_011072189.1-XP_011072005.1	0.166698	0.514778	0.323825
XP_011072271.1-XP_011072290.1	0.33306	1.94493	0.171245
XP_011072272.1-XP_011072273.1	0.535654	NA	NA
XP_011072290.1-XP_011072299.1	0.117246	0.712148	0.164638
XP_011072295.1-XP_011072296.1	0.412726	1.68641	0.244736
XP_011072303.2-XP_020548145.1	0.517348	2.32018	0.222977
XP_011072310.1-XP_011072311.1	0.38851	2.24283	0.173223
XP_011072311.1-XP_011072272.1	0.413474	NA	NA
XP_011072317.1-XP_011072318.1	0.0237691	0.0345492	0.687977
XP_011072460.1-XP_011072483.1	0.000966955	0.255533	0.00378407
XP_011072471.1-XP_011072496.2	0.208705	1.42812	0.146139
XP_011072486.1-XP_020547852.1	0.0230801	0.0882284	0.261596
XP_011072493.1-XP_020548062.1	0.305467	0.478975	0.637753
XP_011072494.1-XP_011072495.1	0.211978	0.489203	0.433314
XP_011072496.2-XP_020552883.1	0.182324	0.326996	0.557573
XP_011072526.1-XP_020547270.1	0.189249	2.62932	0.0719764
XP_011072558.1-XP_020547936.1	0.204169	0.445541	0.458249
XP_011072627.1-XP_011072628.1	0.0802781	0.10343	0.776158
XP_011072769.1-XP_011072771.1	NA	0.0363805	-0
XP_011072810.1-XP_020547888.1	0.133269	0.388744	0.342819
XP_011072861.1-XP_020547953.1	0.38456	1.35004	0.284852
XP_011072962.1-XP_011073059.1	0.0472665	0.18587	0.254298
XP_011073025.1-XP_011073041.1	0.0712263	0.414137	0.171987
XP_011073105.1-XP_020548547.1	0.287699	2.56033	0.112368
XP_011073150.1-XP_020548049.1	0.315513	4.1093	0.0767803
XP_011073156.1-XP_011073155.1	0.10389	0.543551	0.191132
XP_011073167.1-XP_020548160.1	0.0908242	0.221417	0.410196
XP_011073168.1-XP_011073167.1	0.102656	0.249195	0.411951
XP_011073208.1-XP_011073209.1	0.0792849	0.324245	0.244521
XP_011073210.1-XP_011073220.1	0.0646493	0.356198	0.181498
XP_011073211.1-XP_011073210.1	0.012951	0.0676979	0.191305
XP_011073212.1-XP_011073211.1	0.0654922	0.340724	0.192215
XP_011073217.1-XP_011073214.1	0.00762343	0.0857048	0.0889499
XP_011073219.1-XP_011073217.1	0.0371532	0.176566	0.210421
XP_011073220.1-XP_011073221.1	0.00512889	0.0336048	0.152624
XP_011073222.1-XP_011073223.1	0.0716241	0.324898	0.220451
XP_011073275.1-XP_011073277.1	0.213124	1.0116	0.21068
XP_011073281.1-XP_011073280.1	0.10852	0.362239	0.29958
XP_011073282.1-XP_011073281.1	0.0205583	0.0568218	0.361803
XP_011073306.1-XP_020548161.1	0.494488	3.05327	0.161954
XP_011073368.1-XP_011073381.1	0.450549	1.50475	0.299418
XP_011073396.1-XP_011073400.1	0.365371	NA	NA
XP_011073400.1-XP_011073405.1	0.399192	NA	NA
XP_011073494.1-XP_011073507.1	0.444786	1.57362	0.282652
XP_011073502.1-XP_011073498.1	0.0413212	0.154477	0.267491
XP_011073514.2-XP_020548345.1	0.305689	NA	NA
XP_011073523.1-XP_011073524.1	0.139912	2.40461	0.0581848
XP_011073580.1-XP_011073581.1	0.0436207	0.0623566	0.699536
XP_011073597.1-XP_011073598.1	0.0309694	0.0975662	0.317419
XP_011073598.1-XP_011073282.1	0.0970881	0.320699	0.30274
XP_011073606.1-XP_011073607.1	0.157211	0.505438	0.31104
XP_011073608.1-XP_011073376.1	0.789679	1.75431	0.450138
XP_011073612.1-XP_020548504.1	0.857319	NA	NA
XP_011073628.1-XP_011073629.1	0.157728	0.478901	0.329354
XP_011073729.1-XP_011073730.1	0.304953	2.17226	0.140385
XP_011073738.1-XP_011073739.1	0.13054	0.708909	0.184143
XP_011073786.1-XP_011073787.1	0.020358	0.288859	0.0704773
XP_011073832.1-XP_011073834.1	0.0822788	0.250642	0.328272
XP_011073870.2-XP_011073871.1	0.0678125	0.125195	0.541656
XP_011073880.1-XP_011073881.2	0.0880811	0.107355	0.820466
XP_011073881.2-XP_011074230.1	0.149599	0.21195	0.705824
XP_011073932.2-XP_011073935.1	0.0332697	0.104953	0.316996
XP_011073935.1-XP_011073936.1	0.0969564	0.285437	0.339677
XP_011073959.1-XP_011073961.1	0.294058	0.616641	0.476871
XP_011074000.1-XP_011074245.1	0.420445	NA	NA
XP_011074022.1-XP_011074035.1	0.101016	0.418853	0.241174
XP_011074034.1-XP_011074036.1	0.0160529	0.246515	0.0651194
XP_011074130.1-XP_011074131.1	0.154447	0.396576	0.389451
XP_011074155.1-XP_011074156.1	0.139996	0.417902	0.334997
XP_011074163.1-XP_011074172.1	0.318471	0.941299	0.338331
XP_011074217.1-XP_011074218.1	0.210031	0.547748	0.383445
XP_011074218.1-XP_011074219.1	0.207821	0.488266	0.425632
XP_011074230.1-XP_011074231.1	0.0138656	0.0147576	0.939558
XP_011074234.1-XP_011074243.1	0.110767	0.334013	0.331625
XP_011074239.1-XP_011074240.1	0.0611749	0.0708404	0.863559
XP_011074240.1-XP_011074241.1	0.145233	0.506084	0.286974
XP_011074243.1-XP_011073368.1	0.0166787	0.10579	0.157659
XP_011074246.1-XP_011074004.1	0.0677576	0.227522	0.297807
XP_011074265.1-XP_011074215.1	0.20371	0.37521	0.542921
XP_011074278.1-XP_011074279.1	0.310572	1.10904	0.280037
XP_011074301.1-XP_011074306.1	0.598321	NA	NA
XP_011074328.1-XP_011074579.1	0.0197751	0.0106584	1.85534
XP_011074393.1-XP_011074394.2	0.135738	0.495305	0.274049
XP_011074395.1-XP_011074396.1	0.00602034	0.109566	0.054947
XP_011074464.1-XP_011074467.2	0.011942	0.0290192	0.41152
XP_011074518.1-XP_020548657.1	0.294807	4.19103	0.0703423
XP_011074579.1-XP_020548592.1	0.378326	0.597872	0.632789
XP_011074581.1-XP_011074582.1	0.0820668	0.102172	0.80322
XP_011074600.1-XP_011074518.1	0.0570004	0.187865	0.303411
XP_011074607.1-XP_011074608.1	0.0831735	0.373534	0.222666
XP_011074682.1-XP_011074683.1	0.480957	1.44206	0.33352
XP_011074738.1-NP_001291342.1	0.168822	0.3153	0.535433
XP_011074743.1-XP_011074731.1	0.138641	0.273336	0.507219
XP_011074803.1-XP_011074805.1	0.315157	NA	NA
XP_011075003.1-XP_011075004.1	0.799344	NA	NA
XP_011075004.1-XP_011075005.1	0.299861	0.860875	0.348321
XP_011075119.1-XP_011075126.1	0.0282523	0.269735	0.104741
XP_011075126.1-XP_011075128.1	0.0123883	0.0861915	0.14373
XP_011075128.1-XP_011075129.1	0.0366973	0.339355	0.108138
XP_011075129.1-XP_011075262.1	0.34683	0.988616	0.350824
XP_011075140.1-XP_011075141.1	0.00693249	0.426064	0.016271
XP_011075177.1-XP_011075178.1	0.143142	0.356374	0.401663
XP_011075178.1-XP_011075179.1	0.0295253	0.104554	0.282392
XP_011075179.1-XP_011075180.1	0.00683731	0.0141138	0.484443
XP_011075180.1-XP_011075181.1	0.152115	0.409072	0.371853
XP_011075263.1-XP_011075132.1	0.158612	0.336297	0.471642
XP_011075268.1-XP_011075269.1	0.504504	NA	NA
XP_011075269.1-XP_011075177.1	0.525526	2.73255	0.192321
XP_011075323.1-XP_011075324.2	0.140596	0.260046	0.540658
XP_011075341.1-XP_011075342.1	0.166369	1.8035	0.0922482
XP_011075343.2-XP_011075344.1	0.303499	1.44884	0.209477
XP_011075344.1-XP_011075345.1	0.352531	1.70732	0.206482
XP_011075345.1-XP_011075346.1	0.281944	1.2742	0.221272
XP_011075346.1-XP_011075348.1	0.409597	2.09515	0.195498
XP_011075357.1-XP_011075611.1	0.370907	1.34462	0.275845
XP_011075408.1-XP_011075619.1	0.508803	NA	NA
XP_011075452.1-XP_011075454.2	0.385697	NA	NA
XP_011075462.1-XP_011075627.1	0.0159954	0.107454	0.148858
XP_011075492.1-XP_011075493.1	0.0393777	0.468095	0.0841233
XP_011075559.1-XP_020548925.1	0.664925	3.03019	0.219433
XP_011075611.1-XP_011075358.1	0.091149	0.222391	0.40986
XP_011075613.1-XP_020548973.1	0.409098	1.97272	0.207377
XP_011075641.1-XP_011075642.1	0.473888	2.20853	0.214571
XP_011075648.1-XP_011075527.1	0.394967	NA	NA
XP_011075714.1-XP_011075716.1	0.143789	0.186241	0.77206
XP_011075723.1-XP_011075726.1	0.0490398	0.263812	0.185889
XP_011075741.2-XP_020549142.1	0.060143	0.11069	0.543347
XP_011075824.1-XP_020549147.1	0.139854	0.218336	0.640546
XP_011075904.2-XP_011075915.1	0.0792849	0.161463	0.491041
XP_011075914.2-XP_011075981.1	0.268922	0.942357	0.285372
XP_011075916.1-XP_011075917.2	0.265893	1.92182	0.138355
XP_011075981.1-XP_020549151.1	0.233586	0.582796	0.400802
XP_011076037.1-XP_011076464.1	0.981339	1.78415	0.550032
XP_011076040.1-XP_011076037.1	0.133999	0.168413	0.795656
XP_011076069.1-XP_011076072.1	0.00834645	0.144163	0.0578959
XP_011076082.1-XP_011076095.1	0.00679959	0.0172866	0.393344
XP_011076116.1-XP_011076117.1	0.280761	1.31934	0.212804
XP_011076124.1-XP_011076125.1	0.155598	0.936098	0.166219
XP_011076127.1-XP_011076128.1	0.113189	0.928015	0.121969
XP_011076128.1-XP_011076130.1	0.203009	0.574873	0.353138
XP_011076142.1-XP_011076483.1	0.197985	0.368973	0.536582
XP_011076200.1-XP_011076212.1	0.264618	NA	NA
XP_011076269.1-XP_020549200.1	0.19449	0.300037	0.648219
XP_011076308.1-XP_011076508.1	0.335596	1.37797	0.243544
XP_011076330.1-XP_011076331.1	0.754662	1.72737	0.436886
XP_011076331.1-XP_011076332.1	0.717503	1.49442	0.480123
XP_011076333.2-XP_011076334.2	0.385289	2.44676	0.157469
XP_011076334.2-XP_011076510.1	0.428439	NA	NA
XP_011076353.1-XP_020548962.1	0.0699054	0.178989	0.390558
XP_011076365.1-XP_011076368.1	0.130324	0.233569	0.557967
XP_011076387.1-XP_011076389.1	0.00876061	0.322142	0.0271949
XP_011076399.1-XP_011076401.1	0.233077	1.84435	0.126373
XP_011076401.1-XP_011076404.1	0.104348	0.490038	0.212938
XP_011076404.1-XP_011076405.1	0.134416	0.609918	0.220384
XP_011076406.2-XP_011076408.1	0.147613	0.627247	0.235335
XP_011076408.1-XP_011076410.1	0.171967	0.615019	0.279613
XP_011076410.1-XP_011076520.1	0.130394	0.457907	0.284762
XP_011076414.1-XP_011076416.1	0.0420754	0.169618	0.248059
XP_011076416.1-XP_011076417.1	0.113035	0.362467	0.31185
XP_011076435.1-XP_011076436.1	0.541165	NA	NA
XP_011076438.2-XP_011076449.2	0.296718	0.847342	0.350175
XP_011076468.1-XP_011076469.1	0.424137	2.24437	0.188978
XP_011076469.1-XP_011076471.1	0.0203605	0.120124	0.169496
XP_011076471.1-XP_011076472.1	0.443075	0.847271	0.522944
XP_011076472.1-XP_011076473.1	0.430627	0.830635	0.518431
XP_011076472.1-XP_011076474.1	0.518265	1.36131	0.380711
XP_011076475.1-XP_011076099.2	0.371415	2.3716	0.15661
XP_011076496.1-XP_011076497.1	0.166777	0.558491	0.29862
XP_011076501.1-XP_011076502.2	0.730063	NA	NA
XP_011076502.2-XP_011076503.1	0.439837	1.92597	0.228371
XP_011076503.1-XP_011076269.1	0.525918	1.22274	0.430115
XP_011076515.1-XP_011076365.1	0.167827	0.461102	0.36397
XP_011076520.1-XP_011076411.1	0.108347	0.444961	0.243498
XP_011076522.2-XP_011076524.1	0.658113	1.68572	0.390405
XP_011076524.1-XP_011076525.1	0.156645	0.188683	0.830202
XP_011076539.1-XP_020548808.1	0.0632857	0.0917273	0.689933
XP_011076544.1-XP_011076809.1	0.237365	0.944378	0.251345
XP_011076550.1-XP_020549072.1	0.690206	0.995187	0.693544
XP_011076595.1-XP_011076596.1	0.130997	0.835348	0.156817
XP_011076618.2-XP_011076625.1	0.321769	2.39844	0.134158
XP_011076623.1-XP_011076645.1	0.295488	0.793505	0.372383
XP_011076660.1-XP_011076822.1	0.199069	0.559965	0.355502
XP_011076690.1-XP_011076692.1	0.317181	NA	NA
XP_011076721.1-XP_011076722.1	0.0030926	0.0391041	0.0790864
XP_011076722.1-XP_011076723.1	0.004644	0.0390961	0.118784
XP_011076757.1-XP_011076758.1	0.322677	2.14442	0.150473
XP_011076820.1-XP_011076821.1	0.233497	1.52713	0.152899
XP_011076821.1-XP_011076649.1	0.1663	0.705225	0.235811
XP_011076826.1-XP_011076668.1	0.0810482	0.213802	0.37908
XP_011076875.2-XP_011076896.1	0.741426	1.68908	0.438952
XP_011076906.1-XP_011076907.1	0.421818	2.0382	0.206956
XP_011076911.1-XP_011076913.1	0.148346	2.07627	0.0714486
XP_011076957.1-XP_011076958.1	0.19194	0.756435	0.253743
XP_011076958.1-XP_011076959.1	0.234419	0.835964	0.280417
XP_011077072.1-XP_011077073.1	0.208978	2.60436	0.0802414
XP_011077123.1-XP_020552259.1	0.247048	1.62098	0.152406
XP_011077131.1-XP_011077059.1	0.541466	2.07848	0.26051
XP_011077138.1-XP_011077104.1	0.194762	0.403778	0.482349
XP_011077167.1-XP_020548845.1	0.291379	1.75861	0.165687
XP_011077168.1-XP_011077204.1	0.0242661	0.0182447	1.33003
XP_011077171.1-XP_011077179.1	0.576427	0.875437	0.658445
XP_011077192.1-XP_011077194.1	0.326777	1.9365	0.168746
XP_011077241.1-XP_011077242.1	0.0920321	0.866583	0.106201
XP_011077248.1-XP_011077247.1	0.0146421	0.0189319	0.773407
XP_011077267.1-XP_011077268.1	0.104023	0.392093	0.265302
XP_011077275.1-XP_020548789.1	0.273914	1.5189	0.180337
XP_011077286.2-XP_011077287.1	0.405012	NA	NA
XP_011077287.1-XP_011077288.1	0.115638	0.304214	0.380121
XP_011077535.1-XP_011077536.1	0.118654	0.582445	0.203717
XP_011077644.1-XP_011077645.1	0.00973381	0.0174915	0.556488
XP_011077655.1-XP_011077656.1	0.136901	0.920289	0.148759
XP_011077656.1-XP_011077535.1	0.271423	2.26079	0.120057
XP_011077693.1-XP_011077701.1	0.0331821	0.131262	0.252793
XP_011077850.1-XP_011077851.1	0.375445	1.97356	0.190238
XP_011077895.2-XP_020549719.1	0.0352432	0.0985537	0.357604
XP_011077908.1-XP_011077740.1	0.210139	1.26876	0.165626
XP_011077919.1-XP_011077807.1	0.562348	NA	NA
XP_011077938.1-XP_011077939.1	0.115491	0.466023	0.247823
XP_011077954.1-XP_011078198.2	0.12615	0.46785	0.269638
XP_011077976.1-XP_011077977.1	0.140943	0.467189	0.301683
XP_011077990.1-XP_011077993.1	0.196423	0.674208	0.291339
XP_011077998.1-XP_011078000.2	0.0163017	0.0812279	0.200691
XP_011078013.2-XP_011078009.1	0.607428	2.49545	0.243414
XP_011078074.1-XP_011078075.1	0.11348	0.27205	0.417128
XP_011078213.1-XP_011078426.1	0.0619193	0.359855	0.172067
XP_011078222.1-XP_011078224.1	0.0459498	0.303563	0.151368
XP_011078237.1-XP_011078238.1	0.183348	1.73435	0.105716
XP_011078263.1-XP_011078264.1	0.0478134	0.327867	0.145831
XP_011078287.1-XP_011078288.1	0.047818	0.180069	0.265553
XP_011078288.1-XP_020549560.1	0.100601	0.307308	0.327364
XP_011078290.1-XP_020549561.1	0.0212188	0.165724	0.128037
XP_011078293.1-XP_011078295.1	0.0466157	0.14057	0.331618
XP_011078298.1-XP_011078300.1	0.0174146	0.0362576	0.480303
XP_011078359.1-XP_011076843.1	0.228738	0.406458	0.56276
XP_011078364.1-XP_011078365.1	0.0600068	0.143349	0.418606
XP_011078365.1-XP_011078366.1	0.0404474	0.105967	0.381697
XP_011078371.1-XP_011076875.2	0.279225	0.582075	0.479706
XP_011078428.2-XP_011078429.1	0.0201253	0.0504028	0.39929
XP_011078444.1-XP_011078364.1	0.0606648	0.133427	0.454667
XP_011078459.1-XP_011078461.1	0.168773	1.82932	0.0922601
XP_011078506.2-XP_011078516.1	0.295907	1.17784	0.251228
XP_011078508.1-XP_011078509.1	0.0121178	0.0691889	0.175141
XP_011078551.1-XP_011078552.1	0.0306819	0.244342	0.12557
XP_011078552.1-XP_011078553.2	0.0145301	0.0690877	0.210315
XP_011078577.1-XP_011078578.1	0.516511	0.925845	0.557881
XP_011078655.1-XP_020549771.1	0.0385888	0.0687291	0.561463
XP_011078659.1-XP_011078660.1	0.0668181	0.0833309	0.80184
XP_011078664.1-XP_011078668.1	0.484241	NA	NA
XP_011078732.1-XP_011078734.1	0.103605	0.348352	0.297414
XP_011078734.1-XP_020549363.1	0.0397066	0.133747	0.296879
XP_011078761.2-XP_011078762.1	0.58553	NA	NA
XP_011078797.1-XP_011078796.1	0.0476347	0.174016	0.273738
XP_011078804.1-XP_011078817.1	0.0104876	0.21664	0.0484102
XP_011078825.1-XP_011078826.1	0.457826	1.97525	0.231781
XP_011078851.1-XP_011078852.1	0.205762	NA	NA
XP_011078913.1-XP_011078914.1	0.370229	2.26576	0.163402
XP_011079053.1-XP_011079054.1	0.014152	0.0230283	0.614548
XP_011079074.1-XP_011079076.1	0.0514099	0.191556	0.26838
XP_011079076.1-XP_011079077.1	0.207518	1.17175	0.177101
XP_011079110.1-XP_020549605.1	0.0450467	0.0755407	0.596323
XP_011079217.1-XP_011079120.1	0.110862	0.361705	0.306499
XP_011079314.2-XP_020549660.1	0.434292	3.08849	0.140616
XP_011079390.1-XP_011079448.1	0.0267826	0.293757	0.0911726
XP_011079392.1-XP_020549634.1	0.0507356	0.491752	0.103173
XP_011079395.1-XP_011079397.1	0.00136736	NA	NA
XP_011079430.1-XP_011079235.1	0.401458	1.57201	0.255378
XP_011079440.1-XP_020549613.1	0.230284	0.342747	0.671877
XP_011079448.1-XP_011079392.1	0.00757182	0.0289079	0.261929
XP_011079629.1-XP_011079963.1	0.52672	NA	NA
XP_011079630.1-XP_011079631.1	0.212091	2.27107	0.093388
XP_011079632.1-XP_011079633.1	0.00476028	0.159087	0.0299224
XP_011079635.1-XP_011079636.1	0.489394	1.9126	0.255879
XP_011079636.1-XP_011079637.1	0.447526	1.31437	0.340488
XP_011079696.1-XP_011079697.1	0.249934	1.16226	0.21504
XP_011079697.1-XP_011079698.1	0.264699	NA	NA
XP_011079698.1-XP_011079699.1	0.030669	0.146424	0.209454
XP_011079699.1-XP_011079702.1	0.0361868	0.150337	0.240705
XP_011079768.1-XP_011079769.1	0.192266	1.27544	0.150744
XP_011079769.1-XP_011079770.1	0.138113	NA	NA
XP_011079783.1-XP_011079784.1	0.270698	2.20705	0.122651
XP_011079790.1-XP_011079793.1	0.144272	0.258207	0.558746
XP_011079892.1-XP_011079894.1	0.0905708	0.164553	0.550406
XP_011079913.1-XP_011079917.1	0.493768	2.08299	0.237047
XP_011079948.1-XP_011079949.1	0.452394	NA	NA
XP_011079966.1-XP_011079736.2	0.495858	NA	NA
XP_011079979.1-XP_011079906.1	0.263863	1.41609	0.186332
XP_011080023.1-XP_011080296.1	0.446884	NA	NA
XP_011080024.1-XP_011080025.1	0.0365253	0.166202	0.219764
XP_011080049.1-XP_011080052.1	0.345642	0.862414	0.400784
XP_011080290.1-XP_020550147.1	0.157618	0.180827	0.871648
XP_011080300.1-XP_011080301.1	0.533155	1.54643	0.344764
XP_011080318.1-XP_011080252.1	0.203798	1.02725	0.198392
XP_011080327.1-XP_020550384.1	0.0317689	0.0985898	0.322233
XP_011080334.1-XP_011080335.1	0.053222	0.100193	0.531195
XP_011080335.1-XP_011080337.2	0.0661375	0.126626	0.522305
XP_011080358.1-XP_020550215.1	0.0751044	0.381989	0.196614
XP_011080362.1-XP_011080435.1	0.281556	1.53395	0.18355
XP_011080364.1-XP_020550000.1	0.244321	2.833	0.0862411
XP_011080366.1-XP_011080369.1	0.109297	0.742767	0.147148
XP_011080416.1-XP_011080417.1	0.0411388	0.0715911	0.574635
XP_011080427.1-XP_011080334.1	0.233476	0.721451	0.32362
XP_011080433.1-XP_011080434.1	0.242919	1.12007	0.216878
XP_011080434.1-XP_011080362.1	0.273636	1.21655	0.224929
XP_011080437.1-XP_011080438.1	0.455485	1.6898	0.26955
XP_011080442.1-XP_011080443.1	0.0167024	0.04064	0.410985
XP_011080466.2-XP_011080798.1	0.365168	0.514941	0.709145
XP_011080475.1-XP_011080477.1	0.438551	1.586	0.276513
XP_011080492.1-XP_011080503.1	0.105901	0.413514	0.256101
XP_011080504.1-XP_011080505.1	0.100653	0.373579	0.26943
XP_011080612.1-XP_011080614.1	0.192257	2.0945	0.0917913
XP_011080614.1-XP_011080613.1	0.0832964	0.26233	0.317525
XP_011080684.1-XP_011080689.1	0.00867629	0.0315757	0.274777
XP_011080698.1-XP_011080713.1	0.071725	0.429433	0.167023
XP_011080739.1-XP_011080738.1	0.168534	0.617173	0.273074
XP_011080756.1-XP_011080835.1	0.639112	NA	NA
XP_011080798.1-XP_020550664.1	0.195488	0.331958	0.588893
XP_011080832.2-XP_011080750.1	0.135214	3.19597	0.0423075
XP_011080948.2-XP_011080950.1	0.213866	1.06503	0.200808
XP_011080963.1-XP_020549985.1	0.366108	1.16157	0.315184
XP_011080976.1-XP_011080979.1	0.128715	0.755233	0.170431
XP_011080978.1-XP_011081682.1	0.492476	2.40516	0.204758
XP_011081010.1-XP_011081011.1	0.42972	1.18104	0.363848
XP_011081075.2-XP_011081173.1	0.2389	0.520982	0.458557
XP_011081126.1-XP_011081127.1	0.200327	1.69068	0.118489
XP_011081149.1-XP_011080982.1	0.205598	0.342391	0.600477
XP_011081159.1-XP_011081160.1	0.169278	1.0461	0.161817
XP_011081160.1-XP_011081055.1	0.00512419	0.017988	0.284867
XP_011081170.1-XP_011081075.2	0.0254404	0.0476718	0.533656
XP_011081173.1-XP_020550681.1	0.0623447	0.0543007	1.14814
XP_011081176.1-XP_011081178.1	0.151903	0.605027	0.251068
XP_011081178.1-XP_011081179.1	0.325754	1.19876	0.271743
XP_011081179.1-XP_011081079.1	0.468413	1.31082	0.357343
XP_011081183.1-XP_011081376.2	0.0906955	0.494557	0.183387
XP_011081210.1-XP_011081211.2	0.0216831	0.0439653	0.493186
XP_011081223.1-XP_011081224.1	0.173869	1.5422	0.11274
XP_011081224.1-XP_011081226.2	0.6381	2.27754	0.280171
XP_011081227.1-XP_011081228.1	0.258222	1.46802	0.175898
XP_011081228.1-XP_011081229.1	0.0238334	0.0621457	0.383508
XP_011081282.1-XP_011081284.1	0.0729293	0.251027	0.290523
XP_011081304.1-XP_011081402.2	0.876889	1.95182	0.449267
XP_011081376.2-XP_011081377.1	0.0844321	0.506759	0.166612
XP_011081377.1-XP_011081185.1	0.425568	NA	NA
XP_011081381.1-XP_011081197.1	0.550914	6.87226	0.0801648
XP_011081387.1-XP_020549848.1	0.232149	0.573287	0.404944
XP_011081390.1-XP_020549849.1	0.193165	0.662711	0.291476
XP_011081401.1-XP_011081293.1	0.284523	1.75912	0.161742
XP_011081612.1-XP_011081617.2	0.263699	0.602074	0.437985
XP_011081617.2-XP_011081623.1	0.266548	0.613424	0.434525
XP_011081620.1-XP_011081619.1	0.0041363	0.0168375	0.24566
XP_011081623.1-XP_020550311.1	0.0213007	0.0891088	0.239042
XP_011081635.1-XP_011081638.1	0.229136	1.15045	0.199171
XP_011081693.1-XP_011081805.1	0.149419	0.542831	0.275259
XP_011081762.1-XP_011081769.1	0.536954	2.3933	0.224358
XP_011081772.1-XP_011082232.1	0.841736	4.21367	0.199763
XP_011081791.1-XP_020550543.1	0.296018	1.02977	0.287461
XP_011081798.1-XP_011082238.1	0.308463	1.65078	0.186859
XP_011081805.1-XP_011070341.1	0.152366	0.513982	0.296442
XP_011081820.1-XP_020549820.1	0.050509	0.236498	0.21357
XP_011081932.1-XP_011081934.1	0.0764611	0.3101	0.246569
XP_011081935.1-XP_020549877.1	0.199954	1.87234	0.106794
XP_011081964.1-XP_020550692.1	0.287848	2.61159	0.110219
XP_011081981.1-XP_011082255.1	0.0731037	0.252668	0.289328
XP_011082013.1-XP_011082033.1	0.107464	0.900477	0.119341
XP_011082052.1-XP_011082053.1	0.250738	2.14097	0.117114
XP_011082053.1-XP_011082054.1	0.295821	1.71159	0.172834
XP_011082054.1-XP_011082055.1	0.108928	0.349748	0.311447
XP_011082059.1-XP_020552956.1	0.476002	1.68389	0.282679
XP_011082102.1-XP_011082104.1	0.572249	0.821499	0.69659
XP_011082104.1-XP_011082105.1	0.0335078	0.0222594	1.50534
XP_011082118.1-XP_011082119.1	0.374778	1.88621	0.198693
XP_011082241.1-XP_011082251.1	0.0458599	0.930903	0.0492639
XP_011082255.1-XP_011082256.2	0.1101	0.45361	0.242719
XP_011082258.1-XP_011081990.1	0.351122	1.24734	0.281498
XP_011082262.1-XP_011082000.1	0.00341752	0.0170031	0.200993
XP_011082263.1-XP_011082026.1	0.145595	0.389391	0.373904
XP_011082264.2-XP_020550507.1	0.261087	0.828314	0.315204
XP_011082269.1-XP_020550458.1	0.371219	2.45715	0.151077
XP_011082288.1-XP_011082292.1	0.375574	NA	NA
XP_011082331.1-XP_011082332.1	0.0667065	0.224567	0.297045
XP_011082513.1-XP_011082516.1	0.188456	1.57041	0.120004
XP_011082600.1-XP_011082603.1	0.429928	2.75222	0.156211
XP_011082639.2-XP_011082548.1	0.526096	NA	NA
XP_011082640.1-XP_011082641.1	0.326396	2.25559	0.144705
XP_011082643.1-XP_011082645.1	0.720005	3.55639	0.202454
XP_011082730.1-XP_011082732.1	0.508679	1.82581	0.278605
XP_011082760.1-XP_011083288.1	0.0362871	0.0493806	0.734845
XP_011082790.1-XP_011082791.1	0.376494	3.28559	0.114589
XP_011082829.1-XP_011082830.1	0.143437	0.429277	0.334137
XP_011082830.1-XP_011083295.1	0.486556	0.79425	0.612597
XP_011082856.1-XP_011082857.1	0.11267	0.535865	0.210257
XP_011082866.1-XP_011083298.1	0.0960621	0.562617	0.170741
XP_011082921.1-XP_011082922.1	0.00911402	0.143822	0.0633701
XP_011082922.1-XP_011082923.1	0.016008	0.166045	0.0964076
XP_011082923.1-XP_011082924.1	0.015207	0.180251	0.0843652
XP_011082924.1-XP_011082925.1	0.0190778	0.228653	0.0834358
XP_011082925.1-XP_011082930.2	0.135838	0.96741	0.140414
XP_011082966.1-XP_011082968.1	0.271995	NA	NA
XP_011082968.1-XP_011082969.1	0.0972537	0.430353	0.225986
XP_011082970.1-XP_011082973.1	0.741107	1.9805	0.374201
XP_011083017.1-XP_020549902.1	0.572949	NA	NA
XP_011083188.1-XP_011083190.1	0.398522	2.1123	0.188667
XP_011083190.1-XP_020550196.1	0.514457	1.83418	0.280483
XP_011083212.1-XP_011083210.1	0.0291709	0.0563228	0.517923
XP_011083284.1-XP_011082730.1	0.23586	1.40244	0.168178
XP_011083293.2-XP_011082820.1	0.333173	2.04949	0.162564
XP_011083294.1-XP_011082829.1	0.447983	1.37127	0.326693
XP_011083295.1-XP_011082832.1	0.511685	1.0456	0.489369
XP_011083298.1-XP_011082867.1	0.358141	2.23943	0.159925
XP_011083300.1-XP_011083301.1	0.679044	4.37997	0.155034
XP_011083310.1-XP_011082982.1	0.0248364	0.0347032	0.71568
XP_011083312.1-XP_020550167.1	0.0615393	0.286119	0.215082
XP_011083314.1-XP_020550408.1	0.0888623	0.147185	0.603745
XP_011083315.1-XP_011083041.1	0.00635611	0.0407387	0.156021
XP_011083333.1-XP_011083216.1	0.381529	2.59009	0.147303
XP_011083383.1-XP_011083384.1	0.178521	NA	NA
XP_011083436.2-XP_011083438.1	0.214646	0.839642	0.25564
XP_011083469.1-XP_011083397.1	0.313357	1.53561	0.20406
XP_011083550.1-XP_011083551.1	0.335661	2.26062	0.148482
XP_011083577.1-XP_011083579.1	0.464285	2.73723	0.169619
XP_011083614.1-XP_011083617.1	0.681017	4.6808	0.145492
XP_011083666.1-XP_011083667.1	0.148449	1.74808	0.0849213
XP_011083703.1-XP_011083724.1	0.038763	0.435008	0.0891087
XP_011083704.1-XP_011083705.1	0.226322	0.337636	0.670312
XP_011083758.1-XP_011084785.1	0.0259178	0.143933	0.180069
XP_011083774.1-XP_011083775.1	0.0834008	0.661225	0.126131
XP_011083776.1-XP_011083917.1	0.166538	0.330568	0.503793
XP_011083780.1-XP_020551022.1	0.967575	2.71382	0.356536
XP_011083826.1-XP_011083827.1	0.0384467	0.113624	0.338368
XP_011083860.1-XP_011083864.1	0.0455921	0.157609	0.289274
XP_011083908.1-XP_020551102.1	0.0799445	0.228673	0.349601
XP_011083918.1-XP_011083780.1	0.0827822	0.176606	0.468739
XP_011083965.1-XP_011083966.1	0.0201146	0.104589	0.19232
XP_011083966.1-XP_011083968.1	0.0235405	0.0919471	0.256022
XP_011084023.1-XP_011084028.1	0.0182139	0.391104	0.0465704
XP_011084026.1-XP_011084025.1	0.0169426	0.375175	0.0451592
XP_011084027.1-XP_011084026.1	0.0183053	0.386883	0.0473147
XP_011084028.1-XP_011084027.1	0.0223715	0.314706	0.0710869
XP_011084237.1-XP_011084238.1	0.48744	NA	NA
XP_011084253.1-XP_011084255.1	0.373286	NA	NA
XP_011084255.1-XP_020550964.1	0.2244	0.395396	0.567532
XP_011084272.1-XP_011084275.1	0.0387278	0.359347	0.107773
XP_011084382.1-XP_011084383.1	0.0330846	0.284294	0.116375
XP_011084394.1-XP_011084395.1	0.397127	2.55214	0.155606
XP_011084417.1-XP_011084731.2	0.147587	0.670762	0.220029
XP_011084475.1-XP_011084476.1	0.265476	0.803693	0.33032
XP_011084477.1-XP_011084737.1	0.507873	NA	NA
XP_011084499.1-XP_011084503.1	0.629456	NA	NA
XP_011084500.2-XP_011084499.1	0.74145	NA	NA
XP_011084549.1-XP_011084562.1	0.370353	1.42776	0.259394
XP_011084562.1-XP_011084573.1	0.115262	0.408122	0.282422
XP_011084573.1-XP_020550525.1	0.126691	0.425356	0.297848
XP_011084575.1-XP_011084577.1	0.0580177	0.212232	0.273369
XP_011084578.1-XP_011084580.1	0.0277968	0.0203062	1.36888
XP_011084598.1-XP_011084595.1	0.259051	1.08508	0.238738
XP_011084621.1-XP_011084752.1	0.31758	0.275813	1.15143
XP_011084622.1-XP_011084754.1	0.0792311	0.0837236	0.946341
XP_011084623.1-XP_011084756.1	0.105347	0.234764	0.448733
XP_011084625.1-XP_011084626.1	0.132893	0.270657	0.491
XP_011084626.1-XP_011084627.1	0.0564768	0.185942	0.303733
XP_011084627.1-XP_020551215.1	0.406889	0.79346	0.512803
XP_011084630.1-XP_011082506.1	0.258129	0.939889	0.274637
XP_011084655.1-XP_011084666.1	0.521446	1.80082	0.28956
XP_011084700.1-XP_020552682.1	1.53575	NA	NA
XP_011084731.2-XP_020551155.1	0.126007	0.401736	0.313657
XP_011084751.1-XP_011084752.1	0.0967512	0.268998	0.359672
XP_011084752.1-XP_020551185.1	0.194483	0.456913	0.425646
XP_011084754.1-XP_011084755.1	0.102357	0.175264	0.584014
XP_011084755.1-XP_011084623.1	0.108452	0.198882	0.545308
XP_011084756.1-XP_011084624.1	0.0960375	0.2732	0.351528
XP_011084823.1-XP_011083930.1	0.149895	0.333894	0.448929
XP_011084933.1-XP_011084935.1	0.916082	1.62482	0.563804
XP_011084965.1-XP_011084967.1	0.0114976	0.24374	0.0471716
XP_011084972.1-XP_011084974.1	0.240397	1.23946	0.193954
XP_011084974.1-XP_011084982.1	0.207821	1.47404	0.140988
XP_011084977.1-XP_011084984.1	0.0267989	0.258214	0.103786
XP_011084978.1-XP_011084983.1	0.0811591	0.317469	0.255644
XP_011084980.1-XP_011084979.1	0.328186	NA	NA
XP_011084981.1-XP_011084980.1	0.259965	1.52211	0.170792
XP_011084983.1-XP_011084985.1	0.0627757	0.202994	0.309249
XP_011084984.1-XP_011084986.1	0.0205633	0.100261	0.205098
XP_011084986.1-XP_011084988.1	0.1477	1.35877	0.108701
XP_011085049.1-XP_011085050.1	0.134319	1.48536	0.0904287
XP_011085051.2-XP_011085052.1	0.283651	2.30364	0.123131
XP_011085052.1-XP_011085138.1	0.36564	NA	NA
XP_011085127.2-XP_020550960.1	0.0199647	0.0917989	0.217483
XP_011085147.1-XP_011085187.1	0.222349	2.5448	0.0873738
XP_011085179.1-XP_020551485.1	0.377961	3.24934	0.116319
XP_011085183.1-XP_011085184.1	0.0580054	0.21846	0.26552
XP_011085299.1-XP_020551353.1	0.081569	0.357145	0.228391
XP_011085300.1-XP_011085299.1	0.105434	0.409375	0.25755
XP_011085301.1-XP_011085300.1	0.0926276	0.282165	0.328275
XP_011085304.1-XP_011085626.2	0.452531	3.51197	0.128854
XP_011085334.1-XP_011085332.1	0.00323613	0.00911961	0.354854
XP_011085368.1-XP_011085370.1	0.306169	NA	NA
XP_011085377.1-XP_011085639.1	0.113214	0.273966	0.413242
XP_011085559.1-XP_011085561.1	0.263541	1.8637	0.141408
XP_011085598.1-XP_011085599.1	0.230132	NA	NA
XP_011085609.1-XP_011085610.1	0.319124	2.0352	0.156802
XP_011085610.1-XP_011085179.1	0.417858	NA	NA
XP_011085614.1-XP_020551806.1	0.125131	0.628278	0.199166
XP_011085630.1-XP_011085631.1	0.00120085	NA	NA
XP_011085641.1-XP_011085625.1	0.0683613	0.229528	0.297835
XP_011085669.2-XP_011085670.2	0.113888	0.310174	0.367173
XP_011085681.1-XP_011085680.1	0.816938	0.987076	0.827634
XP_011085718.1-XP_011085713.1	0.306044	1.5355	0.199312
XP_011085778.1-XP_011085779.1	0.0225835	0.262438	0.086053
XP_011085805.1-XP_011085818.1	0.0749127	0.185192	0.404513
XP_011085818.1-XP_011086241.1	0.135109	0.477178	0.283141
XP_011085862.2-XP_011085863.1	0.259228	0.643081	0.403102
XP_011085865.2-XP_011085796.1	0.0930185	0.35635	0.261032
XP_011085894.1-XP_011085895.2	0.050601	0.0864665	0.585209
XP_011085895.2-XP_011085897.1	0.17938	0.585822	0.306203
XP_011085905.1-XP_011085906.1	0.144745	0.63208	0.228998
XP_011085906.1-XP_020551367.1	0.23229	0.53165	0.436924
XP_011085979.1-XP_011085980.1	0.32337	NA	NA
XP_011086005.1-XP_011086004.1	0.0538473	0.275897	0.195172
XP_011086052.1-XP_011086053.1	0.955069	3.20153	0.298316
XP_011086119.1-XP_020551296.1	0.0469872	0.187565	0.250511
XP_011086149.1-XP_011086150.1	0.394836	2.55258	0.154681
XP_011086153.1-XP_011086154.1	0.261567	0.698755	0.374334
XP_011086154.1-XP_011086156.1	0.195568	0.589006	0.332031
XP_011086156.1-XP_011086157.1	0.358783	0.805869	0.445213
XP_011086157.1-XP_011086158.1	0.101619	0.280561	0.362198
XP_011086158.1-XP_011086159.1	0.126716	0.216327	0.585762
XP_011086179.1-XP_011086180.1	0.0754341	0.30258	0.249303
XP_011086180.1-XP_011086181.1	0.0747209	0.29125	0.256553
XP_011086209.1-XP_011085716.1	0.783448	3.19817	0.244967
XP_011086259.1-XP_020551679.1	0.288527	0.551633	0.523041
XP_011086331.1-XP_011086334.1	0.572623	3.83838	0.149183
XP_011086346.1-XP_011086347.1	0.103348	NA	NA
XP_011086390.1-XP_020551688.1	0.159627	0.519837	0.307071
XP_011086397.1-XP_011086411.1	0.199215	NA	NA
XP_011086420.1-XP_011087073.1	0.237925	0.513502	0.463338
XP_011086423.1-XP_011086420.1	0.387895	1.8408	0.210721
XP_011086524.1-XP_011086526.1	0.0866093	0.405642	0.213512
XP_011086525.1-XP_011086524.1	0.506679	1.51728	0.33394
XP_011086526.1-XP_020551333.1	0.371992	1.55284	0.239556
XP_011086532.1-XP_011086534.1	0.964458	1.86689	0.516613
XP_011086591.1-XP_011088834.1	0.366917	1.97881	0.185423
XP_011086605.1-XP_011087092.1	0.122224	0.57719	0.211757
XP_011086621.1-XP_011087098.1	0.197527	1.08365	0.182279
XP_011086623.1-XP_011086625.1	0.175656	0.875996	0.200521
XP_011086625.1-XP_011086627.1	0.176481	1.2126	0.145539
XP_011086640.1-XP_011086641.1	0.185885	0.609443	0.305009
XP_011086761.1-XP_020551696.1	0.0592801	0.311132	0.190531
XP_011086773.1-XP_011086775.1	0.143846	0.940981	0.152868
XP_011086775.1-XP_020551838.1	0.00450781	0.169876	0.0265359
XP_011086803.1-XP_011086809.1	0.0396771	0.14847	0.26724
XP_011086808.1-XP_011086813.1	0.0520841	0.159376	0.326801
XP_011086845.1-XP_011086846.1	0.46638	1.79418	0.259941
XP_011087001.1-XP_011086423.1	0.226138	0.813629	0.277937
XP_011087011.1-XP_011088907.1	0.756801	3.88571	0.194765
XP_011087021.1-XP_011087030.1	0.614667	2.85668	0.215169
XP_011087030.1-XP_020548453.1	0.556924	2.15887	0.25797
XP_011087037.2-XP_011087039.1	0.267062	NA	NA
XP_011087047.1-XP_011086258.1	0.10937	0.295967	0.369534
XP_011087082.1-XP_011086525.1	0.684115	NA	NA
XP_011087098.1-XP_011086623.1	0.104647	0.434816	0.240671
XP_011087118.1-XP_011087119.1	0.249495	0.831423	0.300083
XP_011087132.1-XP_011087140.1	0.100844	0.34827	0.289557
XP_011087137.1-XP_020551702.1	0.274215	0.59038	0.464472
XP_011087146.1-XP_011087147.1	0.122325	0.270094	0.452898
XP_011087181.1-XP_011087278.1	0.109471	0.251305	0.435609
XP_011087194.1-XP_011087196.1	0.304964	1.92293	0.158593
XP_011087196.1-XP_011087197.1	0.351634	2.10602	0.166966
XP_011087208.1-XP_011087209.1	0.260731	NA	NA
XP_011087209.1-XP_011087211.1	0.601408	NA	NA
XP_011087224.1-XP_011087225.1	0.388672	NA	NA
XP_011087309.1-XP_011088084.2	0.13173	0.488327	0.269758
XP_011087334.1-XP_020552137.1	0.123137	0.142787	0.862386
XP_011087511.1-XP_011087512.1	0.237472	1.66049	0.143013
XP_011087514.1-XP_011087513.1	0.179798	0.0836042	2.15059
XP_011087517.1-XP_020551740.1	0.00239247	0.340063	0.00703537
XP_011087656.2-XP_011087657.1	0.0318437	0.187173	0.17013
XP_011087657.1-XP_011087658.1	0.0702344	0.406469	0.172792
XP_011087685.1-XP_011087686.1	0.78574	2.67978	0.29321
XP_011087726.1-XP_011087727.1	0.813572	1.95111	0.41698
XP_011087733.1-XP_011087743.1	0.0518819	0.312119	0.166225
XP_011087747.1-XP_011087748.1	0.0453317	0.183644	0.246846
XP_011087774.1-XP_011087775.1	0.00662382	0.0234237	0.282783
XP_011087775.1-XP_011087776.1	0.173761	0.630534	0.275577
XP_011087776.1-XP_011087777.1	0.447486	1.37278	0.325971
XP_011087827.1-XP_020552055.1	0.326734	2.25715	0.144755
XP_011087838.1-XP_011087839.1	0.0964867	0.458759	0.210321
XP_011087892.2-XP_011087894.1	0.372269	1.36582	0.27256
XP_011087894.1-XP_011087897.1	0.511433	2.17619	0.235013
XP_011087901.1-XP_011087902.1	0.18986	1.25641	0.151114
XP_011087902.1-XP_011087903.1	0.395355	1.805	0.219034
XP_011087912.1-XP_011087913.1	0.261859	0.872335	0.300182
XP_011087928.1-XP_011087929.1	0.0370202	0.185364	0.199717
XP_011087929.1-XP_011087930.1	0.390348	3.12128	0.12506
XP_011087930.1-XP_011087931.1	0.296977	1.50897	0.196808
XP_011087931.1-XP_011088135.1	0.0558475	0.341377	0.163595
XP_011087968.1-XP_011087969.1	0.201044	1.79436	0.112042
XP_011087983.1-XP_011087985.1	0.00914468	0.304327	0.0300489
XP_011088049.1-XP_020551270.1	0.0650145	0.178481	0.364265
XP_011088110.1-XP_011088111.2	0.339521	1.87461	0.181116
XP_011088113.1-XP_011087656.2	0.0751151	0.385144	0.195031
XP_011088116.1-XP_011087688.1	0.111948	0.425072	0.263362
XP_011088119.1-XP_011088120.1	0.106722	0.450969	0.23665
XP_011088120.1-XP_011088121.2	0.181113	0.43036	0.420842
XP_011088131.2-XP_011088132.1	0.118816	0.487358	0.243796
XP_011088135.1-XP_011088136.1	0.0184352	0.108587	0.169774
XP_011088140.2-XP_011088141.1	0.186024	0.400216	0.464808
XP_011088150.1-XP_011088151.1	0.566575	NA	NA
XP_011088151.1-XP_011088152.1	0.478874	NA	NA
XP_011088152.1-XP_011088154.2	0.582855	NA	NA
XP_011088171.1-XP_011088173.2	0.101804	0.501535	0.202985
XP_011088204.1-XP_011088205.1	0.115393	0.458968	0.251419
XP_011088224.1-XP_011088741.1	0.0669912	0.254931	0.262782
XP_011088227.1-XP_011088228.1	0.336446	1.32218	0.254462
XP_011088274.1-XP_011088278.1	0.736844	2.16576	0.340225
XP_011088283.1-XP_011088285.1	0.240458	1.40286	0.171406
XP_011088284.1-XP_011088286.1	0.207425	0.956469	0.216865
XP_011088284.1-XP_011088746.1	0.498197	2.23181	0.223225
XP_011088285.1-XP_011088284.1	0.376364	3.89216	0.0966978
XP_011088290.2-XP_020551376.1	0.0732557	0.584097	0.125417
XP_011088307.1-XP_011088308.1	0.163972	1.27125	0.128985
XP_011088394.1-XP_011088404.1	0.611819	NA	NA
XP_011088405.1-XP_011088406.1	0.0769249	0.430455	0.178706
XP_011088412.1-XP_011088414.1	0.431877	NA	NA
XP_011088431.1-XP_011088430.1	0.352309	NA	NA
XP_011088500.1-XP_011088501.1	0.737039	2.34723	0.314004
XP_011088519.1-XP_011088768.1	0.387388	NA	NA
XP_011088520.1-XP_011088521.1	0.332319	NA	NA
XP_011088521.1-XP_011088526.1	0.333416	2.49395	0.13369
XP_011088523.1-XP_020551504.1	0.117814	0.715852	0.164579
XP_011088524.1-XP_011088523.1	0.278338	1.45583	0.191188
XP_011088526.1-XP_011088524.1	0.233477	1.20609	0.193582
XP_011088527.1-XP_011088530.1	0.0439988	0.364205	0.120808
XP_011088530.1-XP_020551281.1	0.115153	0.560279	0.205528
XP_011088530.1-XP_020551460.1	0.136655	0.717365	0.190495
XP_011088566.1-XP_020551724.1	0.372041	3.3328	0.11163
XP_011088570.1-XP_011088572.1	0.242485	0.687923	0.352489
XP_011088572.1-XP_011088773.2	0.384007	0.656786	0.584676
XP_011088574.1-XP_011088575.1	0.318338	1.16271	0.273789
XP_011088671.1-XP_011088674.1	0.529961	NA	NA
XP_011088708.1-XP_011088711.1	0.284588	0.93199	0.305355
XP_011088733.1-XP_020551718.1	0.118044	0.303645	0.388756
XP_011088737.1-XP_011088738.1	0.345056	2.52099	0.136873
XP_011088738.1-XP_011088200.1	0.410546	NA	NA
XP_011088773.2-XP_011088774.1	0.42239	0.65035	0.649481
XP_011088774.1-XP_011088775.1	0.140855	0.222039	0.634373
XP_011088783.1-XP_011088784.1	0.588853	1.12991	0.521151
XP_011088814.1-XP_011088816.1	0.222237	0.527252	0.4215
XP_011088832.1-XP_011088835.1	0.202845	0.908328	0.223317
XP_011088894.1-XP_011087021.1	0.809411	1.79632	0.450594
XP_011088907.1-XP_011087021.1	0.51047	2.903	0.175842
XP_011088932.1-XP_011087068.1	0.079858	0.485448	0.164504
XP_011089012.2-XP_020552611.1	0.162642	2.37898	0.0683663
XP_011089085.1-XP_011089226.1	0.284464	1.10123	0.258316
XP_011089100.1-XP_011089102.1	0.362377	1.14203	0.317309
XP_011089169.1-XP_011089170.1	0.18435	1.2335	0.149453
XP_011089201.1-XP_011089202.1	0.0379396	0.0832723	0.455609
XP_011089202.1-XP_011088871.1	0.421475	2.46815	0.170766
XP_011089205.1-XP_011089206.2	0.182103	0.518736	0.351051
XP_011089208.1-XP_011088939.1	0.087411	0.362601	0.241067
XP_011089225.1-XP_011089226.1	0.246842	1.47627	0.167206
XP_011089226.1-XP_011089086.1	0.35713	1.89785	0.188176
XP_011089247.1-XP_011089248.1	0.00924676	0.0292037	0.316629
XP_011089278.2-XP_011089281.1	0.148491	0.521626	0.284669
XP_011089297.1-XP_020552420.1	0.00266198	0.323859	0.00821956
XP_011089332.1-XP_011089337.1	0.0552203	0.33964	0.162585
XP_011089342.1-XP_011089339.1	0.00583003	0.203771	0.0286108
XP_011089370.1-XP_011089372.1	0.218467	1.13722	0.192105
XP_011089396.1-XP_020552468.1	0.0513898	0.387085	0.132761
XP_011089408.1-XP_011089409.1	0.00491008	0.265297	0.0185079
XP_011089414.1-XP_011094394.2	0.114532	0.853242	0.134231
XP_011089440.2-XP_011090057.1	0.479265	1.09886	0.436146
XP_011089487.1-XP_011089520.1	0.0836399	1.35709	0.0616316
XP_011089500.1-XP_011089501.1	0.397305	NA	NA
XP_011089500.1-XP_011089502.1	0.482817	2.41785	0.199689
XP_011089509.1-XP_011089499.1	0.039473	0.398274	0.0991101
XP_011089520.1-XP_011089509.1	0.030834	0.326168	0.0945341
XP_011089529.1-XP_020552280.1	0.0214519	0.0635096	0.337774
XP_011089530.1-XP_011089529.1	0.17007	0.87011	0.195459
XP_011089606.1-XP_011089611.1	0.601795	3.55841	0.169119
XP_011089631.1-XP_011089632.1	0.459864	2.39261	0.192202
XP_011089706.1-XP_011089707.1	0.0404829	0.29883	0.135471
XP_011089737.1-XP_011089741.1	0.242332	2.0082	0.120671
XP_011089746.1-XP_020552443.1	0.102498	0.201859	0.507773
XP_011089763.1-XP_011089764.1	0.0402102	0.229151	0.175475
XP_011089764.1-XP_011089765.1	0.0418786	0.250286	0.167323
XP_011089765.1-XP_011089766.1	0.0182735	0.132135	0.138294
XP_011089766.1-XP_011089767.1	0.00629043	0.0506563	0.124179
XP_011089793.1-XP_011089794.1	0.42542	1.47671	0.288086
XP_011089867.1-XP_011089869.1	0.473514	1.86718	0.253599
XP_011089874.1-XP_011089875.1	0.00680191	0.175461	0.038766
XP_011089908.1-XP_011089909.1	0.0872893	0.299669	0.291286
XP_011089940.1-XP_011089939.1	0.0322691	0.207606	0.155434
XP_011089960.1-XP_011090101.1	0.0583389	0.0625794	0.932238
XP_011089969.1-XP_020552448.1	0.0439	0.119603	0.367049
XP_011089998.1-XP_011089999.1	0.149917	1.06136	0.14125
XP_011090032.1-XP_020552450.1	0.248518	0.482414	0.515154
XP_011090039.1-XP_011089247.1	0.177573	1.70097	0.104395
XP_011090061.1-XP_011089485.1	1.00816	1.52111	0.66278
XP_011090101.1-XP_020552588.1	0.523288	0.797433	0.656216
XP_011090111.1-XP_011089981.1	0.0782129	0.267766	0.292094
XP_011090122.1-XP_011090121.1	0.0316444	0.127384	0.248417
XP_011090189.1-XP_011090203.1	1.18293	NA	NA
XP_011090192.1-XP_011090193.2	NA	0.551548	-0
XP_011090297.1-XP_011090481.1	0.49541	3.59285	0.137888
XP_011090347.1-XP_011090350.1	0.0566877	0.184427	0.307372
XP_011090349.1-XP_011090347.1	0.069274	0.243743	0.28421
XP_011090359.1-XP_011090362.1	0.388752	3.71493	0.104646
XP_011090432.1-XP_011090426.1	0.0602728	0.141823	0.424986
XP_011090444.1-XP_011090455.1	0.485278	NA	NA
XP_011090450.1-XP_011090451.1	0.00580899	0.114425	0.0507669
XP_011090483.1-XP_011090304.1	0.426793	2.1159	0.201708
XP_011090503.1-XP_011090504.1	0.0242117	0.0738871	0.327686
XP_011090527.1-XP_011090540.1	0.446211	0.812313	0.54931
XP_011090539.1-XP_011090540.1	0.506718	0.578826	0.875423
XP_011090597.1-XP_020552678.1	0.0155446	0.0413583	0.375852
XP_011090614.1-XP_011090615.1	0.0842878	0.242032	0.34825
XP_011090615.1-XP_011090617.1	0.0636527	0.249153	0.255476
XP_011090617.1-XP_011090618.1	0.0476296	0.242191	0.196661
XP_011090623.1-XP_011090625.1	0.0752203	0.218904	0.343622
XP_011090635.1-XP_020550806.1	0.230977	0.728377	0.317111
XP_011090649.1-XP_011090651.2	0.230532	0.639881	0.360273
XP_011090670.1-XP_011090671.1	0.264158	NA	NA
XP_011090743.1-XP_011090744.1	0.0350481	0.226352	0.154839
XP_011090790.1-XP_011090791.1	0.612891	NA	NA
XP_011090791.1-XP_011091047.1	0.681732	NA	NA
XP_011090856.2-XP_011094569.1	0.35767	NA	NA
XP_011090870.1-XP_011090871.1	0.342862	0.773401	0.443317
XP_011090908.1-XP_011090909.1	0.316844	1.32642	0.238872
XP_011090909.1-XP_011090910.1	0.251131	0.948175	0.264857
XP_011090910.1-XP_011090911.1	0.0782876	0.245533	0.318847
XP_011090919.1-XP_011090920.1	0.056965	1.33231	0.0427567
XP_011090949.1-XP_011090972.1	0.228516	1.34281	0.170178
XP_011090951.1-XP_011090952.1	0.0752595	0.855397	0.087982
XP_011090961.1-XP_011090959.1	0.0237818	0.251812	0.0944427
XP_011090980.1-XP_011090981.1	0.0415049	0.885769	0.0468575
XP_011090990.2-XP_011090991.1	0.390955	1.70574	0.2292
XP_011090999.1-XP_011091000.1	0.250187	1.83769	0.136142
XP_011091004.1-XP_011091005.1	0.0146362	0.0518597	0.282227
XP_011091004.1-XP_011091007.1	0.521926	NA	NA
XP_011091038.2-XP_011090697.1	0.440634	2.03738	0.216275
XP_011091041.1-XP_011091042.2	0.385095	NA	NA
XP_011091042.2-XP_011090716.1	0.269366	1.50522	0.178955
XP_011091044.2-XP_011090772.1	0.21632	1.49171	0.145015
XP_011091047.1-XP_011091048.1	0.15448	1.09859	0.140617
XP_011091048.1-XP_011091049.1	0.032351	0.097314	0.33244
XP_011091049.1-XP_011091050.1	0.190011	1.25879	0.150947
XP_011091058.2-XP_011090908.1	0.314084	1.09694	0.286326
XP_011091075.1-XP_011091076.1	0.320544	0.952838	0.336409
XP_011091084.1-XP_011091085.1	0.260686	NA	NA
XP_011091086.1-XP_011091090.1	0.273847	0.608024	0.450388
XP_011091088.1-XP_011091100.1	0.291462	1.3601	0.214295
XP_011091090.1-XP_011091091.1	0.175127	0.510489	0.343056
XP_011091091.1-XP_011091092.1	0.0790233	0.45394	0.174083
XP_011091092.1-XP_011091093.1	0.410633	1.18619	0.346179
XP_011091097.1-XP_011091094.1	0.10593	0.512367	0.206747
XP_011091100.1-XP_011091112.1	0.0553949	0.170193	0.325483
XP_011091112.1-XP_011091126.1	0.13125	0.415754	0.31569
XP_011091123.1-XP_011091129.1	0.599112	NA	NA
XP_011091159.1-XP_011091168.1	0.487393	NA	NA
XP_011091160.1-XP_020552822.1	0.123448	0.303972	0.406116
XP_011091161.1-XP_020552865.1	0.311637	1.12505	0.276999
XP_011091163.1-XP_011091180.1	0.424768	1.54257	0.275363
XP_011091168.1-XP_011091160.1	0.243126	0.869653	0.279567
XP_011091180.1-XP_011091192.1	0.610534	1.30108	0.469252
XP_011091181.1-XP_011091182.1	0.384718	1.35685	0.283537
XP_011091183.1-XP_011091222.1	0.307426	2.45524	0.125212
XP_011091186.1-XP_011091187.1	0.315279	NA	NA
XP_011091187.1-XP_011091188.1	0.415991	2.01379	0.206571
XP_011091193.1-XP_011091194.1	0.0769896	0.148612	0.518058
XP_011091194.1-XP_011091196.2	0.0788433	0.229177	0.344028
XP_011091196.2-XP_011091197.1	0.185802	0.778894	0.238546
XP_011091197.1-XP_011091198.1	0.0706456	0.185438	0.380966
XP_011091224.1-XP_011091225.1	0.391339	4.53877	0.0862214
XP_011091227.1-XP_011091229.1	0.05047	0.439598	0.114809
XP_011091229.1-XP_011091230.1	0.0304227	0.375016	0.0811237
XP_011091229.1-XP_011091320.1	0.0337318	0.347848	0.0969728
XP_011091231.1-XP_020553088.1	0.0682039	0.269924	0.252678
XP_011091249.1-NP_001291323.1	0.139379	0.90145	0.154617
XP_011091261.1-XP_020553176.1	0.0225446	0.12049	0.187107
XP_011091262.1-XP_011091261.1	0.00883168	0.0659782	0.133858
XP_011091264.1-XP_011091265.1	0.123502	0.450321	0.274254
XP_011091319.1-XP_011091229.1	0.0279627	0.172791	0.161829
XP_011091323.1-XP_011091232.1	0.0222885	0.319768	0.0697022
XP_011091326.1-XP_011091327.1	0.49783	2.41325	0.20629
XP_011091335.1-XP_020553043.1	0.0566916	0.475086	0.119329
XP_011091399.1-XP_011091400.1	0.120962	0.515713	0.234552
XP_011091400.1-XP_011091402.1	0.115349	0.751342	0.153523
XP_011091416.1-XP_011091417.1	0.390833	0.864362	0.452164
XP_011091427.1-XP_020552895.1	0.390311	3.60598	0.10824
XP_011091428.1-XP_011091430.1	0.910833	2.00548	0.454171
XP_011091450.1-XP_011091451.1	0.765296	NA	NA
XP_011091451.1-XP_011091452.1	0.586635	1.66525	0.352281
XP_011091452.1-XP_011091453.1	0.0249944	0.128125	0.195079
XP_011091463.1-XP_011091464.1	0.330844	2.89515	0.114275
XP_011091464.1-XP_011091707.1	0.0939956	0.110021	0.854342
XP_011091465.1-XP_011091466.1	0.0414298	0.0754874	0.54883
XP_011091466.1-XP_020552900.1	0.0469787	0.0718088	0.654218
XP_011091524.1-XP_011091525.1	0.0372268	0.115601	0.322029
XP_011091542.1-XP_011091548.1	0.0797253	0.166927	0.477605
XP_011091568.1-XP_011091569.2	1.0278	2.26011	0.454754
XP_011091578.1-XP_011091579.1	0.155127	0.461196	0.336357
XP_011091580.1-XP_011091736.1	0.108165	0.389959	0.277376
XP_011091585.1-XP_011091588.1	0.368656	2.23774	0.164745
XP_011091590.1-XP_011091591.1	0.0860333	0.273353	0.314733
XP_011091591.1-XP_011091746.1	0.164954	0.159225	1.03598
XP_011091592.1-XP_011091594.1	0.0192404	0.119134	0.161503
XP_011091594.1-XP_011091595.1	NA	0.0337139	-0
XP_011091595.1-XP_011091596.1	0.0153451	0.132362	0.115933
XP_011091596.1-XP_011091597.1	0.011502	0.131542	0.0874403
XP_011091597.1-XP_011091598.1	0.0986573	0.213029	0.463116
XP_011091599.1-XP_011091601.1	0.101945	0.2275	0.448113
XP_011091631.1-XP_011091662.1	0.436934	1.19794	0.364738
XP_011091669.1-XP_020552854.1	0.135533	0.453369	0.298946
XP_011091703.1-XP_020552899.1	0.0968958	0.152621	0.63488
XP_011091709.2-XP_011091710.1	0.0335037	0.0538813	0.621806
XP_011091713.1-XP_020552939.1	0.0443452	0.214863	0.206388
XP_011091722.2-XP_020552841.1	0.0552876	0.0933929	0.591989
XP_011091724.1-XP_011091725.1	0.170407	0.614902	0.277129
XP_011091725.1-XP_011091726.1	0.111793	0.352613	0.317042
XP_011091726.1-XP_020552831.1	0.0237634	0.0490325	0.484645
XP_011091734.1-XP_011091580.1	0.0284122	0.0960112	0.295927
XP_011091760.1-XP_011091898.1	0.225471	0.871106	0.258832
XP_011091821.1-XP_020550640.1	0.329416	1.04925	0.313954
XP_011091822.1-XP_011091824.1	0.390407	1.23515	0.316081
XP_011091841.1-XP_011094727.1	0.343053	1.89616	0.18092
XP_011091871.1-XP_020549908.1	0.0500711	0.219937	0.227662
XP_011091878.1-XP_011091880.1	0.0194493	0.351232	0.0553746
XP_011091879.1-XP_011091880.1	0.0373758	0.531347	0.0703416
XP_011091888.1-XP_011091890.1	0.11996	0.522558	0.229562
XP_011091904.1-XP_011091905.1	0.945007	1.79183	0.527397
XP_011091905.1-XP_011091906.1	0.934273	1.66857	0.559926
XP_011091906.1-XP_011091907.1	0.918128	1.82588	0.502841
XP_011091907.1-XP_011091908.1	0.00266069	0.0175205	0.151862
XP_011091908.1-XP_011091909.1	NA	NA	NA
XP_011091913.1-XP_011091914.1	0.227483	0.603306	0.37706
XP_011091914.1-XP_011091857.1	0.261792	0.664044	0.394238
XP_011091949.1-XP_011091950.1	0.0131758	0.00328497	4.01093
XP_011091974.1-XP_011091985.1	0.470614	NA	NA
XP_011092009.1-XP_011092012.1	0.536914	0.69661	0.770752
XP_011092041.1-XP_020552852.1	0.0584981	0.130522	0.448184
XP_011092048.1-XP_020552879.1	0.00982775	0.0453576	0.216673
XP_011092095.1-XP_011092096.1	0.425004	2.22999	0.190585
XP_011092096.1-XP_011092671.1	0.382696	1.89023	0.20246
XP_011092140.1-XP_011092141.1	0.00588619	0.00384626	1.53037
XP_011092183.1-XP_011092180.1	0.00238471	0.357824	0.00666449
XP_011092392.2-XP_020553076.1	0.367355	2.16679	0.169539
XP_011092428.1-XP_011092429.1	0.336038	2.40926	0.139478
XP_011092435.1-XP_011092436.1	0.0137917	0.0958666	0.143864
XP_011092456.1-XP_020552859.1	0.562855	NA	NA
XP_011092471.1-XP_020553202.1	0.292337	NA	NA
XP_011092508.1-XP_011092709.1	0.590743	2.17421	0.271704
XP_011092553.1-XP_011092554.1	0.246031	1.05045	0.234215
XP_011092596.1-XP_011092597.1	0.248545	NA	NA
XP_011092681.2-XP_011092682.1	0.170441	0.334137	0.510093
XP_011092713.1-XP_011092541.1	0.143991	0.576438	0.249794
XP_011092718.2-XP_020553160.1	0.464287	1.61234	0.287959
XP_011092747.1-XP_011092779.2	0.292795	1.91983	0.152511
XP_011092812.1-XP_011092814.1	0.377592	NA	NA
XP_011092852.1-XP_011094768.1	0.621364	0.99835	0.622391
XP_011092948.1-XP_011092949.1	0.0969615	0.540633	0.179348
XP_011092949.1-XP_011092950.2	0.133027	0.518266	0.256677
XP_011092984.1-XP_011092985.1	0.000554696	NA	NA
XP_011092995.1-XP_011092944.1	0.404514	1.85103	0.218535
XP_011093039.2-XP_020553229.1	0.167915	0.296687	0.565966
XP_011093099.2-XP_011093100.1	0.534146	1.90248	0.280763
XP_011093106.1-XP_011093047.1	0.055102	0.129792	0.424542
XP_011093112.2-XP_011093243.1	0.0220828	0.0331201	0.666749
XP_011093181.1-XP_011093183.1	0.0155843	0.0718162	0.217003
XP_011093214.2-XP_011093216.1	0.0525078	0.171468	0.306226
XP_011093248.1-XP_020553457.1	0.0358795	0.0518568	0.691895
XP_011093342.1-XP_011093344.1	0.0655258	0.133634	0.490337
XP_011093343.1-XP_011094782.1	0.244695	1.47796	0.165563
XP_011093352.2-XP_020553710.1	0.0751822	0.0845102	0.889623
XP_011093380.1-XP_020553369.1	0.115202	0.580475	0.198462
XP_011093435.1-XP_011093436.1	0.0251479	0.0719621	0.34946
XP_011093436.1-XP_011093437.1	0.00927678	0.0454793	0.203978
XP_011093438.1-XP_011093439.1	0.11832	0.226135	0.523226
XP_011093455.1-XP_011093458.1	0.102276	0.389279	0.262731
XP_011093465.1-XP_011093466.1	0.0605668	0.404848	0.149604
XP_011093561.1-XP_011093990.1	0.122875	0.437699	0.28073
XP_011093661.1-XP_011093662.1	0.0263394	0.230638	0.114202
XP_011093669.1-XP_011093670.1	0.270242	5.44452	0.0496356
XP_011093681.1-XP_011093683.1	0.00702222	0.0791722	0.0886956
XP_011093737.1-XP_020553289.1	0.274366	1.29137	0.212461
XP_011093808.1-XP_011093811.1	0.0374231	0.360488	0.103812
XP_011093823.1-XP_011093824.1	0.0518666	0.469567	0.110456
XP_011093858.1-XP_011093857.2	0.0719483	0.241134	0.298375
XP_011093913.1-XP_011094025.1	0.40703	1.78469	0.228067
XP_011093919.1-XP_020553687.1	0.427034	1.82099	0.234507
XP_011093924.1-XP_011093928.1	0.363839	1.57587	0.230882
XP_011093945.1-XP_011093946.1	0.00284175	0.0257674	0.110285
XP_011093987.1-XP_011093989.1	0.0338482	0.0369116	0.917007
XP_011093990.1-XP_011093991.1	0.043672	0.0734365	0.59469
XP_011093991.1-XP_011093562.1	0.310118	2.21314	0.140125
XP_011094016.1-XP_011093871.1	0.763406	2.06016	0.370556
XP_011094021.1-XP_011093900.1	0.578156	3.9679	0.145708
XP_011094025.1-XP_011093915.1	0.0730964	0.246901	0.296056
XP_011094070.1-XP_011094147.2	0.0958293	0.328164	0.292017
XP_011094082.1-XP_011094148.1	0.121295	0.330324	0.3672
XP_011094086.1-XP_011094085.2	0.104236	0.34269	0.304171
XP_011094110.1-XP_011094113.1	0.0361515	0.0826533	0.437387
XP_011094118.1-XP_011094119.1	0.297164	1.44238	0.206024
XP_011094153.2-XP_011094154.1	0.347322	1.04234	0.333213
XP_011094170.1-XP_020553253.1	0.122775	0.978979	0.125411
XP_011094180.1-XP_011094181.1	0.39979	1.73508	0.230417
XP_011094181.1-XP_011094182.1	0.45874	2.38958	0.191975
XP_011094229.1-XP_011094231.1	0.20864	0.334501	0.623735
XP_011094266.1-XP_011094268.1	0.312889	NA	NA
XP_011094268.1-XP_011094269.1	0.395722	2.51572	0.1573
XP_011094300.1-XP_011094303.1	0.0577017	0.309764	0.186277
XP_011094303.1-XP_011094304.1	0.0956792	0.41364	0.23131
XP_011094344.2-XP_011094540.1	0.0908661	0.550661	0.165013
XP_011094367.1-XP_011094542.1	0.156555	1.1573	0.135275
XP_011094406.1-XP_011094418.1	0.195916	0.689189	0.28427
XP_011094418.1-XP_011094429.2	0.119878	0.339755	0.352836
XP_011094433.1-XP_011094434.1	0.410791	2.45759	0.167152
XP_011094434.1-XP_011094547.1	0.438024	NA	NA
XP_011094445.1-XP_011094446.1	0.380509	1.83418	0.207455
XP_011094461.1-XP_011094462.1	0.002977	0.539153	0.00552162
XP_011094470.1-XP_011094471.1	0.23821	1.03807	0.229474
XP_011094539.1-XP_011094300.1	0.0554586	0.143663	0.386033
XP_011094541.1-XP_011094357.1	0.334291	1.22854	0.272105
XP_011094542.1-XP_011094368.1	0.347321	NA	NA
XP_011094548.1-XP_011094549.1	0.065598	0.0981204	0.668546
XP_011094568.1-XP_011094570.1	0.382639	NA	NA
XP_011094570.1-XP_011094571.1	0.398105	2.91039	0.136787
XP_011094571.1-XP_011094572.1	0.317522	1.60965	0.197262
XP_011094617.1-XP_011094629.1	0.22101	0.300031	0.736626
XP_011094621.1-XP_011094735.1	0.208334	0.850668	0.244906
XP_011094622.1-XP_011094624.1	0.179948	0.940427	0.191348
XP_011094624.1-XP_011094623.1	0.0331922	0.0564483	0.58801
XP_011094625.1-XP_011094626.1	0.323011	1.89254	0.170676
XP_011094626.1-XP_011094737.1	0.347728	3.00357	0.115771
XP_011094627.1-XP_011094738.1	0.268452	1.31717	0.203809
XP_011094629.1-XP_011094642.1	0.912474	NA	NA
XP_011094731.1-XP_011094591.1	0.0412482	0.200997	0.205218
XP_011094734.1-XP_011094735.1	0.399059	0.870101	0.458635
XP_011094735.1-XP_011094622.1	0.0803903	0.238552	0.336993
XP_011094737.1-XP_011094627.1	0.289671	1.68195	0.172224
XP_011094738.1-XP_011094739.1	0.0951759	0.298558	0.318785
XP_011094739.1-XP_011094740.1	0.0343199	0.104237	0.329248
XP_011094756.1-XP_011094759.1	0.14649	1.06113	0.138052
XP_011094759.1-XP_011094760.1	0.0731981	0.252409	0.289998
XP_011094822.1-XP_020553548.1	0.0404413	0.486915	0.0830561
XP_011094837.1-XP_011094839.1	0.105531	0.489703	0.215501
XP_011094885.2-XP_011094887.1	0.180733	4.50627	0.0401071
XP_011094887.1-XP_011094888.1	0.125723	1.44673	0.0869012
XP_011094895.1-XP_011094896.1	0.381106	NA	NA
XP_011094910.1-XP_011094911.1	0.211445	2.64825	0.0798434
XP_011094911.1-XP_011094913.1	0.125548	0.773821	0.162245
XP_011094947.1-XP_011094948.1	0.119657	0.509114	0.235029
XP_011094948.1-XP_011094949.1	0.172286	1.08305	0.159076
XP_011094957.1-XP_011094959.1	0.00387765	0.399803	0.00969888
XP_011094983.1-XP_020553446.1	0.139534	0.33327	0.41868
XP_011095006.1-XP_011095007.1	0.162988	0.797016	0.204498
XP_011095007.1-XP_011095009.1	0.207935	1.03743	0.200433
XP_011095067.1-XP_020553729.1	0.380997	NA	NA
XP_011095068.1-XP_011095224.2	0.276548	0.969036	0.285384
XP_011095107.1-XP_011095108.1	0.411978	NA	NA
XP_011095132.1-XP_011095133.1	0.383172	1.25308	0.305784
XP_011095133.1-XP_011095136.1	0.456651	2.03205	0.224724
XP_011095208.1-XP_011094902.1	0.731729	NA	NA
XP_011095218.1-XP_011095036.1	0.282764	NA	NA
XP_011095221.1-XP_011095222.1	0.511804	1.9275	0.265528
XP_011095224.2-XP_011095070.1	0.544719	NA	NA
XP_011095243.1-XP_011095244.1	0.615949	NA	NA
XP_011095270.1-XP_011095271.1	0.0841848	0.71236	0.118177
XP_011095271.1-XP_011095272.1	0.0294162	0.149549	0.196699
XP_011095279.2-XP_020553999.1	0.210495	0.792054	0.265759
XP_011095329.1-XP_011095325.1	0.156811	0.192718	0.81368
XP_011095338.1-XP_011095339.1	0.154968	0.52835	0.293305
XP_011095435.1-XP_011095802.2	0.310032	1.56367	0.198272
XP_011095447.1-XP_011095443.1	0.0502408	1.12515	0.0446527
XP_011095520.1-XP_011095521.1	0.158842	0.75924	0.209212
XP_011095521.1-XP_011095523.1	0.0592142	0.273642	0.216393
XP_011095564.1-XP_011095562.1	0.0398075	0.276813	0.143807
XP_011095602.1-XP_020554010.1	0.333927	1.6035	0.208249
XP_011095604.1-XP_011095813.1	0.471328	NA	NA
XP_011095611.1-XP_011095612.1	0.197453	1.51791	0.130082
XP_011095615.1-XP_020553992.1	0.320074	1.60501	0.199422
XP_011095704.1-XP_020553868.1	0.209002	0.961522	0.217366
XP_011095769.1-XP_011095828.1	0.0744421	0.294841	0.252482
XP_011095802.2-XP_011095438.1	0.262027	1.836	0.142716
XP_011095818.1-XP_011095605.1	0.199716	0.499371	0.399935
XP_011095820.1-XP_011095615.1	0.0727258	0.205075	0.354631
XP_011095822.1-XP_011095827.1	0.130297	0.533916	0.24404
XP_011095827.1-XP_011095838.1	0.0562584	0.208438	0.269905
XP_011095952.1-XP_011095954.1	0.187679	0.245057	0.765856
XP_011095954.1-XP_011096145.1	0.513218	1.32328	0.387839
XP_011095962.1-XP_020554122.1	0.436416	NA	NA
XP_011096023.1-XP_011096024.1	0.560126	NA	NA
XP_011096024.1-XP_020554071.1	0.645232	0.92407	0.69825
XP_011096071.1-XP_011096076.1	0.293437	1.56486	0.187517
XP_011096105.1-XP_011096129.2	0.15768	0.407952	0.386516
XP_011096130.1-XP_011096132.1	0.544914	3.93259	0.138564
XP_011096135.1-XP_011096166.1	0.137026	0.436108	0.314202
XP_011096139.1-XP_011096149.1	0.406118	NA	NA
XP_011096166.1-XP_020554075.1	0.134962	0.327345	0.412293
XP_011096225.1-XP_011096193.1	0.11936	0.533726	0.223636
XP_011096236.1-XP_020554081.1	0.476548	NA	NA
XP_011096298.1-XP_011096300.1	0.785811	2.47795	0.317121
XP_011096343.1-XP_020553968.1	0.519036	1.94589	0.266735
XP_011096384.1-XP_011096385.1	0.370674	1.95981	0.189137
XP_011096405.1-XP_011096408.1	0.338914	1.88129	0.18015
XP_011096420.1-XP_020553889.1	0.172053	0.320214	0.537308
XP_011096454.2-XP_020554085.1	0.317588	2.62348	0.121056
XP_011096468.1-XP_020554017.1	0.290768	1.97712	0.147066
XP_011096513.1-XP_011096514.1	0.432033	2.6344	0.163997
XP_011096520.1-XP_011096521.1	0.00166073	0.468873	0.00354195
XP_011096532.2-XP_011099080.2	0.122521	0.362927	0.337591
XP_011096568.2-XP_020554085.1	0.307862	2.74774	0.112042
XP_011096646.1-XP_011096647.1	0.43661	1.82978	0.238613
XP_011096647.1-XP_011096651.1	0.21061	0.743728	0.283182
XP_011096662.1-XP_020554194.1	0.181332	2.15428	0.084173
XP_011096703.1-XP_020554197.1	0.116939	0.325664	0.359079
XP_011096707.1-XP_011096709.1	0.363478	NA	NA
XP_011096736.1-XP_020547789.1	0.0625069	0.196541	0.318035
XP_011096790.1-XP_011096792.1	0.969257	1.76859	0.54804
XP_011096818.1-XP_020553938.1	0.153767	0.461186	0.333417
XP_011096883.1-XP_011096699.1	0.40833	NA	NA
XP_011096887.1-XP_011096889.1	0.102472	0.463385	0.221137
XP_011096897.1-XP_011096818.1	0.624786	2.93341	0.212989
XP_011097018.1-XP_011097019.1	0.0529447	0.0576884	0.917771
XP_011097137.1-XP_011097140.1	0.947703	NA	NA
XP_011097224.2-XP_020554313.1	0.175458	0.384316	0.456547
XP_011097239.1-XP_011097249.1	0.394385	NA	NA
XP_011097269.1-XP_011097271.1	0.298372	1.78879	0.166801
XP_011097269.1-XP_011097273.1	0.468759	1.74524	0.268593
XP_011097312.1-XP_011097323.1	0.429191	1.86384	0.230273
XP_011097323.1-XP_011097335.1	0.0792696	0.167109	0.474358
XP_011097335.1-XP_011097347.1	0.0236367	0.0555496	0.425506
XP_011097360.2-XP_011097374.1	0.295763	2.02665	0.145937
XP_011097365.1-XP_011097366.2	0.380762	NA	NA
XP_011097403.1-XP_020554316.1	0.26555	0.397199	0.668557
XP_011097452.1-XP_011097453.1	0.0504612	0.400999	0.125839
XP_011097453.1-XP_011097455.1	0.07951	0.373075	0.213121
XP_011097455.1-XP_011097456.1	0.145746	0.866056	0.168287
XP_011097456.1-XP_011097458.1	0.184028	1.66388	0.110602
XP_011097541.1-XP_011097542.1	0.0272028	0.15139	0.179687
XP_011097560.1-XP_011097584.1	0.564478	1.33774	0.421965
XP_011097632.1-XP_011097619.1	0.120524	0.450261	0.267675
XP_011097639.1-XP_011097640.1	0.0140673	0.354737	0.0396557
XP_011097703.1-XP_011097704.1	0.318412	1.99013	0.159995
XP_011097704.1-XP_011097705.1	0.277976	1.48647	0.187004
XP_011097754.1-XP_011097753.1	0.397121	NA	NA
XP_011097779.1-XP_011097781.2	0.0814664	0.333489	0.244285
XP_011097824.1-XP_011097836.1	0.458842	1.74815	0.262472
XP_011097953.1-XP_011097955.1	0.397137	3.97251	0.0999713
XP_011097955.1-XP_011097958.1	0.4506	NA	NA
XP_011097958.1-XP_011097959.2	0.0600836	0.164305	0.365683
XP_011097959.2-XP_020554442.1	0.205729	0.8806	0.233624
XP_011097973.1-XP_011097974.1	0.304782	0.90834	0.335537
XP_011097991.1-XP_011097992.1	0.242159	1.63854	0.14779
XP_011098064.1-XP_011098077.1	0.0981202	0.258443	0.379659
XP_011098091.1-XP_011098388.1	0.0106298	0.0550581	0.193064
XP_011098109.1-XP_011098110.1	0.382261	1.92271	0.198813
XP_011098119.1-NP_001304907.1	0.38702	2.30303	0.168048
XP_011098127.2-XP_011098138.1	0.386152	NA	NA
XP_011098133.1-XP_011098134.1	0.294446	1.95633	0.150509
XP_011098146.1-XP_020554498.1	0.0741283	0.221248	0.335047
XP_011098148.1-XP_011098146.1	0.0540396	0.15211	0.355265
XP_011098287.1-XP_020554420.1	0.0372526	0.187616	0.198558
XP_011098338.1-XP_011098339.2	0.1061	0.432615	0.245252
XP_011098339.2-XP_011098340.1	0.0734488	0.212894	0.345001
XP_011098340.1-XP_011098410.2	0.0497428	0.16055	0.309827
XP_011098342.1-XP_011098344.1	0.601959	1.70718	0.352605
XP_011098370.1-XP_011098380.1	0.250594	3.57712	0.0700548
XP_011098372.1-XP_011098373.1	0.0323259	0.0772156	0.418645
XP_011098388.1-XP_011098389.1	NA	0.0179348	-0
XP_011098389.1-XP_011098391.1	0.188321	0.200435	0.939566
XP_011098390.1-XP_020547638.1	0.242175	0.360743	0.671324
XP_011098484.1-XP_011098485.1	0.0455047	0.567549	0.0801775
XP_011098494.1-XP_011098497.1	0.0111918	0.0253384	0.441693
XP_011098512.1-XP_011098767.1	0.344688	1.05444	0.326892
XP_011098574.1-XP_011098590.1	0.394632	0.888817	0.443996
XP_011098575.1-XP_011098576.1	0.389651	NA	NA
XP_011098679.1-XP_011098680.1	0.625683	NA	NA
XP_011098721.1-XP_011098599.1	0.0345334	0.0918352	0.376037
XP_011098767.1-XP_011098513.1	0.444429	2.55103	0.174215
XP_011098775.1-XP_011098776.1	0.388553	NA	NA
XP_011098778.1-XP_011098779.1	0.135662	0.282696	0.479886
XP_011098779.1-XP_011098693.1	0.461576	1.89337	0.243785
XP_011098893.1-XP_011098894.1	0.425736	1.57582	0.270167
XP_011098904.1-XP_011098905.1	0.509926	NA	NA
XP_011098905.1-XP_011098906.1	0.364851	NA	NA
XP_011098906.1-XP_011098907.1	0.319711	1.9008	0.168198
XP_011098966.1-XP_020554568.1	0.242867	1.78769	0.135855
XP_011099000.1-XP_011098864.1	0.0315044	0.046998	0.670335
XP_011099018.1-XP_020554976.1	NA	0.0110758	-0
XP_011099029.1-XP_011099030.1	0.0306498	0.0829722	0.369398
XP_011099032.1-XP_011099054.2	0.0732102	0.164841	0.444126
XP_011099083.1-XP_011099085.1	1.36865	1.89156	0.723559
XP_011099091.1-XP_011096736.1	0.0492004	0.150602	0.326693
XP_011099130.1-XP_011099131.2	0.399163	NA	NA
XP_011099138.1-XP_011099139.1	0.100366	0.272385	0.368469
XP_011099165.1-XP_011099029.1	0.562031	NA	NA
XP_011099166.1-XP_011099033.2	0.314279	NA	NA
XP_011099167.1-XP_011099035.1	0.219939	1.46398	0.150234
XP_011099194.1-XP_011099196.1	0.145056	0.802812	0.180685
XP_011099197.1-XP_011099198.1	0.136302	0.588681	0.231538
XP_011099220.1-XP_011099223.1	0.286345	NA	NA
XP_011099227.1-XP_011099228.1	0.430242	1.97844	0.217466
XP_011099228.1-XP_020554638.1	0.475721	3.74421	0.127055
XP_011099230.1-XP_011099232.1	0.199313	0.342833	0.581372
XP_011099231.2-XP_011099243.1	0.157188	0.520812	0.301814
XP_011099238.1-XP_011099307.1	0.146656	0.18357	0.798914
XP_011099239.1-XP_011099240.1	0.388244	1.22487	0.316967
XP_011099240.1-XP_011099241.1	0.608008	2.02614	0.300082
XP_011099243.1-XP_020547835.1	0.248583	0.597856	0.415791
XP_011099297.1-XP_011099298.1	0.363399	1.59634	0.227646
XP_011099298.1-XP_011099299.1	0.279871	0.814079	0.343788
XP_011099307.1-XP_011099239.1	0.457615	1.49684	0.305721
XP_011099320.1-XP_011099321.1	0.139281	0.538097	0.25884
XP_011099348.1-XP_011099350.1	0.00618046	0.0173056	0.357137
XP_011099390.1-XP_011099392.1	0.0254859	0.136969	0.186071
XP_011099391.1-XP_011099393.1	0.132186	0.317814	0.415922
XP_011099399.1-XP_011099400.1	0.317585	2.15964	0.147055
XP_011099468.1-XP_011100106.1	0.0826526	0.263013	0.314253
XP_011099470.1-XP_020554888.1	0.43417	1.09403	0.396853
XP_011099473.1-XP_011099475.1	0.532392	NA	NA
XP_011099511.1-XP_011099512.1	0.17607	0.74904	0.23506
XP_011099512.1-XP_011099516.1	0.0268615	0.0687578	0.390668
XP_011099516.1-XP_020554633.1	0.269469	1.34936	0.199702
XP_011099560.1-XP_011099559.1	0.0344794	0.191888	0.179685
XP_011099569.1-XP_011099581.1	0.364977	2.11201	0.17281
XP_011099574.1-XP_011099575.1	0.356918	2.27829	0.156661
XP_011099650.1-XP_011099651.1	0.232468	1.89699	0.122546
XP_011099651.1-XP_011099652.1	0.126253	2.06178	0.0612349
XP_011099669.1-XP_011099670.1	0.00732248	0.0998983	0.0732994
XP_011099742.1-XP_011099743.2	0.027079	0.109871	0.246463
XP_011099780.1-XP_011099781.1	0.0444368	0.306074	0.145183
XP_011099951.1-XP_020554808.1	0.184971	1.01276	0.18264
XP_011099955.1-XP_011099957.1	0.361397	2.00542	0.18021
XP_011100006.1-XP_020554957.1	0.00288397	0.0581921	0.0495594
XP_011100096.1-XP_011099347.1	0.414886	5.82241	0.0712567
XP_011100114.1-XP_020554793.1	0.12673	0.262553	0.482682
XP_011100143.1-XP_011100144.1	0.179515	1.09312	0.164223
XP_011100162.1-XP_011100164.1	NA	NA	NA
XP_011100174.1-XP_011099997.1	0.441433	0.940326	0.469446
XP_011100177.1-XP_020554811.1	0.104671	0.513853	0.203698
XP_011100227.1-XP_011100228.1	0.0437315	0.0854946	0.511512
XP_011100275.1-XP_011100277.1	0.149177	0.611396	0.243994
XP_011100287.2-XP_011100288.1	0.497516	NA	NA
XP_011100296.1-XP_020555028.1	0.430857	NA	NA
XP_011100312.1-XP_020555048.1	0.0527574	0.194678	0.270998
XP_011100315.1-XP_011100316.1	0.0264217	0.0767357	0.344321
XP_011100326.1-XP_011100426.1	0.459698	1.27518	0.360496
XP_011100332.1-XP_011100429.1	0.0401051	0.054676	0.733504
XP_011100401.1-XP_011100402.1	0.0409273	0.233247	0.175468
XP_011100415.1-XP_011100416.1	0.027652	0.0495829	0.557693
XP_011100424.1-XP_020547796.1	0.27152	0.504666	0.53802
XP_011100429.1-XP_020555030.1	0.101314	0.35161	0.288143
XP_011100448.1-XP_011100449.1	0.322691	1.4105	0.228778
XP_011100449.1-XP_011100450.1	0.126432	0.361152	0.350081
XP_011100450.1-XP_011100521.1	0.101272	0.395563	0.256021
XP_011100452.1-XP_011100453.1	0.289857	1.74509	0.166098
XP_011100455.1-XP_011100525.1	0.053218	0.0781595	0.68089
XP_011100456.1-XP_011100458.1	0.0582964	0.164406	0.354589
XP_011100458.1-XP_011100459.1	0.0349321	0.139369	0.250645
XP_011100521.1-XP_020555055.1	0.30928	1.72852	0.178928
XP_011100603.1-XP_011100906.1	0.241174	1.42252	0.16954
XP_011100608.1-XP_011100941.1	0.104996	0.323825	0.324238
XP_011100613.1-XP_011100617.1	0.545764	NA	NA
XP_011100634.1-XP_020555101.1	0.228675	0.838366	0.272763
XP_011100641.1-XP_011100642.1	0.0386003	0.0525753	0.734191
XP_011100731.1-XP_011100728.1	NA	NA	NA
XP_011100773.1-XP_011100828.1	0.754496	NA	NA
XP_011100818.1-XP_011100837.1	0.198488	0.515572	0.384986
XP_011100831.1-XP_011100840.1	0.247715	2.64481	0.0936608
XP_011100855.1-XP_011100859.1	0.0299926	0.0639018	0.469354
XP_011100857.1-XP_011100862.1	0.269176	1.18444	0.227261
XP_011100884.1-XP_011100886.1	0.102694	0.406328	0.252738
XP_011100910.1-XP_011100911.1	0.0924912	0.266218	0.347427
XP_011100930.1-XP_011100608.1	0.260375	1.228	0.212032
XP_011100968.1-XP_011100910.1	0.27981	1.49936	0.186619
XP_011100988.1-XP_011100990.1	0.140212	0.148058	0.947008
XP_011100999.1-XP_020547488.1	0.161572	1.2372	0.130595
XP_011101024.1-XP_011101026.1	0.013596	0.0344844	0.394265
XP_011101049.1-XP_011101051.1	0.0479322	0.104294	0.459587
XP_011101098.1-XP_011101099.1	0.463766	1.70259	0.272389
XP_011101100.1-XP_011069600.2	0.404851	2.0007	0.202355
XP_011101126.1-XP_011101127.2	0.720791	1.8798	0.38344
XP_011101190.1-XP_011101120.1	0.0810748	0.304913	0.265895
XP_011101194.2-XP_011101179.1	0.63798	3.60349	0.177045
XP_011101247.1-XP_020546961.1	0.0971139	0.178834	0.543039
XP_011101362.2-XP_020546988.1	0.0764748	0.130382	0.586544
XP_011101368.1-XP_020546990.1	1.52709	2.28652	0.667864
XP_011101376.1-XP_020546996.1	0.062546	0.0455817	1.37217
XP_011101379.1-XP_011101449.1	0.186124	0.354756	0.524653
XP_011101404.1-XP_011101452.1	0.135132	0.374965	0.360385
XP_011101457.2-XP_011101458.1	0.146574	0.567332	0.258357
XP_011101497.1-XP_011101498.1	0.378386	2.22245	0.170256
XP_011101528.1-XP_011101529.1	0.00617215	0.965055	0.00639565
XP_011101530.1-XP_011101531.1	0.0107262	0.0940135	0.114092
XP_011101546.1-XP_011101542.1	1.46679	2.39883	0.611461
XP_011101550.2-XP_020547787.1	0.647133	2.09253	0.309258
XP_011101560.1-XP_020554448.1	0.267528	0.618414	0.432603
XP_011101561.1-XP_011101522.1	0.134408	0.112215	1.19777
XP_011101564.1-XP_011101565.1	0.276928	NA	NA
XP_011101575.1-XP_011101577.1	0.451545	NA	NA
XP_011101592.1-XP_020547050.1	0.083493	0.250935	0.332728
XP_011101715.1-XP_011101716.1	0.275088	1.04725	0.262677
XP_011101806.1-XP_011101820.1	0.226445	1.25177	0.1809
XP_011101807.1-XP_011101808.1	0.343119	3.04151	0.112812
XP_011101921.1-XP_011101927.2	0.30385	1.38444	0.219475
XP_011101995.1-XP_011101997.1	0.00302123	0.0110286	0.273944
XP_011102002.1-XP_020547184.1	0.00412765	0.00226886	1.81926
XP_011102013.1-XP_011102014.2	0.110152	0.1258	0.87561
XP_011102014.2-XP_011102015.1	0.0215469	0.0311218	0.692341
XP_011102015.1-XP_011102016.1	0.0182111	0.021237	0.857518
XP_011102016.1-XP_011102018.1	0.0712427	0.0989945	0.719664
XP_011102065.1-XP_011102075.1	0.400084	NA	NA
XP_011102246.1-XP_020547293.1	0.234005	1.67872	0.139395
XP_020546918.1-XP_011101165.1	0.175325	0.451169	0.3886
XP_020546967.1-XP_011069673.1	0.022701	0.0572771	0.396336
XP_020546996.1-XP_011101379.1	0.377161	0.591442	0.637697
XP_020547109.1-XP_011101783.1	0.262573	1.75599	0.149529
XP_020547211.1-XP_020547213.1	0.507698	NA	NA
XP_020547260.1-XP_011102156.1	0.483093	NA	NA
XP_020547271.1-XP_020547272.1	0.414033	3.75072	0.110387
XP_020547272.1-XP_020547273.1	0.00442498	NA	NA
XP_020547300.1-XP_020547301.1	0.0250728	0.0188275	1.33171
XP_020547399.1-XP_011070171.1	0.298078	1.0773	0.276691
XP_020547416.1-XP_011069594.1	0.186442	0.537236	0.347039
XP_020547429.1-XP_011095330.1	0.00148173	0.0050434	0.293795
XP_020547462.1-XP_011071161.1	0.828328	NA	NA
XP_020547560.1-XP_011069620.1	0.44755	1.62625	0.275204
XP_020547561.1-XP_020547420.1	0.0223388	0.0678281	0.329345
XP_020547583.1-XP_011069765.1	0.0379217	0.236957	0.160036
XP_020547589.1-XP_020546967.1	0.0509804	0.155701	0.327426
XP_020547607.1-XP_011070215.1	0.0466281	0.103179	0.451913
XP_020547608.1-XP_011070358.1	0.13144	0.869077	0.151241
XP_020547643.1-XP_011087105.1	0.157704	0.653943	0.241159
XP_020547660.1-XP_011070199.1	0.0599639	0.287307	0.20871
XP_020547710.1-XP_011100000.1	0.165703	0.430583	0.384834
XP_020547717.1-XP_011071306.1	0.100824	0.213041	0.473261
XP_020547726.1-XP_011101626.1	1.60926	2.51083	0.640926
XP_020547740.1-XP_011070713.1	0.475744	0.651628	0.730085
XP_020547745.1-XP_020547038.1	0.284552	0.490247	0.580426
XP_020547749.1-XP_011070869.1	0.226777	0.885515	0.256097
XP_020547750.1-XP_020547768.1	0.142269	0.370898	0.383579
XP_020547765.1-XP_011070008.1	0.0450295	0.203898	0.220844
XP_020547768.1-XP_011070161.1	0.346433	NA	NA
XP_020547784.1-XP_011069731.1	0.119474	0.309013	0.386633
XP_020547786.1-XP_011096532.2	0.260579	1.08239	0.240744
XP_020547787.1-XP_011101560.1	0.664504	1.99198	0.333589
XP_020547789.1-XP_011096750.1	0.0418229	0.140253	0.298195
XP_020547835.1-XP_020546943.1	0.253415	0.603841	0.419671
XP_020547884.1-XP_020548018.1	0.250744	1.07754	0.232701
XP_020547885.1-XP_020547896.1	0.0308423	0.468132	0.0658837
XP_020547897.1-XP_020548184.1	0.139395	0.224114	0.621985
XP_020547907.1-XP_020550513.1	0.277606	1.17337	0.236589
XP_020547935.1-XP_011072558.1	0.231858	0.530747	0.436853
XP_020547936.1-XP_020547849.1	0.186925	0.373999	0.499802
XP_020547986.1-XP_020547988.1	0.0495237	0.0954996	0.518574
XP_020547989.1-XP_011073605.1	0.133259	0.386044	0.34519
XP_020548008.1-XP_020547917.1	0.159968	0.921192	0.173654
XP_020548059.1-XP_011071756.1	0.188832	0.55585	0.339718
XP_020548062.1-XP_011072494.1	0.295966	0.496482	0.596127
XP_020548088.1-XP_011070776.2	0.034958	0.167915	0.208189
XP_020548110.1-XP_011071450.1	0.124167	0.230517	0.538644
XP_020548111.1-XP_020548110.1	0.0787815	0.0952309	0.827268
XP_020548136.1-XP_011072017.1	0.327285	0.922569	0.354754
XP_020548144.1-XP_020548145.1	0.177935	0.796404	0.223423
XP_020548145.1-XP_020547959.1	0.311667	1.03047	0.302452
XP_020548168.1-XP_020548511.1	0.422923	1.02805	0.411384
XP_020548170.1-XP_020548553.1	0.133663	0.250071	0.534501
XP_020548183.1-XP_011074143.1	0.00437777	0.122272	0.0358035
XP_020548184.1-XP_020548185.1	1.15214	NA	NA
XP_020548228.1-XP_011073337.1	0.886618	3.00558	0.294991
XP_020548241.1-XP_020548361.1	0.66927	2.06708	0.323775
XP_020548267.1-XP_011074142.1	0.439011	NA	NA
XP_020548282.1-XP_011072370.1	0.237893	1.58553	0.15004
XP_020548330.1-XP_020547989.1	0.0778683	0.214626	0.362809
XP_020548345.1-XP_020548346.1	0.0462158	0.239364	0.193078
XP_020548359.1-XP_011071797.1	0.739463	2.47514	0.298756
XP_020548361.1-XP_020548359.1	0.227303	0.492548	0.461484
XP_020548410.1-XP_011071582.1	0.437041	1.07614	0.406119
XP_020548435.1-XP_011069624.1	0.1246	0.306081	0.407083
XP_020548463.1-XP_020548462.1	NA	NA	NA
XP_020548476.1-XP_011074787.1	0.603389	2.29781	0.262593
XP_020548511.1-XP_011073652.1	0.359178	0.915992	0.39212
XP_020548554.1-XP_020548609.1	0.523139	1.99454	0.262285
XP_020548585.1-XP_020548587.1	0.0652864	0.133722	0.488225
XP_020548592.1-XP_011074581.1	0.433535	0.669856	0.647206
XP_020548605.1-XP_011072384.1	0.255421	0.852986	0.299444
XP_020548635.1-XP_011071518.1	0.0599631	0.106808	0.561407
XP_020548646.1-XP_020548110.1	0.577239	1.13434	0.508878
XP_020548807.1-XP_020549189.1	0.0219483	0.0555528	0.395088
XP_020548808.1-XP_011076543.1	0.0023546	0.0195377	0.120516
XP_020548819.1-XP_020548771.1	0.0556391	0.0405659	1.37157
XP_020548832.1-XP_020548935.1	0.277507	0.966701	0.287066
XP_020548845.1-XP_011077168.1	0.291379	1.75861	0.165687
XP_020548851.1-XP_011077167.1	0.293822	1.79108	0.164048
XP_020548853.1-XP_011071890.1	0.769641	0.996151	0.772614
XP_020548867.1-XP_020548807.1	0.0300444	0.0877369	0.342437
XP_020548874.1-XP_011076042.1	0.600489	1.3691	0.438603
XP_020548876.1-XP_011076466.1	0.0948211	0.112205	0.845069
XP_020548879.1-XP_011076898.1	0.501632	2.74198	0.182945
XP_020548932.1-XP_020548930.1	0.392165	3.32941	0.117788
XP_020548951.1-XP_011076353.1	0.0561637	0.1104	0.508727
XP_020548959.1-XP_020548951.1	0.0965801	0.262417	0.36804
XP_020548962.1-XP_020549198.1	0.139176	0.238654	0.58317
XP_020548972.1-XP_011075341.1	0.250745	1.89376	0.132406
XP_020548989.1-XP_020548990.1	0.0223102	0.0403173	0.553365
XP_020548991.1-XP_020548989.1	0.100264	0.213631	0.46933
XP_020549063.1-XP_011076414.1	0.0616508	0.263754	0.233744
XP_020549116.1-XP_011075483.1	NA	0.00735534	-0
XP_020549151.1-XP_011075916.1	0.164743	0.242633	0.678979
XP_020549153.1-XP_011076050.1	0.558771	1.37375	0.406748
XP_020549157.1-XP_020548951.1	0.184567	0.245556	0.751629
XP_020549165.1-XP_011076957.1	0.117022	0.305332	0.383263
XP_020549188.1-XP_020548774.1	0.171017	0.493526	0.34652
XP_020549198.1-XP_011076515.1	0.142957	0.323045	0.442528
XP_020549200.1-XP_011076271.1	0.193643	0.292844	0.661248
XP_020549247.1-XP_020549246.1	0.322421	0.578422	0.557415
XP_020549255.1-XP_011075721.1	0.0169027	0.0317803	0.53186
XP_020549291.1-XP_011078223.2	0.138332	0.328861	0.420639
XP_020549313.1-XP_011079074.1	0.315276	1.77031	0.178091
XP_020549323.1-XP_011079023.1	0.0737012	0.188006	0.392014
XP_020549357.1-XP_011079012.1	0.484806	3.52889	0.137382
XP_020549378.1-XP_011079392.1	0.0586925	0.491361	0.119449
XP_020549396.1-XP_011092053.1	0.12325	0.634056	0.194383
XP_020549410.1-XP_011078609.1	0.390879	0.622741	0.627676
XP_020549412.1-XP_020549410.1	0.345264	0.501723	0.688158
XP_020549488.1-XP_011078686.2	0.146415	0.199693	0.733201
XP_020549555.1-XP_011078428.2	0.0206984	0.0654309	0.316341
XP_020549560.1-XP_011078290.1	0.333024	1.5713	0.211942
XP_020549603.1-XP_020549604.1	0.0243292	0.0764239	0.318345
XP_020549605.1-XP_020549603.1	0.830145	NA	NA
XP_020549621.1-XP_011077899.2	1.22131	3.5798	0.341168
XP_020549634.1-XP_020549663.1	0.0208117	0.154083	0.135068
XP_020549668.1-XP_020549395.1	0.537603	NA	NA
XP_020549719.1-XP_011077896.1	0.357909	2.26888	0.157747
XP_020549751.1-XP_011078530.1	0.0430192	0.174893	0.245974
XP_020549758.1-XP_011078628.1	0.183379	0.396835	0.462105
XP_020549759.1-XP_011078628.1	0.120096	0.41726	0.28782
XP_020549765.1-XP_011078602.1	0.0824203	0.191178	0.431118
XP_020549771.1-XP_020549772.1	0.0814509	0.0756822	1.07622
XP_020549772.1-XP_011078659.1	0.0426345	0.0974625	0.437445
XP_020549787.1-XP_020549323.1	0.0575199	0.187697	0.30645
XP_020549878.1-XP_020549879.1	0.137834	0.35595	0.387227
XP_020549880.1-XP_020550544.1	0.114963	0.316038	0.363762
XP_020549885.1-XP_011081990.1	0.88595	NA	NA
XP_020549890.1-XP_020549891.1	0.0830825	0.176269	0.47134
XP_020549891.1-XP_011082325.1	0.100033	0.32182	0.310836
XP_020549898.1-XP_011083300.1	0.523866	2.1322	0.245692
XP_020550028.1-XP_011081399.1	1.00642	NA	NA
XP_020550076.1-XP_020549974.1	0.336895	NA	NA
XP_020550100.1-XP_011080963.1	0.181413	0.484908	0.374118
XP_020550133.1-XP_011080427.1	0.107912	0.450671	0.239447
XP_020550134.1-XP_020549915.1	0.089543	0.138678	0.645692
XP_020550146.1-XP_011079978.1	0.890328	NA	NA
XP_020550167.1-XP_011083021.1	0.399155	2.43306	0.164055
XP_020550192.1-XP_011080548.1	0.153316	0.624721	0.245415
XP_020550196.1-XP_020550596.1	0.0447247	0.0778949	0.574167
XP_020550215.1-XP_011080359.1	0.14311	0.85297	0.167779
XP_020550226.1-XP_011080895.1	0.486352	5.81154	0.0836873
XP_020550228.1-XP_011080290.1	0.579263	1.1083	0.522661
XP_020550292.1-XP_020550291.1	0.121462	0.91652	0.132525
XP_020550293.1-XP_020550291.1	0.0934257	0.991885	0.0941901
XP_020550311.1-XP_011081620.1	0.038506	0.131231	0.293422
XP_020550331.1-XP_011081998.1	0.00574852	0.0313365	0.183445
XP_020550348.1-XP_011083140.1	0.524156	2.96162	0.176983
XP_020550384.1-XP_011080329.1	0.018727	0.0624549	0.299849
XP_020550442.1-XP_011080464.1	0.277231	1.37685	0.201351
XP_020550454.1-XP_020550452.1	0.0341373	0.0928489	0.367666
XP_020550458.1-XP_020549888.1	0.21779	0.763772	0.28515
XP_020550470.1-XP_011081237.1	0.279951	0.316634	0.884147
XP_020550476.1-XP_011080123.1	0.0205063	0.0275223	0.745082
XP_020550507.1-XP_011082028.2	0.190116	0.793908	0.239469
XP_020550519.1-XP_011080470.1	0.999044	2.92453	0.341609
XP_020550532.1-XP_020550538.1	0.0536801	0.102906	0.521644
XP_020550544.1-XP_020549881.1	0.126093	0.329795	0.382337
XP_020550602.1-XP_011081244.1	0.158331	0.190947	0.82919
XP_020550640.1-XP_020550645.1	0.11934	0.284644	0.419262
XP_020550645.1-XP_011091841.1	0.142743	0.452435	0.3155
XP_020550655.1-XP_020552631.1	0.687755	1.98484	0.346503
XP_020550672.1-XP_020550700.1	0.0426913	0.193291	0.220865
XP_020550679.1-XP_011080024.1	0.388312	NA	NA
XP_020550681.1-XP_011081078.1	0.198067	0.301128	0.65775
XP_020550795.1-XP_020550787.1	0.370887	0.627874	0.590702
XP_020550800.1-XP_011090678.1	0.298752	2.18463	0.136752
XP_020550806.1-XP_020550800.1	0.17781	0.664934	0.26741
XP_020550895.1-XP_011086209.1	0.576233	2.68522	0.214595
XP_020550922.1-XP_011084178.1	0.106678	0.272356	0.391685
XP_020550990.1-XP_020551177.1	0.167963	1.15834	0.145003
XP_020551173.1-XP_011083908.1	0.132293	0.32823	0.403049
XP_020551221.1-XP_020551220.1	0.158042	0.230458	0.685774
XP_020551283.1-XP_020551694.1	0.479621	2.35577	0.203594
XP_020551312.1-XP_011087912.1	0.30232	1.21173	0.249496
XP_020551403.1-XP_011086389.1	0.218154	0.622421	0.350492
XP_020551496.1-XP_011087137.1	0.290669	0.615107	0.47255
XP_020551503.1-XP_020552116.1	0.0853308	0.449831	0.189695
XP_020551505.1-XP_020551501.1	0.146163	0.427764	0.341689
XP_020551512.1-XP_020551462.1	0.146127	0.659678	0.221512
XP_020551583.1-XP_020551584.1	0.240995	NA	NA
XP_020551594.1-XP_011088475.1	0.173755	0.631864	0.274987
XP_020551616.1-XP_011088360.1	0.129528	0.468799	0.276297
XP_020551652.1-XP_011088553.1	0.0211961	0.033723	0.628535
XP_020551687.1-XP_011086389.1	0.113554	0.367457	0.309027
XP_020551690.1-XP_011087001.1	0.31499	1.38432	0.227541
XP_020551697.1-XP_011086784.1	0.0152009	0.0260512	0.583499
XP_020551702.1-XP_020551467.1	0.30612	0.495953	0.617235
XP_020551712.1-XP_011088140.2	0.182217	0.368998	0.493816
XP_020551724.1-XP_020551524.1	0.402269	2.74638	0.146473
XP_020551746.1-XP_020551747.1	0.358649	0.680121	0.527332
XP_020551915.1-XP_020551914.1	0.372853	NA	NA
XP_020551955.1-XP_011070727.1	0.0217401	0.0930348	0.233677
XP_020552024.1-XP_011085420.1	0.285812	3.45921	0.0826236
XP_020552025.1-XP_011086740.1	0.0844492	0.0900603	0.937696
XP_020552050.1-XP_011088647.1	0.208499	0.847101	0.246133
XP_020552053.1-XP_020551714.1	0.247137	1.00166	0.246727
XP_020552065.1-XP_011091066.1	0.374149	NA	NA
XP_020552105.1-XP_011086149.1	0.324245	1.92326	0.168591
XP_020552107.1-XP_020552105.1	0.188169	1.05587	0.178211
XP_020552125.1-XP_011087272.2	0.22535	0.891311	0.25283
XP_020552126.1-XP_011070292.1	0.156042	0.828004	0.188456
XP_020552129.1-XP_020552130.1	0.360299	0.774178	0.465395
XP_020552137.1-XP_011088087.1	0.308816	0.513838	0.600998
XP_020552153.1-XP_011087334.1	0.311107	0.618231	0.503221
XP_020552155.1-XP_020552154.1	0.459095	1.61204	0.284792
XP_020552172.1-XP_011088783.1	0.84508	1.44029	0.586743
XP_020552196.1-XP_011089003.1	0.452096	1.17263	0.385542
XP_020552250.1-XP_011090414.1	0.117751	0.186635	0.630919
XP_020552280.1-XP_011089532.1	0.191242	0.988473	0.193472
XP_020552282.1-XP_020552309.1	0.0333156	0.192926	0.172686
XP_020552304.1-XP_011089887.1	0.448575	NA	NA
XP_020552373.1-XP_011090432.1	0.0952059	0.172625	0.55152
XP_020552390.1-XP_011089530.1	0.184847	0.867147	0.213166
XP_020552414.1-XP_011090400.1	0.517688	2.03152	0.254828
XP_020552420.1-XP_020552419.1	0.00801534	0.311174	0.0257584
XP_020552443.1-XP_011089754.1	0.227797	0.492498	0.462535
XP_020552451.1-XP_020552219.1	0.224272	0.291826	0.768511
XP_020552512.1-XP_011089217.1	0.154782	1.47178	0.105167
XP_020552551.1-XP_020548309.1	0.245792	1.18408	0.20758
XP_020552611.1-XP_020552512.1	0.143832	1.35205	0.10638
XP_020552631.1-XP_020552788.1	0.68376	2.08301	0.328256
XP_020552637.1-XP_011089510.1	0.0516031	0.128814	0.400603
XP_020552643.1-XP_020552126.1	0.0311466	0.102196	0.304774
XP_020552678.1-XP_011090604.1	0.225061	0.924064	0.243556
XP_020552694.1-XP_011077413.1	0.170979	0.522099	0.327484
XP_020552759.1-XP_011092238.1	0.185816	0.412673	0.450274
XP_020552770.1-XP_020553117.1	0.311623	1.28466	0.242572
XP_020552786.1-XP_011092857.1	0.069685	0.172263	0.404527
XP_020552788.1-XP_020553012.1	0.662847	1.47092	0.450634
XP_020552793.1-XP_020552795.1	0.00639567	0.0215952	0.296162
XP_020552794.1-XP_020552793.1	0.0574526	0.285095	0.201521
XP_020552795.1-XP_011091571.1	0.161569	1.6863	0.0958127
XP_020552822.1-XP_011091161.1	0.0438732	0.130455	0.33631
XP_020552834.1-XP_011092322.1	0.0795957	0.138864	0.57319
XP_020552846.1-XP_011091219.1	0.124886	2.43021	0.0513888
XP_020552884.1-XP_011090942.1	0.260849	0.504006	0.517553
XP_020552896.1-XP_011091430.1	0.360301	0.912494	0.394854
XP_020552907.1-XP_020553039.1	0.272995	0.455036	0.599943
XP_020552908.1-XP_020553039.1	0.0498366	0.0711713	0.700234
XP_020552926.1-XP_011090790.1	0.683944	NA	NA
XP_020552945.1-XP_011090743.1	0.0396318	0.25439	0.155792
XP_020552993.1-XP_011091295.1	0.0164283	0.168156	0.0976967
XP_020553010.1-XP_011091678.1	0.275429	0.432577	0.636717
XP_020553011.1-XP_020553010.1	0.524626	1.15787	0.453096
XP_020553012.1-XP_011094861.1	0.224418	0.958429	0.234152
XP_020553016.1-XP_011092942.2	0.413788	1.39601	0.296407
XP_020553038.1-XP_020553037.1	0.0556604	0.0789359	0.705134
XP_020553039.1-XP_011091722.2	0.0489585	0.102112	0.479459
XP_020553040.1-XP_020553037.1	0.0771631	0.11207	0.688526
XP_020553049.1-XP_011091193.1	0.380745	1.89052	0.201397
XP_020553081.1-XP_020553083.1	0.172857	0.300925	0.574418
XP_020553082.1-XP_020553161.1	0.0617708	0.274742	0.224832
XP_020553083.1-XP_011092718.2	0.159149	0.229337	0.693954
XP_020553123.1-XP_011092801.1	0.337387	1.62726	0.207334
XP_020553161.1-XP_011092718.2	0.163297	0.460996	0.354225
XP_020553202.1-XP_011092473.1	0.338192	2.1805	0.155099
XP_020553212.1-XP_011090703.1	0.505974	NA	NA
XP_020553253.1-XP_020553263.1	0.0205653	0.132952	0.154682
XP_020553289.1-XP_011094006.1	0.0360402	0.135646	0.265693
XP_020553331.1-XP_011093290.1	0.0523012	0.175292	0.298366
XP_020553341.1-XP_020553347.1	0.234244	0.409397	0.572169
XP_020553347.1-XP_011093248.1	0.0406699	0.0875421	0.464575
XP_020553348.1-XP_020553303.1	0.0992366	0.203226	0.488305
XP_020553434.1-XP_011093039.2	0.132052	0.23234	0.568357
XP_020553446.1-XP_011094984.1	0.445735	4.07999	0.109249
XP_020553448.1-XP_011093440.2	0.0128542	0.0810216	0.158652
XP_020553455.1-XP_020553341.1	0.201039	0.293452	0.685082
XP_020553472.1-XP_011094086.1	0.0698508	0.197045	0.354492
XP_020553520.1-XP_011095057.1	0.018923	0.173935	0.108794
XP_020553612.1-XP_020553613.1	0.43915	NA	NA
XP_020553613.1-XP_020553776.1	0.0741322	0.199825	0.370986
XP_020553637.1-XP_011095075.1	0.421756	2.11544	0.199371
XP_020553671.1-XP_011094541.1	0.422079	2.26555	0.186303
XP_020553687.1-XP_011093924.1	0.23373	0.749928	0.311669
XP_020553728.1-XP_011094612.1	0.668955	NA	NA
XP_020553729.1-XP_011095068.1	0.274337	0.919206	0.29845
XP_020553776.1-XP_020553262.1	0.0782792	0.193028	0.405533
XP_020553781.1-XP_011095098.1	0.443766	2.04266	0.217249
XP_020553802.1-XP_020553310.1	0.163745	0.338017	0.484428
XP_020553805.1-XP_011093854.1	0.365868	1.6676	0.219398
XP_020553828.1-XP_020547765.1	0.0899162	0.304364	0.295423
XP_020553832.1-XP_020553831.1	0.226704	0.622224	0.364345
XP_020553849.1-XP_020553848.1	0.508536	NA	NA
XP_020553849.1-XP_020554076.1	0.468556	NA	NA
XP_020553852.1-XP_011096175.2	0.382842	3.2356	0.118322
XP_020553868.1-XP_011095705.1	0.334826	1.72447	0.194162
XP_020553870.1-XP_011069636.2	0.0867652	0.244263	0.355213
XP_020553888.1-XP_020554204.1	0.52344	NA	NA
XP_020553889.1-XP_020553905.1	0.431282	1.53147	0.281613
XP_020553905.1-XP_011096421.1	0.480214	3.36616	0.142659
XP_020553944.1-XP_011095817.1	0.130011	0.182195	0.713583
XP_020554003.1-XP_011095279.2	0.246972	1.20715	0.204591
XP_020554010.1-XP_011095604.1	1.69863	3.25153	0.52241
XP_020554049.1-XP_011096404.1	0.362084	1.45557	0.248758
XP_020554063.1-XP_020554065.1	0.435856	2.63749	0.165254
XP_020554071.1-XP_011096025.1	0.428431	0.625215	0.685253
XP_020554072.1-XP_020554074.1	0.0331522	0.0545997	0.607187
XP_020554074.1-XP_020553978.1	0.191065	0.746143	0.25607
XP_020554075.1-XP_011096219.1	0.110191	0.251515	0.438109
XP_020554078.1-XP_020554079.1	0.367051	2.11435	0.1736
XP_020554144.1-XP_011095304.1	0.042832	0.11129	0.38487
XP_020554154.1-XP_011095776.1	0.0116049	0.0262666	0.441812
XP_020554155.1-XP_020554144.1	0.0413445	0.133026	0.310801
XP_020554197.1-XP_011096885.2	0.0571094	0.12512	0.456437
XP_020554265.1-XP_011097020.1	0.00241378	0.00548244	0.440276
XP_020554287.1-XP_020554288.1	0.00596157	0.0582707	0.102308
XP_020554316.1-XP_020554317.1	0.401909	0.700649	0.573623
XP_020554353.1-XP_011097401.1	0.0756754	0.501295	0.15096
XP_020554431.1-XP_011069577.1	0.458518	0.68042	0.673875
XP_020554464.1-XP_011097997.1	0.0179166	0.112241	0.159627
XP_020554472.1-XP_011098133.1	0.111391	0.239999	0.464132
XP_020554490.1-XP_011097958.1	0.0700328	0.197973	0.353749
XP_020554512.1-XP_020554511.1	0.143061	0.420085	0.340552
XP_020554637.1-XP_011099955.1	0.414911	2.15759	0.192302
XP_020554638.1-XP_011099230.1	0.470729	2.25695	0.208568
XP_020554657.1-XP_011098770.2	0.494123	1.55429	0.317908
XP_020554712.1-XP_011099031.1	0.101111	0.0949449	1.06494
XP_020554809.1-XP_011099970.1	0.284425	2.22534	0.127812
XP_020554812.1-XP_020554981.1	0.0349981	0.0595262	0.587944
XP_020554828.1-XP_011098820.1	0.0738729	0.41958	0.176064
XP_020554842.1-XP_011098629.1	0.198079	2.32039	0.0853644
XP_020554933.1-XP_011099227.1	0.655392	2.7798	0.23577
XP_020554957.1-XP_011100002.1	0.00868807	0.131345	0.066147
XP_020554976.1-XP_011099020.1	0.0176485	0.0222215	0.794206
XP_020554978.1-XP_011099345.1	0.344008	0.865672	0.397389
XP_020554981.1-XP_011100017.1	0.0537719	0.0718468	0.748424
XP_020555010.1-XP_011069625.1	0.273088	0.758832	0.35988
XP_020555028.1-XP_011100419.1	0.253068	2.01394	0.125658
XP_020555063.1-XP_011100445.1	0.100929	0.791394	0.127533
XP_020555146.1-XP_011100867.1	0.125371	0.248274	0.504969
