Seq	Ka	Ks	Ka/Ks
RAL36944.1-RAL36945.1	NA	NA	NA
RAL36958.1-RAL36959.1	0.144581	0.306954	0.471019
RAL36962.1-RAL36964.1	0.131579	0.625185	0.210464
RAL36987.1-RAL36988.1	0.202003	0.285148	0.708414
RAL37013.1-RAL37014.1	0.0738141	0.259429	0.284526
RAL37029.1-RAL37031.1	0.0660641	0.0937665	0.70456
RAL37030.1-RAL37032.1	NA	NA	NA
RAL37101.1-RAL37102.1	0.128513	0.315422	0.407433
RAL37136.1-RAL37137.1	0.00780652	NA	NA
RAL37140.1-RAL37142.1	0.0403398	0.145965	0.276366
RAL37199.1-RAL37201.1	NA	NA	NA
RAL37200.1-RAL37202.1	0.0259888	0.0185918	1.39786
RAL37235.1-RAL37236.1	1.28469	NA	NA
RAL37235.1-RAL37237.1	0.110661	0.25632	0.43173
RAL37415.1-RAL37416.1	0.28254	0.771318	0.366309
RAL37435.1-RAL37436.1	0.358563	0.628759	0.570271
RAL37518.1-RAL37519.1	0.419543	0.622559	0.6739
RAL37540.1-RAL37541.1	0.130014	0.289963	0.448381
RAL37552.1-RAL37553.1	0.443468	0.525285	0.844242
RAL37553.1-RAL37555.1	0.483271	0.89978	0.537099
RAL37557.1-RAL37558.1	0.284072	0.407391	0.697296
RAL37558.1-RAL37559.1	0.264375	0.484966	0.545141
RAL37561.1-RAL37562.1	0.298963	0.436323	0.685187
RAL37562.1-RAL37563.1	0.230952	0.264193	0.87418
RAL37564.1-RAL37565.1	0.126512	0.337735	0.374589
RAL37565.1-RAL37566.1	0.124993	0.290176	0.430751
RAL37580.1-RAL37581.1	0.358878	1.02683	0.349502
RAL37582.1-RAL37584.1	0.32278	0.506211	0.63764
RAL37584.1-RAL37585.1	0.188267	0.342944	0.548973
RAL37586.1-RAL37587.1	0.329126	0.633704	0.519368
RAL37661.1-RAL37662.1	0.283092	0.520264	0.544132
RAL37682.1-RAL37683.1	0.0246597	0.0689944	0.357416
RAL37737.1-RAL37738.1	0.125334	0.326061	0.384387
RAL37747.1-RAL37748.1	0.0653309	0.111849	0.5841
RAL37886.1-RAL37888.1	1.45514	NA	NA
RAL37895.1-RAL37896.1	0.188964	0.329128	0.574136
RAL38040.1-RAL38041.1	0.170916	0.448017	0.381494
RAL38051.1-RAL38052.1	0.130175	0.830635	0.156717
RAL38052.1-RAL38053.1	0.378555	1.07018	0.353731
RAL38090.1-RAL38092.1	0.996597	1.96223	0.507891
RAL38101.1-RAL38102.1	0.0621884	0.229359	0.271139
RAL38104.1-RAL38105.1	0.216414	0.277066	0.78109
RAL38105.1-RAL38106.1	0.157511	0.261203	0.603021
RAL38139.1-RAL38140.1	0.329283	0.700493	0.470073
RAL38184.1-RAL38185.1	0.113831	0.246011	0.462705
RAL38215.1-RAL38216.1	0.0184346	0.00666241	2.76696
RAL38219.1-RAL38220.1	0.0926002	0.133848	0.69183
RAL38230.1-RAL38231.1	0.00209191	NA	NA
RAL38237.1-RAL38239.1	0.135033	0.351235	0.384453
RAL38244.1-RAL38245.1	0.138678	0.348579	0.397839
RAL38279.1-RAL38280.1	0.435881	1.08848	0.400448
RAL38280.1-RAL38281.1	0.541519	0.892628	0.606656
RAL38322.1-RAL38323.1	0.620377	1.41396	0.438752
RAL38408.1-RAL38409.1	0.104246	0.413147	0.252323
RAL38416.1-RAL38417.1	0.362915	0.669252	0.54227
RAL38417.1-RAL38418.1	0.399092	0.653131	0.611044
RAL38442.1-RAL38444.1	NA	NA	NA
RAL38508.1-RAL38509.1	0.378494	0.721551	0.524556
RAL38530.1-RAL38531.1	0.228294	0.644671	0.354126
RAL38531.1-RAL38532.1	0.262369	1.00764	0.260381
RAL38601.1-RAL38602.1	0.472176	1.62489	0.29059
RAL38602.1-RAL38603.1	0.509834	2.25414	0.226176
RAL38603.1-RAL38604.1	0.480857	2.69409	0.178486
RAL38604.1-RAL38605.1	0.229999	0.504629	0.455778
RAL38650.1-RAL38651.1	0.122244	0.106349	1.14946
RAL38673.1-RAL38675.1	0.363904	1.02078	0.356494
RAL38674.1-RAL38675.1	0.283913	0.506279	0.560784
RAL38679.1-RAL38680.1	0.134896	0.185168	0.728506
RAL38725.1-RAL38726.1	0.408219	NA	NA
RAL38727.1-RAL38728.1	0.168869	0.531544	0.317696
RAL38758.1-RAL38759.1	0.201461	1.23432	0.163216
RAL38759.1-RAL38760.1	0.18965	1.24125	0.15279
RAL38842.1-RAL38844.1	0.278308	0.808071	0.344411
RAL39103.1-RAL39104.1	0.0547097	0.12817	0.426853
RAL39149.1-RAL39150.1	0.064776	0.108551	0.596731
RAL39158.1-RAL39160.1	0.00612246	0.0542002	0.11296
RAL39218.1-RAL39219.1	0.0894029	0.416576	0.214614
RAL39374.1-RAL39376.1	0.0750176	0.325997	0.230117
RAL39401.1-RAL39403.1	0.674019	1.56394	0.430974
RAL39415.1-RAL39416.1	0.171654	0.501126	0.342538
RAL39474.1-RAL39475.1	0.166052	0.67538	0.245865
RAL39483.1-RAL39484.1	0.0475248	0.272419	0.174455
RAL39516.1-RAL39518.1	0.032023	0.21327	0.150153
RAL39546.1-RAL39548.1	0.291838	0.524022	0.55692
RAL39638.1-RAL39639.1	0.878162	1.29439	0.678436
RAL39664.1-RAL39665.1	1.004	2.20161	0.45603
RAL39712.1-RAL39713.1	0.413327	NA	NA
RAL39733.1-RAL39734.1	0.1193	0.243644	0.489649
RAL39734.1-RAL39735.1	0.523889	1.46362	0.357939
RAL39782.1-RAL39783.1	NA	0.00643787	-0
RAL39783.1-RAL39784.1	0.00204651	NA	NA
RAL39784.1-RAL39785.1	0.00204651	NA	NA
RAL39785.1-RAL39786.1	NA	NA	NA
RAL39786.1-RAL39787.1	0.041934	0.068107	0.615707
RAL39790.1-RAL39792.1	0.0120682	0.004586	2.63153
RAL39848.1-RAL39849.1	0.147384	0.28523	0.51672
RAL39888.1-RAL39889.1	0.102723	0.311972	0.32927
RAL39924.1-RAL39925.1	1.02047	2.97147	0.343423
RAL39934.1-RAL39935.1	0.139343	0.380845	0.365879
RAL40066.1-RAL40067.1	0.501531	3.71447	0.135021
RAL40116.1-RAL40117.1	0.449516	0.760531	0.591055
RAL40147.1-RAL40149.1	1.23877	NA	NA
RAL40197.1-RAL40199.1	0.981594	2.82034	0.348041
RAL40207.1-RAL40208.1	0.299966	0.890568	0.336826
RAL40227.1-RAL40228.1	0.306537	0.427634	0.716822
RAL40230.1-RAL40232.1	0.114223	0.103634	1.10218
RAL40254.1-RAL40255.1	0.853545	1.64727	0.518159
RAL40293.1-RAL40294.1	0.0809341	0.267547	0.302504
RAL40312.1-RAL40314.1	0.379961	0.598665	0.634681
RAL40313.1-RAL40315.1	0.469484	0.941238	0.498794
RAL40411.1-RAL40412.1	0.282619	0.918179	0.307804
RAL40412.1-RAL40413.1	0.406817	0.71805	0.566558
RAL40437.1-RAL40438.1	1.03625	2.95333	0.350877
RAL40444.1-RAL40445.1	0.316231	0.909714	0.347615
RAL40530.1-RAL40531.1	0.310347	0.495969	0.62574
RAL40560.1-RAL40561.1	0.577821	1.53169	0.377245
RAL40623.1-RAL40625.1	0.178226	0.265891	0.670297
RAL40625.1-RAL40626.1	0.236635	0.336707	0.702791
RAL40629.1-RAL40630.1	0.380107	0.991201	0.383481
RAL40684.1-RAL40685.1	0.0274316	0.0440494	0.622748
RAL40724.1-RAL40726.1	0.327627	0.804138	0.407426
RAL40727.1-RAL40728.1	0.225067	0.934653	0.240802
RAL40739.1-RAL40740.1	0.200568	0.863076	0.232387
RAL40741.1-RAL40742.1	0.24084	0.218376	1.10287
RAL40773.1-RAL40774.1	0.463574	NA	NA
RAL40779.1-RAL40780.1	0.219879	0.370192	0.59396
RAL40795.1-RAL40797.1	0.627414	1.93642	0.324007
RAL40797.1-RAL40798.1	0.157422	0.278102	0.566059
RAL40929.1-RAL40930.1	0.0829805	0.381143	0.217715
RAL40940.1-RAL40941.1	0.225241	0.969087	0.232426
RAL40955.1-RAL40957.1	0.175378	0.272612	0.643324
RAL41006.1-RAL41007.1	NA	NA	NA
RAL41007.1-RAL41008.1	0.065112	0.042923	1.51695
RAL41040.1-RAL41042.1	0.191609	0.498191	0.384609
RAL41049.1-RAL41050.1	0.392825	1.01691	0.386295
RAL41050.1-RAL41051.1	0.409228	1.02243	0.400248
RAL41107.1-RAL41108.1	0.0527981	0.0861203	0.613074
RAL41178.1-RAL41179.1	0.979676	NA	NA
RAL41210.1-RAL41212.1	0.117082	0.16231	0.72135
RAL41235.1-RAL41236.1	0.183878	0.53006	0.3469
RAL41240.1-RAL41241.1	0.452624	0.966023	0.468543
RAL41242.1-RAL41244.1	0.699823	1.96464	0.356209
RAL41244.1-RAL41245.1	0.189802	0.504322	0.376351
RAL41249.1-RAL41251.1	0.487348	0.749345	0.650365
RAL41250.1-RAL41251.1	0.0442357	0.142932	0.309488
RAL41306.1-RAL41307.1	0.0213833	0.0486571	0.43947
RAL41348.1-RAL41349.1	0.311864	0.863697	0.36108
RAL41377.1-RAL41378.1	0.51624	1.22442	0.421621
RAL41384.1-RAL41386.1	0.0177385	0.0416658	0.425733
RAL41386.1-RAL41388.1	0.0839098	0.292315	0.287053
RAL41431.1-RAL41433.1	0.162643	0.242333	0.671155
RAL41452.1-RAL41453.1	0.366996	0.568995	0.64499
RAL41452.1-RAL41454.1	0.162112	0.653284	0.24815
RAL41499.1-RAL41501.1	0.614821	1.50026	0.40981
RAL41630.1-RAL41631.1	0.0891867	0.2059	0.433155
RAL41643.1-RAL41644.1	0.572534	1.25569	0.455954
RAL41668.1-RAL41669.1	0.268049	0.718094	0.373279
RAL41669.1-RAL41671.1	0.282982	0.679328	0.416561
RAL41730.1-RAL41731.1	0.614222	0.924983	0.664036
RAL41731.1-RAL41732.1	0.460219	1.32944	0.346175
RAL41822.1-RAL41823.1	0.460707	NA	NA
RAL41840.1-RAL41842.1	0.383772	0.831244	0.461685
RAL41851.1-RAL41852.1	0.0364639	0.223908	0.162852
RAL41852.1-RAL41853.1	0.0417561	0.24661	0.16932
RAL41866.1-RAL41868.1	0.825583	1.20273	0.686425
RAL41904.1-RAL41905.1	0.158376	0.210075	0.753902
RAL41976.1-RAL41977.1	NA	0.00656818	-0
RAL42041.1-RAL42042.1	0.0020485	0.00643075	0.318548
RAL42051.1-RAL42052.1	0.303988	0.402887	0.754524
RAL42057.1-RAL42058.1	0.110875	0.378311	0.293078
RAL42131.1-RAL42132.1	0.46168	1.00268	0.460444
RAL42182.1-RAL42183.1	0.278794	0.534565	0.521535
RAL42243.1-RAL42245.1	0.0183683	0.295237	0.0622154
RAL42290.1-RAL42291.1	1.10429	2.00485	0.55081
RAL42292.1-RAL42293.1	0.295607	0.483856	0.61094
RAL42293.1-RAL42294.1	0.329288	0.516793	0.637175
RAL42294.1-RAL42295.1	0.278591	0.466851	0.596745
RAL42343.1-RAL42345.1	0.574005	1.22047	0.470316
RAL42346.1-RAL42348.1	0.0648401	0.0434461	1.49242
RAL42378.1-RAL42379.1	0.522668	1.63849	0.318994
RAL42406.1-RAL42408.1	0.807287	2.88203	0.280111
RAL42408.1-RAL42409.1	0.921845	NA	NA
RAL42414.1-RAL42415.1	0.409756	0.641955	0.638293
RAL42435.1-RAL42436.1	0.0245731	0.0407456	0.603087
RAL42517.1-RAL42519.1	0.00613803	NA	NA
RAL42528.1-RAL42530.1	0.0409177	0.201967	0.202596
RAL42578.1-RAL42579.1	0.00409682	0.0129748	0.315751
RAL42579.1-RAL42580.1	0.00947124	0.0465278	0.203561
RAL42581.1-RAL42582.1	0.627174	1.01989	0.614941
RAL42620.1-RAL42621.1	0.00410006	0.0327847	0.12506
RAL42620.1-RAL42622.1	0.0248989	0.0674581	0.369101
RAL42669.1-RAL42670.1	0.0571994	0.229817	0.248891
RAL42709.1-RAL42710.1	0.307125	0.576852	0.532414
RAL42726.1-RAL42728.1	0.0169265	0.0403104	0.419904
RAL42738.1-RAL42739.1	0.111938	0.495439	0.225938
RAL42770.1-RAL42771.1	0.751965	1.37477	0.546977
RAL42776.1-RAL42778.1	0.0283227	0.439571	0.0644326
RAL42779.1-RAL42781.1	0.281497	0.603677	0.466304
RAL42788.1-RAL42790.1	0.572255	1.18949	0.481092
RAL42826.1-RAL42827.1	0.359834	0.775059	0.464267
RAL42861.1-RAL42862.1	0.132292	0.272882	0.484797
RAL42890.1-RAL42891.1	0.351693	1.11632	0.315046
RAL42891.1-RAL42893.1	0.128295	0.28114	0.45634
RAL42898.1-RAL42899.1	0.178261	0.302023	0.590223
RAL42904.1-RAL42905.1	0.0103125	NA	NA
RAL42914.1-RAL42916.1	0.0319889	0.0477091	0.670499
RAL42953.1-RAL42954.1	1.03181	1.20226	0.85822
RAL42994.1-RAL42995.1	0.331179	0.931748	0.355439
RAL43069.1-RAL43070.1	0.121335	0.247338	0.490564
RAL43073.1-RAL43075.1	0.494831	0.959221	0.515868
RAL43081.1-RAL43083.1	0.40505	1.01482	0.399136
RAL43083.1-RAL43084.1	0.386442	0.895208	0.431678
RAL43093.1-RAL43094.1	0.0400444	0.269246	0.148728
RAL43102.1-RAL43103.1	0.266587	0.418611	0.636837
RAL43111.1-RAL43112.1	0.204483	0.486732	0.420114
RAL43112.1-RAL43113.1	0.474807	1.22703	0.386957
RAL43148.1-RAL43149.1	0.207493	0.280628	0.739388
RAL43151.1-RAL43152.1	0.00576482	0.00479083	1.2033
RAL43154.1-RAL43155.1	0.916582	1.24764	0.734654
RAL43155.1-RAL43156.1	0.225953	0.293574	0.769663
RAL43169.1-RAL43170.1	0.0854808	0.108796	0.785698
RAL43180.1-RAL43181.1	0.666507	0.942641	0.707063
RAL43200.1-RAL43201.1	0.053896	0.293728	0.18349
RAL43201.1-RAL43203.1	0.236806	1.44732	0.163617
RAL43324.1-RAL43325.1	0.545758	2.11736	0.257755
RAL43488.1-RAL43489.1	0.464784	1.43634	0.32359
RAL43498.1-RAL43499.1	0.0584939	0.065636	0.891186
RAL43587.1-RAL43588.1	0.0816818	0.404208	0.202078
RAL43630.1-RAL43631.1	0.0398258	0.224122	0.177697
RAL43654.1-RAL43656.1	0.105199	0.391431	0.268755
RAL43678.1-RAL43679.1	NA	NA	NA
RAL43722.1-RAL43724.1	0.111077	0.30648	0.362429
RAL43733.1-RAL43734.1	0.169708	0.720138	0.23566
RAL43734.1-RAL43736.1	0.0593861	0.239873	0.247573
RAL43738.1-RAL43739.1	0.146768	0.520473	0.28199
RAL43742.1-RAL43744.1	0.372563	2.58309	0.144232
RAL43856.1-RAL43857.1	0.330422	0.662103	0.499049
RAL43856.1-RAL43858.1	0.208483	0.87511	0.238237
RAL43929.1-RAL43931.1	0.0326987	0.077703	0.420817
RAL44001.1-RAL44002.1	0.0676402	0.20211	0.33467
RAL44076.1-RAL44077.1	0.850143	1.0523	0.807889
RAL44122.1-RAL44123.1	0.186265	0.360371	0.516871
RAL44142.1-RAL44143.1	0.198494	0.186109	1.06655
RAL44143.1-RAL44144.1	1.5569	NA	NA
RAL44144.1-RAL44145.1	0.248276	0.424705	0.584586
RAL44186.1-RAL44187.1	0.344188	0.726572	0.473715
RAL44198.1-RAL44199.1	0.608336	1.3518	0.45002
RAL44205.1-RAL44206.1	0.572155	1.36357	0.419601
RAL44209.1-RAL44210.1	0.938308	NA	NA
RAL44209.1-RAL44211.1	0.441953	1.43794	0.307351
RAL44217.1-RAL44218.1	0.565357	0.797259	0.709126
RAL44230.1-RAL44231.1	0.342667	0.825507	0.415099
RAL44265.1-RAL44266.1	0.0966148	0.17577	0.549665
RAL44303.1-RAL44305.1	0.00826218	NA	NA
RAL44305.1-RAL44307.1	0.928593	NA	NA
RAL44360.1-RAL44361.1	0.609942	1.46085	0.417524
RAL44380.1-RAL44381.1	0.232325	0.815451	0.284904
RAL44412.1-RAL44413.1	0.588703	2.71967	0.216462
RAL44413.1-RAL44415.1	0.128022	0.22307	0.57391
RAL44442.1-RAL44443.1	0.00407397	0.0884802	0.0460439
RAL44443.1-RAL44444.1	0.259126	0.393627	0.658302
RAL44461.1-RAL44462.1	0.478396	0.615574	0.777155
RAL44463.1-RAL44464.1	0.313781	0.551736	0.568716
RAL44471.1-RAL44473.1	0.432822	4.05455	0.10675
RAL44492.1-RAL44494.1	0.202627	0.468751	0.432269
RAL44494.1-RAL44495.1	0.163121	0.326819	0.499119
RAL44495.1-RAL44496.1	0.175619	0.47283	0.37142
RAL44496.1-RAL44497.1	0.191816	0.418175	0.458698
RAL44532.1-RAL44533.1	0.444567	0.767184	0.579479
RAL44569.1-RAL44570.1	0.0178306	0.206329	0.0864186
RAL44606.1-RAL44607.1	0.145473	0.41246	0.352696
RAL44617.1-RAL44618.1	0.316979	0.665782	0.476099
RAL44639.1-RAL44641.1	0.866567	0.693786	1.24904
RAL44699.1-RAL44700.1	0.131297	0.217373	0.604016
RAL44749.1-RAL44750.1	0.310485	0.744095	0.417266
RAL44757.1-RAL44758.1	0.0131342	0.0195738	0.67101
RAL44836.1-RAL44838.1	0.79046	NA	NA
RAL44848.1-RAL44850.1	0.359811	1.18933	0.302533
RAL44865.1-RAL44866.1	0.30037	0.378202	0.794204
RAL44872.1-RAL44874.1	0.472951	1.81475	0.260615
RAL44873.1-RAL44874.1	0.634872	2.12811	0.298327
RAL44885.1-RAL44886.1	0.755937	1.40842	0.536729
RAL44936.1-RAL44937.1	0.250444	0.287652	0.870648
RAL44940.1-RAL44941.1	0.189759	0.904584	0.209775
RAL44946.1-RAL44947.1	0.563361	1.02933	0.547306
RAL44950.1-RAL44951.1	0.303578	1.15015	0.263946
RAL44993.1-RAL44994.1	0.0324375	0.049198	0.659326
RAL45010.1-RAL45011.1	0.634812	1.38328	0.458918
RAL45056.1-RAL45057.1	0.061066	0.184838	0.330377
RAL45058.1-RAL45059.1	0.35879	NA	NA
RAL45144.1-RAL45145.1	0.0426591	0.0652574	0.653706
RAL45163.1-RAL45164.1	0.0836992	0.213464	0.3921
RAL45173.1-RAL45174.1	0.15332	0.370584	0.413724
RAL45213.1-RAL45214.1	0.229923	0.388932	0.591164
RAL45240.1-RAL45242.1	0.115564	0.34782	0.332253
RAL45285.1-RAL45287.1	0.346319	0.59608	0.580995
RAL45299.1-RAL45301.1	0.267016	0.517899	0.515576
RAL45319.1-RAL45320.1	0.461754	1.59907	0.288765
RAL45352.1-RAL45353.1	0.107255	0.52526	0.204193
RAL45354.1-RAL45356.1	0.0695614	0.342868	0.202881
RAL45365.1-RAL45366.1	0.00807278	0.0638838	0.126367
RAL45366.1-RAL45367.1	0.111954	0.28459	0.393387
RAL45543.1-RAL45545.1	0.0833701	0.122093	0.682841
RAL45544.1-RAL45546.1	0.0408467	0.0402919	1.01377
RAL45576.1-RAL45577.1	0.231816	0.605473	0.382867
RAL45592.1-RAL45593.1	0.159751	0.25317	0.631002
RAL45593.1-RAL45595.1	0.152827	0.280402	0.545026
RAL45609.1-RAL45610.1	0.34166	1.14564	0.298227
RAL45659.1-RAL45660.1	0.11547	0.189583	0.609073
RAL45660.1-RAL45661.1	0.147475	0.241821	0.609852
RAL45664.1-RAL45665.1	0.185124	0.217175	0.852417
RAL45665.1-RAL45666.1	0.264067	0.403406	0.654595
RAL45666.1-RAL45667.1	0.353661	0.525703	0.672739
RAL45667.1-RAL45668.1	0.323019	0.391695	0.82467
RAL45668.1-RAL45669.1	0.414555	0.717007	0.578174
RAL45669.1-RAL45670.1	0.167143	0.415024	0.402731
RAL45673.1-RAL45674.1	0.455631	0.62213	0.732373
RAL45674.1-RAL45675.1	0.411773	0.623878	0.660021
RAL45675.1-RAL45676.1	0.215826	0.336623	0.64115
RAL45682.1-RAL45683.1	0.130521	0.235426	0.554404
RAL45683.1-RAL45685.1	0.271612	0.538412	0.504468
RAL45709.1-RAL45711.1	0.0756603	0.303805	0.249042
RAL45752.1-RAL45753.1	0.659403	1.72628	0.381978
RAL45754.1-RAL45756.1	0.879879	3.82413	0.230086
RAL45757.1-RAL45759.1	0.0590018	0.0927203	0.636342
RAL45760.1-RAL45761.1	0.212572	0.625313	0.339944
RAL45782.1-RAL45783.1	0.0156531	0.0134926	1.16012
RAL45819.1-RAL45821.1	0.00893221	0.344691	0.0259136
RAL45846.1-RAL45847.1	0.0570512	0.0678255	0.841147
RAL45949.1-RAL45950.1	0.249549	2.53438	0.0984657
RAL45993.1-RAL45995.1	0.484377	1.09766	0.441281
RAL46001.1-RAL46002.1	0.0217136	0.109077	0.199067
RAL46004.1-RAL46005.1	0.512672	1.85742	0.276013
RAL46036.1-RAL46038.1	0.184837	0.446791	0.4137
RAL46037.1-RAL46038.1	0.166645	0.592621	0.281201
RAL46038.1-RAL46039.1	0.134843	0.385042	0.350205
RAL46039.1-RAL46040.1	0.28898	1.17783	0.245348
RAL46132.1-RAL46133.1	0.0270439	0.258863	0.104472
RAL46137.1-RAL46138.1	NA	0.242069	-0
RAL46164.1-RAL46167.1	0.244883	0.678745	0.360788
RAL46192.1-RAL46193.1	0.235944	0.705096	0.334627
RAL46287.1-RAL46289.1	0.123154	0.154111	0.799122
RAL46416.1-RAL46417.1	0.216272	0.763318	0.283332
RAL46419.1-RAL46421.1	1.54656	NA	NA
RAL46420.1-RAL46421.1	1.57463	NA	NA
RAL46511.1-RAL46512.1	0.171695	0.482087	0.356149
RAL46512.1-RAL46513.1	0.196475	0.592516	0.331594
RAL46513.1-RAL46514.1	0.362852	0.768137	0.472379
RAL46514.1-RAL46515.1	0.328775	0.542687	0.605828
RAL46547.1-RAL46548.1	0.250086	0.381245	0.655973
RAL46584.1-RAL46585.1	0.346154	0.72386	0.478206
RAL46650.1-RAL46651.1	0.0110555	0.0319663	0.345847
RAL46684.1-RAL46686.1	1.26841	2.35576	0.53843
RAL46685.1-RAL46686.1	1.15265	1.55386	0.741795
RAL46734.1-RAL46736.1	0.344082	0.384813	0.894153
RAL46738.1-RAL46739.1	0.100795	0.514596	0.195873
RAL46766.1-RAL46767.1	0.465035	1.72502	0.269582
RAL46824.1-RAL46826.1	0.628344	2.59199	0.242417
RAL46829.1-RAL46830.1	0.13837	0.803806	0.172143
RAL46872.1-RAL46873.1	0.553745	1.46784	0.377251
RAL46890.1-RAL46891.1	1.20307	2.05993	0.584034
RAL46909.1-RAL46911.1	0.138339	0.454209	0.304571
RAL46975.1-RAL46976.1	0.281936	1.68383	0.167438
RAL46979.1-RAL46981.1	0.00926281	NA	NA
RAL46980.1-RAL46982.1	NA	NA	NA
RAL47000.1-RAL47002.1	1.40679	NA	NA
RAL47001.1-RAL47002.1	0.147432	0.467232	0.315543
RAL47002.1-RAL47003.1	0.138431	0.426042	0.324924
RAL47003.1-RAL47004.1	0.34635	0.746339	0.464065
RAL47027.1-RAL47028.1	0.238112	0.412728	0.576923
RAL47066.1-RAL47067.1	0.302714	0.249918	1.21125
RAL47238.1-RAL47240.1	0.135518	0.444685	0.304751
RAL47253.1-RAL47254.1	0.363172	1.20664	0.300978
RAL47296.1-RAL47297.1	0.246878	0.489477	0.504371
RAL47326.1-RAL47327.1	0.448481	0.76763	0.584242
RAL47373.1-RAL47374.1	0.756564	2.11377	0.357921
RAL47374.1-RAL47375.1	0.247008	0.810337	0.304821
RAL47382.1-RAL47383.1	0.337408	0.701999	0.480639
RAL47400.1-RAL47401.1	0.229832	1.37002	0.167759
RAL47403.1-RAL47404.1	0.102107	0.436588	0.233874
RAL47445.1-RAL47447.1	0.585296	0.868937	0.673577
RAL47495.1-RAL47497.1	0.224567	0.284715	0.788743
RAL47524.1-RAL47525.1	0.0495359	0.034053	1.45467
RAL47531.1-RAL47532.1	0.421491	1.29911	0.324446
RAL47576.1-RAL47577.1	0.0822503	0.147312	0.558339
RAL47601.1-RAL47603.1	0.0839971	0.127308	0.659794
RAL47630.1-RAL47632.1	0.196381	0.745979	0.263253
RAL47632.1-RAL47633.1	0.248729	0.924518	0.269036
RAL47652.1-RAL47653.1	NA	NA	NA
RAL47717.1-RAL47719.1	0.892308	2.88929	0.308832
RAL47725.1-RAL47726.1	0.354382	1.61708	0.219148
RAL47818.1-RAL47819.1	0.213701	0.549571	0.388851
RAL47858.1-RAL47860.1	0.23026	0.631371	0.364699
RAL47863.1-RAL47864.1	0.0664899	0.110203	0.60334
RAL47865.1-RAL47866.1	0.0176138	0.00733437	2.40154
RAL47990.1-RAL47991.1	0.0215657	0.0219419	0.982857
RAL48059.1-RAL48060.1	0.488615	1.37246	0.356015
RAL48075.1-RAL48077.1	0.499177	0.756444	0.6599
RAL48085.1-RAL48086.1	0.499444	0.868283	0.575208
RAL48099.1-RAL48101.1	0.739479	1.15897	0.63805
RAL48132.1-RAL48133.1	0.254358	0.960489	0.264822
RAL48140.1-RAL48141.1	0.373671	0.424031	0.881236
RAL48169.1-RAL48170.1	0.0444909	0.196982	0.225863
RAL48207.1-RAL48208.1	0.0753643	0.175858	0.428553
RAL48214.1-RAL48215.1	0.21753	0.733184	0.296692
RAL48234.1-RAL48235.1	0.161977	0.200672	0.807176
RAL48237.1-RAL48238.1	0.399129	0.395853	1.00828
RAL48261.1-RAL48262.1	0.387984	1.44814	0.26792
RAL48266.1-RAL48267.1	0.215333	0.994375	0.216551
RAL48267.1-RAL48268.1	0.365611	1.79184	0.204042
RAL48288.1-RAL48290.1	1.27145	NA	NA
RAL48312.1-RAL48314.1	0.144243	0.509493	0.283112
RAL48332.1-RAL48333.1	0.767314	NA	NA
RAL48360.1-RAL48361.1	0.0747413	0.579175	0.129048
RAL48361.1-RAL48362.1	0.0514205	0.310779	0.165457
RAL48370.1-RAL48371.1	0.179217	1.31609	0.136174
RAL48469.1-RAL48473.1	0.368543	0.994894	0.370434
RAL48503.1-RAL48504.1	0.403366	0.559432	0.721027
RAL48539.1-RAL48540.1	0.188826	2.41379	0.078228
RAL48661.1-RAL48662.1	0.422929	NA	NA
RAL48793.1-RAL48794.1	1.13616	NA	NA
RAL48796.1-RAL48797.1	0.174717	0.228611	0.764253
RAL48822.1-RAL48824.1	0.920191	1.68543	0.545969
RAL48949.1-RAL48950.1	0.248395	0.521199	0.476585
RAL48952.1-RAL48953.1	0.231849	0.504469	0.45959
RAL49009.1-RAL49010.1	0.100938	0.27159	0.371657
RAL49022.1-RAL49023.1	0.0481346	0.235772	0.204158
RAL49025.1-RAL49026.1	0.601285	0.927393	0.648361
RAL49031.1-RAL49033.1	0.559057	0.667314	0.837772
RAL49041.1-RAL49042.1	0.039861	0.0771944	0.516372
RAL49049.1-RAL49050.1	0.462846	0.492156	0.940444
RAL49063.1-RAL49065.1	0.0213251	0.0498645	0.427661
RAL49073.1-RAL49074.1	0.0372187	0.132012	0.281934
RAL49101.1-RAL49102.1	0.0163894	0.0260848	0.628313
RAL49106.1-RAL49107.1	0.287838	0.903364	0.318629
RAL49138.1-RAL49139.1	0.839803	1.04461	0.803941
RAL49251.1-RAL49252.1	0.341543	NA	NA
RAL49262.1-RAL49264.1	0.308664	0.707695	0.436154
RAL49292.1-RAL49293.1	0.209438	0.265272	0.789522
RAL49338.1-RAL49339.1	0.00400254	0.245232	0.0163214
RAL49387.1-RAL49388.1	0.331044	1.53269	0.215988
RAL49391.1-RAL49392.1	0.387107	0.713646	0.542436
RAL49525.1-RAL49526.1	0.339243	0.468873	0.723529
RAL49562.1-RAL49563.1	0.0102779	0.00647202	1.58805
RAL49563.1-RAL49564.1	0.0102935	0.00644133	1.59804
RAL49569.1-RAL49570.1	0.0494922	0.0682922	0.724713
RAL49572.1-RAL49573.1	NA	NA	NA
RAL49573.1-RAL49574.1	NA	NA	NA
RAL49574.1-RAL49575.1	NA	NA	NA
RAL49579.1-RAL49581.1	0.00472825	NA	NA
RAL49580.1-RAL49582.1	NA	NA	NA
RAL49594.1-RAL49595.1	0.025615	0.029544	0.867012
RAL49596.1-RAL49597.1	1.47496	1.53541	0.960626
RAL49608.1-RAL49610.1	0.782553	NA	NA
RAL49691.1-RAL49692.1	0.300726	0.761074	0.395133
RAL49705.1-RAL49706.1	0.344194	3.32927	0.103384
RAL49714.1-RAL49715.1	0.115346	0.523112	0.220499
RAL49719.1-RAL49720.1	0.664873	1.72314	0.38585
RAL49720.1-RAL49721.1	0.0641008	0.109791	0.583847
RAL49721.1-RAL49722.1	NA	NA	NA
RAL49722.1-RAL49723.1	NA	NA	NA
RAL49723.1-RAL49724.1	NA	NA	NA
RAL49724.1-RAL49725.1	0.0374267	0.0361697	1.03475
RAL49724.1-RAL49726.1	0.473222	0.650372	0.727617
RAL49735.1-RAL49736.1	0.273356	0.669659	0.408201
RAL49763.1-RAL49765.1	0.181637	0.3365	0.539782
RAL49793.1-RAL49794.1	0.221377	0.315664	0.701307
RAL49956.1-RAL49958.1	NA	NA	NA
RAL49957.1-RAL49959.1	NA	0.0110661	-0
RAL49962.1-RAL49963.1	0.595434	0.991105	0.600778
RAL49990.1-RAL49991.1	0.00515272	0.00335982	1.53363
RAL49998.1-RAL49999.1	0.162362	0.384296	0.422491
RAL50024.1-RAL50025.1	0.0132713	NA	NA
RAL50038.1-RAL50039.1	0.0848254	0.191594	0.442734
RAL50082.1-RAL50084.1	0.805888	1.29389	0.622843
RAL50097.1-RAL50098.1	1.34108	NA	NA
RAL50173.1-RAL50174.1	0.11004	0.410377	0.268142
RAL50231.1-RAL50232.1	0.571369	0.87217	0.655112
RAL50232.1-RAL50234.1	0.314257	0.734684	0.427745
RAL50244.1-RAL50245.1	0.0741016	0.20116	0.368371
RAL50255.1-RAL50256.1	0.254019	0.352551	0.720517
RAL50322.1-RAL50324.1	0.00880018	0.15504	0.0567609
RAL50329.1-RAL50330.1	0.608448	0.675345	0.900944
RAL50378.1-RAL50379.1	0.0107434	0.00673003	1.59633
RAL50396.1-RAL50397.1	0.420283	0.636552	0.660249
RAL50407.1-RAL50408.1	0.11707	0.454017	0.257853
RAL50423.1-RAL50424.1	0.353656	2.11077	0.167549
RAL50477.1-RAL50479.1	0.0485282	0.232303	0.2089
RAL50493.1-RAL50494.1	0.0510277	0.0949992	0.537138
RAL50521.1-RAL50522.1	0.138436	0.284901	0.485911
RAL50549.1-RAL50550.1	0.12259	0.272625	0.449664
RAL50606.1-RAL50607.1	0.753237	NA	NA
RAL50607.1-RAL50608.1	0.457631	NA	NA
RAL50608.1-RAL50609.1	0.494554	NA	NA
RAL50634.1-RAL50635.1	0.286504	0.389023	0.736471
RAL50642.1-RAL50643.1	NA	0.127749	-0
RAL50664.1-RAL50665.1	0.159848	0.558091	0.28642
RAL50665.1-RAL50666.1	0.228239	0.645054	0.353829
RAL50667.1-RAL50668.1	0.185452	1.53874	0.120522
RAL50680.1-RAL50681.1	0.844472	1.38001	0.611929
RAL50681.1-RAL50682.1	0.815263	NA	NA
RAL50729.1-RAL50730.1	0.155681	0.558214	0.278892
RAL50769.1-RAL50770.1	0.132868	0.450878	0.294687
RAL50769.1-RAL50771.1	0.148269	0.463681	0.319765
RAL50775.1-RAL50777.1	0.89149	NA	NA
RAL50783.1-RAL50785.1	0.0614306	0.117201	0.524149
RAL50792.1-RAL50793.1	0.17964	0.156485	1.14797
RAL50792.1-RAL50794.1	1.0024	1.61591	0.620333
RAL50820.1-RAL50821.1	0.153115	0.431674	0.3547
RAL50853.1-RAL50854.1	0.0428348	0.0578754	0.740122
RAL50885.1-RAL50886.1	0.00367978	NA	NA
RAL50889.1-RAL50890.1	0.252207	0.639036	0.394667
RAL50929.1-RAL50931.1	0.13274	0.149846	0.885841
RAL51010.1-RAL51011.1	0.750208	NA	NA
RAL51022.1-RAL51024.1	0.133358	0.350225	0.380777
RAL51064.1-RAL51065.1	0.278443	0.422362	0.659252
RAL51065.1-RAL51066.1	0.32603	0.937132	0.347901
RAL51118.1-RAL51119.1	1.40937	NA	NA
RAL51119.1-RAL51120.1	0.304692	0.354103	0.86046
RAL51141.1-RAL51142.1	0.340581	1.05144	0.323918
RAL51177.1-RAL51179.1	0.250074	0.439039	0.569594
RAL51182.1-RAL51184.1	NA	NA	NA
RAL51192.1-RAL51193.1	0.0683481	0.120949	0.565098
RAL51231.1-RAL51232.1	0.101744	0.481911	0.211125
RAL51232.1-RAL51233.1	0.331436	0.679809	0.487543
RAL51243.1-RAL51244.1	0.188595	0.767996	0.245567
RAL51269.1-RAL51270.1	0.440738	1.37966	0.319454
RAL51276.1-RAL51278.1	0.0888341	0.320602	0.277086
RAL51302.1-RAL51303.1	0.244838	0.299131	0.818498
RAL51304.1-RAL51305.1	0.682528	NA	NA
RAL51317.1-RAL51318.1	0.810582	2.15839	0.37555
RAL51442.1-RAL51443.1	0.100623	0.312645	0.321845
RAL51495.1-RAL51497.1	0.307323	0.891529	0.344715
RAL51528.1-RAL51530.1	0.359926	1.40743	0.255733
RAL51561.1-RAL51563.1	0.0902759	0.168269	0.536496
RAL51575.1-RAL51577.1	0.0266166	0.156388	0.170195
RAL51606.1-RAL51607.1	1.36507	2.80367	0.486888
RAL51607.1-RAL51609.1	1.37053	NA	NA
RAL51613.1-RAL51615.1	0.00652477	0.0410468	0.158959
RAL51620.1-RAL51621.1	0.099672	0.139239	0.715832
RAL51659.1-RAL51661.1	0.540779	2.24809	0.24055
RAL51670.1-RAL51672.1	0.0371092	0.172548	0.215066
RAL51679.1-RAL51681.1	0.421433	1.02076	0.412863
RAL51737.1-RAL51738.1	0.480553	0.737333	0.651746
RAL51737.1-RAL51739.1	1.02022	1.38506	0.73659
RAL51841.1-RAL51843.1	0.259579	1.31368	0.197597
RAL51842.1-RAL51843.1	0.146088	1.752	0.083384
RAL51851.1-RAL51852.1	0.355487	3.33848	0.106482
RAL51903.1-RAL51904.1	0.0846699	0.292456	0.289513
RAL51931.1-RAL51932.1	0.207139	0.261701	0.791512
RAL51932.1-RAL51933.1	0.233181	0.412774	0.564911
RAL51933.1-RAL51934.1	0.350196	0.438004	0.799527
RAL51937.1-RAL51938.1	0.288304	0.427386	0.674574
RAL51938.1-RAL51939.1	0.298712	0.351118	0.850745
RAL51985.1-RAL51986.1	0.454732	NA	NA
RAL51985.1-RAL51987.1	0.32013	2.24303	0.142722
RAL52022.1-RAL52023.1	0.373801	0.769931	0.485499
RAL52023.1-RAL52024.1	0.216158	0.349444	0.618576
RAL52054.1-RAL52055.1	0.485067	NA	NA
RAL52091.1-RAL52093.1	0.00819378	0.0130876	0.62607
RAL52127.1-RAL52128.1	0.98341	1.61116	0.610375
RAL52157.1-RAL52158.1	0.371631	0.598807	0.620619
RAL52193.1-RAL52194.1	0.00283328	0.00983122	0.288192
RAL52216.1-RAL52217.1	0.0569566	0.496271	0.114769
RAL52245.1-RAL52247.1	0.624613	0.694019	0.899993
RAL52250.1-RAL52251.1	0.866928	1.55496	0.557524
RAL52272.1-RAL52274.1	0.136273	0.287848	0.473421
RAL52273.1-RAL52275.1	0.0941245	0.212418	0.443111
RAL52362.1-RAL52363.1	NA	NA	NA
RAL52378.1-RAL52380.1	0.0197684	0.0201759	0.979801
RAL52388.1-RAL52389.1	0.22462	0.39689	0.56595
RAL52503.1-RAL52504.1	0.0431477	0.237889	0.181378
RAL52574.1-RAL52575.1	0.50961	1.1443	0.445348
RAL52605.1-RAL52607.1	0.369611	0.930117	0.397381
RAL52611.1-RAL52613.1	0.108458	0.29141	0.372182
RAL52613.1-RAL52614.1	0.275166	0.520289	0.528872
RAL52614.1-RAL52615.1	NA	NA	NA
RAL52646.1-RAL52648.1	0.0872714	0.32337	0.269881
RAL52704.1-RAL52705.1	0.309488	0.630548	0.490825
RAL52708.1-RAL52710.1	0.0560045	0.156186	0.358576
RAL52728.1-RAL52730.1	0.276253	1.43216	0.192893
RAL52730.1-RAL52731.1	0.332134	0.852919	0.389409
RAL52764.1-RAL52766.1	0.0823926	0.110644	0.744665
RAL52830.1-RAL52832.1	0.117959	0.175124	0.673576
RAL52849.1-RAL52850.1	NA	0.010505	-0
RAL52977.1-RAL52978.1	0.0629551	0.0797205	0.789698
RAL52979.1-RAL52981.1	1.05593	2.80687	0.376195
RAL52980.1-RAL52981.1	0.0808406	0.151844	0.532392
RAL53093.1-RAL53094.1	0.253492	0.807504	0.313921
RAL53125.1-RAL53126.1	0.269978	1.30377	0.207075
RAL53143.1-RAL53144.1	0.367597	0.569566	0.645398
RAL53221.1-RAL53222.1	0.268104	0.567263	0.472627
RAL53232.1-RAL53233.1	0.00954038	NA	NA
RAL53232.1-RAL53234.1	NA	NA	NA
RAL53250.1-RAL53251.1	0.192879	0.232325	0.830211
RAL53304.1-RAL53305.1	0.0513932	0.247553	0.207604
RAL53334.1-RAL53336.1	1.05292	NA	NA
RAL53420.1-RAL53421.1	1.49031	1.52829	0.975149
RAL53546.1-RAL53547.1	0.803767	2.8936	0.277774
RAL53553.1-RAL53554.1	0.01435	0.010763	1.33327
RAL53572.1-RAL53573.1	0.227473	1.04363	0.217962
RAL53614.1-RAL53615.1	0.360462	0.596425	0.60437
RAL53740.1-RAL53741.1	0.0451582	0.0800634	0.564031
RAL53743.1-RAL53744.1	0.00536417	0.037689	0.142327
RAL53784.1-RAL53785.1	0.20584	0.456011	0.451392
RAL53816.1-RAL53817.1	0.0684051	0.217641	0.314302
RAL53819.1-RAL53820.1	0.0249422	0.143435	0.173891
RAL53820.1-RAL53821.1	0.021733	0.0639348	0.339924
RAL53821.1-RAL53822.1	0.0736359	0.23729	0.31032
RAL53827.1-RAL53828.1	0.539208	3.17787	0.169676
RAL53847.1-RAL53848.1	0.247399	1.21481	0.203652
RAL53871.1-RAL53872.1	0.286187	0.847218	0.337797
RAL53877.1-RAL53878.1	0.262924	0.560317	0.469241
RAL53878.1-RAL53879.1	0.0869122	0.148906	0.583671
RAL53906.1-RAL53907.1	NA	0.080858	-0
RAL53931.1-RAL53932.1	0.311333	0.520842	0.59775
RAL53935.1-RAL53934.1	0.75656	3.80477	0.198845
RAL53945.1-RAL53946.1	0.124716	0.214065	0.582607
RAL53966.1-RAL53967.1	0.242035	0.301456	0.802888
RAL53967.1-RAL53968.1	0.369509	1.68261	0.219605
RAL53977.1-RAL53978.1	0.278603	1.69893	0.163987
RAL53995.1-RAL53996.1	0.290184	0.486082	0.596985
RAL54062.1-RAL54063.1	0.00807838	0.0174984	0.461665
RAL54090.1-RAL54092.1	0.618658	NA	NA
RAL54143.1-RAL54144.1	0.486704	NA	NA
RAL54147.1-RAL54148.1	0.0761672	0.269129	0.283014
RAL54300.1-RAL54301.1	1.52222	2.25944	0.673714
RAL54417.1-RAL54418.1	0.150752	0.634171	0.237716
RAL54418.1-RAL54419.1	0.149262	0.67232	0.22201
RAL54483.1-RAL54485.1	0.181155	0.694954	0.260673
RAL54497.1-RAL54499.1	0.211947	0.286355	0.740156
RAL54529.1-RAL54530.1	0.166524	0.362745	0.459066
RAL54679.1-RAL54680.1	0.958933	NA	NA
RAL54686.1-RAL54688.1	0.531949	NA	NA
RAL54717.1-RAL54718.1	0.30528	0.577686	0.528453
RAL54784.1-RAL54785.1	0.028621	0.248296	0.115269
RAL54846.1-RAL54848.1	0.0316837	0.123217	0.257137
RAL54956.1-RAL54957.1	0.0853023	0.321596	0.265246
RAL54994.1-RAL54995.1	0.153606	0.300247	0.5116
RAL55037.1-RAL55038.1	0.00791062	0.0406386	0.194658
