Seq	Ka	Ks	Ka/Ks
XP_020079677.1-XP_020080057.1	0.193892	0.872674	0.222182
XP_020079727.1-XP_020079729.1	0.0528878	0.0551182	0.959535
XP_020079766.1-XP_020079778.1	0.233605	2.24549	0.104033
XP_020079769.1-XP_020115162.1	0.296762	0.827208	0.358751
XP_020079778.1-XP_020114290.1	0.254556	2.72638	0.093368
XP_020079803.1-XP_020079977.1	0.122825	0.396483	0.309787
XP_020079816.1-XP_020080023.1	0.065845	0.252841	0.260421
XP_020079844.1-XP_020079846.1	0.233091	0.61019	0.381998
XP_020079846.1-XP_020079845.1	0.100887	0.192853	0.523126
XP_020079862.1-XP_020079863.1	0.136843	0.224324	0.610023
XP_020079897.1-XP_020079862.1	0.0809922	0.157283	0.514945
XP_020079984.1-XP_020079982.1	0.329277	1.17239	0.280859
XP_020080011.1-XP_020115090.1	0.533254	NA	NA
XP_020080015.1-XP_020079985.1	0.243915	0.751916	0.324392
XP_020080017.1-XP_020115091.1	0.328969	1.96078	0.167775
XP_020080026.1-XP_020115024.1	0.144503	0.537434	0.268875
XP_020080031.1-XP_020080032.1	0.312657	0.651077	0.480215
XP_020080032.1-XP_020115055.1	0.154048	0.305813	0.503733
XP_020080042.1-XP_020079836.1	0.302267	2.02953	0.148935
XP_020080043.1-XP_020080044.1	0.469909	1.14623	0.40996
XP_020080058.1-XP_020115030.1	0.0806723	0.807157	0.0999462
XP_020080076.1-XP_020080077.1	0.0493988	0.122095	0.404593
XP_020080085.1-XP_020080086.1	0.19383	0.252689	0.767069
XP_020080086.1-XP_020080087.1	0.171445	0.264424	0.648371
XP_020080087.1-XP_020080088.1	0.178635	0.254887	0.700839
XP_020080088.1-XP_020080089.1	0.089507	0.123954	0.722098
XP_020080093.1-XP_020080094.1	0.03651	0.0674149	0.541571
XP_020080095.1-XP_020080093.1	0.0723966	0.104131	0.695245
XP_020080105.1-XP_020080104.1	0.361864	0.949427	0.38114
XP_020080119.1-XP_020080122.1	0.125152	0.33025	0.378963
XP_020080124.1-XP_020080126.1	0.130665	0.14265	0.915985
XP_020080141.1-XP_020080139.1	0.427221	1.27629	0.334735
XP_020080163.1-XP_020080165.1	0.0678155	0.198395	0.341821
XP_020080165.1-XP_020080166.1	0.0624421	0.195895	0.318753
XP_020080169.1-XP_020080171.1	NA	NA	NA
XP_020080177.1-XP_020080179.1	0.220995	0.2409	0.917371
XP_020080224.1-XP_020080225.1	0.145919	0.320244	0.455647
XP_020080252.1-XP_020080253.1	0.0972329	0.253445	0.383645
XP_020080259.1-XP_020080260.1	0.0648354	0.125184	0.517922
XP_020080265.1-XP_020080264.1	0.28001	0.539974	0.518562
XP_020080285.1-XP_020080286.1	0.0875075	0.484572	0.180587
XP_020080304.1-XP_020080316.1	0.0346881	0.0745543	0.465274
XP_020080362.1-XP_020080363.1	0.105751	0.139938	0.755698
XP_020080393.1-XP_020080396.1	0.320044	0.478216	0.669245
XP_020080400.1-XP_020080401.1	0.544251	1.17775	0.462112
XP_020080402.1-XP_020080403.1	0.166079	0.307206	0.540612
XP_020080423.1-XP_020080425.1	0.0341236	0.0124146	2.74866
XP_020080431.1-XP_020080432.1	0.170596	0.36775	0.46389
XP_020080434.1-XP_020080431.1	0.139828	0.342865	0.407821
XP_020080480.1-XP_020080485.1	0.16736	0.911497	0.18361
XP_020080605.1-XP_020080606.1	0.373456	1.32823	0.281167
XP_020080641.1-XP_020080642.1	0.144923	0.381852	0.379527
XP_020080705.1-XP_020080706.1	0.0911307	0.121155	0.75218
XP_020080713.1-XP_020080715.1	0.162656	0.206991	0.785812
XP_020080795.1-XP_020080797.1	0.111447	0.267133	0.417196
XP_020080844.1-XP_020080843.1	0.976583	1.86286	0.524238
XP_020080866.1-XP_020080865.1	0.650073	1.01766	0.638792
XP_020080870.1-XP_020083471.1	0.860442	0.829783	1.03695
XP_020080939.1-XP_020080938.1	0.175813	0.388718	0.452289
XP_020080977.1-XP_020111177.1	0.303667	1.05171	0.288736
XP_020080984.1-XP_020080988.1	0.24369	1.70462	0.142959
XP_020081088.1-XP_020081084.1	0.691615	0.651223	1.06202
XP_020081153.1-XP_020081152.1	0.529486	1.19745	0.442177
XP_020081190.1-XP_020081189.1	0.739379	1.36252	0.542655
XP_020081194.1-XP_020081195.1	0.0058584	0.00888044	0.659697
XP_020081200.1-XP_020080123.1	0.49915	0.993001	0.502668
XP_020081211.1-XP_020083493.1	0.293001	0.974388	0.300702
XP_020081230.1-XP_020081229.1	0.100817	0.175512	0.57442
XP_020081233.1-XP_020081248.1	0.0621771	0.161403	0.385229
XP_020081293.1-XP_020081284.1	0.0282557	0.0797678	0.354224
XP_020081350.1-XP_020081353.1	0.0197896	0.0268318	0.737543
XP_020081365.1-XP_020081364.1	0.582507	1.3476	0.432255
XP_020081383.1-XP_020081384.1	NA	NA	NA
XP_020081427.1-XP_020083336.1	0.243813	0.396639	0.614698
XP_020081457.1-XP_020081456.1	0.0659594	0.107084	0.615958
XP_020081481.1-XP_020081482.1	0.102507	0.247223	0.414634
XP_020081491.1-XP_020083121.1	0.0160881	0.0292607	0.54982
XP_020081493.1-XP_020081492.1	0.0181819	0.0278494	0.652865
XP_020081504.1-XP_020081507.1	0.00315751	0.00507387	0.622308
XP_020081523.1-XP_020081524.1	0.0835011	0.184029	0.453739
XP_020081536.1-XP_020081537.1	0.262738	0.238691	1.10075
XP_020081564.1-XP_020081567.1	0.0910514	0.309776	0.293926
XP_020081566.1-XP_020081564.1	0.0205267	0.0761411	0.269588
XP_020081586.1-XP_020081587.1	0.0607964	0.166118	0.365984
XP_020081681.1-XP_020081680.1	NA	NA	NA
XP_020081805.1-XP_020081799.1	0.515017	1.22124	0.421717
XP_020081899.1-XP_020081894.1	0.384371	1.22792	0.313027
XP_020081899.1-XP_020081896.1	0.318715	0.907195	0.351319
XP_020081928.1-XP_020081931.1	0.0498448	0.126274	0.394735
XP_020081943.1-XP_020081944.1	0.11756	0.743887	0.158035
XP_020081944.1-XP_020081937.1	0.0866166	0.436344	0.198505
XP_020081974.1-XP_020081968.1	0.388128	1.03993	0.373224
XP_020082144.1-XP_020113442.1	0.0846456	0.202248	0.418523
XP_020082159.1-XP_020083191.1	0.417915	0.669376	0.624336
XP_020082236.1-XP_020082226.1	0.324391	0.323113	1.00396
XP_020082242.1-XP_020082240.1	0.159244	0.274353	0.580433
XP_020082271.1-XP_020082257.1	0.59222	3.69201	0.160406
XP_020082284.1-XP_020082279.1	0.362656	0.880229	0.412002
XP_020082285.1-XP_020082287.1	0.043429	0.164568	0.263898
XP_020082296.1-XP_020082301.1	0.0547099	0.124971	0.437779
XP_020082301.1-XP_020082300.1	0.0285524	0.0421462	0.677461
XP_020082302.1-XP_020082299.1	0.0375422	0.192493	0.195031
XP_020082340.1-XP_020082338.1	0.0117183	0.027281	0.42954
XP_020082359.1-XP_020082360.1	0.177958	1.18834	0.149753
XP_020082395.1-XP_020082389.1	0.127683	0.243337	0.524717
XP_020082477.1-XP_020082475.1	0.0931438	0.205806	0.452581
XP_020082479.1-XP_020082491.1	0.0865773	0.307844	0.281238
XP_020082481.1-XP_020082612.1	0.00401038	0.0222107	0.18056
XP_020082484.1-XP_020082487.1	0.042561	0.102366	0.415772
XP_020082487.1-XP_020082480.1	0.00761557	0.0134452	0.566414
XP_020082495.1-XP_020082500.1	0.139805	0.194515	0.718737
XP_020082498.1-XP_020082500.1	0.138719	0.257699	0.538298
XP_020082523.1-XP_020082524.1	0.161177	0.500244	0.322197
XP_020082524.1-XP_020082525.1	0.0594639	0.200545	0.296511
XP_020082530.1-XP_020082533.1	0.353497	0.707764	0.499456
XP_020082533.1-XP_020082528.1	0.456847	0.7443	0.613794
XP_020082610.1-XP_020082609.1	0.0676915	0.346927	0.195117
XP_020082698.1-XP_020082705.1	0.291137	0.281026	1.03598
XP_020082705.1-XP_020082704.1	0.225576	0.488446	0.461824
XP_020082759.1-XP_020082760.1	0.0582986	0.0706115	0.825625
XP_020082779.1-XP_020082780.1	0.1379	0.347387	0.396962
XP_020082781.1-XP_020082793.1	0.502865	2.87354	0.174998
XP_020082787.1-XP_020082789.1	0.39631	0.970769	0.408244
XP_020082836.1-XP_020105180.1	0.112132	0.154717	0.724758
XP_020082853.1-XP_020083300.1	0.621798	1.1788	0.527483
XP_020082863.1-XP_020110827.1	0.0654341	0.112264	0.582858
XP_020082987.1-XP_020082986.1	0.0348601	0.0981075	0.355325
XP_020083001.1-XP_020108361.1	0.050694	0.185463	0.273338
XP_020083031.1-XP_020082863.1	0.301768	1.10015	0.274296
XP_020083065.1-XP_020083125.1	0.102369	0.267948	0.382049
XP_020083076.1-XP_020110736.1	0.0381807	0.218413	0.174809
XP_020083126.1-XP_020083590.1	0.23665	0.260601	0.908093
XP_020083131.1-XP_020082891.1	0.197057	0.386167	0.51029
XP_020083148.1-XP_020107631.1	0.0552969	0.0953922	0.57968
XP_020083156.1-XP_020110031.1	0.344766	1.12132	0.307466
XP_020083160.1-XP_020108111.1	0.057139	0.145471	0.392785
XP_020083184.1-XP_020082404.1	0.107182	0.474833	0.225725
XP_020083185.1-XP_020114191.1	0.238155	0.713742	0.333671
XP_020083190.1-XP_020083227.1	0.108719	0.331944	0.327521
XP_020083223.1-XP_020115195.1	0.266996	1.96523	0.13586
XP_020083268.1-XP_020083491.1	0.143376	0.273537	0.524154
XP_020083295.1-XP_020113220.1	0.303149	0.7351	0.412391
XP_020083300.1-XP_020109120.1	0.458302	1.48796	0.308007
XP_020083310.1-XP_020083427.1	0.0850682	0.152418	0.558126
XP_020083333.1-XP_020113466.1	0.0491223	0.159161	0.308633
XP_020083336.1-XP_020083469.1	0.286553	1.0468	0.273743
XP_020083338.1-XP_020083339.1	0.0954236	0.255966	0.372799
XP_020083339.1-XP_020110939.1	0.0861869	0.200041	0.430846
XP_020083375.1-XP_020080278.1	0.190086	0.443242	0.428854
XP_020083452.1-XP_020083454.1	0.0971151	0.255519	0.38007
XP_020083454.1-XP_020083456.1	0.531475	2.86308	0.185631
XP_020083469.1-XP_020083120.1	0.287237	0.960282	0.299117
XP_020083478.1-XP_020083268.1	0.0537622	0.123256	0.436185
XP_020083481.1-XP_020083134.1	0.296744	1.09028	0.272172
XP_020083534.1-XP_020083541.1	0.0182787	0.0526411	0.347232
XP_020083537.1-XP_020083310.1	0.0571627	0.0926443	0.617012
XP_020083541.1-XP_020083506.1	0.0571721	0.106066	0.539026
XP_020083622.1-XP_020085144.1	0.278612	1.94404	0.143316
XP_020083625.1-XP_020084236.1	0.247917	1.01845	0.243427
XP_020083651.1-XP_020083652.1	0.0586307	0.170775	0.343322
XP_020083670.1-XP_020083949.1	0.370495	2.50563	0.147865
XP_020083705.1-XP_020083811.1	0.0539375	0.12672	0.425642
XP_020083725.1-XP_020085129.1	0.159928	0.770892	0.207459
XP_020083738.1-XP_020085141.1	0.2108	0.654677	0.321991
XP_020083747.1-XP_020083749.1	0.134626	0.148255	0.908066
XP_020083749.1-XP_020083705.1	0.00824953	0.0389675	0.211703
XP_020083763.1-XP_020084212.1	0.135762	0.290286	0.467684
XP_020083764.1-XP_020083741.1	0.0593107	0.153653	0.386004
XP_020083774.1-XP_020084241.1	0.144499	0.283629	0.509466
XP_020083788.1-XP_020083621.1	0.990821	0.750752	1.31977
XP_020083791.1-XP_020084209.1	0.168881	0.278288	0.606855
XP_020083793.1-XP_020084651.1	0.397815	1.02335	0.388737
XP_020083794.1-XP_020084651.1	0.45946	1.88632	0.243575
XP_020083796.1-XP_020084230.1	0.130034	0.271002	0.479827
XP_020083883.1-XP_020085359.1	0.246269	0.643097	0.382943
XP_020083894.1-XP_020083763.1	0.155704	0.246575	0.631466
XP_020083913.1-XP_020084003.1	0.0510537	0.203732	0.250592
XP_020083919.1-XP_020083920.1	0.319728	0.894881	0.357285
XP_020084028.1-XP_020083719.1	0.346866	1.61841	0.214326
XP_020084029.1-XP_020084031.1	0.586892	2.07094	0.283394
XP_020084032.1-XP_020084918.1	0.0502143	0.0874121	0.574455
XP_020084070.1-XP_020084069.1	0.0320709	0.196897	0.162881
XP_020084074.1-XP_020085461.1	0.181381	3.1853	0.056943
XP_020084209.1-XP_020084210.1	0.14321	0.241774	0.59233
XP_020084210.1-XP_020084217.1	0.124531	0.273978	0.454529
XP_020084212.1-XP_020084930.1	0.131123	0.269776	0.486045
XP_020084216.1-XP_020084934.1	0.170015	0.339086	0.501391
XP_020084220.1-XP_020084221.1	0.266209	0.472077	0.56391
XP_020084229.1-XP_020083796.1	0.107114	0.216905	0.49383
XP_020084232.1-XP_020085321.1	0.102967	0.23338	0.4412
XP_020084236.1-XP_020085143.1	0.0576875	0.146175	0.394647
XP_020084241.1-XP_020083879.1	0.133112	0.319499	0.416628
XP_020084263.1-XP_020084264.1	0.160712	0.450007	0.357133
XP_020084266.1-XP_020085396.1	0.252963	1.0655	0.237412
XP_020084294.1-XP_020084295.1	0.0633379	0.199718	0.317137
XP_020084296.1-XP_020085449.1	0.0843898	0.225076	0.37494
XP_020084312.1-XP_020083586.1	0.214933	1.00544	0.21377
XP_020084348.1-XP_020084342.1	0.232815	1.74789	0.133198
XP_020084367.1-XP_020083146.1	0.374892	1.66386	0.225315
XP_020084386.1-XP_020084387.1	0.134885	0.612313	0.220287
XP_020084429.1-XP_020084431.1	0.077366	0.208727	0.370656
XP_020084429.1-XP_020084991.1	0.218453	0.342866	0.637139
XP_020084430.1-XP_020084429.1	0.410367	1.96377	0.208969
XP_020084492.1-XP_020095747.1	0.301447	0.474665	0.635072
XP_020084545.1-XP_020084504.1	0.0631032	0.0787878	0.800926
XP_020084550.1-XP_020085456.1	0.140294	0.333155	0.421109
XP_020084600.1-XP_020083848.1	0.409959	2.40554	0.170423
XP_020084620.1-XP_020084621.1	0.251633	0.752228	0.334518
XP_020084638.1-XP_020084636.1	0.51743	2.21126	0.233998
XP_020084740.1-XP_020095022.1	0.277442	3.9893	0.0695465
XP_020084757.1-XP_020084298.1	0.0318744	0.106611	0.298978
XP_020084763.1-XP_020084759.1	0.390814	0.863186	0.452757
XP_020084770.1-XP_020083778.1	0.0801299	0.185976	0.430862
XP_020084865.1-XP_020084899.1	0.278195	3.8065	0.0730842
XP_020084877.1-XP_020085085.1	0.0620292	0.0970489	0.639154
XP_020084879.1-XP_020083863.1	0.106168	0.0596056	1.78118
XP_020084897.1-XP_020084904.1	NA	NA	NA
XP_020084914.1-XP_020083795.1	0.132875	0.205237	0.64742
XP_020084916.1-XP_020084456.1	0.00157226	NA	NA
XP_020084930.1-XP_020084931.1	0.0400037	0.0883937	0.452563
XP_020084931.1-XP_020084932.1	0.159659	0.265229	0.601965
XP_020084933.1-XP_020084216.1	0.309577	1.02072	0.303294
XP_020084934.1-XP_020084213.1	0.311798	1.03032	0.302623
XP_020084958.1-XP_020084770.1	0.545789	3.10905	0.175548
XP_020084966.1-XP_020084967.1	0.562393	NA	NA
XP_020084969.1-XP_020084015.1	0.399623	1.16905	0.341835
XP_020084971.1-XP_020085291.1	0.0539373	0.123691	0.436063
XP_020085014.1-XP_020085627.1	0.284848	2.5089	0.113535
XP_020085048.1-XP_020085583.1	NA	NA	NA
XP_020085079.1-XP_020084208.1	0.281147	1.87656	0.14982
XP_020085092.1-XP_020084620.1	0.214938	0.935968	0.229643
XP_020085104.1-XP_020085077.1	0.599005	2.01564	0.297178
XP_020085105.1-XP_020084896.1	0.149345	0.554478	0.269344
XP_020085129.1-XP_020084716.1	0.326629	1.63461	0.199821
XP_020085132.1-XP_020085511.1	0.157711	0.458293	0.344127
XP_020085144.1-XP_020084044.1	0.221605	1.4005	0.158233
XP_020085153.1-XP_020085152.1	0.0962981	0.214981	0.447938
XP_020085178.1-XP_020102359.1	0.122344	0.190833	0.641107
XP_020085186.1-XP_020085410.1	0.0160799	0.0869626	0.184906
XP_020085240.1-XP_020085513.1	0.106657	0.264834	0.402732
XP_020085248.1-XP_020085186.1	0.151428	1.07173	0.141293
XP_020085289.1-XP_020083906.1	0.398	NA	NA
XP_020085321.1-XP_020085325.1	0.096388	0.191887	0.502317
XP_020085325.1-XP_020084233.1	0.0863828	0.137595	0.627805
XP_020085368.1-XP_020085050.1	0.614008	NA	NA
XP_020085384.1-XP_020085230.1	1.0017	NA	NA
XP_020085391.1-XP_020084936.1	0.0977633	0.214917	0.454889
XP_020085435.1-XP_020085622.1	0.369546	1.03754	0.356174
XP_020085448.1-XP_020085523.1	0.80445	4.23474	0.189964
XP_020085462.1-XP_020088013.1	0.152858	0.230022	0.664538
XP_020085608.1-XP_020083643.1	0.0649074	0.230571	0.281507
XP_020085620.1-XP_020085498.1	0.0333552	0.0914141	0.36488
XP_020085643.1-XP_020109264.1	0.0947044	0.212294	0.4461
XP_020085701.1-XP_020087015.1	0.636509	3.35628	0.189647
XP_020085764.1-XP_020086173.1	0.186547	0.613476	0.304081
XP_020085784.1-XP_020086245.1	0.125675	0.651051	0.193034
XP_020085831.1-XP_020085836.1	0.843259	0.630696	1.33703
XP_020085915.1-XP_020085978.1	0.698288	0.912681	0.765096
XP_020085924.1-XP_020085784.1	0.0456381	0.183637	0.248524
XP_020085955.1-XP_020086772.1	0.453926	NA	NA
XP_020085956.1-XP_020085955.1	0.0725851	0.254853	0.284812
XP_020085965.1-XP_020085966.1	0.0727538	0.153997	0.472436
XP_020085967.1-XP_020086514.1	0.229949	0.689841	0.333337
XP_020085973.1-XP_020085965.1	0.0847297	0.247228	0.342719
XP_020085978.1-XP_020086103.1	0.55753	1.92123	0.290194
XP_020086005.1-XP_020086112.1	0.423347	3.14113	0.134775
XP_020086006.1-XP_020085954.1	0.0589199	0.239924	0.245578
XP_020086019.1-XP_020087271.1	0.342778	NA	NA
XP_020086033.1-XP_020086035.1	0.0424821	0.29982	0.141692
XP_020086035.1-XP_020086036.1	0.0488455	0.31864	0.153294
XP_020086036.1-XP_020087372.1	0.0423364	0.2888	0.146594
XP_020086049.1-XP_020087332.1	0.387494	0.778929	0.49747
XP_020086050.1-XP_020086789.1	0.838694	1.18794	0.706005
XP_020086056.1-XP_020085644.1	0.167857	0.813419	0.206359
XP_020086061.1-XP_020085749.1	0.299041	0.521491	0.573435
XP_020086080.1-XP_020086018.1	0.676781	3.51231	0.192688
XP_020086081.1-XP_020085753.1	0.234732	0.464081	0.5058
XP_020086082.1-XP_020103103.1	0.609619	1.52501	0.399748
XP_020086104.1-XP_020086017.1	0.243331	1.30506	0.186452
XP_020086115.1-XP_020086119.1	0.475449	1.26089	0.377074
XP_020086119.1-XP_020086120.1	0.0451937	0.0927358	0.487338
XP_020086120.1-XP_020086121.1	0.0323717	0.0874001	0.370385
XP_020086132.1-XP_020086133.1	0.166079	0.307206	0.540612
XP_020086134.1-XP_020085865.1	0.472631	1.12448	0.420311
XP_020086136.1-XP_020087265.1	NA	NA	NA
XP_020086148.1-XP_020086149.1	0.141327	0.22029	0.641549
XP_020086149.1-XP_020086150.1	0.195973	0.280525	0.698592
XP_020086159.1-XP_020086160.1	0.970688	2.27292	0.427067
XP_020086160.1-XP_020086161.1	0.893884	1.47751	0.604994
XP_020086167.1-XP_020086801.1	0.0554693	0.21457	0.258514
XP_020086196.1-XP_020086195.1	0.012778	0.0114002	1.12086
XP_020086283.1-XP_020087329.1	0.926697	1.77104	0.523249
XP_020086394.1-XP_020086393.1	0.299677	0.837889	0.357657
XP_020086425.1-XP_020086426.1	0.197928	0.814253	0.243079
XP_020086426.1-XP_020086427.1	0.187741	0.701871	0.267486
XP_020086503.1-XP_020086512.1	0.178295	0.33055	0.53939
XP_020086512.1-XP_020086763.1	0.100623	0.147353	0.682866
XP_020086547.1-XP_020086549.1	0.957042	1.88619	0.507393
XP_020086626.1-XP_020099037.1	0.266039	1.7996	0.147833
XP_020086734.1-XP_020086736.1	0.106875	0.160216	0.667069
XP_020086756.1-XP_020085732.1	0.102709	0.22113	0.464473
XP_020086763.1-XP_020086511.1	0.319018	0.586194	0.544219
XP_020086768.1-XP_020087049.1	0.467305	1.12944	0.413749
XP_020086769.1-XP_020087036.1	0.0880242	0.239326	0.367801
XP_020086770.1-XP_020086771.1	0.0524823	0.173165	0.303077
XP_020086771.1-XP_020087035.1	0.157043	0.297569	0.527752
XP_020086778.1-XP_020085968.1	0.115415	0.157179	0.734294
XP_020086788.1-XP_020086065.1	0.38947	1.03907	0.374827
XP_020086814.1-XP_020109168.1	0.0378308	0.0650913	0.581197
XP_020086858.1-XP_020086856.1	0.291225	1.94456	0.149764
XP_020086879.1-XP_020086881.1	0.738875	3.75014	0.197026
XP_020086971.1-XP_020087165.1	0.0542246	0.114259	0.474576
XP_020087005.1-XP_020087007.1	0.266955	NA	NA
XP_020087032.1-XP_020087040.1	0.0125751	0.0852851	0.147448
XP_020087034.1-XP_020086770.1	0.059213	0.184537	0.320874
XP_020087036.1-XP_020087034.1	0.101772	0.207186	0.491211
XP_020087040.1-XP_020087049.1	0.107796	0.155347	0.693907
XP_020087043.1-XP_020097466.1	0.0327354	0.0161338	2.029
XP_020087049.1-XP_020086769.1	0.138514	0.591191	0.234296
XP_020087060.1-XP_020086191.1	0.170844	0.838154	0.203834
XP_020087069.1-XP_020086762.1	0.549309	0.925804	0.593332
XP_020087176.1-XP_020101069.1	0.0446254	0.145315	0.307094
XP_020087197.1-XP_020087196.1	0.0362496	0.0870701	0.416326
XP_020087300.1-XP_020087295.1	0.301748	1.30352	0.231487
XP_020087317.1-XP_020087315.1	0.473068	2.89483	0.163418
XP_020087371.1-XP_020087931.1	0.413473	1.87579	0.220426
XP_020087400.1-XP_020087397.1	0.108771	0.198812	0.547104
XP_020087400.1-XP_020087402.1	0.0997997	0.173558	0.575021
XP_020087403.1-XP_020086774.1	0.154171	0.206926	0.745056
XP_020087407.1-XP_020085741.1	0.104973	0.23297	0.450587
XP_020087446.1-XP_020087371.1	0.0660181	0.186964	0.353105
XP_020087524.1-XP_020086872.1	0.247609	1.05963	0.233676
XP_020087617.1-XP_020087616.1	0.28656	0.594857	0.48173
XP_020087677.1-XP_020087902.1	0.413162	NA	NA
XP_020087692.1-XP_020088828.1	0.452592	0.717575	0.630724
XP_020087696.1-XP_020088197.1	0.49904	1.46823	0.339891
XP_020087710.1-XP_020088994.1	0.0759198	0.303339	0.25028
XP_020087720.1-XP_020088352.1	0.0470277	0.048259	0.974486
XP_020087767.1-XP_020087768.1	0.499653	0.690831	0.723264
XP_020087768.1-XP_020087769.1	0.456564	0.668786	0.682676
XP_020087797.1-XP_020087798.1	0.427795	0.854138	0.500849
XP_020087848.1-XP_020089050.1	0.0832359	0.164787	0.505113
XP_020087890.1-XP_020087889.1	0.0688601	0.533491	0.129074
XP_020087892.1-XP_020087896.1	0.727118	1.56139	0.465688
XP_020087902.1-XP_020089469.1	0.389902	2.66154	0.146495
XP_020087906.1-XP_020088450.1	0.0389625	0.143122	0.272232
XP_020087908.1-XP_020088995.1	0.210726	0.821069	0.256648
XP_020087983.1-XP_020089125.1	0.409217	1.19314	0.342974
XP_020087990.1-XP_020088032.1	0.0391743	0.0790141	0.495789
XP_020088013.1-XP_020102707.1	0.178295	0.246119	0.724429
XP_020088021.1-XP_020088024.1	0.392527	1.56821	0.250302
XP_020088023.1-XP_020099037.1	0.3118	1.44732	0.215433
XP_020088026.1-XP_020089043.1	0.361691	1.65906	0.21801
XP_020088054.1-XP_020089267.1	0.838251	1.07326	0.781032
XP_020088074.1-XP_020088342.1	0.240116	0.489374	0.49066
XP_020088113.1-XP_020089144.1	0.0896289	0.231366	0.38739
XP_020088136.1-XP_020087912.1	0.540901	1.99107	0.271663
XP_020088150.1-XP_020089037.1	0.00600513	0.0058768	1.02184
XP_020088162.1-XP_020088861.1	0.0799602	0.189543	0.421858
XP_020088246.1-XP_020084528.1	0.0818326	0.138207	0.592102
XP_020088250.1-XP_020088240.1	0.245116	0.363716	0.673922
XP_020088271.1-XP_020088555.1	0.517958	1.33551	0.387835
XP_020088282.1-XP_020088128.1	0.0788516	0.0942053	0.837019
XP_020088285.1-XP_020089502.1	0.345659	2.24815	0.153753
XP_020088303.1-XP_020088304.1	0.0211609	0.0608548	0.347728
XP_020088304.1-XP_020087806.1	0.0112619	0.0354257	0.317901
XP_020088306.1-XP_020092212.1	0.0684683	0.173898	0.393727
XP_020088313.1-XP_020088443.1	0.481661	2.50047	0.192628
XP_020088346.1-XP_020088347.1	0.122013	0.291059	0.419203
XP_020088347.1-XP_020088350.1	0.239993	0.842385	0.284897
XP_020088348.1-XP_020088365.1	0.459922	2.72935	0.168509
XP_020088354.1-XP_020088600.1	0.296501	0.717942	0.412988
XP_020088359.1-XP_020088360.1	0.910749	1.31959	0.690174
XP_020088360.1-XP_020088361.1	0.608818	1.16722	0.521597
XP_020088361.1-XP_020088362.1	0.557196	1.01001	0.551673
XP_020088362.1-XP_020088364.1	0.708752	1.24079	0.571208
XP_020088365.1-XP_020088366.1	0.0504372	0.103704	0.486355
XP_020088368.1-XP_020089331.1	0.263175	0.644618	0.408265
XP_020088385.1-XP_020106240.1	0.13394	0.427086	0.313614
XP_020088388.1-XP_020089189.1	0.244622	0.636052	0.384594
XP_020088404.1-XP_020087677.1	0.399624	1.99629	0.200183
XP_020088421.1-XP_020089597.1	0.3609	1.34663	0.268002
XP_020088429.1-XP_020088863.1	0.0864925	0.134986	0.640753
XP_020088435.1-XP_020089177.1	0.0975202	0.159988	0.609547
XP_020088445.1-XP_020088446.1	0.077065	0.137224	0.561599
XP_020088446.1-XP_020088447.1	0.111715	0.252976	0.441601
XP_020088612.1-XP_020089103.1	0.0593318	0.134373	0.441546
XP_020088673.1-XP_020089288.1	0.0518526	0.240692	0.215431
XP_020088699.1-XP_020088702.1	0.051536	0.147041	0.350486
XP_020088702.1-XP_020088017.1	0.211133	0.385022	0.548367
XP_020088780.1-XP_020089421.1	0.0582647	0.0892581	0.652767
XP_020088808.1-XP_020088297.1	0.395711	2.03897	0.194074
XP_020088861.1-XP_020088426.1	0.0427265	0.218784	0.195291
XP_020088864.1-XP_020088865.1	0.0450202	0.117278	0.383876
XP_020088868.1-XP_020089174.1	0.0368061	0.14328	0.256882
XP_020088880.1-XP_020088881.1	0.1335	0.745075	0.179177
XP_020088881.1-XP_020088299.1	0.153943	0.252842	0.608848
XP_020088995.1-XP_020087965.1	0.0830352	0.21043	0.394597
XP_020088995.1-XP_020089244.1	0.289841	0.884095	0.327839
XP_020089031.1-XP_020089032.1	0.025318	0.0232149	1.09059
XP_020089035.1-XP_020089062.1	0.00981834	0.00792675	1.23863
XP_020089043.1-XP_020087710.1	0.253848	1.05678	0.240209
XP_020089044.1-XP_020089045.1	0.131348	0.29648	0.443025
XP_020089045.1-XP_020088113.1	0.131508	0.263721	0.498662
XP_020089047.1-XP_020089090.1	0.306791	0.717173	0.427778
XP_020089052.1-XP_020089053.1	0.0733783	0.32509	0.225717
XP_020089085.1-XP_020089073.1	NA	0.011239	-0
XP_020089090.1-XP_020089091.1	0.0992778	0.309048	0.321238
XP_020089091.1-XP_020087847.1	0.231813	0.501203	0.462514
XP_020089091.1-XP_020089092.1	0.0762924	0.241265	0.316218
XP_020089125.1-XP_020087859.1	0.363027	1.30917	0.277295
XP_020089144.1-XP_020088021.1	0.0788028	0.290541	0.271228
XP_020089177.1-XP_020089179.1	0.0668993	0.164203	0.407419
XP_020089189.1-XP_020087684.1	0.0889181	0.193995	0.458352
XP_020089192.1-XP_020089194.1	NA	0.108658	-0
XP_020089218.1-XP_020088798.1	0.0599223	0.186908	0.320598
XP_020089267.1-XP_020088360.1	0.673013	1.13281	0.59411
XP_020089318.1-XP_020088353.1	0.0210784	0.0681522	0.309284
XP_020089325.1-XP_020089329.1	0.0682879	0.0522667	1.30653
XP_020089328.1-XP_020088824.1	0.0267135	0.156388	0.170816
XP_020089329.1-XP_020089332.1	0.0901243	0.181595	0.496293
XP_020089331.1-XP_020089325.1	0.117494	0.193402	0.607515
XP_020089332.1-XP_020089328.1	0.241239	0.990905	0.243454
XP_020089332.1-XP_020089334.1	0.0700542	0.126651	0.55313
XP_020089381.1-XP_020087767.1	0.111345	0.204849	0.543547
XP_020089382.1-XP_020088684.1	0.0369555	0.085219	0.433653
XP_020089393.1-XP_020087942.1	0.342659	1.91174	0.17924
XP_020089421.1-XP_020089472.1	0.278164	0.54667	0.508833
XP_020089472.1-XP_020089382.1	0.415392	1.02341	0.405889
XP_020089523.1-XP_020089524.1	0.0317317	0.178383	0.177885
XP_020089599.1-XP_020089238.1	0.435768	NA	NA
XP_020089637.1-XP_020089639.1	0.0558632	0.100441	0.556177
XP_020089639.1-XP_020087908.1	0.165327	0.430824	0.383745
XP_020089643.1-XP_020090319.1	0.211501	1.72133	0.12287
XP_020089658.1-XP_020090856.1	0.0409966	0.0877611	0.467139
XP_020089659.1-XP_020089658.1	0.0365354	0.110619	0.330281
XP_020089768.1-XP_020089976.1	0.401392	1.34483	0.298471
XP_020089840.1-XP_020090652.1	0.305433	1.3397	0.227985
XP_020089929.1-XP_020090997.1	0.00202978	0.0239539	0.0847367
XP_020089980.1-XP_020089643.1	0.486959	1.73346	0.280918
XP_020090015.1-XP_020090821.1	0.0384512	0.139212	0.276206
XP_020090016.1-XP_020090873.1	0.130512	0.248585	0.525018
XP_020090018.1-XP_020090012.1	0.347947	0.472638	0.736179
XP_020090022.1-XP_020091138.1	0.245349	1.08244	0.226662
XP_020090060.1-XP_020090074.1	0.00293524	0.0197422	0.148679
XP_020090082.1-XP_020090017.1	0.230999	1.69439	0.136332
XP_020090085.1-XP_020090082.1	0.251594	2.90218	0.0866913
XP_020090131.1-XP_020090130.1	0.0645783	0.218047	0.296167
XP_020090167.1-XP_020090168.1	0.0604997	0.200831	0.301247
XP_020090168.1-XP_020091106.1	0.0928044	0.337917	0.274636
XP_020090216.1-XP_020091128.1	0.180029	0.141731	1.27022
XP_020090238.1-XP_020091094.1	0.0648896	0.181748	0.357031
XP_020090251.1-XP_020089932.1	0.0966335	0.466711	0.207052
XP_020090304.1-XP_020090306.1	1.24567	NA	NA
XP_020090323.1-XP_020089904.1	0.659151	NA	NA
XP_020090330.1-XP_020096279.1	0.0273837	0.117915	0.232232
XP_020090339.1-XP_020092888.1	0.137279	0.667851	0.205554
XP_020090342.1-XP_020090343.1	0.308158	0.662137	0.4654
XP_020090349.1-XP_020090339.1	0.066153	0.288876	0.229001
XP_020090359.1-XP_020089756.1	0.0349631	0.0540103	0.647342
XP_020090498.1-XP_020089869.1	0.382466	0.950482	0.402391
XP_020090563.1-XP_020090565.1	0.330192	0.903702	0.365377
XP_020090564.1-XP_020090563.1	0.0490256	0.124917	0.392464
XP_020090565.1-XP_020089840.1	0.326696	0.836184	0.390699
XP_020090606.1-XP_020091149.1	0.337832	0.260724	1.29575
XP_020090607.1-XP_020090606.1	0.494345	0.468082	1.05611
XP_020090688.1-XP_020090687.1	0.0277362	0.054896	0.505249
XP_020090693.1-XP_020090689.1	0.12909	1.08542	0.118931
XP_020090782.1-XP_020089918.1	0.19084	0.669706	0.284962
XP_020090873.1-XP_020091134.1	0.00520522	0.00952124	0.546696
XP_020090917.1-XP_020089643.1	0.621647	1.43542	0.433077
XP_020090953.1-XP_020090012.1	0.401178	0.767452	0.52274
XP_020090996.1-XP_020090020.1	0.284649	0.674962	0.421726
XP_020091002.1-XP_020089839.1	0.153528	0.687991	0.223155
XP_020091038.1-XP_020090564.1	0.408725	0.983631	0.415527
XP_020091045.1-XP_020090016.1	0.36489	1.80297	0.202382
XP_020091068.1-XP_020091070.1	0.0581195	0.0933076	0.622881
XP_020091103.1-XP_020090323.1	0.286991	0.64133	0.447493
XP_020091106.1-XP_020089931.1	0.10575	0.339413	0.311567
XP_020091134.1-XP_020091180.1	0.0613439	0.168296	0.3645
XP_020091136.1-XP_020089826.1	0.136542	0.23867	0.572098
XP_020091138.1-XP_020091223.1	0.453651	NA	NA
XP_020091151.1-XP_020089909.1	0.392142	NA	NA
XP_020091154.1-XP_020091205.1	0.261239	1.01472	0.257449
XP_020091159.1-XP_020091066.1	0.115653	0.2442	0.473599
XP_020091162.1-XP_020091163.1	0.314187	1.72259	0.182393
XP_020091163.1-XP_020091164.1	0.333945	1.17266	0.284777
XP_020091166.1-XP_020091068.1	0.0650003	0.123353	0.526945
XP_020091171.1-XP_020091173.1	0.394422	1.40733	0.280264
XP_020091177.1-XP_020091161.1	0.112929	0.246444	0.458236
XP_020091180.1-XP_020091136.1	0.142054	0.229239	0.619674
XP_020091231.1-XP_020090359.1	0.293515	1.19213	0.246211
XP_020091240.1-XP_020091603.1	0.356768	0.948167	0.376271
XP_020091282.1-XP_020091283.1	0.0445632	0.142575	0.312559
XP_020091350.1-XP_020092198.1	0.42489	1.19949	0.354224
XP_020091393.1-XP_020092659.1	0.0562627	0.212205	0.265134
XP_020091488.1-XP_020091345.1	0.0101268	0.0372744	0.271681
XP_020091489.1-XP_020091495.1	0.0644766	0.138956	0.464007
XP_020091492.1-XP_020091506.1	0.504882	NA	NA
XP_020091494.1-XP_020091492.1	0.395236	2.33843	0.169018
XP_020091495.1-XP_020091494.1	0.0555316	0.0785489	0.706969
XP_020091506.1-XP_020091496.1	0.452317	NA	NA
XP_020091554.1-XP_020093218.1	0.0397088	0.135273	0.293546
XP_020091585.1-XP_020091410.1	0.430787	NA	NA
XP_020091600.1-XP_020093231.1	0.232881	0.900153	0.258713
XP_020091640.1-XP_020091393.1	0.0486594	0.148921	0.326747
XP_020091674.1-XP_020091642.1	0.0526894	0.0893497	0.589699
XP_020091680.1-XP_020091733.1	0.0312495	0.154487	0.202279
XP_020091681.1-XP_020092019.1	0.884047	2.52743	0.349781
XP_020091681.1-XP_020092075.1	0.334681	0.572283	0.584817
XP_020091701.1-XP_020091703.1	0.23478	0.243339	0.964826
XP_020091703.1-XP_020092622.1	0.127978	0.298186	0.429188
XP_020091732.1-XP_020091361.1	0.364487	1.59255	0.22887
XP_020091733.1-XP_020091734.1	0.0141743	0.148404	0.0955114
XP_020091735.1-XP_020091788.1	0.108608	0.26175	0.41493
XP_020091754.1-XP_020092872.1	0.263147	0.413656	0.636149
XP_020091776.1-XP_020091735.1	0.136602	0.565088	0.241736
XP_020091809.1-XP_020091701.1	0.164987	0.15706	1.05048
XP_020091815.1-XP_020091819.1	0.0543691	0.133151	0.408327
XP_020092003.1-XP_020091512.1	0.00255754	0.0337137	0.0758606
XP_020092055.1-XP_020092056.1	0.402415	NA	NA
XP_020092077.1-XP_020093236.1	0.381655	1.65793	0.2302
XP_020092112.1-XP_020093036.1	0.152164	0.357946	0.425102
XP_020092115.1-XP_020088306.1	0.0132596	0.112	0.11839
XP_020092118.1-XP_020091732.1	0.27675	0.419543	0.659646
XP_020092128.1-XP_020092127.1	0.102224	0.111381	0.917788
XP_020092138.1-XP_020093087.1	0.0885028	0.145336	0.608953
XP_020092178.1-XP_020086560.1	0.159801	0.321064	0.497723
XP_020092198.1-XP_020092593.1	0.272785	1.15863	0.235437
XP_020092249.1-XP_020091521.1	0.238132	1.09161	0.218147
XP_020092258.1-XP_020092259.1	0.0187283	0.0900081	0.208074
XP_020092265.1-XP_020092763.1	0.293468	0.841232	0.348855
XP_020092291.1-XP_020092059.1	0.796897	1.15054	0.69263
XP_020092306.1-XP_020091581.1	0.21784	1.06032	0.205446
XP_020092381.1-XP_020092379.1	0.00609211	0.00438451	1.38946
XP_020092385.1-XP_020092138.1	0.10219	0.158528	0.644617
XP_020092392.1-XP_020092761.1	0.135497	0.867494	0.156193
XP_020092453.1-XP_020092882.1	0.129936	0.251571	0.516497
XP_020092456.1-XP_020092885.1	0.24658	0.92368	0.266954
XP_020092457.1-XP_020092885.1	0.0691149	0.166658	0.414711
XP_020092538.1-XP_020092886.1	0.365354	1.12506	0.324743
XP_020092622.1-XP_020093198.1	0.132357	0.255782	0.51746
XP_020092659.1-XP_020091520.1	0.177584	0.329689	0.53864
XP_020092667.1-XP_020092695.1	0.166624	0.284621	0.585423
XP_020092669.1-XP_020092876.1	0.441693	1.67658	0.263448
XP_020092686.1-XP_020092849.1	0.0168557	0.0708917	0.237766
XP_020092761.1-XP_020092079.1	0.304394	1.39671	0.217936
XP_020092805.1-XP_020092884.1	0.606215	0.861013	0.704072
XP_020092853.1-XP_020092501.1	0.573248	0.809621	0.708044
XP_020092857.1-XP_020092711.1	0.119222	0.28406	0.419706
XP_020092865.1-XP_020093240.1	0.930145	1.18915	0.782194
XP_020092868.1-XP_020092246.1	0.0617632	0.139901	0.441479
XP_020092876.1-XP_020092878.1	0.472066	4.46576	0.105708
XP_020092876.1-XP_020092879.1	0.49253	NA	NA
XP_020092881.1-XP_020091832.1	0.104922	0.325045	0.322792
XP_020092882.1-XP_020092883.1	0.222185	0.376374	0.590329
XP_020092884.1-XP_020093001.1	0.268033	0.342865	0.781744
XP_020092885.1-XP_020092538.1	0.0969501	0.178103	0.544348
XP_020092886.1-XP_020092540.1	0.137827	0.320409	0.430159
XP_020092889.1-XP_020092788.1	0.42594	0.381186	1.11741
XP_020092890.1-XP_020091704.1	0.0378791	0.075474	0.501883
XP_020092891.1-XP_020092892.1	0.00203506	0.00567277	0.358742
XP_020092993.1-XP_020093119.1	0.771549	1.82149	0.423582
XP_020093026.1-XP_020092048.1	0.00129228	0.00446746	0.289265
XP_020093041.1-XP_020091754.1	0.317832	0.310191	1.02463
XP_020093042.1-XP_020091754.1	0.292006	0.410493	0.711356
XP_020093169.1-XP_020093172.1	0.0703316	0.339629	0.207084
XP_020093268.1-XP_020093505.1	0.596296	3.22559	0.184864
XP_020093285.1-XP_020094816.1	0.197796	0.724517	0.273003
XP_020093327.1-XP_020094602.1	0.198015	0.998687	0.198275
XP_020093350.1-XP_020093354.1	0.0140337	0.0654422	0.214444
XP_020093423.1-XP_020094956.1	0.369136	0.470943	0.783822
XP_020093426.1-XP_020093526.1	0.202649	1.2213	0.165929
XP_020093486.1-XP_020093524.1	0.0250445	0.0328739	0.761836
XP_020093533.1-XP_020093594.1	0.170243	0.820526	0.20748
XP_020093562.1-XP_020094197.1	0.398177	NA	NA
XP_020093564.1-XP_020094823.1	0.361999	1.16477	0.310789
XP_020093634.1-XP_020093632.1	0.0440921	0.0889027	0.495959
XP_020093648.1-XP_020094498.1	0.0907693	0.23582	0.384909
XP_020093786.1-XP_020093787.1	0.123084	0.23812	0.5169
XP_020093837.1-XP_020093504.1	0.0293544	0.160094	0.183357
XP_020093871.1-XP_020093757.1	0.450937	0.751361	0.60016
XP_020094040.1-XP_020094041.1	0.00830356	0.0640023	0.129739
XP_020094047.1-XP_020094158.1	0.367655	1.43962	0.255384
XP_020094049.1-XP_020093940.1	0.474863	1.28886	0.368437
XP_020094056.1-XP_020094792.1	0.834886	0.826056	1.01069
XP_020094062.1-XP_020094065.1	0.229691	0.366919	0.625998
XP_020094073.1-XP_020094415.1	0.622926	1.40585	0.443097
XP_020094137.1-XP_020094138.1	0.02433	0.0436262	0.557693
XP_020094197.1-XP_020094199.1	0.295769	NA	NA
XP_020094233.1-XP_020094398.1	0.0767421	0.303482	0.252872
XP_020094314.1-XP_020110249.1	0.00941098	0.0847621	0.111028
XP_020094394.1-XP_020093497.1	0.61616	1.61043	0.382605
XP_020094448.1-XP_020094449.1	0.0434504	0.167147	0.259953
XP_020094449.1-XP_020094454.1	0.124353	0.411059	0.302518
XP_020094451.1-XP_020094453.1	0.0947734	0.300248	0.315651
XP_020094453.1-XP_020094450.1	0.117501	0.291875	0.402573
XP_020094454.1-XP_020094458.1	0.237492	0.842885	0.281761
XP_020094458.1-XP_020094456.1	0.036458	0.0865225	0.421371
XP_020094460.1-XP_020094905.1	0.0620434	0.181972	0.34095
XP_020094461.1-XP_020094451.1	0.0761928	0.287542	0.26498
XP_020094498.1-XP_020094070.1	0.0782441	0.182032	0.429838
XP_020094508.1-XP_020098454.1	0.228508	1.03672	0.220415
XP_020094509.1-XP_020094729.1	0.33597	2.25528	0.14897
XP_020094522.1-XP_020093471.1	0.222722	0.861139	0.258637
XP_020094539.1-XP_020094217.1	0.359448	NA	NA
XP_020094547.1-XP_020094988.1	0.258774	0.936511	0.276317
XP_020094647.1-XP_020094936.1	0.296369	0.828119	0.357882
XP_020094673.1-XP_020094702.1	0.413167	1.79407	0.230296
XP_020094771.1-XP_020091264.1	0.0726013	0.117958	0.615482
XP_020094797.1-XP_020094965.1	0.278953	1.62079	0.172109
XP_020094800.1-XP_020094849.1	0.102711	0.261074	0.393419
XP_020094801.1-XP_020094800.1	0.131298	0.336349	0.390363
XP_020094838.1-XP_020093936.1	0.00215058	0.0045694	0.470649
XP_020094849.1-XP_020094850.1	0.0169571	0.0394243	0.430117
XP_020094850.1-XP_020094461.1	0.0684151	0.348846	0.196118
XP_020094879.1-XP_020093648.1	0.0801736	0.180474	0.44424
XP_020094909.1-XP_020094911.1	0.601939	0.732229	0.822064
XP_020094911.1-XP_020094912.1	0.482108	0.749727	0.643044
XP_020094912.1-XP_020094913.1	0.16596	0.251452	0.660005
XP_020094914.1-XP_020094915.1	0.354586	0.594188	0.596757
XP_020094915.1-XP_020094916.1	0.270475	0.312513	0.865483
XP_020094916.1-XP_020094917.1	0.174994	0.284575	0.614929
XP_020094917.1-XP_020094918.1	0.47429	0.506651	0.936128
XP_020094918.1-XP_020094919.1	0.185006	0.178011	1.03929
XP_020094919.1-XP_020094920.1	0.260479	0.279207	0.932925
XP_020094920.1-XP_020094922.1	0.324148	0.234787	1.3806
XP_020094920.1-XP_020094923.1	0.388016	0.352382	1.10112
XP_020094927.1-XP_020094928.1	0.351466	0.678305	0.518154
XP_020094928.1-XP_020094930.1	0.1131	0.200844	0.563122
XP_020094947.1-XP_020093564.1	0.327646	1.29429	0.253146
XP_020094952.1-XP_020094953.1	0.638534	0.802844	0.79534
XP_020094956.1-XP_020094957.1	0.00644967	0.0133762	0.482177
XP_020094972.1-XP_020093573.1	0.0676068	0.204794	0.330121
XP_020095075.1-XP_020096147.1	0.393574	1.07624	0.365692
XP_020095084.1-XP_020095470.1	0.0421831	0.077717	0.542779
XP_020095097.1-XP_020095763.1	0.322933	0.653884	0.49387
XP_020095098.1-XP_020095764.1	0.438143	0.755717	0.579771
XP_020095099.1-XP_020095766.1	0.306289	2.33417	0.13122
XP_020095103.1-XP_020095777.1	0.116136	0.173954	0.667627
XP_020095105.1-XP_020095357.1	0.0110306	0.0877559	0.125696
XP_020095132.1-XP_020095532.1	0.150705	0.227864	0.661382
XP_020095223.1-XP_020095464.1	0.0462221	0.133887	0.345234
XP_020095336.1-XP_020095406.1	0.093948	0.250777	0.374628
XP_020095337.1-XP_020096446.1	0.308281	0.844184	0.365182
XP_020095355.1-XP_020095354.1	0.100482	0.370729	0.27104
XP_020095358.1-XP_020095413.1	0.0861195	0.130813	0.658341
XP_020095402.1-XP_020096018.1	0.27505	1.15868	0.237383
XP_020095406.1-XP_020096264.1	0.0977519	0.205721	0.475168
XP_020095413.1-XP_020095463.1	0.0607486	0.0666511	0.911442
XP_020095419.1-XP_020095420.1	0.167553	1.07068	0.156491
XP_020095432.1-XP_020096606.1	0.274667	1.08542	0.253051
XP_020095438.1-XP_020095933.1	0.308563	0.899869	0.342897
XP_020095443.1-XP_020095265.1	0.0707115	0.513843	0.137613
XP_020095464.1-XP_020096519.1	0.0472361	0.135496	0.348616
XP_020095470.1-XP_020095086.1	0.24126	0.655182	0.368233
XP_020095472.1-XP_020095402.1	0.31716	1.58134	0.200563
XP_020095475.1-XP_020095474.1	0.214571	1.02619	0.209095
XP_020095524.1-XP_020095530.1	0.0562817	0.102709	0.547973
XP_020095532.1-XP_020095133.1	0.312577	0.426436	0.732999
XP_020095548.1-XP_020095547.1	0.0617232	0.193662	0.318717
XP_020095568.1-XP_020091751.1	0.0105351	0.0953868	0.110446
XP_020095570.1-XP_020095584.1	0.130138	0.10926	1.19108
XP_020095572.1-XP_020095586.1	0.300066	0.546792	0.548776
XP_020095586.1-XP_020095570.1	0.246748	0.14933	1.65237
XP_020095608.1-XP_020096296.1	0.482776	0.602618	0.801131
XP_020095637.1-XP_020095543.1	0.480164	0.753699	0.637077
XP_020095686.1-XP_020095688.1	0.0573469	0.165583	0.346333
XP_020095689.1-XP_020095688.1	0.101477	0.290646	0.349142
XP_020095718.1-XP_020095716.1	0.0994199	0.152262	0.652952
XP_020095720.1-XP_020095940.1	0.0905129	0.270373	0.334771
XP_020095733.1-XP_020095738.1	0.653541	0.895175	0.730071
XP_020095766.1-XP_020095767.1	0.0629075	0.128792	0.488441
XP_020095768.1-XP_020095766.1	0.048016	0.0742357	0.646804
XP_020095773.1-XP_020095104.1	0.163987	0.32782	0.500234
XP_020095774.1-XP_020095299.1	0.160986	0.178986	0.89943
XP_020095776.1-XP_020096402.1	0.0152555	0.0536816	0.284185
XP_020095777.1-XP_020095773.1	0.10211	0.158382	0.644708
XP_020095830.1-XP_020095932.1	0.0850634	0.206598	0.411733
XP_020095899.1-XP_020095741.1	0.104643	0.63325	0.165247
XP_020095901.1-XP_020095960.1	0.560867	1.17294	0.478171
XP_020095906.1-XP_020095901.1	0.829746	2.31293	0.358742
XP_020095914.1-XP_020095923.1	0.0953568	0.0909501	1.04845
XP_020095916.1-XP_020095921.1	0.0548812	0.0598087	0.917612
XP_020095921.1-XP_020095924.1	0.0999262	0.0637499	1.56747
XP_020095923.1-XP_020095922.1	0.102213	0.0977522	1.04563
XP_020095924.1-XP_020095914.1	0.0953915	0.0839816	1.13586
XP_020095940.1-XP_020095694.1	0.112598	0.349131	0.322508
XP_020095943.1-XP_020095942.1	0.0821968	0.153071	0.536984
XP_020095948.1-XP_020096132.1	0.400682	2.73495	0.146504
XP_020095959.1-XP_020095314.1	0.474447	0.740956	0.640317
XP_020095966.1-XP_020095367.1	0.607297	0.740493	0.820125
XP_020096016.1-XP_020104083.1	0.0379449	0.139597	0.271817
XP_020096018.1-XP_020096021.1	0.0790003	0.263887	0.299372
XP_020096238.1-XP_020096241.1	0.199923	1.0329	0.193556
XP_020096241.1-XP_020096537.1	0.076138	0.351861	0.216387
XP_020096296.1-XP_020096307.1	0.430137	0.698136	0.616121
XP_020096318.1-XP_020096311.1	0.190626	0.571734	0.333417
XP_020096382.1-XP_020096407.1	0.009237	0.194525	0.0474848
XP_020096385.1-XP_020095718.1	0.105852	0.171836	0.616005
XP_020096396.1-XP_020096385.1	0.384581	1.02044	0.376876
XP_020096439.1-XP_020095704.1	0.107306	0.230476	0.465587
XP_020096446.1-XP_020096458.1	0.047757	0.204926	0.233045
XP_020096458.1-XP_020096470.1	0.0543529	0.244546	0.22226
XP_020096485.1-XP_020096348.1	NA	0.017953	-0
XP_020096518.1-XP_020096517.1	0.144336	0.291292	0.495504
XP_020096519.1-XP_020095944.1	0.0314852	0.209232	0.15048
XP_020096727.1-XP_020096371.1	0.299941	0.537468	0.558063
XP_020096745.1-XP_020096404.1	0.121017	0.795361	0.152154
XP_020096779.1-XP_020096783.1	0.388047	0.676383	0.573708
XP_020096785.1-XP_020098013.1	0.748702	1.91236	0.391506
XP_020096818.1-XP_020096819.1	0.0856383	0.2957	0.289612
XP_020096849.1-XP_020096847.1	0.167885	0.397573	0.422274
XP_020096873.1-XP_020096870.1	0.392393	2.6535	0.147878
XP_020096886.1-XP_020097004.1	0.110325	0.195389	0.564645
XP_020096888.1-XP_020098072.1	0.165052	0.428877	0.384846
XP_020096951.1-XP_020096953.1	0.0342651	0.0658641	0.520239
XP_020096953.1-XP_020097053.1	0.463374	2.25217	0.205745
XP_020096986.1-XP_020096987.1	0.40658	2.3639	0.171996
XP_020097010.1-XP_020097014.1	0.146513	0.253775	0.577334
XP_020097014.1-XP_020097012.1	0.0669023	0.125833	0.531675
XP_020097014.1-XP_020097015.1	0.0956758	0.193968	0.493255
XP_020097053.1-XP_020096888.1	0.14418	0.346478	0.416131
XP_020097055.1-XP_020098045.1	0.33489	1.84793	0.181224
XP_020097057.1-XP_020096930.1	0.146726	3.12812	0.0469056
XP_020097107.1-XP_020097156.1	0.131865	0.164694	0.800664
XP_020097107.1-XP_020097681.1	0.0322331	0.166802	0.193242
XP_020097119.1-XP_020096821.1	0.386668	1.0019	0.385936
XP_020097143.1-XP_020097902.1	0.209542	0.395007	0.530477
XP_020097157.1-XP_020097158.1	0.406336	0.571653	0.710809
XP_020097170.1-XP_020097171.1	0.158442	0.32267	0.491035
XP_020097171.1-XP_020097009.1	0.21448	0.503729	0.425784
XP_020097172.1-XP_020097014.1	0.16228	0.284844	0.569714
XP_020097173.1-XP_020097174.1	0.0945894	0.157876	0.599137
XP_020097174.1-XP_020097176.1	0.125388	0.138664	0.904259
XP_020097204.1-XP_020097109.1	0.796884	2.39455	0.33279
XP_020097204.1-XP_020097160.1	0.629565	1.36833	0.460097
XP_020097233.1-XP_020098052.1	0.435089	1.34822	0.322712
XP_020097506.1-XP_020097505.1	0.0998991	0.12689	0.787288
XP_020097524.1-XP_020097660.1	0.391023	1.32591	0.294909
XP_020097557.1-XP_020097080.1	0.666855	NA	NA
XP_020097565.1-XP_020097564.1	0.376691	0.647955	0.581354
XP_020097574.1-XP_020097585.1	0.0909894	0.106398	0.85518
XP_020097589.1-XP_020098036.1	0.33304	NA	NA
XP_020097716.1-XP_020096849.1	0.0857563	0.190275	0.450696
XP_020097730.1-XP_020097454.1	0.270709	1.33127	0.203347
XP_020097734.1-XP_020097735.1	0.317898	0.553714	0.57412
XP_020097742.1-XP_020097743.1	0.0556425	0.0626374	0.888327
XP_020097748.1-XP_020097752.1	0.282194	1.7268	0.16342
XP_020097760.1-XP_020097969.1	0.370565	1.91378	0.19363
XP_020097773.1-XP_020097776.1	0.0275272	0.0824904	0.333701
XP_020097837.1-XP_020097168.1	0.113133	0.321976	0.35137
XP_020097868.1-XP_020096982.1	0.0271491	0.0455343	0.596235
XP_020097959.1-XP_020097958.1	0.0297358	0.0913675	0.325453
XP_020097963.1-XP_020096775.1	0.359101	2.33579	0.153738
XP_020097969.1-XP_020098041.1	0.301659	2.04133	0.147776
XP_020097999.1-XP_020098059.1	0.0339137	0.0636894	0.532486
XP_020098086.1-XP_020098938.1	0.517544	0.966988	0.535212
XP_020098092.1-XP_020098193.1	0.20663	0.734674	0.281255
XP_020098130.1-XP_020098128.1	0.703	1.40586	0.500051
XP_020098179.1-XP_020099113.1	0.13177	0.378795	0.347866
XP_020098180.1-XP_020098798.1	0.155261	0.317319	0.489289
XP_020098193.1-XP_020094990.1	0.226969	0.846708	0.268061
XP_020098193.1-XP_020098308.1	0.80992	0.899536	0.900376
XP_020098214.1-XP_020098179.1	0.152469	0.32043	0.475826
XP_020098221.1-XP_020098413.1	0.122045	0.180415	0.67647
XP_020098244.1-XP_020098245.1	0.0529173	0.174896	0.302565
XP_020098246.1-XP_020098244.1	0.0473336	0.140685	0.33645
XP_020098247.1-XP_020099130.1	0.717916	1.42987	0.502085
XP_020098305.1-XP_020098306.1	0.0203057	0.0423916	0.479004
XP_020098312.1-XP_020098488.1	0.0303725	0.0862274	0.352237
XP_020098339.1-XP_020098340.1	0.0123658	0.0110228	1.12183
XP_020098343.1-XP_020098992.1	0.315803	NA	NA
XP_020098378.1-XP_020098381.1	0.14174	0.670001	0.211552
XP_020098390.1-XP_020098391.1	0.281332	0.535933	0.524939
XP_020098391.1-XP_020098321.1	0.808384	0.952041	0.849106
XP_020098399.1-XP_020084897.1	0.753045	0.893492	0.842811
XP_020098404.1-XP_020098405.1	1.01448	1.11045	0.913576
XP_020098410.1-XP_020099017.1	0.26337	0.916524	0.287357
XP_020098413.1-XP_020099375.1	0.0731871	0.0998632	0.732873
XP_020098421.1-XP_020098422.1	0.115672	0.179438	0.644632
XP_020098423.1-XP_020098899.1	0.466924	0.879706	0.530773
XP_020098427.1-XP_020098428.1	0.165455	0.857661	0.192915
XP_020098430.1-XP_020098431.1	0.497313	0.446275	1.11437
XP_020098432.1-XP_020098433.1	0.477203	0.39907	1.19579
XP_020098433.1-XP_020098434.1	0.154902	0.115156	1.34516
XP_020098435.1-XP_020098436.1	0.581308	0.559535	1.03891
XP_020098436.1-XP_020098437.1	0.154305	0.183541	0.840709
XP_020098442.1-XP_020098443.1	0.0968214	0.19927	0.485881
XP_020098444.1-XP_020094508.1	0.0426547	0.0796578	0.535474
XP_020098454.1-XP_020098463.1	0.0781921	0.223492	0.349866
XP_020098463.1-XP_020084312.1	0.100117	0.338988	0.295342
XP_020098467.1-XP_020098950.1	NA	NA	NA
XP_020098472.1-XP_020099108.1	0.348665	0.472941	0.737228
XP_020098474.1-XP_020099011.1	0.232524	0.887162	0.262099
XP_020098483.1-XP_020098499.1	0.0785026	0.260078	0.301842
XP_020098501.1-XP_020099395.1	0.239625	0.941215	0.254591
XP_020098509.1-XP_020098222.1	0.0188386	0.0289222	0.651353
XP_020098511.1-XP_020099214.1	0.00608335	0.17747	0.0342783
XP_020098581.1-XP_020098294.1	0.197909	0.366249	0.540368
XP_020098586.1-XP_020098368.1	0.0289418	0.0975638	0.296645
XP_020098596.1-XP_020098607.1	0.00330524	0.0300692	0.109921
XP_020098630.1-XP_020098629.1	0.206534	0.683061	0.302365
XP_020098647.1-XP_020098648.1	0.0377554	0.154975	0.243623
XP_020098656.1-XP_020098963.1	0.0804721	0.178108	0.451816
XP_020098677.1-XP_020087176.1	0.109953	0.272884	0.402932
XP_020098694.1-XP_020098421.1	0.120969	0.277043	0.436643
XP_020098775.1-XP_020099084.1	0.0978356	0.250616	0.390381
XP_020098830.1-XP_020098420.1	0.134539	2.45123	0.0548862
XP_020098892.1-XP_020098894.1	0.381447	2.02953	0.187949
XP_020098894.1-XP_020098558.1	0.414838	1.36936	0.302943
XP_020098899.1-XP_020098884.1	0.232973	0.929042	0.250767
XP_020098948.1-XP_020098180.1	0.108898	0.135704	0.802464
XP_020098949.1-XP_020098467.1	0.0827453	0.242356	0.34142
XP_020098961.1-XP_020098962.1	0.123746	0.333452	0.371105
XP_020098976.1-XP_020099076.1	0.0970826	0.204679	0.474317
XP_020098988.1-XP_020098989.1	0.872525	0.983278	0.887364
XP_020098992.1-XP_020098501.1	0.276047	NA	NA
XP_020099038.1-XP_020099405.1	0.167397	2.23652	0.0748469
XP_020099119.1-XP_020098214.1	0.12927	0.344751	0.374965
XP_020099170.1-XP_020099216.1	0.600675	1.1785	0.509694
XP_020099212.1-XP_020098105.1	0.190037	0.256935	0.73963
XP_020099219.1-XP_020099203.1	0.0989752	0.278551	0.355322
XP_020099227.1-XP_020098994.1	0.279197	1.20988	0.230763
XP_020099254.1-XP_020099379.1	0.0375825	0.143386	0.262106
XP_020099287.1-XP_020098947.1	0.109814	0.322444	0.340566
XP_020099290.1-XP_020099299.1	0.084113	0.138211	0.608586
XP_020099302.1-XP_020098647.1	0.0481964	0.123883	0.389047
XP_020099330.1-XP_020099326.1	0.185052	1.49105	0.124108
XP_020099395.1-XP_020099227.1	0.307934	0.882658	0.348871
XP_020099411.1-XP_020099412.1	0.107147	0.298026	0.359522
XP_020099482.1-XP_020100339.1	0.0293595	0.0914537	0.321032
XP_020099522.1-XP_020099421.1	1.23345	NA	NA
XP_020099554.1-XP_020100600.1	0.0318484	0.0372927	0.854012
XP_020099600.1-XP_020101084.1	0.0212952	0.0269242	0.790934
XP_020099620.1-XP_020100886.1	0.0581347	0.130671	0.444894
XP_020099697.1-XP_020100266.1	0.0498359	0.133981	0.371964
XP_020099771.1-XP_020100265.1	0.304997	1.20268	0.253598
XP_020099777.1-XP_020089767.1	0.292797	3.40753	0.0859265
XP_020099807.1-XP_020100332.1	0.0365661	0.0598699	0.610759
XP_020099961.1-XP_020099965.1	0.177629	0.230143	0.771819
XP_020099965.1-XP_020099983.1	0.175599	0.250572	0.700791
XP_020100026.1-XP_020100023.1	0.39114	1.11523	0.350727
XP_020100076.1-XP_020100074.1	0.330232	NA	NA
XP_020100078.1-XP_020102632.1	0.354972	0.902088	0.393501
XP_020100095.1-XP_020100096.1	0.0429578	0.13781	0.311719
XP_020100096.1-XP_020100103.1	0.0945425	0.179653	0.526251
XP_020100269.1-XP_020100095.1	0.166291	0.386032	0.430769
XP_020100276.1-XP_020100277.1	0.0667898	0.115908	0.576231
XP_020100277.1-XP_020099774.1	0.0075269	0.0143287	0.525304
XP_020100310.1-XP_020100619.1	0.320709	0.529106	0.606134
XP_020100320.1-XP_020100943.1	0.145431	0.382914	0.3798
XP_020100321.1-XP_020100943.1	0.112926	0.270751	0.417085
XP_020100323.1-XP_020100324.1	0.122453	0.348886	0.350984
XP_020100339.1-XP_020099620.1	0.0517894	0.154434	0.33535
XP_020100405.1-XP_020100409.1	0.0198535	0.109979	0.18052
XP_020100419.1-XP_020100420.1	0.137849	0.329463	0.418406
XP_020100452.1-XP_020100454.1	0.0938867	0.307395	0.305427
XP_020100453.1-XP_020100452.1	0.0187933	0.0761575	0.246769
XP_020100455.1-XP_020100453.1	0.0397522	0.118258	0.336149
XP_020100456.1-XP_020100455.1	0.10001	0.359467	0.278216
XP_020100515.1-XP_020100607.1	0.126041	0.168047	0.750036
XP_020100563.1-XP_020100564.1	0.260758	0.381228	0.683995
XP_020100764.1-XP_020100763.1	0.066332	0.161398	0.410985
XP_020100773.1-XP_020100774.1	0.52828	0.997548	0.529578
XP_020100775.1-XP_020100415.1	0.524682	NA	NA
XP_020100781.1-XP_020100057.1	0.0924101	0.615395	0.150164
XP_020100831.1-XP_020100257.1	0.286752	0.791929	0.362094
XP_020100843.1-XP_020100849.1	0.207953	0.330323	0.629543
XP_020100886.1-XP_020100888.1	0.0320014	0.10098	0.316908
XP_020100943.1-XP_020100944.1	0.0755057	0.178364	0.423323
XP_020100944.1-XP_020100323.1	0.0905242	0.177778	0.509197
XP_020100967.1-XP_020100310.1	0.252334	0.454953	0.554637
XP_020101046.1-XP_020101047.1	0.00756944	0.145787	0.0519213
XP_020101115.1-XP_020101294.1	0.47797	2.03474	0.234904
XP_020101130.1-XP_020101866.1	0.366742	0.467519	0.784442
XP_020101204.1-XP_020101941.1	0.606454	0.716937	0.845896
XP_020101234.1-XP_020101338.1	0.0512269	0.0953398	0.537309
XP_020101244.1-XP_020101252.1	0.303705	2.92246	0.103921
XP_020101259.1-XP_020102174.1	0.200369	1.00667	0.199041
XP_020101269.1-XP_020101996.1	0.252641	0.386236	0.654111
XP_020101318.1-XP_020101165.1	0.315231	1.23808	0.254612
XP_020101338.1-XP_020101336.1	0.0559412	0.0949808	0.588974
XP_020101353.1-XP_020101181.1	0.303546	NA	NA
XP_020101434.1-XP_020101435.1	0.0114909	0.0328074	0.350254
XP_020101452.1-XP_020101960.1	0.205716	0.3846	0.534884
XP_020101453.1-XP_020101931.1	0.154145	0.528072	0.291901
XP_020101461.1-XP_020101499.1	0.084895	0.192657	0.440654
XP_020101497.1-XP_020101498.1	0.0977939	0.230653	0.423988
XP_020101499.1-XP_020101497.1	0.0928781	0.202809	0.457957
XP_020101615.1-XP_020089304.1	0.178846	1.15522	0.154815
XP_020101671.1-XP_020101332.1	0.119689	0.540781	0.221326
XP_020101846.1-XP_020102058.1	0.364383	NA	NA
XP_020101855.1-XP_020101998.1	0.168854	0.898507	0.187927
XP_020101865.1-XP_020101967.1	0.255781	1.69724	0.150704
XP_020101866.1-XP_020101373.1	0.170135	0.468347	0.363268
XP_020101947.1-XP_020084346.1	0.0608778	0.104668	0.58163
XP_020101950.1-XP_020101952.1	0.45531	3.07047	0.148287
XP_020101952.1-XP_020101949.1	0.470583	NA	NA
XP_020101959.1-XP_020112975.1	0.010878	0.0396346	0.274457
XP_020101960.1-XP_020102056.1	0.172897	0.573958	0.301236
XP_020101966.1-XP_020101452.1	0.241292	0.350578	0.688271
XP_020101968.1-XP_020101571.1	0.201178	1.02633	0.196017
XP_020101988.1-XP_020101862.1	0.621165	1.62003	0.383427
XP_020101996.1-XP_020102100.1	0.223113	0.355977	0.626763
XP_020102022.1-XP_020102080.1	0.0484424	0.15163	0.319477
XP_020102100.1-XP_020101966.1	0.208132	0.337532	0.61663
XP_020102118.1-XP_020101450.1	0.149696	0.344676	0.434309
XP_020102169.1-XP_020102225.1	0.262387	NA	NA
XP_020102207.1-XP_020102222.1	0.542831	2.02883	0.267559
XP_020102225.1-XP_020101698.1	0.359198	NA	NA
XP_020102264.1-XP_020101318.1	0.078377	0.173423	0.451942
XP_020102355.1-XP_020102411.1	0.276798	0.379325	0.729712
XP_020102384.1-XP_020102355.1	0.0969161	0.351841	0.275454
XP_020102411.1-XP_020102412.1	0.072526	0.122235	0.593334
XP_020102418.1-XP_020102473.1	0.10723	0.138926	0.771846
XP_020102450.1-XP_020102910.1	0.0300658	0.0317116	0.9481
XP_020102460.1-XP_020102383.1	0.0930541	0.331727	0.280514
XP_020102467.1-XP_020102468.1	0.164586	0.296279	0.555511
XP_020102474.1-XP_020102475.1	0.0372554	0.135121	0.275719
XP_020102507.1-XP_020103555.1	0.303526	0.878017	0.345696
XP_020102530.1-XP_020102528.1	0.430742	2.25834	0.190734
XP_020102538.1-XP_020102616.1	0.132905	0.366706	0.362429
XP_020102540.1-XP_020102538.1	0.0779543	0.0829686	0.939564
XP_020102543.1-XP_020102996.1	0.00446764	0.0092879	0.481018
XP_020102553.1-XP_020103095.1	0.137484	0.342514	0.401396
XP_020102588.1-XP_020102540.1	0.901258	1.96267	0.459201
XP_020102668.1-XP_020102656.1	0.707198	NA	NA
XP_020102679.1-XP_020102680.1	0.295292	0.519759	0.568134
XP_020102707.1-XP_020082836.1	0.155741	0.171189	0.909759
XP_020102765.1-XP_020102771.1	0.497207	1.21706	0.408531
XP_020102784.1-XP_020102783.1	NA	NA	NA
XP_020102982.1-XP_020102983.1	0.0697736	0.168163	0.414917
XP_020102983.1-XP_020102984.1	0.161119	0.507368	0.317558
XP_020102990.1-XP_020102764.1	0.575194	2.36311	0.243405
XP_020102998.1-XP_020103549.1	0.16615	0.353486	0.470033
XP_020103003.1-XP_020103004.1	0.32564	1.22358	0.266138
XP_020103051.1-XP_020103549.1	0.11655	0.177415	0.656933
XP_020103061.1-XP_020102466.1	0.123278	0.175714	0.701584
XP_020103078.1-XP_020103074.1	0.00928897	0.0190858	0.486696
XP_020103081.1-XP_020103078.1	0.0143149	0.0534428	0.267854
XP_020103083.1-XP_020102422.1	0.0264889	0.0613867	0.43151
XP_020103096.1-XP_020103094.1	0.0214493	0.0608402	0.352552
XP_020103135.1-XP_020103130.1	0.0160998	0.0366896	0.438812
XP_020103227.1-XP_020102553.1	0.0764121	0.126198	0.605493
XP_020103228.1-XP_020103230.1	0.00479655	0.0158277	0.303049
XP_020103230.1-XP_020102553.1	0.129771	0.225718	0.574925
XP_020103477.1-XP_020102944.1	0.0417925	0.126092	0.331445
XP_020103492.1-XP_020103497.1	0.00490277	0.0497149	0.0986178
XP_020103549.1-XP_020102456.1	0.162305	0.332764	0.487746
XP_020103555.1-XP_020102420.1	0.574012	2.68002	0.214182
XP_020103563.1-XP_020102995.1	0.167476	0.182379	0.918282
XP_020103571.1-XP_020103574.1	0.0554304	0.183156	0.302641
XP_020103575.1-XP_020103571.1	0.0439061	0.124908	0.351508
XP_020103578.1-XP_020102997.1	0.0437767	0.108518	0.403406
XP_020103590.1-XP_020102462.1	0.0181099	0.0403058	0.449312
XP_020103627.1-XP_020103628.1	NA	NA	NA
XP_020103799.1-XP_020084545.1	0.296692	0.956411	0.310214
XP_020103835.1-XP_020103834.1	0.0322398	0.0559807	0.57591
XP_020103855.1-XP_020104746.1	0.654118	1.20868	0.541183
XP_020103871.1-XP_020104368.1	0.434572	NA	NA
XP_020103874.1-XP_020104920.1	0.182249	0.582469	0.31289
XP_020103875.1-XP_020103874.1	0.461772	2.55056	0.181047
XP_020103891.1-XP_020104980.1	NA	0.0563421	-0
XP_020103905.1-XP_020104146.1	0.0509325	0.102667	0.496092
XP_020103923.1-XP_020104236.1	0.114081	0.126478	0.901981
XP_020103960.1-XP_020103962.1	0.202062	1.40323	0.143998
XP_020103968.1-XP_020105068.1	0.166937	0.888819	0.187819
XP_020103978.1-XP_020104084.1	0.143556	0.151055	0.950355
XP_020103998.1-XP_020104008.1	0.0613803	0.186374	0.329338
XP_020104002.1-XP_020104004.1	0.18553	0.666597	0.278325
XP_020104018.1-XP_020104217.1	0.191612	0.853357	0.22454
XP_020104053.1-XP_020104159.1	0.329675	0.838432	0.393204
XP_020104072.1-XP_020104073.1	0.493186	0.512159	0.962956
XP_020104076.1-XP_020096016.1	0.471317	1.25988	0.374097
XP_020104080.1-XP_020105161.1	0.507221	NA	NA
XP_020104091.1-XP_020105196.1	0.696629	0.614929	1.13286
XP_020104116.1-XP_020105123.1	0.506843	0.556053	0.911502
XP_020104146.1-XP_020103934.1	0.0350554	0.118754	0.295192
XP_020104161.1-XP_020104128.1	0.00291318	0.00939878	0.309953
XP_020104163.1-XP_020104162.1	0.193584	2.9126	0.0664642
XP_020104236.1-XP_020104732.1	0.122848	0.190841	0.643717
XP_020104310.1-XP_020104313.1	0.00691946	NA	NA
XP_020104313.1-XP_020104437.1	0.464053	1.35867	0.34155
XP_020104408.1-XP_020104411.1	0.151431	0.369554	0.409767
XP_020104554.1-XP_020104553.1	0.290097	NA	NA
XP_020104653.1-XP_020104655.1	0.0230701	0.100512	0.229526
XP_020104717.1-XP_020104380.1	0.0101192	0.0679831	0.148848
XP_020104718.1-XP_020104940.1	0.765878	1.47082	0.520716
XP_020104731.1-XP_020103923.1	0.273706	0.526591	0.519769
XP_020104739.1-XP_020104740.1	0.57039	1.08819	0.524165
XP_020104740.1-XP_020104741.1	0.0586349	0.107906	0.543387
XP_020104754.1-XP_020103825.1	0.220068	0.40237	0.546929
XP_020104762.1-XP_020104763.1	0.0791261	0.270384	0.292643
XP_020104781.1-XP_020105120.1	0.751528	0.864264	0.869558
XP_020104875.1-XP_020104254.1	0.803004	2.47488	0.324462
XP_020104910.1-XP_020104909.1	0.410638	NA	NA
XP_020104930.1-XP_020104871.1	0.121358	1.48674	0.0816269
XP_020104956.1-XP_020104080.1	0.410735	2.71564	0.151248
XP_020104984.1-XP_020104679.1	0.0461751	0.108952	0.423813
XP_020105017.1-XP_020103989.1	0.26132	NA	NA
XP_020105023.1-XP_020104212.1	0.303624	0.384809	0.789025
XP_020105161.1-XP_020104112.1	0.328606	0.722466	0.454839
XP_020105171.1-XP_020105170.1	0.0572744	1.10856	0.0516656
XP_020105243.1-XP_020103924.1	0.00455077	0.00333677	1.36382
XP_020105249.1-XP_020105220.1	0.10688	0.21381	0.499882
XP_020105269.1-XP_020105251.1	0.0102695	0.0442273	0.232199
XP_020105291.1-XP_020105941.1	0.126752	1.35863	0.0932942
XP_020105292.1-XP_020106254.1	0.160204	0.220973	0.724991
XP_020105307.1-XP_020105309.1	0.141673	0.275	0.515174
XP_020105337.1-XP_020106005.1	0.0636011	0.207508	0.306499
XP_020105365.1-XP_020105295.1	0.185834	0.537216	0.34592
XP_020105422.1-XP_020106018.1	0.0529372	0.106304	0.497978
XP_020105428.1-XP_020105250.1	0.0258841	0.0721924	0.358544
XP_020105476.1-XP_020106146.1	0.121879	0.277033	0.439945
XP_020105515.1-XP_020105749.1	0.0550709	0.17292	0.318477
XP_020105577.1-XP_020106159.1	0.0560733	0.143883	0.389715
XP_020105586.1-XP_020105337.1	0.16533	0.309665	0.533902
XP_020105604.1-XP_020106316.1	0.0657186	0.0966543	0.679935
XP_020105632.1-XP_020105633.1	0.0322877	0.1736	0.185989
XP_020105645.1-XP_020105579.1	0.894495	1.11354	0.803293
XP_020105748.1-XP_020105753.1	0.129646	0.643801	0.201376
XP_020105749.1-XP_020105748.1	0.0648903	0.243895	0.266058
XP_020105750.1-XP_020105752.1	0.0467177	0.194342	0.240389
XP_020105763.1-XP_020105485.1	0.365546	0.78734	0.464279
XP_020105798.1-XP_020105799.1	0.0589457	0.150972	0.390441
XP_020105799.1-XP_020105800.1	0.0504404	0.121572	0.414903
XP_020105801.1-XP_020105796.1	0.0351962	0.141044	0.249541
XP_020105803.1-XP_020105801.1	0.0571645	0.175197	0.326288
XP_020105928.1-XP_020106292.1	0.37307	0.568079	0.656721
XP_020105959.1-XP_020106238.1	0.0257381	0.0430288	0.59816
XP_020105978.1-XP_020105336.1	1.5367	2.22372	0.691049
XP_020106015.1-XP_020105761.1	NA	0.0127702	-0
XP_020106018.1-XP_020105483.1	0.0181703	0.0455044	0.39931
XP_020106020.1-XP_020105921.1	0.100971	0.875985	0.115266
XP_020106024.1-XP_020105394.1	0.359473	0.635995	0.565213
XP_020106055.1-XP_020106241.1	0.239885	0.683106	0.351168
XP_020106069.1-XP_020106067.1	0.0635109	0.1396	0.45495
XP_020106070.1-XP_020106069.1	0.105144	0.177184	0.593419
XP_020106083.1-XP_020105422.1	0.104009	0.181002	0.574627
XP_020106089.1-XP_020106098.1	0.0910967	0.225223	0.404473
XP_020106146.1-XP_020105449.1	0.326749	0.850115	0.384359
XP_020106198.1-XP_020105932.1	0.0181066	0.0570461	0.317403
XP_020106203.1-XP_020106110.1	0.394282	0.790261	0.498926
XP_020106212.1-XP_020106213.1	0.0472179	0.174196	0.271061
XP_020106213.1-XP_020105586.1	0.188382	0.40379	0.466534
XP_020106226.1-XP_020106236.1	0.123888	0.190319	0.650946
XP_020106228.1-XP_020106229.1	1.06746	1.72195	0.61991
XP_020106234.1-XP_020105494.1	0.0955394	0.152155	0.627907
XP_020106322.1-XP_020106180.1	0.0984172	0.121293	0.811403
XP_020106370.1-XP_020106372.1	0.51583	1.373	0.375695
XP_020106370.1-XP_020107326.1	0.195187	1.5371	0.126984
XP_020106423.1-XP_020107240.1	0.153725	0.441553	0.348146
XP_020106424.1-XP_020107451.1	0.858423	1.77885	0.482572
XP_020106429.1-XP_020107299.1	0.41057	0.718483	0.57144
XP_020106501.1-XP_020107395.1	0.179088	0.692301	0.258685
XP_020106559.1-XP_020106707.1	0.655717	0.763626	0.858689
XP_020106567.1-XP_020107380.1	0.128266	0.309725	0.414129
XP_020106592.1-XP_020107224.1	0.60575	1.3831	0.437965
XP_020106641.1-XP_020107203.1	0.295264	0.904957	0.326274
XP_020106681.1-XP_020106674.1	0.257916	NA	NA
XP_020106707.1-XP_020106504.1	0.47478	0.457803	1.03708
XP_020106813.1-XP_020106812.1	0.498762	NA	NA
XP_020106927.1-XP_020107281.1	0.0395198	0.0446528	0.885046
XP_020106935.1-XP_020106942.1	0.0330622	0.0777991	0.424969
XP_020106971.1-XP_020106981.1	0.108918	0.43912	0.248036
XP_020106986.1-XP_020106971.1	0.0703914	0.145266	0.484569
XP_020106988.1-XP_020106986.1	0.0674721	0.243584	0.276997
XP_020107004.1-XP_020107006.1	0.151349	0.684804	0.221011
XP_020107133.1-XP_020106392.1	0.792043	2.68026	0.29551
XP_020107141.1-XP_020106706.1	0.166692	1.19744	0.139207
XP_020107143.1-XP_020106486.1	0.0283734	0.0808309	0.351022
XP_020107146.1-XP_020107255.1	0.167845	0.649477	0.25843
XP_020107148.1-XP_020107584.1	0.00457936	0.0300213	0.152537
XP_020107193.1-XP_020107296.1	0.0548144	0.204864	0.267565
XP_020107242.1-XP_020107243.1	0.162465	0.169359	0.959295
XP_020107245.1-XP_020107246.1	0.00361014	0.0311726	0.115811
XP_020107254.1-XP_020107146.1	0.0220482	0.116564	0.189152
XP_020107255.1-XP_020107143.1	0.148574	1.00782	0.147421
XP_020107263.1-XP_020107189.1	0.547226	0.85285	0.641644
XP_020107266.1-XP_020107267.1	1.22022	NA	NA
XP_020107267.1-XP_020106543.1	0.221566	1.80943	0.122451
XP_020107277.1-XP_020107278.1	0.224619	0.661634	0.33949
XP_020107278.1-XP_020106385.1	0.338433	0.777466	0.435303
XP_020107279.1-XP_020106707.1	0.453274	0.601465	0.753617
XP_020107280.1-XP_020106928.1	0.023992	0.0200293	1.19784
XP_020107283.1-XP_020111732.1	0.217839	0.204797	1.06368
XP_020107301.1-XP_020106424.1	0.861965	2.0911	0.412205
XP_020107331.1-XP_020107332.1	0.490935	0.918033	0.534769
XP_020107380.1-XP_020107263.1	0.044715	0.100437	0.445205
XP_020107383.1-XP_020113202.1	0.377238	0.733577	0.514245
XP_020107444.1-XP_020083231.1	0.0932057	0.370098	0.251841
XP_020107492.1-XP_020107493.1	0.463142	1.38877	0.333491
XP_020107530.1-XP_020107396.1	0.337945	1.03023	0.328028
XP_020107531.1-XP_020107532.1	0.0478596	0.100468	0.476368
XP_020107617.1-XP_020106935.1	0.40058	NA	NA
XP_020107631.1-XP_020083158.1	0.0505598	0.123199	0.410392
XP_020107764.1-XP_020107821.1	0.458804	NA	NA
XP_020107825.1-XP_020107887.1	0.166158	1.37872	0.120516
XP_020107850.1-XP_020107851.1	0.338616	1.71105	0.1979
XP_020107851.1-XP_020107852.1	0.180245	0.561937	0.320757
XP_020107852.1-XP_020107854.1	0.150866	0.419829	0.359352
XP_020107854.1-XP_020107856.1	0.113012	0.454726	0.248527
XP_020107881.1-XP_020107882.1	0.363672	1.75991	0.206643
XP_020107882.1-XP_020107994.1	0.0619504	0.252088	0.245749
XP_020107887.1-XP_020108430.1	0.0664218	0.106664	0.622722
XP_020107911.1-XP_020107825.1	0.367372	5.48588	0.0669669
XP_020107990.1-XP_020083073.1	0.24833	0.504158	0.492564
XP_020108005.1-XP_020108007.1	0.00225038	0.0890791	0.0252627
XP_020108009.1-XP_020107911.1	0.288489	1.32779	0.217271
XP_020108063.1-XP_020108062.1	0.137192	1.32545	0.103506
XP_020108068.1-XP_020108070.1	0.0141815	0.0646031	0.219517
XP_020108111.1-XP_020108099.1	0.0801812	0.159739	0.501951
XP_020108236.1-XP_020108586.1	0.556951	NA	NA
XP_020108262.1-XP_020108019.1	0.00598275	0.00620998	0.963409
XP_020108473.1-XP_020108472.1	0.512211	2.01919	0.253672
XP_020108551.1-XP_020108543.1	0.470412	0.813848	0.57801
XP_020108570.1-XP_020108579.1	0.111705	0.234172	0.477021
XP_020108616.1-XP_020107742.1	0.180762	1.15855	0.156023
XP_020108641.1-XP_020104901.1	0.855487	NA	NA
XP_020108685.1-XP_020107944.1	0.0641119	0.17243	0.371815
XP_020108694.1-XP_020108488.1	0.599929	1.1292	0.531286
XP_020108820.1-XP_020108526.1	0.389216	0.741106	0.525182
XP_020108989.1-XP_020108990.1	0.0681	0.204842	0.332451
XP_020108992.1-XP_020109899.1	0.110313	0.280169	0.393735
XP_020109040.1-XP_020109339.1	0.485362	1.6747	0.28982
XP_020109048.1-XP_020109906.1	0.054796	0.132415	0.41382
XP_020109060.1-XP_020108979.1	NA	0.0119232	-0
XP_020109073.1-XP_020109171.1	0.06964	0.226059	0.308061
XP_020109099.1-XP_020109108.1	0.164883	0.50575	0.326016
XP_020109108.1-XP_020109109.1	0.268035	0.565695	0.473816
XP_020109168.1-XP_020085643.1	0.0875816	0.123427	0.709583
XP_020109171.1-XP_020109900.1	0.0896375	0.217808	0.411543
XP_020109175.1-XP_020109296.1	0.257916	0.357968	0.720502
XP_020109182.1-XP_020109195.1	0.331038	1.92511	0.171958
XP_020109191.1-XP_020109941.1	0.126261	0.210904	0.598665
XP_020109208.1-XP_020109510.1	0.059503	0.257687	0.230912
XP_020109242.1-XP_020109410.1	0.00436986	0.00431388	1.01298
XP_020109275.1-XP_020083312.1	0.446937	0.453672	0.985153
XP_020109324.1-XP_020109638.1	0.0947708	0.243044	0.389933
XP_020109348.1-XP_020109487.1	0.0772837	0.195176	0.39597
XP_020109670.1-XP_020109887.1	0.10052	0.13014	0.772404
XP_020109691.1-XP_020109685.1	0.00202734	0.0133566	0.151786
XP_020109714.1-XP_020109068.1	0.392242	NA	NA
XP_020109848.1-XP_020109735.1	0.449381	NA	NA
XP_020109887.1-XP_020109888.1	0.146064	0.109032	1.33964
XP_020109899.1-XP_020108989.1	0.0886698	0.144151	0.615116
XP_020109989.1-XP_020109988.1	0.0195539	0.250126	0.0781764
XP_020110042.1-XP_020110182.1	0.138873	0.376725	0.368633
XP_020110074.1-XP_020110109.1	0.0201852	0.0739425	0.272985
XP_020110083.1-XP_020111087.1	0.462345	0.614449	0.752456
XP_020110084.1-XP_020110422.1	0.508699	1.96471	0.258918
XP_020110090.1-XP_020110084.1	0.452127	1.07946	0.418846
XP_020110114.1-XP_020110039.1	0.0259801	0.109609	0.237026
XP_020110124.1-XP_020110123.1	0.190015	1.79572	0.105815
XP_020110182.1-XP_020111012.1	0.315249	1.09805	0.287098
XP_020110185.1-XP_020113597.1	0.0560782	0.278127	0.201628
XP_020110197.1-XP_020110185.1	0.0412778	0.23942	0.172407
XP_020110217.1-XP_020110273.1	0.0269668	0.0556934	0.484201
XP_020110229.1-XP_020110298.1	0.0284189	0.159221	0.178487
XP_020110246.1-XP_020110247.1	0.10296	0.0970039	1.06141
XP_020110273.1-XP_020110911.1	0.0913822	0.452881	0.20178
XP_020110295.1-XP_020110441.1	0.0735589	0.0709487	1.03679
XP_020110296.1-XP_020110460.1	0.0324659	0.0927838	0.349909
XP_020110325.1-XP_020110324.1	0.0861024	0.253188	0.340074
XP_020110391.1-XP_020112194.1	0.137718	0.530377	0.25966
XP_020110405.1-XP_020110217.1	0.10034	0.505243	0.198597
XP_020110553.1-XP_020110552.1	0.078388	0.153395	0.51102
XP_020110622.1-XP_020110623.1	0.298398	0.579964	0.51451
XP_020110623.1-XP_020110624.1	0.319174	0.621759	0.513341
XP_020110623.1-XP_020111039.1	0.126456	0.404545	0.312588
XP_020110646.1-XP_020110660.1	0.0723599	0.150347	0.481286
XP_020110677.1-XP_020110678.1	0.0542191	0.256042	0.211758
XP_020110736.1-XP_020110197.1	0.0204855	0.211192	0.0969997
XP_020110784.1-XP_020111060.1	0.387306	NA	NA
XP_020110814.1-XP_020083050.1	0.00658322	0.00771456	0.85335
XP_020110828.1-XP_020110365.1	0.115123	0.203808	0.564858
XP_020110863.1-XP_020110828.1	0.122334	0.342848	0.356817
XP_020110865.1-XP_020111040.1	0.166231	0.20426	0.813822
XP_020110939.1-XP_020082479.1	0.0816902	0.221573	0.368683
XP_020110947.1-XP_020110983.1	0.0976216	0.353076	0.276489
XP_020110972.1-XP_020111008.1	0.0908271	0.223746	0.405939
XP_020110976.1-XP_020111079.1	0.400018	1.29913	0.307913
XP_020111004.1-XP_020111006.1	0.114266	0.107781	1.06017
XP_020111050.1-XP_020111051.1	1.06761	NA	NA
XP_020111051.1-XP_020111052.1	0.130941	0.221334	0.591597
XP_020111059.1-XP_020111060.1	0.425162	1.80439	0.235627
XP_020111075.1-XP_020110090.1	0.0713224	0.0542847	1.31386
XP_020111084.1-XP_020110586.1	1.58854	2.68378	0.591904
XP_020111117.1-XP_020110425.1	0.206479	0.647369	0.318951
XP_020111124.1-XP_020110865.1	0.186653	0.338044	0.552156
XP_020111126.1-XP_020111124.1	0.185672	0.275683	0.673499
XP_020111345.1-XP_020111344.1	1.69562	2.6838	0.631796
XP_020111388.1-XP_020112183.1	0.0423049	0.0613429	0.689647
XP_020111433.1-XP_020112168.1	0.292241	0.543252	0.537947
XP_020111472.1-XP_020111473.1	0.194894	0.967802	0.201378
XP_020111490.1-XP_020111491.1	0.0411997	0.122287	0.33691
XP_020111568.1-XP_020109275.1	0.175555	0.264644	0.663361
XP_020111608.1-XP_020111596.1	0.510264	NA	NA
XP_020111612.1-XP_020111611.1	0.382492	3.78861	0.100959
XP_020111642.1-XP_020111352.1	0.233074	1.03812	0.224516
XP_020111651.1-XP_020111660.1	0.123688	0.704437	0.175584
XP_020111657.1-XP_020111312.1	0.0328742	0.0254252	1.29298
XP_020111660.1-XP_020111706.1	0.231467	1.49295	0.15504
XP_020111702.1-XP_020111787.1	0.44441	NA	NA
XP_020111706.1-XP_020114256.1	0.12979	0.340385	0.381302
XP_020111732.1-XP_020083262.1	0.168755	0.169679	0.994558
XP_020111748.1-XP_020112049.1	0.0290181	0.37891	0.0765831
XP_020111847.1-XP_020111354.1	0.37543	NA	NA
XP_020111869.1-XP_020111870.1	0.135469	0.162687	0.832701
XP_020111872.1-XP_020111869.1	0.10729	0.156773	0.684362
XP_020111902.1-XP_020083338.1	0.0808133	0.247427	0.326615
XP_020111904.1-XP_020111294.1	0.232823	0.6837	0.340534
XP_020112010.1-XP_020112013.1	0.0290972	0.174112	0.167117
XP_020112013.1-XP_020112019.1	0.123617	1.03785	0.119109
XP_020112052.1-XP_020111361.1	0.0659194	0.0823489	0.800489
XP_020112057.1-XP_020111349.1	0.114111	0.176195	0.647645
XP_020112060.1-XP_020112179.1	0.0244296	0.0323851	0.754347
XP_020112099.1-XP_020111343.1	0.810983	1.78162	0.455193
XP_020112118.1-XP_020112119.1	0.222646	1.1019	0.202057
XP_020112119.1-XP_020112120.1	0.0945339	0.399169	0.236827
XP_020112128.1-XP_020111999.1	0.185085	2.7901	0.0663362
XP_020112187.1-XP_020111457.1	0.052413	0.0722077	0.725865
XP_020112239.1-XP_020111750.1	0.0136163	0.115312	0.118082
XP_020112266.1-XP_020112247.1	0.0980246	0.0902707	1.0859
XP_020112436.1-XP_020112610.1	0.434304	1.02572	0.423412
XP_020112494.1-XP_020112506.1	0.0151672	0.0617503	0.245621
XP_020112520.1-XP_020113001.1	0.46297	2.579	0.179515
XP_020112521.1-XP_020112520.1	0.581788	1.40832	0.413109
XP_020112538.1-XP_020112535.1	0.715822	2.81509	0.254281
XP_020112590.1-XP_020112591.1	0.0930348	0.230346	0.403892
XP_020112598.1-XP_020112599.1	0.270867	0.284189	0.953122
XP_020112602.1-XP_020112605.1	0.262055	0.312227	0.839311
XP_020112606.1-XP_020112607.1	0.22726	0.555481	0.409123
XP_020112607.1-XP_020112493.1	0.200446	0.6504	0.308189
XP_020112615.1-XP_020101947.1	0.0956506	0.157013	0.609188
XP_020112618.1-XP_020113177.1	0.251296	0.34638	0.725494
XP_020112620.1-XP_020112621.1	0.285286	0.328322	0.86892
XP_020112630.1-XP_020112631.1	0.0743297	0.111115	0.668946
XP_020112632.1-XP_020112706.1	0.131648	0.147513	0.892453
XP_020112635.1-XP_020112636.1	0.0663611	0.190614	0.348144
XP_020112704.1-XP_020112705.1	0.292072	0.766829	0.380882
XP_020112705.1-XP_020112632.1	0.124144	0.103692	1.19724
XP_020112706.1-XP_020112710.1	0.0789157	0.136642	0.577538
XP_020112709.1-XP_020112633.1	0.168236	0.378873	0.444044
XP_020112710.1-XP_020112709.1	0.200919	0.300081	0.669548
XP_020112786.1-XP_020112793.1	0.0569391	0.311192	0.182971
XP_020112871.1-XP_020113333.1	0.534777	2.67281	0.20008
XP_020112885.1-XP_020083159.1	0.0755211	0.0975569	0.774124
XP_020112900.1-XP_020112903.1	0.184042	1.14762	0.160368
XP_020112903.1-XP_020112901.1	0.0545136	0.048566	1.12246
XP_020112958.1-XP_020112555.1	0.291132	0.503177	0.578587
XP_020112964.1-XP_020112635.1	0.669385	1.15962	0.577244
XP_020113001.1-XP_020112624.1	0.88765	NA	NA
XP_020113019.1-XP_020112451.1	0.336512	0.462991	0.726823
XP_020113138.1-XP_020113142.1	0.060292	0.0753591	0.800063
XP_020113193.1-XP_020113192.1	0.0761495	0.217563	0.350011
XP_020113218.1-XP_020113219.1	0.164934	0.228111	0.723044
XP_020113219.1-XP_020113345.1	0.159189	0.199492	0.797968
XP_020113234.1-XP_020112958.1	0.474491	0.974252	0.487031
XP_020113235.1-XP_020112519.1	0.293581	0.71252	0.412033
XP_020113266.1-XP_020083200.1	0.513363	1.29	0.397957
XP_020113270.1-XP_020113271.1	1.52161	NA	NA
XP_020113281.1-XP_020112608.1	0.0191335	0.0422472	0.452894
XP_020113345.1-XP_020113222.1	0.135935	0.17243	0.788351
XP_020113388.1-XP_020107554.1	0.0295256	0.0511234	0.577536
XP_020113407.1-XP_020113281.1	0.0535757	0.149677	0.357943
XP_020113441.1-XP_020112826.1	0.200002	2.04302	0.0978953
XP_020113442.1-XP_020083333.1	0.0781002	0.149288	0.523152
XP_020113466.1-XP_020113478.1	0.110108	0.238441	0.461785
XP_020113562.1-XP_020113586.1	0.412009	1.77584	0.232007
XP_020113575.1-XP_020113586.1	0.286852	0.985721	0.291007
XP_020113656.1-XP_020113604.1	0.492847	1.32778	0.37118
XP_020113700.1-XP_020113713.1	0.327338	0.422568	0.774639
XP_020113707.1-XP_020114331.1	0.0479096	0.122921	0.389758
XP_020113724.1-XP_020113738.1	0.244466	0.746713	0.327389
XP_020113738.1-XP_020113750.1	0.265824	0.760068	0.349738
XP_020113796.1-XP_020113805.1	0.127196	0.282771	0.449818
XP_020113859.1-XP_020113862.1	0.408036	2.75757	0.14797
XP_020113924.1-XP_020113921.1	0.211513	0.212545	0.995142
XP_020113941.1-XP_020113964.1	NA	0.133965	-0
XP_020113975.1-XP_020113978.1	0.0211187	0.225941	0.0934697
XP_020113982.1-XP_020113995.1	0.0579916	0.180695	0.320936
XP_020114056.1-XP_020110225.1	0.101351	0.181521	0.558343
XP_020114098.1-XP_020114102.1	0.179613	0.334833	0.536424
XP_020114102.1-XP_020114111.1	0.161425	0.353139	0.457113
XP_020114118.1-XP_020113582.1	0.213167	1.45931	0.146073
XP_020114164.1-XP_020114327.1	0.117759	0.243997	0.482625
XP_020114195.1-XP_020113573.1	0.289632	NA	NA
XP_020114222.1-XP_020114329.1	0.106171	0.232914	0.455839
XP_020114245.1-XP_020111668.1	0.228921	1.00061	0.228781
XP_020114297.1-XP_020114298.1	0.315978	1.42995	0.220971
XP_020114327.1-XP_020114328.1	0.0991078	0.155998	0.635313
XP_020114329.1-XP_020113707.1	0.094184	0.212288	0.443661
XP_020114331.1-XP_020114332.1	0.230183	0.771691	0.298283
XP_020114464.1-XP_020113715.1	0.185794	0.876076	0.212075
XP_020114477.1-XP_020114478.1	0.0903803	0.25809	0.350189
XP_020114478.1-XP_020114681.1	0.095278	0.21937	0.434325
XP_020114479.1-XP_020114676.1	0.277945	0.643655	0.431823
XP_020114493.1-XP_020114974.1	0.435313	0.906661	0.480127
XP_020114496.1-XP_020114497.1	0.164862	0.28404	0.58042
XP_020114497.1-XP_020114577.1	0.106339	0.174678	0.60877
XP_020114516.1-XP_020114517.1	0.0770359	0.189922	0.405619
XP_020114517.1-XP_020114704.1	0.0741761	0.190804	0.388756
XP_020114676.1-XP_020114481.1	0.0381901	0.0599661	0.636862
XP_020114681.1-XP_020114479.1	0.24539	0.682136	0.359738
XP_020114698.1-XP_020114700.1	0.0650145	0.0886814	0.733124
XP_020114721.1-XP_020114937.1	0.165319	0.334233	0.494621
XP_020114723.1-XP_020114725.1	0.0120696	0.0341745	0.353176
XP_020114751.1-XP_020114476.1	0.0393214	0.144453	0.27221
XP_020114756.1-XP_020113306.1	0.00794275	0.0213852	0.371414
XP_020114787.1-XP_020114887.1	0.446081	3.58961	0.12427
XP_020114829.1-XP_020114496.1	0.143262	0.340345	0.420931
XP_020114834.1-XP_020114829.1	0.0655308	0.167683	0.390803
XP_020114908.1-XP_020114732.1	0.0128085	0.0732516	0.174856
XP_020114962.1-XP_020114996.1	0.0388647	0.0683533	0.568585
XP_020114996.1-XP_020114922.1	0.117019	0.168925	0.69273
XP_020115030.1-XP_020115027.1	0.0836281	0.431188	0.193948
XP_020115055.1-XP_020079897.1	0.126113	0.264304	0.477153
XP_020115067.1-XP_020115050.1	0.262931	1.32826	0.197951
XP_020115138.1-XP_020079819.1	0.157087	0.894714	0.175573
XP_020115139.1-XP_020115140.1	0.39833	NA	NA
XP_020115140.1-XP_020115138.1	0.146783	0.726904	0.201928
XP_020115146.1-XP_020115040.1	0.454585	0.947077	0.479988
XP_020115147.1-XP_020115148.1	0.00547347	NA	NA
XP_020115162.1-XP_020115167.1	0.29987	0.947937	0.31634
XP_020115166.1-XP_020079984.1	0.295323	0.838266	0.352302
