Seq	Ka	Ks	Ka/Ks
13338-13676	0.399708	1.1636	0.34351
13478-13921	0.545668	1.4182	0.384761
13676-61311	0.446135	1.91671	0.232761
13888-27769	0.494613	1.38585	0.356903
14437-28179	0.232199	1.10895	0.209386
14573-14587	0.255739	NA	NA
15698-9882	0.14854	0.709795	0.209271
15759-63548	0.172735	0.648312	0.266438
16699-16800	0.0366487	0.162943	0.224917
16944-47964	0.676133	1.71797	0.393565
18441-18466	0.23083	0.573868	0.402235
18754-18832	0.0310602	0.0305544	1.01655
19551-19565	0.530811	1.699	0.312426
20424-26227	0.350716	1.70565	0.205621
21191-21188	0.619974	2.76243	0.224431
23074-14399	0.0235559	0.0731977	0.321812
24306-47867	0.313041	1.55232	0.201659
25284-25286	0.515195	0.934864	0.551091
25286-48543	0.439416	0.873994	0.502767
25465-18991	0.187206	0.599706	0.312162
26837-32065	0.231755	0.794197	0.291811
27353-22016	0.0231242	2.09098	0.011059
27738-32536	0.392767	1.06825	0.367673
27769-13338	0.476286	1.31238	0.362918
28638-47153	NA	NA	NA
29052-29053	0.320439	4.37611	0.0732247
29722-29725	0.315868	1.59116	0.198514
30276-43456	0.0355422	0.0312022	1.13909
31027-58332	0.135796	0.488172	0.278172
31027-58333	0.588413	0.822794	0.715141
31127-67798	0.00107329	NA	NA
31881-31882	0.0110331	0.0399642	0.276073
32845-46972	0.0263251	0.0622024	0.423217
33164-66044	0.618429	1.09216	0.566244
33330-42251	0.209961	0.493621	0.425347
33782-54113	1.06838	1.19121	0.896885
33873-33874	0.885312	1.90495	0.464742
34497-68220	0.444993	1.15675	0.384693
34541-68308	0.776482	1.4464	0.53684
34798-55395	0.663902	0.82598	0.803775
37001-53762	0.472429	1.13718	0.415439
37346-43252	0.290792	0.867039	0.335385
37789-57670	0.128391	0.626224	0.205024
38856-55124	0.586034	1.3167	0.445077
38857-55124	0.330298	0.743044	0.44452
38859-38860	0.358153	1.07919	0.331872
38859-55127	0.353786	0.706083	0.501055
39151-45886	0.555992	1.60637	0.346117
39407-58811	0.896558	1.58583	0.565355
39519-39520	0.391683	1.21015	0.323666
39702-59196	0.47277	1.04359	0.453022
39952-60664	0.311356	1.02855	0.302715
39973-60694	1.08348	1.72258	0.628988
40265-61106	0.521985	1.14449	0.456084
40648-65225	0.420266	1.49171	0.281735
41168-53113	0.0945902	0.587634	0.160968
41603-62873	0.31624	0.936484	0.337689
41604-62876	0.122078	0.513912	0.237546
41624-62901	0.493499	1.23278	0.400314
41833-63183	0.384626	1.53541	0.250504
42251-47610	0.623164	1.2265	0.508084
42290-53610	0.112331	0.355858	0.315662
42547-55865	0.0901968	0.362714	0.248672
42864-56274	0.873068	1.8319	0.476592
42905-56323	1.00581	1.15126	0.873659
43124-56599	0.319642	0.951692	0.335867
43152-43154	0.584846	1.31184	0.445822
43406-43407	0.279311	0.646178	0.432251
43407-56969	1.1408	1.37192	0.831537
43473-43474	0.316419	0.696349	0.454396
43553-30362	0.241666	1.22298	0.197604
43561-67143	0.535403	1.49473	0.358194
43568-57173	0.567834	1.05306	0.539221
43828-57518	0.889306	2.37831	0.373923
44045-57805	0.118392	0.183526	0.645099
44273-58092	0.673172	1.60654	0.419019
44307-58138	0.459737	0.88671	0.518475
44328-48735	0.445259	1.43752	0.309741
44335-44336	0.191932	0.346408	0.554063
44443-48787	0.264161	0.93193	0.283456
44686-44687	0.529693	1.93309	0.274014
44831-67947	0.357653	0.786629	0.454665
44844-59547	0.22764	0.686354	0.331665
44996-59762	0.980166	1.5443	0.634701
45048-54807	0.767913	1.24073	0.618919
45215-45216	0.435361	1.11963	0.388846
45501-60436	0.766947	1.70055	0.450999
45691-49432	0.263767	0.888641	0.29682
45718-45719	0.872265	1.13615	0.767739
46074-58942	0.221539	0.97804	0.226514
46127-52367	0.536331	1.29879	0.412947
46221-64649	0.00830404	0.0115468	0.719161
46541-65039	0.0013604	0.000609345	2.23256
46570-40400	0.630935	1.27279	0.495712
46572-65076	0.512554	1.26067	0.406572
46961-65542	0.370736	0.864105	0.429041
47003-62318	0.156224	0.619599	0.252138
47044-41238	0.241496	0.863002	0.279832
47337-53379	0.955979	NA	NA
47351-41776	0.683359	1.21792	0.561087
47405-47407	0.2602	0.89113	0.291989
47410-41876	0.550804	1.04008	0.52958
47541-63559	0.721924	1.54921	0.465995
47760-47761	0.557	1.27478	0.436938
47876-16693	0.376485	0.93622	0.402133
48206-56852	0.0302158	0.0345876	0.873601
48249-17705	0.672581	1.76319	0.381458
49162-54856	0.853557	1.27726	0.66827
49294-68300	0.978913	1.33977	0.730659
49383-38742	0.727185	1.05278	0.690728
52258-55731	0.491592	0.949715	0.51762
52307-58873	0.324353	1.50854	0.215011
53113-62316	0.0879874	0.370549	0.237451
53333-62958	0.296987	0.854707	0.347472
53568-53569	0.61127	1.61385	0.378764
53571-928	0.309532	1.38384	0.223675
53702-47745	0.27932	3.30205	0.08459
53879-66719	0.484285	1.10621	0.437786
53952-48052	0.126646	0.875071	0.144727
54031-66957	0.401393	1.57044	0.255593
54232-48409	0.0963288	0.474157	0.203158
54848-68136	0.352005	0.742098	0.474338
54878-49193	0.93154	1.44101	0.646448
55073-52061	0.283351	0.457067	0.619932
55074-11115	0.826837	0.860917	0.960415
55113-52074	0.186904	0.767214	0.243614
55357-55360	0.604279	1.12196	0.538593
55495-55496	0.355249	0.973413	0.364952
56022-56024	0.204525	0.622425	0.328594
56023-56024	0.0802881	0.201103	0.399238
56271-56272	0.199152	0.742424	0.268246
56274-66698	0.453567	0.964534	0.470244
56345-47975	0.0891787	0.499707	0.178462
56558-43090	0.465827	1.29618	0.359385
56599-66852	0.248854	0.774477	0.321319
56609-56610	0.318603	0.774932	0.411137
56652-56653	0.479895	1.10229	0.435363
56744-56745	0.485883	1.34528	0.361176
56946-56948	0.719443	1.07527	0.669084
57039-57040	0.173573	0.491835	0.352908
57040-43468	0.250458	0.671817	0.372807
57113-43523	0.0502669	0.0955937	0.525839
57137-54166	0.91725	1.61562	0.567737
57157-57158	0.29016	0.948907	0.305784
57158-57159	0.530013	1.54721	0.342561
57158-57160	1.52606	2.06982	0.737291
57173-43570	0.391605	0.848695	0.46142
57219-57220	0.260808	0.991134	0.263141
57238-43619	0.195358	0.366085	0.533641
57251-57252	0.0441102	0.0797019	0.553439
57550-67345	0.217345	0.586757	0.370417
57645-48534	0.401329	1.00074	0.401033
57715-57716	0.271697	0.961604	0.282546
57736-48573	0.596455	1.55622	0.383271
57989-44199	0.163078	0.585642	0.278459
58138-58139	0.396493	0.547948	0.723596
58178-58179	0.023881	0.139483	0.171211
58179-58181	0.0198436	0.0597753	0.33197
58292-58294	0.13687	0.457128	0.299412
58313-58315	0.811227	0.885883	0.915727
58491-58492	0.346741	1.22567	0.2829
58562-67822	0.314721	1.50849	0.208633
58627-44686	0.080625	0.276932	0.291137
58732-58734	0.305861	0.517915	0.590562
58733-58736	0.0320987	NA	NA
58791-58792	0.223428	0.479639	0.465827
58873-58874	0.420232	1.54811	0.271448
58874-39457	0.53084	1.26529	0.41954
58941-39512	0.186003	0.799017	0.23279
59094-59095	0.307069	0.461503	0.665367
59434-59435	0.15665	0.639165	0.245085
59652-34374	0.248685	0.994711	0.250007
59749-59750	0.353564	1.08426	0.326089
59759-68042	0.758878	1.25838	0.603058
59803-59804	1.55266	1.50332	1.03282
59804-59806	0.656506	2.47018	0.265773
59949-59950	0.226452	0.66186	0.342145
59950-59951	0.838308	1.41463	0.592599
59951-59952	0.751898	1.36413	0.551192
59959-59960	0.0618518	0.0195879	3.15765
59962-59963	0.68562	1.46084	0.469332
59963-59964	0.717797	1.77451	0.404504
59964-59965	0.743744	1.05936	0.702073
60006-60007	0.459331	0.848616	0.541271
60056-68186	0.00957908	0.0807124	0.118682
60159-45290	0.352905	0.805797	0.437958
60188-54913	0.0100135	0.0324728	0.308365
60299-68296	0.0602103	0.154042	0.390869
60316-34541	0.451216	0.689592	0.654322
60425-60426	0.565343	1.37878	0.41003
60605-60606	0.0347738	0.0517031	0.672567
60715-39992	0.398759	0.923823	0.43164
60959-60961	NA	NA	NA
61241-1836	0.401202	0.923953	0.434224
61281-61282	0.421275	1.58345	0.266049
61305-61306	0.141755	0.463751	0.30567
61420-40506	0.178234	0.322638	0.552427
61857-61858	0.376099	0.746217	0.504007
61858-40831	0.082478	0.0956231	0.862532
61877-61879	0.938917	1.19	0.789008
61892-40855	0.956084	NA	NA
61966-46842	0.493109	0.853566	0.577705
62378-62379	0.521151	1.22303	0.426117
62379-41217	0.489523	1.06377	0.460178
62392-62393	0.200661	0.521112	0.385062
62421-32899	0.506144	1.15975	0.436425
62451-41270	0.719499	1.21217	0.593564
62452-41270	1.25435	3.80994	0.329231
62533-62534	0.15936	0.33108	0.481333
62779-62781	0.163471	0.105173	1.55431
62796-62797	0.641196	0.845377	0.758473
62797-41546	0.342975	0.979811	0.350042
62842-41577	0.0235993	0.0556295	0.424223
62876-41605	0.122078	0.513912	0.237546
62901-62902	0.93766	1.52389	0.615307
62945-62946	0.76253	1.39611	0.546181
62958-53334	0.223081	0.753053	0.296235
62982-47296	0.740211	1.54169	0.48013
63181-41833	0.517272	1.93109	0.267866
63418-63419	0.563197	1.40981	0.399484
63442-63444	0.280441	0.745888	0.375983
63559-63560	1.29597	1.30721	0.991399
63635-63636	0.378872	1.0383	0.364896
63834-63836	0.251776	0.419585	0.60006
63835-63836	0.545385	0.869301	0.627384
63942-63944	0.00607807	NA	NA
63946-66409	0.120854	0.239089	0.505476
64012-64013	0.372771	0.72403	0.514855
64014-66439	1.12761	1.84894	0.60987
64171-64172	1.29093	1.18651	1.088
64618-64619	0.216426	0.726819	0.297771
64969-61074	0.781636	1.01676	0.768755
65359-65360	0.161821	0.755895	0.214079
65414-65415	0.162848	0.713378	0.228277
65965-47333	0.563551	1.51802	0.37124
66044-41852	0.120447	0.701688	0.171653
66059-2833	0.172839	0.637628	0.271065
66126-63382	0.655302	1.20492	0.543856
66304-33340	0.576336	1.48853	0.387184
66316-42290	0.489446	1.1198	0.437084
66435-63999	0.048853	0.23645	0.20661
66711-66712	0.384059	0.900452	0.426519
67360-43870	0.497087	1.09388	0.454424
67393-57652	0.253145	1.93258	0.130988
67572-67574	NA	0.0024797	-0
67657-67658	0.895949	1.2578	0.712315
67807-58535	0.379609	1.45684	0.260571
67926-31311	2.07651	1.54338	1.34543
67946-44829	0.483927	1.33886	0.361447
67946-59526	0.751905	1.02449	0.733928
68042-44996	0.503923	1.21987	0.413097
68092-68093	0.575495	1.33751	0.430272
68118-54832	0.496841	1.57993	0.314471
68187-54877	0.828519	2.87134	0.288548
68308-60320	1.25449	1.5545	0.807006
68323-60359	0.186375	0.276495	0.674062
9882-15848	0.0961718	0.859411	0.111904
