Seq	Ka	Ks	Ka/Ks
XP_005842636.1-XP_005842637.1	0.125357	0.272276	0.460405
XP_005842702.1-XP_005842703.1	0.0296581	0.119191	0.248828
XP_005842786.1-XP_005842787.1	0.0580501	0.194277	0.298801
XP_005842787.1-XP_005842788.1	0.0241141	0.0913788	0.263891
XP_005842791.1-XP_005842790.1	0.238383	0.290454	0.820726
XP_005842857.1-XP_005842858.1	0.863953	1.00222	0.86204
XP_005842858.1-XP_005842859.1	0.923668	0.989332	0.933628
XP_005842862.1-XP_005842845.1	0.763126	0.646746	1.17995
XP_005842867.1-XP_005842868.1	0.296918	0.458601	0.647441
XP_005842871.1-XP_005842872.1	0.991736	0.697094	1.42267
XP_005842883.1-XP_005842867.1	1.26821	0.76569	1.65629
XP_005842885.1-XP_005842873.1	0.0910201	0.223474	0.407296
XP_005842891.1-XP_005852317.1	0.171098	0.419972	0.407403
XP_005842905.1-XP_005842906.1	0.262587	0.475181	0.552603
XP_005842914.1-XP_005842915.1	0.399308	1.164	0.343049
XP_005842973.1-XP_005842974.1	0.255855	0.286211	0.893939
XP_005842979.1-XP_005842980.1	0.0787683	0.176965	0.445107
XP_005842984.1-XP_005843014.1	0.503385	0.618499	0.813882
XP_005843014.1-XP_005843015.1	0.0387868	0.150812	0.257186
XP_005843054.1-XP_005843056.1	0.27065	0.300009	0.902142
XP_005843056.1-XP_005843058.1	0.569537	0.706564	0.806066
XP_005843058.1-XP_005843060.1	0.338205	0.424388	0.796926
XP_005843085.1-XP_005843086.1	0.292986	0.383376	0.764226
XP_005843129.1-XP_005843130.1	0.0502823	0.0789828	0.636624
XP_005843130.1-XP_005843132.1	0.132654	0.176263	0.752588
XP_005843147.1-XP_005843148.1	0.19392	0.632205	0.306737
XP_005843148.1-XP_005843149.1	0.232802	0.627867	0.370782
XP_005843172.1-XP_005843173.1	0.112285	0.360348	0.3116
XP_005843173.1-XP_005843174.1	0.0299669	0.0971051	0.308603
XP_005843195.1-XP_005843162.1	0.771874	1.07523	0.717866
XP_005843261.1-XP_005843262.1	0.103126	0.245545	0.419988
XP_005843398.1-XP_005843399.1	0.374797	0.573869	0.653105
XP_005843429.1-XP_005843430.1	0.345289	0.561301	0.615159
XP_005843435.1-XP_005843461.1	0.265699	0.42411	0.626486
XP_005843437.1-XP_005843464.1	0.491526	0.708036	0.69421
XP_005843462.1-XP_005843437.1	0.401347	0.573477	0.699849
XP_005843469.1-XP_005843470.1	0.104004	0.104745	0.992932
XP_005843476.1-XP_005843477.1	0.156113	0.37029	0.421597
XP_005843488.1-XP_005843489.1	0.0751345	0.0960047	0.782613
XP_005843526.1-XP_005843505.1	0.120413	0.232526	0.517847
XP_005843540.1-XP_005843541.1	0.018004	0.0271937	0.662066
XP_005843594.1-XP_005843595.1	0.00615653	NA	NA
XP_005843649.1-XP_005843650.1	0.310566	0.567912	0.546855
XP_005843669.1-XP_005843670.1	0.197987	0.352915	0.561005
XP_005843686.1-XP_005843687.1	0.306755	0.693296	0.44246
XP_005843728.1-XP_005843668.1	0.600199	0.915974	0.655258
XP_005843759.1-XP_005843809.1	0.486243	0.914522	0.531691
XP_005843776.1-XP_005843777.1	0.308149	0.4689	0.657173
XP_005843776.1-XP_005843778.1	1.76225	1.07326	1.64195
XP_005843782.1-XP_005843783.1	0.743713	0.917152	0.810894
XP_005843802.1-XP_005843804.1	0.0145478	0.0134034	1.08538
XP_005843831.1-XP_005843832.1	0.873805	1.2436	0.702641
XP_005843875.1-XP_005843877.1	0.532386	NA	NA
XP_005843877.1-XP_005843878.1	0.542871	NA	NA
XP_005843879.1-XP_005843880.1	0.365175	2.91103	0.125445
XP_005843980.1-XP_005843981.1	0.565048	0.896321	0.630408
XP_005844043.1-XP_005844044.1	1.38986	0.752664	1.84658
XP_005844048.1-XP_005844049.1	0.36289	0.380471	0.953791
XP_005844056.1-XP_005844057.1	0.793048	0.834452	0.950382
XP_005844085.1-XP_005844086.1	0.076551	0.116099	0.659358
XP_005844092.1-XP_005844093.1	0.799629	1.67081	0.478588
XP_005844093.1-XP_005844000.1	0.934612	1.37702	0.67872
XP_005844094.1-XP_005844001.1	0.00262949	0.00788251	0.333585
XP_005844100.1-XP_005844101.1	0.442098	0.784676	0.563415
XP_005844144.1-XP_005844145.1	0.127967	0.194801	0.656911
XP_005844145.1-XP_005844146.1	0.0263408	0.0228769	1.15142
XP_005844146.1-XP_005844147.1	0.0402595	0.0347298	1.15922
XP_005844227.1-XP_005844228.1	1.09662	0.995769	1.10128
XP_005844281.1-XP_005844197.1	1.44302	1.7826	0.809502
XP_005844338.1-XP_005844339.1	NA	NA	NA
XP_005844339.1-XP_005844340.1	0.00788376	0.0126888	0.621317
XP_005844365.1-XP_005844366.1	1.51708	1.26944	1.19508
XP_005844412.1-XP_005844413.1	0.322822	0.654306	0.493381
XP_005844413.1-XP_005844328.1	0.27881	0.603992	0.461612
XP_005844429.1-XP_005844430.1	0.241754	0.64216	0.37647
XP_005844430.1-XP_005844431.1	0.0610793	0.079316	0.770076
XP_005844438.1-XP_005844358.1	0.0561302	0.136165	0.412223
XP_005844469.1-XP_005844470.1	0.45601	0.709457	0.64276
XP_005844470.1-XP_005844471.1	0.422716	0.851013	0.496721
XP_005844471.1-XP_005844472.1	1.01904	1.27345	0.800216
XP_005844471.1-XP_005844473.1	0.854773	1.19322	0.716359
XP_005844472.1-XP_005844474.1	1.22452	1.30601	0.937602
XP_005844502.1-XP_005844503.1	0.606562	0.625205	0.970181
XP_005844556.1-XP_005844557.1	0.0334681	0.0465664	0.718718
XP_005844573.1-XP_005844575.1	0.568875	0.945512	0.601658
XP_005844621.1-XP_005844623.1	0.435232	1.20956	0.359826
XP_005844622.1-XP_005844623.1	0.283483	0.644789	0.439652
XP_005844631.1-XP_005844632.1	0.117898	0.479159	0.246053
XP_005844656.1-XP_005844657.1	0.639379	0.598906	1.06758
XP_005844704.1-XP_005844705.1	0.143154	0.362632	0.394764
XP_005844757.1-XP_005844677.1	0.0836486	0.108258	0.772675
XP_005844789.1-XP_005844713.1	0.683808	0.571509	1.1965
XP_005844791.1-XP_005844792.1	0.524692	0.678706	0.773077
XP_005844850.1-XP_005844959.1	0.432214	0.692542	0.624098
XP_005844870.1-XP_005844871.1	0.882057	1.44892	0.60877
XP_005845041.1-XP_005845042.1	0.433108	1.16736	0.371013
XP_005845050.1-XP_005845051.1	0.377244	0.619064	0.609378
XP_005845051.1-XP_005845052.1	0.945058	1.1752	0.804169
XP_005845052.1-XP_005845053.1	0.54373	0.949544	0.572622
XP_005845122.1-XP_005845238.1	0.634062	0.885887	0.715736
XP_005845125.1-XP_005845126.1	0.478844	0.830597	0.576506
XP_005845129.1-XP_005845130.1	0.435876	0.74482	0.585209
XP_005845204.1-XP_005845205.1	0.333331	0.344689	0.967049
XP_005845246.1-XP_005845247.1	0.102297	0.279525	0.365966
XP_005845284.1-XP_005845415.1	0.456487	0.402665	1.13367
XP_005845332.1-XP_005845333.1	0.580945	0.812092	0.715368
XP_005845421.1-XP_005845422.1	0.961286	1.05447	0.911626
XP_005845437.1-XP_005845438.1	0.374573	0.532381	0.70358
XP_005845437.1-XP_005845439.1	0.482669	1.11362	0.433425
XP_005845440.1-XP_005845441.1	0.596475	1.04247	0.572175
XP_005845441.1-XP_005845442.1	0.616303	1.14672	0.537451
XP_005845444.1-XP_005845446.1	0.415202	1.18208	0.351246
XP_005845446.1-XP_005845447.1	0.608818	0.955099	0.637439
XP_005845467.1-XP_005845468.1	0.517247	0.57723	0.896085
XP_005845494.1-XP_005845496.1	0.394499	0.804122	0.490595
XP_005845542.1-XP_005845543.1	0.15139	0.16493	0.917905
XP_005845544.1-XP_005845545.1	0.756024	0.986119	0.766666
XP_005845545.1-XP_005845547.1	1.03115	1.13992	0.904576
XP_005845587.1-XP_005845588.1	0.0237202	0.0424005	0.559433
XP_005845625.1-XP_005845626.1	0.273262	0.608599	0.449002
XP_005845634.1-XP_005845527.1	0.364876	0.673336	0.541893
XP_005845644.1-XP_005845535.1	0.017835	0.068947	0.258677
XP_005845710.1-XP_005845612.1	0.322322	0.508327	0.634084
XP_005845750.1-XP_005845859.1	0.864022	0.648802	1.33172
XP_005845781.1-XP_005845782.1	0.641235	0.956223	0.670592
XP_005845813.1-XP_005845814.1	0.0475121	0.16451	0.28881
XP_005845832.1-XP_005845833.1	0.340361	1.4413	0.236148
XP_005845842.1-XP_005845735.1	0.749646	0.886751	0.845386
XP_005845928.1-XP_005845929.1	0.135553	0.392884	0.345021
XP_005845945.1-XP_005845947.1	0.216381	0.309384	0.699393
XP_005845946.1-XP_005845947.1	0.320649	0.359161	0.892774
XP_005845947.1-XP_005845948.1	0.243767	0.25721	0.947733
XP_005845963.1-XP_005845965.1	0.186641	0.280293	0.665879
XP_005845964.1-XP_005845965.1	0.377836	0.590715	0.639625
XP_005845995.1-XP_005845997.1	0.153252	0.311116	0.492587
XP_005846001.1-XP_005846003.1	0.231822	0.71123	0.325946
XP_005846003.1-XP_005846004.1	0.0839217	0.206033	0.407322
XP_005846004.1-XP_005846005.1	0.266119	0.658417	0.404179
XP_005846061.1-XP_005846062.1	0.366311	0.537804	0.681122
XP_005846085.1-XP_005846086.1	0.29409	0.611126	0.481226
XP_005846100.1-XP_005846101.1	0.248752	0.430243	0.578165
XP_005846136.1-XP_005846138.1	0.669601	0.468272	1.42994
XP_005846185.1-XP_005846186.1	0.418921	1.0262	0.408226
XP_005846238.1-XP_005846239.1	0.438043	0.705092	0.621257
XP_005846239.1-XP_005846415.1	0.418672	0.624847	0.670039
XP_005846242.1-XP_005846418.1	0.38573	0.54173	0.712035
XP_005846356.1-XP_005846357.1	0.117806	0.234768	0.501797
XP_005846418.1-XP_005846243.1	0.0646511	0.0321448	2.01124
XP_005846466.1-XP_005846467.1	0.958953	1.58769	0.603992
XP_005846502.1-XP_005846503.1	0.658612	1.21173	0.543531
XP_005846567.1-XP_005846568.1	0.490704	0.718211	0.683231
XP_005846609.1-XP_005846610.1	1.00172	1.02957	0.972945
XP_005846682.1-XP_005846683.1	0.480862	0.596249	0.806478
XP_005846683.1-XP_005846823.1	0.201461	0.309094	0.65178
XP_005846684.1-XP_005846685.1	0.722544	0.750659	0.962546
XP_005846693.1-XP_005846831.1	0.623582	1.047	0.595592
XP_005846710.1-XP_005846570.1	0.368021	0.490169	0.750804
XP_005846712.1-XP_005846713.1	0.241201	0.392509	0.614512
XP_005846714.1-XP_005846715.1	0.00767451	0.0363024	0.211405
XP_005846727.1-XP_005846728.1	0.204854	0.61303	0.334167
XP_005846756.1-XP_005846757.1	0.899211	1.27549	0.704992
XP_005846779.1-XP_005846780.1	0.568766	0.589366	0.965047
XP_005846805.1-XP_005846663.1	0.0691569	0.0618253	1.11859
XP_005846818.1-XP_005846819.1	0.219038	0.586987	0.373156
XP_005847111.1-XP_005847112.1	0.239837	0.399394	0.600502
XP_005847458.1-XP_005847459.1	1.52104	1.23698	1.22964
XP_005847458.1-XP_005847460.1	1.15502	0.93867	1.23048
XP_005847498.1-XP_005847499.1	0.414607	0.65679	0.631262
XP_005847535.1-XP_005847536.1	0.383741	0.495275	0.774803
XP_005847561.1-XP_005847562.1	1.49232	1.28724	1.15932
XP_005847587.1-XP_005847588.1	0.779755	0.989623	0.787931
XP_005847592.1-XP_005847593.1	0.565477	0.70377	0.803496
XP_005847593.1-XP_005847594.1	0.0440181	0.202415	0.217465
XP_005847694.1-XP_005847696.1	0.0928055	0.134821	0.68836
XP_005847695.1-XP_005847697.1	NA	0.0100159	-0
XP_005847712.1-XP_005847544.1	0.322263	0.540946	0.595741
XP_005847758.1-XP_005847759.1	0.341977	0.702739	0.486635
XP_005847806.1-XP_005847808.1	0.201724	0.491717	0.410245
XP_005847807.1-XP_005847808.1	0.247122	0.450212	0.548901
XP_005847938.1-XP_005847939.1	0.962675	1.34181	0.717446
XP_005847972.1-XP_005847973.1	1.0967	0.894735	1.22572
XP_005847985.1-XP_005847986.1	0.960661	1.23247	0.77946
XP_005847985.1-XP_005847987.1	0.277075	0.894921	0.309609
XP_005847988.1-XP_005847989.1	0.0841303	0.141584	0.594208
XP_005848012.1-XP_005848179.1	0.485396	0.90311	0.537472
XP_005848023.1-XP_005848024.1	0.577361	0.60931	0.947566
XP_005848127.1-XP_005848128.1	0.29123	0.626812	0.46462
XP_005848136.1-XP_005848137.1	0.795259	0.706546	1.12556
XP_005848143.1-XP_005848144.1	0.598439	0.811736	0.737234
XP_005848145.1-XP_005848146.1	0.283199	0.555008	0.51026
XP_005848161.1-XP_005848162.1	0.761917	0.720552	1.05741
XP_005848162.1-XP_005848163.1	0.0877676	0.144199	0.608657
XP_005848211.1-XP_005848213.1	0.0150587	0.0346746	0.434285
XP_005848222.1-XP_005848224.1	0.510155	0.622885	0.819019
XP_005848224.1-XP_005848225.1	0.414798	0.476776	0.870006
XP_005848239.1-XP_005848240.1	NA	NA	NA
XP_005848252.1-XP_005848253.1	0.0351635	0.0546214	0.643768
XP_005848300.1-XP_005848301.1	0.691612	0.677518	1.0208
XP_005848347.1-XP_005848532.1	0.474853	0.969565	0.489759
XP_005848370.1-XP_005848372.1	0.79824	1.06692	0.748174
XP_005848432.1-XP_005848433.1	0.00287336	NA	NA
XP_005848442.1-XP_005848246.1	NA	NA	NA
XP_005848445.1-XP_005848249.1	0.590523	0.540689	1.09217
XP_005848546.1-XP_005848354.1	0.022898	0.0343884	0.665864
XP_005848597.1-XP_005848599.1	0.190432	0.36362	0.523712
XP_005848598.1-XP_005848599.1	0.0758787	0.200697	0.378075
XP_005848605.1-XP_005848606.1	0.112008	0.273961	0.408848
XP_005848605.1-XP_005848607.1	0.104187	0.250246	0.416339
XP_005848624.1-XP_005848826.1	0.00682217	0.00898192	0.759544
XP_005848624.1-XP_005848827.1	1.05943	1.24951	0.847879
XP_005848668.1-XP_005848669.1	0.914698	1.24531	0.734511
XP_005848669.1-XP_005848670.1	0.499439	1.06616	0.468445
XP_005848675.1-XP_005848676.1	0.418788	0.914768	0.457807
XP_005848680.1-XP_005848887.1	0.00575417	0.0109111	0.527369
XP_005848697.1-XP_005848698.1	0.346468	0.403543	0.858565
XP_005848741.1-XP_005848948.1	0.466834	0.783132	0.596111
XP_005848769.1-XP_005848770.1	0.0469916	0.152265	0.308617
XP_005848781.1-XP_005848782.1	0.192532	0.433624	0.444005
XP_005848805.1-XP_005848806.1	0.0917503	0.167707	0.547086
XP_005848847.1-XP_005848642.1	0.748098	0.74457	1.00474
XP_005848877.1-XP_005848878.1	0.117191	0.28114	0.416842
XP_005848877.1-XP_005848879.1	0.357174	0.656446	0.544103
XP_005848927.1-XP_005848928.1	0.237597	0.521373	0.455713
XP_005848928.1-XP_005848929.1	0.40844	0.741206	0.551048
XP_005848935.1-XP_005848936.1	0.904054	0.987477	0.915519
XP_005848941.1-XP_005848734.1	0.367042	0.479426	0.765586
XP_005848970.1-XP_005848972.1	0.336167	0.873579	0.384816
XP_005848971.1-XP_005848972.1	0.468431	0.944291	0.496066
XP_005849004.1-XP_005849005.1	0.280965	0.61551	0.456475
XP_005849024.1-XP_005849025.1	0.497046	0.636141	0.781346
XP_005849025.1-XP_005849026.1	0.560951	0.756604	0.741406
XP_005849026.1-XP_005849027.1	0.336845	0.590686	0.570261
XP_005849105.1-XP_005849106.1	0.189644	0.346949	0.546604
XP_005849133.1-XP_005849134.1	NA	NA	NA
XP_005849143.1-XP_005849144.1	0.261487	0.369338	0.707988
XP_005849165.1-XP_005849166.1	0.233672	0.288587	0.809711
XP_005849241.1-XP_005849243.1	0.27656	0.503892	0.548847
XP_005849242.1-XP_005849243.1	0.217569	0.351702	0.618617
XP_005849289.1-XP_005849291.1	0.0717021	0.113686	0.630703
XP_005849290.1-XP_005849291.1	0.0254555	0.020007	1.27233
XP_005849291.1-XP_005849292.1	0.00221265	0.00237081	0.933285
XP_005849312.1-XP_005849313.1	0.214471	0.462979	0.463242
XP_005849313.1-XP_005849314.1	0.295666	0.695818	0.424918
XP_005849347.1-XP_005849348.1	0.565388	0.711813	0.794293
XP_005849350.1-XP_005849351.1	0.326397	0.619078	0.527231
XP_005849380.1-XP_005849184.1	0.280839	0.519971	0.540105
XP_005849416.1-XP_005849418.1	0.032936	0.0574373	0.573426
XP_005849419.1-XP_005849420.1	0.33901	0.6224	0.544682
XP_005849420.1-XP_005849421.1	0.219282	0.462893	0.473721
XP_005849436.1-XP_005849226.1	0.168553	0.317622	0.530671
XP_005849438.1-XP_005849439.1	0.0921578	0.179081	0.514615
XP_005849558.1-XP_005849559.1	0.56814	1.08964	0.521403
XP_005849559.1-XP_005849560.1	0.359716	0.952316	0.377728
XP_005849701.1-XP_005849952.1	0.322334	0.51541	0.625394
XP_005849742.1-XP_005849474.1	0.588953	0.600328	0.981052
XP_005849752.1-XP_005849483.1	0.0604224	0.188914	0.31984
XP_005849777.1-XP_005849509.1	0.810739	0.78902	1.02753
XP_005849779.1-XP_005849780.1	0.0279908	0.0138985	2.01395
XP_005849786.1-XP_005849787.1	0.409346	0.539266	0.75908
XP_005849801.1-XP_005849536.1	0.874745	1.31177	0.666842
XP_005849863.1-XP_005849603.1	1.09951	1.31554	0.835788
XP_005849951.1-XP_005849701.1	0.789131	0.828281	0.952734
XP_005849981.1-XP_005850238.1	0.38046	0.598732	0.635443
XP_005850005.1-XP_005850006.1	0.0272991	0.0366434	0.744994
XP_005850014.1-XP_005850266.1	0.543872	1.00652	0.540351
XP_005850017.1-XP_005850018.1	0.362446	0.662017	0.547488
XP_005850021.1-XP_005850022.1	1.23751	1.42307	0.8696
XP_005850065.1-XP_005850066.1	1.5508	0.91623	1.69259
XP_005850094.1-XP_005850095.1	NA	NA	NA
XP_005850111.1-XP_005850112.1	0.975048	1.34292	0.726068
XP_005850149.1-XP_005850150.1	0.414023	0.758674	0.545719
XP_005850156.1-XP_005850157.1	1.25101	0.852088	1.46818
XP_005850157.1-XP_005850158.1	0.769595	0.912423	0.843463
XP_005850159.1-XP_005850160.1	0.348754	0.767845	0.454199
XP_005850225.1-XP_005850226.1	1.23103	1.50678	0.816996
XP_005850276.1-XP_005850277.1	0.202284	0.739576	0.273514
XP_005850305.1-XP_005850306.1	0.377225	0.656174	0.574886
XP_005850406.1-XP_005850407.1	0.302575	0.448993	0.673896
XP_005850537.1-XP_005850538.1	1.02207	1.37085	0.745574
XP_005850540.1-XP_005850541.1	0.0474276	0.112753	0.420633
XP_005850571.1-XP_005850573.1	0.008291	0.0117274	0.706978
XP_005850639.1-XP_005850640.1	0.695764	1.44489	0.481535
XP_005850681.1-XP_005850682.1	0.307208	0.489461	0.627647
XP_005850722.1-XP_005850723.1	0.123667	0.208124	0.594199
XP_005850743.1-XP_005850744.1	0.372181	0.683031	0.544896
XP_005850746.1-XP_005850748.1	1.06815	0.59683	1.78971
XP_005850759.1-XP_005850761.1	0.481245	0.775556	0.620516
XP_005850762.1-XP_005851042.1	0.363686	0.479902	0.757834
XP_005850825.1-XP_005850533.1	0.575408	0.650308	0.884824
XP_005850843.1-XP_005850844.1	0.345791	0.498849	0.693176
XP_005850898.1-XP_005850620.1	0.60844	1.6403	0.370932
XP_005850914.1-XP_005850915.1	0.204449	0.408779	0.500146
XP_005850988.1-XP_005850709.1	0.657902	0.624666	1.05321
XP_005850995.1-XP_005850996.1	0.102371	0.309549	0.330709
XP_005851000.1-XP_005851001.1	1.0288	1.21574	0.84623
XP_005851007.1-XP_005851008.1	0.445726	0.741894	0.600795
XP_005851014.1-XP_005851015.1	0.488008	1.00609	0.485051
XP_005851075.1-XP_005851076.1	0.0142209	0.0348552	0.407998
XP_005851083.1-XP_005851085.1	0.546608	0.733212	0.745498
XP_005851084.1-XP_005851085.1	0.463071	0.661755	0.699762
XP_005851201.1-XP_005851202.1	1.05469	0.986781	1.06882
XP_005851219.1-XP_005851220.1	NA	0.00633053	-0
XP_005851220.1-XP_005851221.1	0.513829	0.433996	1.18395
XP_005851243.1-XP_005851529.1	1.31744	1.04342	1.26262
XP_005851288.1-XP_005851289.1	0.436948	0.425125	1.02781
XP_005851294.1-XP_005851295.1	0.0118	NA	NA
XP_005851407.1-XP_005851408.1	0.121709	0.0608598	1.99982
XP_005851449.1-XP_005851450.1	0.155962	0.374497	0.416457
XP_005851479.1-XP_005851187.1	1.01534	0.74251	1.36745
XP_005851490.1-XP_005851491.1	0.328938	0.456748	0.720174
XP_005851569.1-XP_005851570.1	0.123889	0.323077	0.383466
XP_005851571.1-XP_005851572.1	0.659544	1.11911	0.589346
XP_005851589.1-XP_005851590.1	0.292861	0.358969	0.815841
XP_005851613.1-XP_005851614.1	0.192663	0.445505	0.432459
XP_005851648.1-XP_005851341.1	0.152199	0.215011	0.707865
XP_005851721.1-XP_005851722.1	0.503984	1.29703	0.388569
XP_005851731.1-XP_005852073.1	0.0533987	0.212958	0.250748
XP_005851861.1-XP_005851862.1	0.00471168	0.00843963	0.55828
XP_005851870.1-XP_005851871.1	0.786347	0.839698	0.936464
XP_005851871.1-XP_005852207.1	0.702513	0.787562	0.892009
XP_005851897.1-XP_005851898.1	0.194654	0.571512	0.340595
XP_005851923.1-XP_005852247.1	0.00361924	0.0260804	0.138772
XP_005851945.1-XP_005851946.1	0.0195768	0.0220292	0.888674
XP_005851957.1-XP_005851958.1	0.502248	0.571131	0.879392
XP_005851970.1-XP_005851971.1	0.463457	0.764203	0.606458
XP_005851978.1-XP_005851979.1	0.547101	0.773654	0.707164
XP_005852040.1-XP_005852041.1	0.40855	0.575191	0.710286
XP_005852052.1-XP_005852053.1	0.204601	0.892223	0.229316
XP_005852054.1-XP_005851713.1	0.493522	1.03257	0.477954
XP_005852080.1-XP_005851738.1	0.349957	0.61702	0.567173
XP_005852134.1-XP_005852135.1	0.114064	0.343504	0.332061
XP_005852145.1-XP_005852147.1	0.363689	0.670232	0.542631
XP_005852173.1-XP_005851847.1	1.03509	1.31876	0.784895
XP_005852192.1-XP_005851861.1	0.466947	0.393922	1.18538
XP_005852242.1-XP_005852243.1	0.607788	0.937492	0.648313
XP_005852308.1-XP_005842769.1	0.399007	0.718424	0.555392
