Seq	Ka	Ks	Ka/Ks
Ds_00000030-RA-Ds_00000031-RA	0.166739	0.688064	0.242331
Ds_00000061-RA-Ds_00000062-RA	0.317467	0.572472	0.554554
Ds_00000065-RA-Ds_00000066-RA	0.479262	1.54611	0.309979
Ds_00000103-RA-Ds_00000104-RA	0.32247	0.724328	0.445199
Ds_00000154-RA-Ds_00000155-RA	0.108865	1.35874	0.0801222
Ds_00000180-RA-Ds_00000181-RA	0.181809	0.294421	0.617514
Ds_00000281-RA-Ds_00000282-RA	0.351172	1.38003	0.254468
Ds_00000313-RA-Ds_00000314-RA	0.52085	NA	NA
Ds_00000315-RA-Ds_00000316-RA	0.60141	NA	NA
Ds_00000316-RA-Ds_00000318-RA	0.443323	NA	NA
Ds_00000354-RA-Ds_00000355-RA	0.310657	0.765593	0.405773
Ds_00000354-RA-Ds_00000356-RA	0.337058	0.71911	0.468716
Ds_00000432-RA-Ds_00000434-RA	0.368317	0.541234	0.680514
Ds_00000496-RA-Ds_00000497-RA	0.655178	2.78653	0.235123
Ds_00000513-RA-Ds_00000514-RA	0.521046	1.04235	0.499879
Ds_00000517-RA-Ds_00000518-RA	0.446232	0.941816	0.473799
Ds_00000541-RA-Ds_00000543-RA	0.160542	1.00785	0.159292
Ds_00000600-RA-Ds_00000602-RA	0.399081	0.673036	0.592957
Ds_00000601-RA-Ds_00000603-RA	0.224753	0.600594	0.374218
Ds_00000602-RA-Ds_00000603-RA	0.339327	0.735682	0.461242
Ds_00000603-RA-Ds_00000604-RA	0.303117	0.65764	0.460916
Ds_00000604-RA-Ds_00000605-RA	0.283596	0.464043	0.611143
Ds_00000605-RA-Ds_00000606-RA	0.156343	0.326518	0.478819
Ds_00000607-RA-Ds_00000609-RA	0.2796	0.534973	0.522643
Ds_00000608-RA-Ds_00000609-RA	0.209481	0.597042	0.350865
Ds_00000706-RA-Ds_00000707-RA	0.545767	0.892111	0.611771
Ds_00000708-RA-Ds_00000709-RA	0.301125	0.769388	0.391383
Ds_00000708-RA-Ds_00000710-RA	1.24455	NA	NA
Ds_00000735-RA-Ds_00000737-RA	0.536897	1.77454	0.302556
Ds_00000736-RA-Ds_00000738-RA	0.584307	2.25185	0.259478
Ds_00000747-RA-Ds_00000748-RA	0.821807	2.02236	0.406359
Ds_00000748-RA-Ds_00000749-RA	0.545196	0.923823	0.590152
Ds_00000776-RA-Ds_00000777-RA	0.23529	0.42647	0.551716
Ds_00000787-RA-Ds_00000789-RA	0.0806275	0.14855	0.542764
Ds_00000788-RA-Ds_00000789-RA	0.368212	0.623714	0.590353
Ds_00000789-RA-Ds_00000790-RA	0.341286	0.865409	0.394364
Ds_00000790-RA-Ds_00000791-RA	0.142523	0.20361	0.69998
Ds_00000871-RA-Ds_00000873-RA	0.208162	0.596089	0.349212
Ds_00000965-RA-Ds_00000966-RA	0.539539	0.680826	0.792477
Ds_00000970-RA-Ds_00000971-RA	0.583161	0.76133	0.765977
Ds_00000970-RA-Ds_00000972-RA	0.641341	1.04618	0.613033
Ds_00000981-RA-Ds_00000982-RA	0.148621	0.763472	0.194665
Ds_00001049-RA-Ds_00001050-RA	0.112776	0.509982	0.221137
Ds_00001065-RA-Ds_00001066-RA	0.082184	0.602858	0.136324
Ds_00001122-RA-Ds_00001123-RA	0.632953	2.2467	0.281725
Ds_00001136-RA-Ds_00001137-RA	0.463936	0.873404	0.531181
Ds_00001137-RA-Ds_00001139-RA	0.41238	1.63011	0.252977
Ds_00001152-RA-Ds_00001154-RA	0.456161	2.27419	0.200582
Ds_00001164-RA-Ds_00001165-RA	0.0178132	0.0315959	0.563783
Ds_00001241-RA-Ds_00001243-RA	0.273623	0.810371	0.337652
Ds_00001262-RA-Ds_00001263-RA	0.504958	1.85684	0.271945
Ds_00001276-RA-Ds_00001277-RA	0.391143	2.60539	0.150129
Ds_00001284-RA-Ds_00001285-RA	0.128641	0.358763	0.358568
Ds_00001334-RA-Ds_00001336-RA	0.460307	NA	NA
Ds_00001335-RA-Ds_00001336-RA	0.485772	NA	NA
Ds_00001348-RA-Ds_00001349-RA	0.125199	0.401496	0.311832
Ds_00001353-RA-Ds_00001354-RA	0.0232397	0.165458	0.140457
Ds_00001356-RA-Ds_00001357-RA	0.0491172	0.3505	0.140134
Ds_00001405-RA-Ds_00001406-RA	0.27653	1.05158	0.262968
Ds_00001406-RA-Ds_00001407-RA	0.245384	1.14845	0.213665
Ds_00001407-RA-Ds_00001408-RA	0.2307	1.1069	0.20842
Ds_00001409-RA-Ds_00001410-RA	1.08983	NA	NA
Ds_00001416-RA-Ds_00001417-RA	0.0253758	0.0365195	0.694854
Ds_00001421-RA-Ds_00001422-RA	0.0760889	0.301555	0.252322
Ds_00001450-RA-Ds_00001451-RA	0.316408	2.40025	0.131823
Ds_00001450-RA-Ds_00001452-RA	0.264501	1.3753	0.192323
Ds_00001454-RA-Ds_00001455-RA	0.27558	1.72031	0.160192
Ds_00001517-RA-Ds_00001518-RA	0.370903	1.20788	0.30707
Ds_00001557-RA-Ds_00001558-RA	0.145732	0.596228	0.244423
Ds_00001559-RA-Ds_00001561-RA	0.380293	0.518801	0.733021
Ds_00001568-RA-Ds_00001569-RA	0.113509	0.315555	0.359712
Ds_00001577-RA-Ds_00001578-RA	0.38867	6.10973	0.063615
Ds_00001599-RA-Ds_00001600-RA	1.13356	NA	NA
Ds_00001607-RA-Ds_00001608-RA	0.00160121	0.0381998	0.0419166
Ds_00001608-RA-Ds_00001609-RA	0.0268214	0.0696629	0.385017
Ds_00001623-RA-Ds_00001625-RA	0.426981	1.82666	0.233749
Ds_00001624-RA-Ds_00001626-RA	NA	0.0042448	-0
Ds_00001646-RA-Ds_00001647-RA	0.00689694	0.189249	0.0364437
Ds_00001651-RA-Ds_00001653-RA	0.287289	0.424309	0.677075
Ds_00001652-RA-Ds_00001653-RA	1.47649	NA	NA
Ds_00001653-RA-Ds_00001654-RA	1.47503	1.7583	0.838893
Ds_00001663-RA-Ds_00001664-RA	0.123807	0.226884	0.545685
Ds_00001719-RA-Ds_00001720-RA	0.66808	0.836694	0.798476
Ds_00001723-RA-Ds_00001724-RA	0.485827	0.824013	0.589587
Ds_00001735-RA-Ds_00001736-RA	0.503437	0.86863	0.579576
Ds_00001743-RA-Ds_00001744-RA	0.445108	0.792004	0.562002
Ds_00001761-RA-Ds_00001762-RA	0.837201	1.48534	0.563644
Ds_00001762-RA-Ds_00001763-RA	0.788952	2.0304	0.388569
Ds_00001766-RA-Ds_00001767-RA	0.225508	0.411195	0.548422
Ds_00001780-RA-Ds_00001781-RA	0.324654	1.7035	0.190581
Ds_00001780-RA-Ds_00001782-RA	0.699834	NA	NA
Ds_00001804-RA-Ds_00001806-RA	0.204449	1.10095	0.185703
Ds_00001805-RA-Ds_00001806-RA	0.180163	0.974196	0.184935
Ds_00001814-RA-Ds_00001816-RA	1.36375	NA	NA
Ds_00001826-RA-Ds_00001827-RA	0.103706	0.235585	0.440205
Ds_00001858-RA-Ds_00001859-RA	0.231242	0.791859	0.292024
Ds_00001859-RA-Ds_00001860-RA	0.162796	0.597627	0.272404
Ds_00001908-RA-Ds_00001910-RA	0.230051	0.456401	0.504055
Ds_00001909-RA-Ds_00001911-RA	0.0889968	0.183719	0.484417
Ds_00001911-RA-Ds_00001912-RA	0.0990665	0.199896	0.49559
Ds_00001912-RA-Ds_00001913-RA	0.148403	0.256933	0.577593
Ds_00001913-RA-Ds_00001914-RA	0.135927	0.256031	0.530899
Ds_00001914-RA-Ds_00001915-RA	0.122714	0.284739	0.43097
Ds_00001915-RA-Ds_00001916-RA	0.105179	0.273285	0.384869
Ds_00001933-RA-Ds_00001934-RA	0.220799	0.406021	0.543813
Ds_00001934-RA-Ds_00001935-RA	0.170823	0.629843	0.271216
Ds_00001944-RA-Ds_00001946-RA	0.35188	2.103	0.167323
Ds_00001956-RA-Ds_00001958-RA	0.303425	0.513671	0.590699
Ds_00001957-RA-Ds_00001959-RA	0.214231	0.337454	0.634846
Ds_00001986-RA-Ds_00001987-RA	0.04493	0.210541	0.213402
Ds_00001999-RA-Ds_00002001-RA	0.774329	1.12252	0.689812
Ds_00002001-RA-Ds_00002002-RA	0.487549	1.11857	0.435868
Ds_00002006-RA-Ds_00002008-RA	0.344118	0.595783	0.577589
Ds_00002020-RA-Ds_00002021-RA	0.640457	1.46546	0.437033
Ds_00002026-RA-Ds_00002027-RA	0.0646148	0.218857	0.295237
Ds_00002047-RA-Ds_00002049-RA	0.258962	1.6217	0.159686
Ds_00002060-RA-Ds_00002061-RA	0.124565	0.245212	0.507989
Ds_00002093-RA-Ds_00002094-RA	0.292144	2.13466	0.136857
Ds_00002122-RA-Ds_00002123-RA	0.383203	2.4476	0.156563
Ds_00002141-RA-Ds_00002143-RA	0.137991	1.61374	0.0855099
Ds_00002142-RA-Ds_00002143-RA	0.30965	1.33241	0.232398
Ds_00002154-RA-Ds_00002156-RA	0.149989	0.700667	0.214066
Ds_00002206-RA-Ds_00002207-RA	0.267754	0.960102	0.278881
Ds_00002274-RA-Ds_00002275-RA	1.41204	2.55786	0.552039
Ds_00002325-RA-Ds_00002326-RA	0.046267	0.261179	0.177147
Ds_00002326-RA-Ds_00002327-RA	0.513655	NA	NA
Ds_00002378-RA-Ds_00002379-RA	0.214907	1.54178	0.139389
Ds_00002388-RA-Ds_00002389-RA	0.16554	0.830037	0.199437
Ds_00002460-RA-Ds_00002461-RA	0.781495	1.63844	0.476974
Ds_00002531-RA-Ds_00002532-RA	0.54605	1.58246	0.345064
Ds_00002547-RA-Ds_00002549-RA	0.47012	NA	NA
Ds_00002692-RA-Ds_00002693-RA	0.0828272	0.400252	0.206938
Ds_00002722-RA-Ds_00002723-RA	0.547774	1.60266	0.341791
Ds_00002723-RA-Ds_00002725-RA	0.237193	0.314944	0.753127
Ds_00002753-RA-Ds_00002754-RA	0.808184	1.23418	0.654837
Ds_00002770-RA-Ds_00002771-RA	0.925538	4.19268	0.220751
Ds_00002771-RA-Ds_00002772-RA	0.848341	1.81825	0.46657
Ds_00002796-RA-Ds_00002797-RA	0.30632	1.14418	0.26772
Ds_00002890-RA-Ds_00002891-RA	0.470573	1.2665	0.371554
Ds_00002934-RA-Ds_00002935-RA	0.41028	NA	NA
Ds_00002995-RA-Ds_00002997-RA	1.10992	1.51909	0.730644
Ds_00003038-RA-Ds_00003039-RA	0.823216	2.10136	0.391753
Ds_00003050-RA-Ds_00003051-RA	0.243223	0.409835	0.593466
Ds_00003055-RA-Ds_00003057-RA	0.0667484	0.312293	0.213737
Ds_00003101-RA-Ds_00003103-RA	0.0165812	0.0510339	0.324906
Ds_00003124-RA-Ds_00003126-RA	0.818458	1.31677	0.621567
Ds_00003181-RA-Ds_00003183-RA	0.372573	1.87644	0.198553
Ds_00003188-RA-Ds_00003189-RA	0.159421	0.702927	0.226796
Ds_00003189-RA-Ds_00003190-RA	0.471893	3.6728	0.128483
Ds_00003270-RA-Ds_00003271-RA	0.227772	0.758683	0.300221
Ds_00003298-RA-Ds_00003300-RA	1.08576	1.65808	0.654827
Ds_00003317-RA-Ds_00003319-RA	0.256677	0.59335	0.432589
Ds_00003346-RA-Ds_00003348-RA	1.46088	NA	NA
Ds_00003347-RA-Ds_00003348-RA	0.098669	0.5227	0.188768
Ds_00003357-RA-Ds_00003358-RA	1.63157	2.13257	0.765071
Ds_00003377-RA-Ds_00003378-RA	1.02155	NA	NA
Ds_00003393-RA-Ds_00003394-RA	0.354904	0.793234	0.447414
Ds_00003400-RA-Ds_00003401-RA	0.187895	0.539077	0.34855
Ds_00003400-RA-Ds_00003402-RA	0.0911863	0.188188	0.484548
Ds_00003457-RA-Ds_00003458-RA	0.177817	0.771424	0.230505
Ds_00003501-RA-Ds_00003502-RA	0.429653	1.34021	0.320586
Ds_00003544-RA-Ds_00003546-RA	0.151653	0.707112	0.214469
Ds_00003557-RA-Ds_00003559-RA	0.323954	0.497094	0.651694
Ds_00003577-RA-Ds_00003578-RA	0.3141	0.634577	0.494975
Ds_00003583-RA-Ds_00003584-RA	0.140157	0.321424	0.436051
Ds_00003607-RA-Ds_00003608-RA	0.491811	1.44962	0.339269
Ds_00003651-RA-Ds_00003652-RA	0.286699	0.923384	0.310487
Ds_00003670-RA-Ds_00003672-RA	0.126781	0.42872	0.295719
Ds_00003699-RA-Ds_00003700-RA	0.345281	0.832469	0.414768
Ds_00003700-RA-Ds_00003701-RA	0.533343	0.814452	0.654849
Ds_00003701-RA-Ds_00003702-RA	0.322283	1.06325	0.303112
Ds_00003715-RA-Ds_00003716-RA	0.386315	0.69457	0.556193
Ds_00003716-RA-Ds_00003717-RA	0.369611	0.994546	0.371638
Ds_00003724-RA-Ds_00003726-RA	NA	NA	NA
Ds_00003732-RA-Ds_00003733-RA	0.384948	1.76163	0.218518
Ds_00003741-RA-Ds_00003743-RA	0.0048106	0.0647739	0.0742676
Ds_00003814-RA-Ds_00003815-RA	0.477404	NA	NA
Ds_00003838-RA-Ds_00003839-RA	0.859944	NA	NA
Ds_00003839-RA-Ds_00003840-RA	0.921345	NA	NA
Ds_00003865-RA-Ds_00003866-RA	0.520284	NA	NA
Ds_00003911-RA-Ds_00003912-RA	0.502459	1.51757	0.331094
Ds_00003924-RA-Ds_00003925-RA	0.402442	1.34937	0.298245
Ds_00003928-RA-Ds_00003929-RA	0.46683	2.43882	0.191416
Ds_00003953-RA-Ds_00003954-RA	0.271639	1.73689	0.156394
Ds_00003978-RA-Ds_00003979-RA	0.212505	0.507025	0.419122
Ds_00003980-RA-Ds_00003981-RA	0.0465815	0.0714704	0.65176
Ds_00003981-RA-Ds_00003983-RA	0.129601	0.603866	0.214619
Ds_00004042-RA-Ds_00004044-RA	0.378015	1.61497	0.23407
Ds_00004044-RA-Ds_00004045-RA	0.299463	3.1462	0.0951825
Ds_00004103-RA-Ds_00004104-RA	0.128051	0.487555	0.262639
Ds_00004125-RA-Ds_00004126-RA	0.95614	0.965439	0.990368
Ds_00004152-RA-Ds_00004153-RA	0.59888	1.57599	0.380003
Ds_00004155-RA-Ds_00004156-RA	0.384658	1.20192	0.320037
Ds_00004156-RA-Ds_00004157-RA	0.380334	1.68939	0.22513
Ds_00004158-RA-Ds_00004159-RA	0.343626	0.477736	0.71928
Ds_00004159-RA-Ds_00004160-RA	0.293149	0.89164	0.328775
Ds_00004160-RA-Ds_00004161-RA	0.685612	NA	NA
Ds_00004161-RA-Ds_00004162-RA	0.62407	NA	NA
Ds_00004162-RA-Ds_00004163-RA	0.536199	1.82577	0.293684
Ds_00004163-RA-Ds_00004164-RA	0.401258	0.893243	0.449215
Ds_00004182-RA-Ds_00004183-RA	0.363315	0.72584	0.500545
Ds_00004199-RA-Ds_00004201-RA	0.389519	2.06209	0.188895
Ds_00004258-RA-Ds_00004259-RA	0.43424	7.04537	0.0616348
Ds_00004284-RA-Ds_00004285-RA	1.12363	NA	NA
Ds_00004311-RA-Ds_00004312-RA	0.0626216	0.382029	0.163919
Ds_00004336-RA-Ds_00004337-RA	0.124279	0.329429	0.377255
Ds_00004337-RA-Ds_00004338-RA	0.130752	0.347064	0.376739
Ds_00004338-RA-Ds_00004339-RA	0.312356	0.303908	1.0278
Ds_00004338-RA-Ds_00004340-RA	0.0850299	0.277118	0.306836
Ds_00004372-RA-Ds_00004373-RA	0.494385	0.807658	0.612122
Ds_00004378-RA-Ds_00004379-RA	0.330679	0.769432	0.42977
Ds_00004397-RA-Ds_00004398-RA	0.443361	3.28379	0.135015
Ds_00004398-RA-Ds_00004399-RA	0.2833	1.01089	0.280249
Ds_00004399-RA-Ds_00004400-RA	0.139547	0.324526	0.430002
Ds_00004405-RA-Ds_00004406-RA	0.585676	1.40245	0.417608
Ds_00004450-RA-Ds_00004452-RA	0.475949	1.2584	0.378218
Ds_00004451-RA-Ds_00004452-RA	0.459118	0.49744	0.922962
Ds_00004452-RA-Ds_00004453-RA	0.170036	0.407735	0.417026
Ds_00004453-RA-Ds_00004454-RA	0.448343	0.564289	0.794527
Ds_00004454-RA-Ds_00004455-RA	0.199484	0.28944	0.689206
Ds_00004481-RA-Ds_00004482-RA	0.175689	1.45474	0.12077
Ds_00004482-RA-Ds_00004483-RA	0.00090278	0.0120493	0.0749239
Ds_00004512-RA-Ds_00004514-RA	0.763136	1.47002	0.519132
Ds_00004513-RA-Ds_00004514-RA	0.254417	0.732867	0.347153
Ds_00004525-RA-Ds_00004526-RA	0.0330784	0.167454	0.197538
Ds_00004581-RA-Ds_00004582-RA	0.87984	3.10773	0.283113
Ds_00004582-RA-Ds_00004583-RA	0.429849	1.27348	0.337538
Ds_00004582-RA-Ds_00004584-RA	0.334113	0.91212	0.366303
Ds_00004612-RA-Ds_00004613-RA	0.60306	NA	NA
Ds_00004643-RA-Ds_00004644-RA	0.147144	0.235929	0.62368
Ds_00004681-RA-Ds_00004682-RA	0.751706	1.80957	0.415406
Ds_00004683-RA-Ds_00004684-RA	0.463645	1.04893	0.442018
Ds_00004691-RA-Ds_00004692-RA	0.330911	1.16078	0.285076
Ds_00004719-RA-Ds_00004720-RA	0.328616	1.36374	0.240967
Ds_00004763-RA-Ds_00004764-RA	0.309568	0.814487	0.380078
Ds_00004831-RA-Ds_00004833-RA	0.0919924	0.477015	0.19285
Ds_00004982-RA-Ds_00004983-RA	0.387099	1.5193	0.254787
Ds_00004983-RA-Ds_00004984-RA	0.515496	4.50754	0.114363
Ds_00005099-RA-Ds_00005100-RA	0.22031	0.538115	0.40941
Ds_00005145-RA-Ds_00005146-RA	0.214879	0.357416	0.6012
Ds_00005177-RA-Ds_00005178-RA	0.119407	0.299727	0.398385
Ds_00005212-RA-Ds_00005213-RA	0.505732	NA	NA
Ds_00005247-RA-Ds_00005248-RA	0.485856	1.26753	0.38331
Ds_00005247-RA-Ds_00005249-RA	0.920088	1.44602	0.636288
Ds_00005276-RA-Ds_00005277-RA	0.54794	1.38807	0.394751
Ds_00005392-RA-Ds_00005393-RA	0.763368	1.38928	0.549469
Ds_00005424-RA-Ds_00005425-RA	0.390671	1.88168	0.207618
Ds_00005472-RA-Ds_00005473-RA	0.629792	1.77124	0.355566
Ds_00005479-RA-Ds_00005480-RA	0.129672	0.2772	0.467794
Ds_00005497-RA-Ds_00005499-RA	0.174364	0.364352	0.478561
Ds_00005498-RA-Ds_00005499-RA	0.2255	0.506388	0.44531
Ds_00005499-RA-Ds_00005500-RA	0.242625	0.442688	0.548073
Ds_00005552-RA-Ds_00005553-RA	0.0631193	0.162616	0.388149
Ds_00005587-RA-Ds_00005589-RA	0.884525	1.97708	0.447389
Ds_00005615-RA-Ds_00005616-RA	0.642146	1.88345	0.340941
Ds_00005627-RA-Ds_00005628-RA	0.569703	1.26636	0.449874
Ds_00005643-RA-Ds_00005644-RA	0.261129	0.498003	0.524353
Ds_00005645-RA-Ds_00005646-RA	0.294938	0.58923	0.500548
Ds_00005647-RA-Ds_00005648-RA	0.131098	0.226616	0.578504
Ds_00005648-RA-Ds_00005649-RA	0.0866762	0.142889	0.606597
Ds_00005649-RA-Ds_00005650-RA	0.0999994	0.261893	0.381833
Ds_00005650-RA-Ds_00005651-RA	0.471636	1.00722	0.468257
Ds_00005659-RA-Ds_00005661-RA	0.776049	1.77026	0.438381
Ds_00005688-RA-Ds_00005689-RA	0.0272568	0.112501	0.24228
Ds_00005753-RA-Ds_00005754-RA	0.145966	0.382411	0.381699
Ds_00005761-RA-Ds_00005762-RA	0.421427	1.17053	0.36003
Ds_00005769-RA-Ds_00005770-RA	0.0163163	0.00743433	2.19472
Ds_00005794-RA-Ds_00005796-RA	0.674165	1.68135	0.400968
Ds_00005795-RA-Ds_00005796-RA	0.304695	0.95272	0.319816
Ds_00005864-RA-Ds_00005865-RA	0.325525	0.752946	0.432335
Ds_00005866-RA-Ds_00005867-RA	0.673242	1.23385	0.545646
Ds_00005884-RA-Ds_00005885-RA	0.0648403	0.520946	0.124466
Ds_00005944-RA-Ds_00005945-RA	0.0342227	0.0645012	0.530575
Ds_00005947-RA-Ds_00005948-RA	0.779647	1.90637	0.40897
Ds_00005951-RA-Ds_00005953-RA	0.00150419	0.00456925	0.329197
Ds_00005954-RA-Ds_00005955-RA	0.23915	0.524304	0.456128
Ds_00005991-RA-Ds_00005992-RA	0.229691	2.22089	0.103423
Ds_00005993-RA-Ds_00005994-RA	0.754132	2.93792	0.256689
Ds_00006014-RA-Ds_00006015-RA	0.287524	1.45669	0.197381
Ds_00006015-RA-Ds_00006016-RA	0.322096	2.68267	0.120066
Ds_00006046-RA-Ds_00006047-RA	1.44923	1.80055	0.804883
Ds_00006103-RA-Ds_00006105-RA	NA	0.00704105	-0
Ds_00006108-RA-Ds_00006110-RA	0.186007	0.346751	0.536427
Ds_00006153-RA-Ds_00006154-RA	0.443983	NA	NA
Ds_00006172-RA-Ds_00006173-RA	1.55862	NA	NA
Ds_00006187-RA-Ds_00006188-RA	0.275423	0.3714	0.741579
Ds_00006208-RA-Ds_00006209-RA	0.838561	2.43053	0.345011
Ds_00006280-RA-Ds_00006281-RA	0.771031	NA	NA
Ds_00006303-RA-Ds_00006304-RA	0.62123	1.38958	0.447063
Ds_00006306-RA-Ds_00006307-RA	0.385195	1.05281	0.365874
Ds_00006307-RA-Ds_00006308-RA	1.01437	3.04366	0.333272
Ds_00006350-RA-Ds_00006351-RA	0.53801	1.72754	0.311431
Ds_00006351-RA-Ds_00006352-RA	0.182683	0.516926	0.353402
Ds_00006352-RA-Ds_00006353-RA	0.502187	1.52796	0.328665
Ds_00006406-RA-Ds_00006407-RA	0.21556	1.58819	0.135726
Ds_00006414-RA-Ds_00006416-RA	NA	NA	NA
Ds_00006427-RA-Ds_00006428-RA	0.222959	0.810524	0.27508
Ds_00006435-RA-Ds_00006436-RA	0.139694	0.827603	0.168793
Ds_00006448-RA-Ds_00006449-RA	0.0306564	0.0598372	0.51233
Ds_00006453-RA-Ds_00006454-RA	0.0314438	0.137197	0.229188
Ds_00006457-RA-Ds_00006458-RA	0.545885	1.66167	0.328515
Ds_00006470-RA-Ds_00006471-RA	0.488109	NA	NA
Ds_00006477-RA-Ds_00006478-RA	0.282304	2.00345	0.140909
Ds_00006479-RA-Ds_00006480-RA	0.335479	1.35042	0.248427
Ds_00006480-RA-Ds_00006482-RA	0.320823	1.01338	0.316588
Ds_00006502-RA-Ds_00006503-RA	0.176793	1.62384	0.108873
Ds_00006507-RA-Ds_00006508-RA	0.260577	1.85521	0.140457
Ds_00006507-RA-Ds_00006509-RA	0.583512	NA	NA
Ds_00006565-RA-Ds_00006566-RA	NA	NA	NA
Ds_00006566-RA-Ds_00006567-RA	0.262134	0.643548	0.407325
Ds_00006637-RA-Ds_00006638-RA	0.00793323	0.0178569	0.444267
Ds_00006659-RA-Ds_00006660-RA	0.167568	0.769972	0.217629
Ds_00006662-RA-Ds_00006663-RA	0.160634	0.682602	0.235325
Ds_00006791-RA-Ds_00006792-RA	0.680248	NA	NA
Ds_00006811-RA-Ds_00006812-RA	0.49343	0.634049	0.77822
Ds_00006837-RA-Ds_00006838-RA	0.551742	3.83423	0.143899
Ds_00006866-RA-Ds_00006867-RA	0.478909	NA	NA
Ds_00006875-RA-Ds_00006876-RA	0.590732	NA	NA
Ds_00006880-RA-Ds_00006881-RA	0.0250957	0.373378	0.0672125
Ds_00006889-RA-Ds_00006890-RA	0.0868673	0.501945	0.173061
Ds_00006970-RA-Ds_00006971-RA	0.183804	0.53082	0.346264
Ds_00006976-RA-Ds_00006977-RA	0.724768	1.79891	0.402893
Ds_00007107-RA-Ds_00007108-RA	0.1247	0.931263	0.133904
Ds_00007115-RA-Ds_00007116-RA	0.145757	0.957905	0.152163
Ds_00007116-RA-Ds_00007118-RA	0.327128	1.48905	0.21969
Ds_00007120-RA-Ds_00007121-RA	0.254174	2.23255	0.113849
Ds_00007137-RA-Ds_00007138-RA	0.760297	3.59816	0.211302
Ds_00007169-RA-Ds_00007170-RA	0.175587	0.27875	0.629908
Ds_00007177-RA-Ds_00007178-RA	NA	NA	NA
Ds_00007189-RA-Ds_00007190-RA	0.304791	1.30048	0.234368
Ds_00007252-RA-Ds_00007254-RA	0.0536073	0.143194	0.374369
Ds_00007263-RA-Ds_00007265-RA	0.120548	0.312733	0.385468
Ds_00007305-RA-Ds_00007307-RA	0.339308	0.690541	0.491366
Ds_00007306-RA-Ds_00007307-RA	0.453817	0.581426	0.780524
Ds_00007307-RA-Ds_00007308-RA	0.364653	0.523653	0.696364
Ds_00007309-RA-Ds_00007311-RA	0.126923	0.142888	0.88827
Ds_00007317-RA-Ds_00007319-RA	0.187261	0.28549	0.655928
Ds_00007318-RA-Ds_00007320-RA	0.127074	0.309253	0.410907
Ds_00007348-RA-Ds_00007350-RA	1.20663	NA	NA
Ds_00007349-RA-Ds_00007351-RA	0.255155	1.29406	0.197174
Ds_00007354-RA-Ds_00007355-RA	0.0493954	0.23637	0.208975
Ds_00007355-RA-Ds_00007356-RA	0.426407	0.778163	0.547966
Ds_00007356-RA-Ds_00007357-RA	0.40362	0.845814	0.477197
Ds_00007387-RA-Ds_00007388-RA	0.490548	NA	NA
Ds_00007421-RA-Ds_00007423-RA	0.269177	0.389925	0.69033
Ds_00007428-RA-Ds_00007429-RA	0.383096	1.93403	0.198082
Ds_00007460-RA-Ds_00007461-RA	0.284205	1.21229	0.234436
Ds_00007489-RA-Ds_00007490-RA	0.92024	1.52675	0.602745
Ds_00007490-RA-Ds_00007492-RA	0.868083	1.27553	0.680565
Ds_00007529-RA-Ds_00007531-RA	0.0961596	0.108518	0.886119
Ds_00007564-RA-Ds_00007565-RA	0.784928	1.44397	0.543592
Ds_00007592-RA-Ds_00007593-RA	0.370399	0.567581	0.652592
Ds_00007729-RA-Ds_00007730-RA	0.403676	1.52007	0.265564
Ds_00007743-RA-Ds_00007744-RA	0.266321	0.658533	0.404415
Ds_00007765-RA-Ds_00007766-RA	0.288361	0.784902	0.367385
Ds_00007811-RA-Ds_00007812-RA	0.342973	2.64613	0.129613
Ds_00007851-RA-Ds_00007852-RA	1.18025	1.21136	0.974319
Ds_00007857-RA-Ds_00007858-RA	0.378194	NA	NA
Ds_00007894-RA-Ds_00007895-RA	0.0996643	0.277518	0.359127
Ds_00007916-RA-Ds_00007917-RA	0.0287716	0.401337	0.0716894
Ds_00007968-RA-Ds_00007970-RA	0.335578	2.24047	0.14978
Ds_00007973-RA-Ds_00007974-RA	0.126333	0.32953	0.383374
Ds_00008010-RA-Ds_00008011-RA	0.0705259	0.0909966	0.775039
Ds_00008026-RA-Ds_00008027-RA	0.769026	NA	NA
Ds_00008026-RA-Ds_00008028-RA	0.0419328	0.132354	0.316823
Ds_00008044-RA-Ds_00008045-RA	0.170821	0.364252	0.468964
Ds_00008057-RA-Ds_00008058-RA	0.531041	NA	NA
Ds_00008060-RA-Ds_00008061-RA	0.569907	1.81066	0.314751
Ds_00008140-RA-Ds_00008142-RA	0.0482849	0.0998532	0.483559
Ds_00008151-RA-Ds_00008153-RA	0.336145	0.785707	0.427824
Ds_00008155-RA-Ds_00008156-RA	0.221629	1.07347	0.20646
Ds_00008156-RA-Ds_00008157-RA	0.233095	0.92634	0.25163
Ds_00008165-RA-Ds_00008166-RA	0.14093	0.890738	0.158217
Ds_00008177-RA-Ds_00008178-RA	0.0829271	0.167416	0.495337
Ds_00008178-RA-Ds_00008179-RA	0.776375	1.49548	0.519149
Ds_00008179-RA-Ds_00008180-RA	0.658576	1.57547	0.418018
Ds_00008216-RA-Ds_00008217-RA	1.17534	2.30335	0.510274
Ds_00008217-RA-Ds_00008218-RA	1.58648	NA	NA
Ds_00008218-RA-Ds_00008219-RA	0.38235	2.62876	0.145449
Ds_00008220-RA-Ds_00008221-RA	0.494756	1.43901	0.343817
Ds_00008255-RA-Ds_00008257-RA	0.548528	0.776187	0.706695
Ds_00008256-RA-Ds_00008257-RA	1.32302	NA	NA
Ds_00008256-RA-Ds_00008258-RA	0.292863	0.459407	0.637481
Ds_00008261-RA-Ds_00008262-RA	0.497374	1.3984	0.355674
Ds_00008292-RA-Ds_00008293-RA	0.41266	1.5418	0.267648
Ds_00008293-RA-Ds_00008294-RA	0.528224	2.05241	0.257368
Ds_00008309-RA-Ds_00008310-RA	0.486532	0.722719	0.673198
Ds_00008311-RA-Ds_00008312-RA	0.122306	0.652551	0.187428
Ds_00008312-RA-Ds_00008313-RA	0.354519	2.05382	0.172615
Ds_00008322-RA-Ds_00008323-RA	0.430272	NA	NA
Ds_00008328-RA-Ds_00008329-RA	0.500914	2.75643	0.181726
Ds_00008461-RA-Ds_00008462-RA	0.103473	0.230514	0.44888
Ds_00008462-RA-Ds_00008464-RA	0.566084	1.07575	0.526224
Ds_00008529-RA-Ds_00008531-RA	0.36457	1.06015	0.343886
Ds_00008530-RA-Ds_00008531-RA	0.143134	0.195472	0.732248
Ds_00008531-RA-Ds_00008532-RA	0.09813	0.292438	0.335558
Ds_00008699-RA-Ds_00008700-RA	0.682721	0.98085	0.69605
Ds_00008715-RA-Ds_00008716-RA	0.347856	2.98325	0.116603
Ds_00008724-RA-Ds_00008726-RA	0.228258	0.449146	0.508204
Ds_00008792-RA-Ds_00008794-RA	0.0857551	0.401188	0.213753
Ds_00008809-RA-Ds_00008810-RA	0.445655	0.75573	0.589702
Ds_00008813-RA-Ds_00008814-RA	0.220451	NA	NA
Ds_00008833-RA-Ds_00008834-RA	0.0272675	0.28064	0.0971621
Ds_00008837-RA-Ds_00008838-RA	0.0327028	0.266346	0.122783
Ds_00008858-RA-Ds_00008859-RA	0.186381	0.334111	0.55784
Ds_00008903-RA-Ds_00008904-RA	0.340901	NA	NA
Ds_00008904-RA-Ds_00008905-RA	0.25932	0.84512	0.306843
Ds_00008905-RA-Ds_00008906-RA	0.387597	1.34321	0.288559
Ds_00008907-RA-Ds_00008908-RA	0.582525	1.25647	0.46362
Ds_00008909-RA-Ds_00008910-RA	0.324463	0.683484	0.47472
Ds_00008910-RA-Ds_00008911-RA	0.200639	0.712236	0.281702
Ds_00008912-RA-Ds_00008913-RA	0.540203	1.57395	0.343216
Ds_00008929-RA-Ds_00008930-RA	0.485805	1.18084	0.411407
Ds_00008937-RA-Ds_00008939-RA	NA	NA	NA
Ds_00009000-RA-Ds_00009001-RA	0.23788	2.1094	0.112771
Ds_00009000-RA-Ds_00009002-RA	0.476405	NA	NA
Ds_00009032-RA-Ds_00009033-RA	0.188369	0.34879	0.540064
Ds_00009032-RA-Ds_00009034-RA	1.16879	2.4	0.486994
Ds_00009037-RA-Ds_00009038-RA	0.390083	0.943784	0.413318
Ds_00009039-RA-Ds_00009041-RA	0.539603	3.50309	0.154036
Ds_00009041-RA-Ds_00009042-RA	0.154299	0.96928	0.159189
Ds_00009118-RA-Ds_00009119-RA	0.115571	0.320009	0.361149
Ds_00009132-RA-Ds_00009133-RA	0.0362463	0.0687159	0.527481
Ds_00009183-RA-Ds_00009185-RA	0.327562	0.576269	0.568418
Ds_00009184-RA-Ds_00009185-RA	0.0944708	0.491852	0.192072
Ds_00009231-RA-Ds_00009232-RA	0.271574	0.348272	0.779774
Ds_00009234-RA-Ds_00009235-RA	0.193171	0.482361	0.400469
Ds_00009235-RA-Ds_00009236-RA	0.000836478	0.00294831	0.283714
Ds_00009262-RA-Ds_00009264-RA	0.0186886	0.0490473	0.381032
Ds_00009280-RA-Ds_00009281-RA	0.393261	0.575282	0.683597
Ds_00009307-RA-Ds_00009308-RA	0.408525	NA	NA
Ds_00009322-RA-Ds_00009324-RA	0.421031	0.815816	0.516085
Ds_00009348-RA-Ds_00009349-RA	0.40772	0.935401	0.435878
Ds_00009348-RA-Ds_00009350-RA	0.110706	0.351151	0.315265
Ds_00009411-RA-Ds_00009412-RA	0.0928281	0.541579	0.171403
Ds_00009415-RA-Ds_00009416-RA	0.175757	0.305916	0.574528
Ds_00009459-RA-Ds_00009460-RA	0.175105	0.823822	0.212552
Ds_00009485-RA-Ds_00009487-RA	0.259561	1.61449	0.16077
Ds_00009505-RA-Ds_00009506-RA	0.115384	0.603081	0.191324
Ds_00009539-RA-Ds_00009540-RA	0.109639	0.485574	0.225793
Ds_00009548-RA-Ds_00009549-RA	0.692537	NA	NA
Ds_00009562-RA-Ds_00009563-RA	0.483476	2.27187	0.21281
Ds_00009563-RA-Ds_00009564-RA	0.608688	NA	NA
Ds_00009689-RA-Ds_00009690-RA	0.349107	0.7095	0.492047
Ds_00009690-RA-Ds_00009691-RA	0.512889	1.57944	0.324728
Ds_00009727-RA-Ds_00009728-RA	0.3391	1.67288	0.202704
Ds_00009729-RA-Ds_00009731-RA	0.340194	1.81954	0.186967
Ds_00009743-RA-Ds_00009745-RA	0.214851	0.943967	0.227605
Ds_00009746-RA-Ds_00009747-RA	0.175127	0.164129	1.06701
Ds_00009746-RA-Ds_00009748-RA	0.220336	0.0798856	2.75815
Ds_00009770-RA-Ds_00009771-RA	0.364938	0.97959	0.372542
Ds_00009800-RA-Ds_00009802-RA	0.252031	0.400106	0.62991
Ds_00009829-RA-Ds_00009830-RA	0.162151	0.75914	0.213598
Ds_00009849-RA-Ds_00009850-RA	0.363184	1.52071	0.238825
Ds_00009869-RA-Ds_00009870-RA	0.296941	0.613422	0.484072
Ds_00009886-RA-Ds_00009888-RA	0.389782	2.09278	0.186251
Ds_00009967-RA-Ds_00009968-RA	0.0828259	0.100007	0.8282
Ds_00009996-RA-Ds_00009997-RA	0.316798	2.02169	0.1567
Ds_00009997-RA-Ds_00009998-RA	0.316257	1.35926	0.232668
Ds_00010044-RA-Ds_00010045-RA	0.159658	0.564562	0.2828
Ds_00010074-RA-Ds_00010076-RA	0.171546	0.487786	0.351682
Ds_00010112-RA-Ds_00010113-RA	0.639171	NA	NA
Ds_00010186-RA-Ds_00010187-RA	0.368957	0.741923	0.497298
Ds_00010190-RA-Ds_00010191-RA	0.0918813	0.117268	0.783513
Ds_00010194-RA-Ds_00010195-RA	0.112255	0.283681	0.395708
Ds_00010195-RA-Ds_00010196-RA	0.285906	0.860274	0.332343
Ds_00010200-RA-Ds_00010201-RA	0.534012	1.1584	0.460991
Ds_00010200-RA-Ds_00010202-RA	0.322462	1.1391	0.283085
Ds_00010203-RA-Ds_00010205-RA	0.336298	1.31864	0.255034
Ds_00010204-RA-Ds_00010205-RA	0.585076	1.64643	0.35536
Ds_00010205-RA-Ds_00010206-RA	0.156466	0.449991	0.34771
Ds_00010206-RA-Ds_00010207-RA	0.179071	0.654704	0.273514
Ds_00010207-RA-Ds_00010208-RA	0.532111	2.04375	0.26036
Ds_00010229-RA-Ds_00010230-RA	0.00773383	0.0114427	0.675876
Ds_00010251-RA-Ds_00010252-RA	0.136849	0.741437	0.184572
Ds_00010265-RA-Ds_00010266-RA	0.0331275	0.023515	1.40878
Ds_00010318-RA-Ds_00010319-RA	0.692527	2.59386	0.266987
Ds_00010380-RA-Ds_00010381-RA	0.218668	0.260087	0.84075
Ds_00010447-RA-Ds_00010448-RA	0.207592	1.22793	0.169058
Ds_00010498-RA-Ds_00010499-RA	0.436053	1.2182	0.357949
Ds_00010508-RA-Ds_00010509-RA	0.131965	0.664533	0.198584
Ds_00010569-RA-Ds_00010570-RA	0.304672	2.86746	0.106252
Ds_00010625-RA-Ds_00010626-RA	0.297708	0.579972	0.513315
Ds_00010656-RA-Ds_00010657-RA	0.320701	0.75257	0.426141
Ds_00010657-RA-Ds_00010658-RA	0.17768	0.467306	0.380221
Ds_00010660-RA-Ds_00010661-RA	0.247097	0.542981	0.455075
Ds_00010682-RA-Ds_00010683-RA	0.4772	0.764813	0.623943
Ds_00010719-RA-Ds_00010720-RA	0.316166	1.23748	0.255491
Ds_00010749-RA-Ds_00010750-RA	0.422268	1.25329	0.336928
Ds_00010750-RA-Ds_00010751-RA	1.0708	1.95554	0.547575
Ds_00010797-RA-Ds_00010799-RA	0.0489084	0.235849	0.207372
Ds_00010870-RA-Ds_00010871-RA	0.0207239	0.00402127	5.15357
Ds_00010888-RA-Ds_00010889-RA	0.320621	1.04059	0.308114
Ds_00010913-RA-Ds_00010915-RA	0.388245	0.506609	0.766361
Ds_00010914-RA-Ds_00010915-RA	0.304782	1.06904	0.285099
Ds_00010916-RA-Ds_00010917-RA	0.00199773	0.00577707	0.345804
Ds_00010981-RA-Ds_00010983-RA	0.408072	2.42417	0.168335
Ds_00011021-RA-Ds_00011022-RA	0.199951	0.408599	0.489357
Ds_00011026-RA-Ds_00011028-RA	0.240717	NA	NA
Ds_00011085-RA-Ds_00011086-RA	0.178014	0.538018	0.33087
Ds_00011171-RA-Ds_00011173-RA	0.230988	0.64726	0.35687
Ds_00011173-RA-Ds_00011175-RA	0.219708	0.650925	0.337533
Ds_00011175-RA-Ds_00011177-RA	0.201793	0.620845	0.325029
Ds_00011188-RA-Ds_00011189-RA	0.274158	0.662536	0.413801
Ds_00011189-RA-Ds_00011190-RA	0.371422	0.767262	0.484088
Ds_00011208-RA-Ds_00011209-RA	0.227937	0.505702	0.450734
Ds_00011258-RA-Ds_00011259-RA	0.402192	1.51039	0.266284
Ds_00011259-RA-Ds_00011260-RA	0.890753	NA	NA
Ds_00011324-RA-Ds_00011325-RA	0.611454	NA	NA
Ds_00011367-RA-Ds_00011369-RA	0.430437	1.07193	0.401552
Ds_00011368-RA-Ds_00011369-RA	1.168	NA	NA
Ds_00011381-RA-Ds_00011382-RA	0.220288	0.478312	0.460552
Ds_00011382-RA-Ds_00011383-RA	0.10811	0.261076	0.414093
Ds_00011383-RA-Ds_00011384-RA	0.121484	0.281886	0.430969
Ds_00011385-RA-Ds_00011387-RA	0.213381	0.419413	0.508762
Ds_00011409-RA-Ds_00011411-RA	0.0266353	0.0783568	0.339924
Ds_00011441-RA-Ds_00011442-RA	0.912791	NA	NA
Ds_00011454-RA-Ds_00011455-RA	0.00136753	0.00417673	0.327417
Ds_00011532-RA-Ds_00011534-RA	0.642323	2.35607	0.272625
Ds_00011539-RA-Ds_00011540-RA	0.118661	0.415599	0.285517
Ds_00011543-RA-Ds_00011544-RA	0.448664	0.683227	0.656684
Ds_00011552-RA-Ds_00011553-RA	0.357234	0.894674	0.399289
Ds_00011573-RA-Ds_00011574-RA	0.241767	1.06665	0.22666
Ds_00011573-RA-Ds_00011575-RA	0.324281	1.96085	0.165378
Ds_00011630-RA-Ds_00011631-RA	0.428919	0.916998	0.467743
Ds_00011719-RA-Ds_00011720-RA	1.26122	1.51609	0.831892
Ds_00011720-RA-Ds_00011721-RA	0.00414309	0.0034698	1.19404
Ds_00011721-RA-Ds_00011722-RA	0.293241	0.287095	1.02141
Ds_00011722-RA-Ds_00011723-RA	0.498169	0.624697	0.797457
Ds_00011733-RA-Ds_00011735-RA	0.724443	NA	NA
Ds_00011737-RA-Ds_00011739-RA	0.329535	0.595909	0.552995
Ds_00011757-RA-Ds_00011759-RA	0.10564	0.278625	0.379149
Ds_00011764-RA-Ds_00011765-RA	0.437604	0.793181	0.551708
Ds_00011778-RA-Ds_00011779-RA	0.644448	NA	NA
Ds_00011797-RA-Ds_00011799-RA	0.373618	1.42325	0.262511
Ds_00011798-RA-Ds_00011799-RA	0.285639	1.69906	0.168116
Ds_00011830-RA-Ds_00011831-RA	0.06889	0.043695	1.57661
Ds_00011865-RA-Ds_00011866-RA	0.679115	NA	NA
Ds_00011884-RA-Ds_00011885-RA	0.12989	0.661984	0.196213
Ds_00011885-RA-Ds_00011886-RA	0.0796095	0.107085	0.743424
Ds_00011928-RA-Ds_00011930-RA	0.161083	0.52437	0.307193
Ds_00011945-RA-Ds_00011946-RA	0.579984	2.21885	0.261389
Ds_00011968-RA-Ds_00011969-RA	0.461022	0.877904	0.525139
Ds_00012002-RA-Ds_00012003-RA	0.00840574	0.00430366	1.95316
Ds_00012003-RA-Ds_00012004-RA	0.44717	1.03861	0.430545
Ds_00012005-RA-Ds_00012006-RA	0.202903	0.635944	0.319058
Ds_00012006-RA-Ds_00012007-RA	0.394354	1.09547	0.359985
Ds_00012007-RA-Ds_00012008-RA	0.266176	0.950229	0.280118
Ds_00012008-RA-Ds_00012009-RA	0.300304	0.944389	0.317988
Ds_00012016-RA-Ds_00012018-RA	0.0614492	0.128948	0.476542
Ds_00012017-RA-Ds_00012019-RA	NA	NA	NA
Ds_00012047-RA-Ds_00012049-RA	0.180213	0.435048	0.414238
Ds_00012053-RA-Ds_00012054-RA	0.497715	4.11865	0.120844
Ds_00012086-RA-Ds_00012087-RA	0.328755	0.639511	0.514073
Ds_00012091-RA-Ds_00012092-RA	0.312489	0.888219	0.351816
Ds_00012093-RA-Ds_00012095-RA	0.262634	1.48695	0.176626
Ds_00012094-RA-Ds_00012095-RA	0.0545966	0.518503	0.105297
Ds_00012125-RA-Ds_00012126-RA	0.478167	1.57277	0.304028
Ds_00012132-RA-Ds_00012134-RA	0.231125	1.03505	0.223298
Ds_00012159-RA-Ds_00012160-RA	0.628019	0.964302	0.651268
Ds_00012169-RA-Ds_00012170-RA	0.58097	1.7592	0.330247
Ds_00012170-RA-Ds_00012171-RA	0.445285	1.18549	0.375614
Ds_00012172-RA-Ds_00012173-RA	0.326654	0.961335	0.339792
Ds_00012189-RA-Ds_00012190-RA	0.519895	0.962285	0.540271
Ds_00012250-RA-Ds_00012251-RA	0.34598	1.22702	0.281967
Ds_00012277-RA-Ds_00012278-RA	0.16194	0.249091	0.650124
Ds_00012285-RA-Ds_00012286-RA	0.496077	NA	NA
Ds_00012295-RA-Ds_00012296-RA	0.788751	2.46097	0.320504
Ds_00012296-RA-Ds_00012297-RA	0.146508	0.279666	0.523868
Ds_00012297-RA-Ds_00012299-RA	0.101861	0.240959	0.422733
Ds_00012419-RA-Ds_00012421-RA	0.373568	0.841189	0.444095
Ds_00012447-RA-Ds_00012449-RA	0.376562	1.89204	0.199025
Ds_00012462-RA-Ds_00012463-RA	0.0632107	1.06938	0.05911
Ds_00012537-RA-Ds_00012539-RA	0.302856	1.27349	0.237817
Ds_00012538-RA-Ds_00012539-RA	0.419927	NA	NA
Ds_00012545-RA-Ds_00012546-RA	0.178534	1.06353	0.167869
Ds_00012546-RA-Ds_00012547-RA	0.161761	0.773923	0.209015
Ds_00012547-RA-Ds_00012548-RA	0.185087	0.864141	0.214186
Ds_00012548-RA-Ds_00012549-RA	0.166511	0.709633	0.234643
Ds_00012549-RA-Ds_00012550-RA	0.232633	0.808868	0.287603
Ds_00012557-RA-Ds_00012559-RA	0.230375	0.859483	0.268039
Ds_00012559-RA-Ds_00012561-RA	0.581938	1.18525	0.490983
Ds_00012561-RA-Ds_00012563-RA	0.420109	0.968132	0.433937
Ds_00012562-RA-Ds_00012563-RA	0.131532	0.460774	0.28546
Ds_00012577-RA-Ds_00012578-RA	0.214314	0.444546	0.482096
Ds_00012610-RA-Ds_00012611-RA	0.596948	1.21464	0.49146
Ds_00012610-RA-Ds_00012612-RA	0.515641	1.00643	0.512345
Ds_00012679-RA-Ds_00012680-RA	0.15135	0.340224	0.444854
Ds_00012731-RA-Ds_00012732-RA	0.150616	0.703729	0.214025
Ds_00012808-RA-Ds_00012809-RA	0.24322	0.458935	0.529965
Ds_00012839-RA-Ds_00012840-RA	0.20525	0.669288	0.306669
Ds_00012872-RA-Ds_00012874-RA	0.139596	0.235919	0.591709
Ds_00012873-RA-Ds_00012874-RA	0.0196361	0.0294225	0.667385
Ds_00012881-RA-Ds_00012883-RA	0.121347	0.110557	1.0976
Ds_00012952-RA-Ds_00012953-RA	0.437687	1.13043	0.387187
Ds_00013001-RA-Ds_00013002-RA	0.320467	0.517447	0.619323
Ds_00013262-RA-Ds_00013263-RA	1.14041	2.68038	0.425465
Ds_00013326-RA-Ds_00013328-RA	0.061429	0.292178	0.210245
Ds_00013355-RA-Ds_00013356-RA	0.0927595	0.405693	0.228645
Ds_00013389-RA-Ds_00013390-RA	0.259493	0.856277	0.303048
Ds_00013479-RA-Ds_00013480-RA	0.429931	1.9035	0.225864
Ds_00013480-RA-Ds_00013481-RA	0.144063	0.549877	0.261991
Ds_00013481-RA-Ds_00013482-RA	0.113604	0.178182	0.637573
Ds_00013482-RA-Ds_00013484-RA	0.11585	0.234601	0.493814
Ds_00013556-RA-Ds_00013558-RA	0.490549	0.666492	0.736016
Ds_00013557-RA-Ds_00013559-RA	0.346104	0.566175	0.611302
Ds_00013562-RA-Ds_00013563-RA	0.656811	0.841366	0.780648
Ds_00013563-RA-Ds_00013564-RA	0.606597	0.916336	0.661982
Ds_00013564-RA-Ds_00013565-RA	0.906474	1.98678	0.456254
Ds_00013622-RA-Ds_00013623-RA	0.22768	0.657589	0.346235
Ds_00013623-RA-Ds_00013624-RA	0.11628	0.468492	0.2482
Ds_00013638-RA-Ds_00013640-RA	0.096579	0.615357	0.156948
Ds_00013659-RA-Ds_00013661-RA	0.152895	0.297778	0.513453
Ds_00013675-RA-Ds_00013677-RA	0.0737984	0.091837	0.80358
Ds_00013676-RA-Ds_00013678-RA	0.151659	0.204315	0.742278
Ds_00013729-RA-Ds_00013730-RA	0.188318	0.297054	0.633951
Ds_00013733-RA-Ds_00013735-RA	0.634946	1.13022	0.561791
Ds_00013784-RA-Ds_00013785-RA	0.249231	1.17092	0.212851
Ds_00013786-RA-Ds_00013787-RA	0.550081	NA	NA
Ds_00013811-RA-Ds_00013812-RA	0.311772	1.45375	0.214461
Ds_00013813-RA-Ds_00013815-RA	0.89464	1.0989	0.814126
Ds_00013815-RA-Ds_00013816-RA	0.422031	1.08292	0.389716
Ds_00013837-RA-Ds_00013839-RA	0.295487	0.802604	0.36816
Ds_00013856-RA-Ds_00013858-RA	0.118777	0.406413	0.292258
Ds_00013859-RA-Ds_00013860-RA	0.100437	0.175418	0.572562
Ds_00013922-RA-Ds_00013923-RA	0.101163	0.761515	0.132844
Ds_00013950-RA-Ds_00013951-RA	0.222979	1.80809	0.123323
Ds_00013967-RA-Ds_00013969-RA	0.694106	NA	NA
Ds_00014002-RA-Ds_00014003-RA	0.360636	0.554241	0.650685
Ds_00014008-RA-Ds_00014010-RA	0.0494628	1.39969	0.0353385
Ds_00014034-RA-Ds_00014035-RA	0.343319	0.944808	0.363375
Ds_00014049-RA-Ds_00014050-RA	0.0435598	0.586884	0.0742222
Ds_00014050-RA-Ds_00014051-RA	0.173786	0.872133	0.199266
Ds_00014077-RA-Ds_00014078-RA	0.267429	2.04498	0.130774
Ds_00014079-RA-Ds_00014080-RA	0.800574	NA	NA
Ds_00014083-RA-Ds_00014084-RA	0.599747	0.80056	0.749159
Ds_00014092-RA-Ds_00014094-RA	0.661046	3.0276	0.21834
Ds_00014107-RA-Ds_00014109-RA	0.144177	0.550252	0.26202
Ds_00014109-RA-Ds_00014110-RA	NA	NA	NA
Ds_00014184-RA-Ds_00014185-RA	0.194811	0.25144	0.774779
Ds_00014196-RA-Ds_00014197-RA	0.306206	1.01775	0.300864
Ds_00014203-RA-Ds_00014204-RA	0.327195	2.38678	0.137086
Ds_00014213-RA-Ds_00014214-RA	0.0918233	0.0782114	1.17404
Ds_00014231-RA-Ds_00014232-RA	0.205387	0.263775	0.778648
Ds_00014304-RA-Ds_00014305-RA	0.603783	NA	NA
Ds_00014321-RA-Ds_00014323-RA	0.499642	NA	NA
Ds_00014324-RA-Ds_00014325-RA	0.0766791	0.272535	0.281355
Ds_00014345-RA-Ds_00014347-RA	0.00534613	0.00991135	0.539395
Ds_00014368-RA-Ds_00014369-RA	0.222885	0.543159	0.410349
Ds_00014373-RA-Ds_00014374-RA	0.394565	0.814733	0.484288
Ds_00014376-RA-Ds_00014377-RA	0.278407	1.03577	0.268791
Ds_00014377-RA-Ds_00014378-RA	0.878464	2.01554	0.435845
Ds_00014392-RA-Ds_00014393-RA	0.155757	0.735016	0.211909
Ds_00014471-RA-Ds_00014472-RA	0.322344	2.09903	0.153568
Ds_00014472-RA-Ds_00014473-RA	0.152359	0.510456	0.298477
Ds_00014574-RA-Ds_00014576-RA	0.328306	0.587107	0.559193
Ds_00014575-RA-Ds_00014576-RA	0.217277	0.343612	0.632332
Ds_00014595-RA-Ds_00014596-RA	0.15762	0.399654	0.394391
Ds_00014596-RA-Ds_00014597-RA	0.0702617	0.23172	0.303217
Ds_00014600-RA-Ds_00014601-RA	0.290673	0.591407	0.491495
Ds_00014607-RA-Ds_00014608-RA	0.357751	NA	NA
Ds_00014608-RA-Ds_00014609-RA	0.436358	3.27659	0.133174
Ds_00014609-RA-Ds_00014610-RA	0.393365	1.49694	0.262778
Ds_00014610-RA-Ds_00014611-RA	0.396488	NA	NA
Ds_00014638-RA-Ds_00014639-RA	0.18994	0.523468	0.36285
Ds_00014737-RA-Ds_00014738-RA	0.343696	2.0822	0.165064
Ds_00014749-RA-Ds_00014750-RA	0.0993723	0.624852	0.159033
Ds_00014752-RA-Ds_00014753-RA	0.452018	0.926563	0.487843
Ds_00014807-RA-Ds_00014808-RA	0.00434263	NA	NA
Ds_00014819-RA-Ds_00014820-RA	0.397729	NA	NA
Ds_00014820-RA-Ds_00014821-RA	0.129744	0.344965	0.376106
Ds_00014872-RA-Ds_00014874-RA	0.118758	0.471808	0.251708
Ds_00014874-RA-Ds_00014875-RA	0.309267	1.29978	0.237937
Ds_00014889-RA-Ds_00014890-RA	0.606833	NA	NA
Ds_00014895-RA-Ds_00014897-RA	0.25811	0.711117	0.362963
Ds_00014896-RA-Ds_00014897-RA	1.53186	NA	NA
Ds_00014967-RA-Ds_00014968-RA	0.149016	1.08342	0.137543
Ds_00015033-RA-Ds_00015034-RA	0.368794	1.4771	0.249675
Ds_00015076-RA-Ds_00015077-RA	0.662487	NA	NA
Ds_00015131-RA-Ds_00015132-RA	0.600181	1.23315	0.486704
Ds_00015136-RA-Ds_00015138-RA	0.407102	0.769215	0.529243
Ds_00015138-RA-Ds_00015139-RA	0.868835	0.986617	0.88062
Ds_00015175-RA-Ds_00015176-RA	NA	NA	NA
Ds_00015188-RA-Ds_00015190-RA	0.0373175	0.0848672	0.439716
Ds_00015235-RA-Ds_00015236-RA	0.471869	0.730028	0.646371
Ds_00015324-RA-Ds_00015325-RA	0.100928	0.39176	0.257628
Ds_00015382-RA-Ds_00015383-RA	0.406942	2.57453	0.158064
Ds_00015425-RA-Ds_00015426-RA	0.678585	NA	NA
Ds_00015435-RA-Ds_00015436-RA	0.674972	NA	NA
Ds_00015448-RA-Ds_00015449-RA	0.0771844	0.37067	0.20823
Ds_00015449-RA-Ds_00015450-RA	0.740589	1.94515	0.380735
Ds_00015449-RA-Ds_00015451-RA	0.159048	0.257936	0.616617
Ds_00015463-RA-Ds_00015464-RA	0.929992	3.11057	0.298978
Ds_00015475-RA-Ds_00015476-RA	0.136379	0.489242	0.278755
Ds_00015501-RA-Ds_00015503-RA	0.105772	0.485191	0.218001
Ds_00015524-RA-Ds_00015526-RA	0.383398	1.81698	0.211008
Ds_00015526-RA-Ds_00015527-RA	0.0894586	0.210004	0.425986
Ds_00015527-RA-Ds_00015528-RA	0.422644	2.54849	0.165841
Ds_00015530-RA-Ds_00015531-RA	0.103629	0.177181	0.584878
Ds_00015562-RA-Ds_00015563-RA	0.61584	1.76303	0.349307
Ds_00015563-RA-Ds_00015564-RA	0.0773769	0.490331	0.157806
Ds_00015564-RA-Ds_00015565-RA	0.492353	4.42203	0.111341
Ds_00015571-RA-Ds_00015572-RA	0.422637	1.07972	0.391434
Ds_00015578-RA-Ds_00015579-RA	0.342256	NA	NA
Ds_00015612-RA-Ds_00015613-RA	0.302081	NA	NA
Ds_00015622-RA-Ds_00015623-RA	0.67977	1.70388	0.398953
Ds_00015663-RA-Ds_00015664-RA	0.144944	0.357061	0.405936
Ds_00015671-RA-Ds_00015672-RA	0.401346	NA	NA
Ds_00015675-RA-Ds_00015676-RA	0.898161	2.35565	0.38128
Ds_00015694-RA-Ds_00015696-RA	0.0968039	0.123746	0.782281
Ds_00015695-RA-Ds_00015696-RA	0.0789292	0.11096	0.711332
Ds_00015739-RA-Ds_00015740-RA	0.0276272	0.0212425	1.30056
Ds_00015779-RA-Ds_00015781-RA	0.0784248	0.309935	0.253036
Ds_00015780-RA-Ds_00015781-RA	1.45618	NA	NA
Ds_00015780-RA-Ds_00015782-RA	1.43256	NA	NA
Ds_00015800-RA-Ds_00015801-RA	0.134891	0.583038	0.231358
Ds_00015806-RA-Ds_00015807-RA	0.386265	1.63205	0.236675
Ds_00015807-RA-Ds_00015808-RA	0.0208703	0.0663773	0.314418
Ds_00015872-RA-Ds_00015873-RA	0.218867	0.393861	0.555698
Ds_00015892-RA-Ds_00015893-RA	0.0731018	0.254761	0.286943
Ds_00015895-RA-Ds_00015896-RA	0.10907	1.70937	0.0638073
Ds_00015911-RA-Ds_00015913-RA	0.454975	1.92507	0.236342
Ds_00015913-RA-Ds_00015914-RA	0.344214	2.31147	0.148915
Ds_00015913-RA-Ds_00015915-RA	0.586872	1.79157	0.327574
Ds_00015926-RA-Ds_00015928-RA	0.210701	0.274307	0.76812
Ds_00015952-RA-Ds_00015953-RA	0.0747845	0.114518	0.653036
Ds_00015976-RA-Ds_00015977-RA	0.464391	NA	NA
Ds_00015980-RA-Ds_00015981-RA	0.5289	1.91267	0.276525
Ds_00016007-RA-Ds_00016008-RA	0.224486	0.487029	0.460929
Ds_00016043-RA-Ds_00016044-RA	0.0630383	0.270879	0.232718
Ds_00016064-RA-Ds_00016066-RA	0.225488	0.595789	0.37847
Ds_00016065-RA-Ds_00016067-RA	1.39348	3.59251	0.387886
Ds_00016070-RA-Ds_00016071-RA	0.0231888	0.0200229	1.15812
Ds_00016071-RA-Ds_00016073-RA	0.0103121	0.0181958	0.566729
Ds_00016072-RA-Ds_00016074-RA	NA	NA	NA
Ds_00016102-RA-Ds_00016103-RA	0.282871	2.22051	0.12739
Ds_00016103-RA-Ds_00016104-RA	0.334662	2.80248	0.119416
Ds_00016103-RA-Ds_00016105-RA	0.4045	4.33275	0.0933586
Ds_00016232-RA-Ds_00016233-RA	0.14055	0.289751	0.485071
Ds_00016356-RA-Ds_00016357-RA	0.0271587	0.00649583	4.18094
Ds_00016375-RA-Ds_00016377-RA	0.0897997	0.332511	0.270065
Ds_00016428-RA-Ds_00016429-RA	0.0908024	0.328137	0.276721
Ds_00016428-RA-Ds_00016430-RA	0.321133	1.05946	0.30311
Ds_00016466-RA-Ds_00016467-RA	0.648925	NA	NA
Ds_00016489-RA-Ds_00016490-RA	0.107428	0.265864	0.404071
Ds_00016490-RA-Ds_00016491-RA	0.2306	0.522304	0.441505
Ds_00016491-RA-Ds_00016492-RA	0.303095	0.711554	0.425962
Ds_00016491-RA-Ds_00016493-RA	0.756614	1.78716	0.423361
Ds_00016498-RA-Ds_00016499-RA	0.371742	1.54376	0.240803
Ds_00016522-RA-Ds_00016523-RA	0.551943	NA	NA
Ds_00016545-RA-Ds_00016546-RA	0.0978863	0.885901	0.110494
Ds_00016566-RA-Ds_00016567-RA	0.432561	2.0546	0.210533
Ds_00016748-RA-Ds_00016749-RA	0.133938	0.309583	0.432638
Ds_00016751-RA-Ds_00016752-RA	0.294954	0.560076	0.526633
Ds_00016773-RA-Ds_00016774-RA	0.34431	2.25691	0.152558
Ds_00016774-RA-Ds_00016775-RA	0.534969	2.51779	0.212476
Ds_00016802-RA-Ds_00016803-RA	0.110052	0.93833	0.117285
Ds_00016829-RA-Ds_00016831-RA	0.341645	0.82272	0.415262
Ds_00016836-RA-Ds_00016837-RA	0.224561	0.382045	0.587787
Ds_00016878-RA-Ds_00016880-RA	0.0505287	0.0822721	0.614166
Ds_00016879-RA-Ds_00016880-RA	0.0422411	0.135234	0.312355
Ds_00016880-RA-Ds_00016881-RA	0.187736	0.359972	0.521531
Ds_00016890-RA-Ds_00016892-RA	0.24737	0.562573	0.439711
Ds_00016891-RA-Ds_00016892-RA	0.21883	1.0245	0.213597
Ds_00016896-RA-Ds_00016897-RA	0.0310306	0.0469235	0.661302
Ds_00016908-RA-Ds_00016910-RA	0.152181	0.702846	0.216521
Ds_00016910-RA-Ds_00016911-RA	0.116832	0.620307	0.188346
Ds_00016919-RA-Ds_00016920-RA	0.200259	0.982439	0.203839
Ds_00016970-RA-Ds_00016971-RA	0.312273	0.802348	0.389199
Ds_00017008-RA-Ds_00017010-RA	0.735501	2.83381	0.259545
Ds_00017038-RA-Ds_00017039-RA	0.569516	3.23323	0.176145
Ds_00017039-RA-Ds_00017040-RA	1.28817	NA	NA
Ds_00017044-RA-Ds_00017045-RA	NA	NA	NA
Ds_00017076-RA-Ds_00017077-RA	0.321183	NA	NA
Ds_00017184-RA-Ds_00017185-RA	0.285862	0.637287	0.448562
Ds_00017185-RA-Ds_00017186-RA	0.0793307	0.168483	0.470853
Ds_00017191-RA-Ds_00017192-RA	0.528899	1.96325	0.2694
Ds_00017312-RA-Ds_00017313-RA	0.187105	0.838777	0.223069
Ds_00017327-RA-Ds_00017328-RA	0.1562	0.58729	0.265967
Ds_00017328-RA-Ds_00017329-RA	0.239401	0.594375	0.402778
Ds_00017347-RA-Ds_00017348-RA	0.301772	1.30412	0.231399
Ds_00017359-RA-Ds_00017360-RA	0.166474	0.345449	0.481907
Ds_00017361-RA-Ds_00017362-RA	0.733455	0.898057	0.816712
Ds_00017379-RA-Ds_00017381-RA	NA	NA	NA
Ds_00017413-RA-Ds_00017414-RA	0.116968	0.742728	0.157484
Ds_00017420-RA-Ds_00017421-RA	0.278477	0.732197	0.380331
Ds_00017476-RA-Ds_00017478-RA	0.801171	1.38973	0.576493
Ds_00017477-RA-Ds_00017478-RA	0.398266	0.695254	0.572836
Ds_00017484-RA-Ds_00017485-RA	0.216168	0.634448	0.340718
Ds_00017485-RA-Ds_00017486-RA	0.157232	0.482898	0.325602
Ds_00017485-RA-Ds_00017487-RA	0.259263	0.718715	0.360732
Ds_00017510-RA-Ds_00017511-RA	0.0486073	0.0573039	0.848238
Ds_00017520-RA-Ds_00017521-RA	0.17224	0.483958	0.355899
Ds_00017590-RA-Ds_00017591-RA	1.04595	1.43109	0.730878
Ds_00017674-RA-Ds_00017675-RA	0.425739	NA	NA
Ds_00017733-RA-Ds_00017734-RA	0.0970566	0.446703	0.217273
Ds_00017760-RA-Ds_00017761-RA	0.0806629	0.263894	0.305664
Ds_00017775-RA-Ds_00017776-RA	0.514061	2.58009	0.199241
Ds_00017820-RA-Ds_00017821-RA	0.310465	0.94997	0.326816
Ds_00017830-RA-Ds_00017831-RA	NA	NA	NA
Ds_00017831-RA-Ds_00017832-RA	NA	NA	NA
Ds_00017832-RA-Ds_00017833-RA	0.953861	1.45917	0.653701
Ds_00017856-RA-Ds_00017857-RA	0.250198	0.683754	0.365918
Ds_00017856-RA-Ds_00017858-RA	0.131272	0.365667	0.358993
Ds_00017930-RA-Ds_00017932-RA	0.120548	0.213112	0.565656
Ds_00017931-RA-Ds_00017932-RA	0.0699325	0.271071	0.257986
Ds_00017932-RA-Ds_00017933-RA	0.564694	1.06304	0.531208
Ds_00017935-RA-Ds_00017936-RA	0.0626904	0.0411331	1.52409
Ds_00017959-RA-Ds_00017960-RA	NA	NA	NA
Ds_00017992-RA-Ds_00017993-RA	0.516561	1.42368	0.362836
Ds_00018016-RA-Ds_00018017-RA	0.421657	0.791704	0.532595
Ds_00018053-RA-Ds_00018054-RA	0.329162	0.445043	0.739619
Ds_00018057-RA-Ds_00018058-RA	1.56658	NA	NA
Ds_00018065-RA-Ds_00018066-RA	0.560714	1.1038	0.507984
Ds_00018066-RA-Ds_00018067-RA	0.390255	0.698849	0.558425
Ds_00018080-RA-Ds_00018082-RA	0.140135	0.22598	0.620123
Ds_00018081-RA-Ds_00018083-RA	0.173639	0.242424	0.716262
Ds_00018082-RA-Ds_00018083-RA	0.229997	0.458928	0.501162
Ds_00018095-RA-Ds_00018097-RA	1.32786	3.01087	0.441023
