species	TD	non_TD	absolute_latitude	elevation	GHM	population	bio1	bio2	bio3	bio4	bio5	bio6	bio7	bio8	bio9	bio10	bio11	bio12	bio13	bio14	bio15	bio16	bio17	bio18	bio19	peo_bio1	peo_bio2	peo_bio3	peo_bio4	peo_bio5	peo_bio6	peo_bio7	peo_bio8	peo_bio9	peo_bio10	peo_bio11	peo_bio12	peo_bio13	peo_bio14	peo_bio15	peo_bio16	peo_bio17	peo_bio18	peo_bio19	vapr	wind	srad	npp	ALUM_SAT	BSAT	BULK	CEC_CLAY	CEC_SOIL	CLAY	CN_RATIO	COARSE	ELEC_COND	GYPSUM	ORG_CARBON	PH_WATER	REF_BULK	SAND	SILT	TCARBON_EQ	TEB	TOTAL_N	ESP	soil_phosphorus	leaf_phenology	growth_habit	height
Abrus_precatorius	3413	21392	1.92	136.96	0.39	540.28	22.68	9.09	53.84	229.26	30.1	14.24	15.87	24.4	20.54	25.22	19.63	1243.62	240.72	22.92	71.36	632.8	86.76	411.76	172.69	212.48	123.18	58.42	2822.8	313.31	97.64	215.66	234.22	186.18	244.59	172.94	1346.21	268.69	20.62	79.87	704.33	80.01	464.77	164.22	2.08	2.57	16840.61	3.25E+11	13.92	54.37	1.28	36.03	12.17	24.11	9.94	13.53	0.81	0.72	1.29	5.37	1.56	44.36	20.81	1.63	11.87	0.85	4.3	314.92	NA	woody	NA
Acer_yangbiense	7078	21230	NA	NA	NA	NA	NA	NA	NA	NA	NA	NA	NA	NA	NA	NA	NA	NA	NA	NA	NA	NA	NA	NA	NA	NA	NA	NA	NA	NA	NA	NA	NA	NA	NA	NA	NA	NA	NA	NA	NA	NA	NA	NA	NA	NA	NA	NA	NA	NA	NA	NA	NA	NA	NA	NA	NA	NA	NA	NA	NA	NA	NA	NA	NA	NA	NA	NA	D	woody	NA
Adiantum_capillus-veneris	6415	24829	33.84	515.43	0.42	470.29	14.62	9.9	39.19	537.63	27.8	3.19	24.61	14.36	16.49	21.35	8.26	798.53	118.54	26.8	45.14	312.79	100.95	191.42	184.37	97.95	107.34	41.82	5443.59	233.07	-28.44	261.51	81.03	121.37	165.84	26.86	862.84	134.15	22.84	50.5	352.91	92.07	182.87	234.24	1.19	3.11	15037.79	2.69E+11	5.85	68.57	1.27	46.37	13.25	21.05	8.15	13.83	0.99	1.47	0.87	6.05	1.52	38.03	27.6	6.23	19.89	0.76	4.26	422.43	NA	NA	NA
Aldrovanda_vesiculosa	743	24380	26.75	235.11	0.34	322.48	13.22	10.12	37.48	678.85	27.48	-1.42	28.9	19.25	7.39	21.19	4.57	837	142.48	23.71	55.84	383.25	83.21	273.78	113.37	53.87	117.7	37.32	8143.94	218.02	-132.16	350.19	123.89	-21.83	149.32	-57.18	849.84	141.72	22.7	57.8	388.88	81.57	274.29	114.66	1.22	2.84	14268.28	2.92E+11	8.72	64.27	1.23	49.82	19.57	20.73	11.09	12.54	0.96	0.73	4.81	5.58	1.53	42.05	27.52	2.67	17.61	1.96	3.33	257.65	NA	herbs	NA
Alsophila_spinulosa	9378	58453	25.07	581.83	0.42	1058.25	18.49	5.81	31.55	443.43	27.13	9.12	18.01	22.56	13.84	23.59	12.78	2506.6	406.61	83.4	55.04	1084.95	279.49	992.47	303.83	142.65	96.92	37.17	5784.16	260.88	1.38	259.5	196.22	75	211.87	63.43	2573.38	423.41	57.72	61.5	1158.89	218.08	1084.23	254.16	1.83	3.28	14523.78	2.69E+11	26.78	42.61	1.35	28.59	10	26.11	8.92	12.33	0.3	1.3	0.74	5.07	1.69	39.41	27.66	0.5	5.29	0.7	2.32	282.92	NA	NA	NA
Amborella_trichopoda	3252	24061	16.75	423.06	0.14	120.28	19	7.23	50.09	240.74	25.66	12.05	13.61	21.47	17.25	21.91	16.03	1788.94	283.29	67.48	44.09	721.12	250.05	699.76	298.39	171.83	87.27	53.45	2640.58	249.72	90.18	159.54	198.12	145.93	204.18	137.04	1477.67	268.5	51.56	56.28	701.76	176.62	666.58	215.62	1.8	3.45	17064.6	7.94E+11	11.66	66.32	1.32	40.97	14.65	30.07	8.46	11.86	0.54	1.79	0.6	5.98	1.74	40.31	23.85	3.17	12.32	0.66	2.12	78.1	D	woody	NA
Anacardium_occidentale	5453	35744	NA	NA	NA	NA	NA	NA	NA	NA	NA	NA	NA	NA	NA	NA	NA	NA	NA	NA	NA	NA	NA	NA	NA	NA	NA	NA	NA	NA	NA	NA	NA	NA	NA	NA	NA	NA	NA	NA	NA	NA	NA	NA	NA	NA	NA	NA	NA	NA	NA	NA	NA	NA	NA	NA	NA	NA	NA	NA	NA	NA	NA	NA	NA	NA	NA	NA	EV	woody	NA
Ananas_comosus	2313	19853	NA	NA	NA	NA	NA	NA	NA	NA	NA	NA	NA	NA	NA	NA	NA	NA	NA	NA	NA	NA	NA	NA	NA	NA	NA	NA	NA	NA	NA	NA	NA	NA	NA	NA	NA	NA	NA	NA	NA	NA	NA	NA	NA	NA	NA	NA	NA	NA	NA	NA	NA	NA	NA	NA	NA	NA	NA	NA	NA	NA	NA	NA	NA	NA	NA	NA	NA	herbs	NA
Annona_cherimola	9147	32266	NA	NA	NA	NA	NA	NA	NA	NA	NA	NA	NA	NA	NA	NA	NA	NA	NA	NA	NA	NA	NA	NA	NA	NA	NA	NA	NA	NA	NA	NA	NA	NA	NA	NA	NA	NA	NA	NA	NA	NA	NA	NA	NA	NA	NA	NA	NA	NA	NA	NA	NA	NA	NA	NA	NA	NA	NA	NA	NA	NA	NA	NA	NA	NA	NA	NA	EV	woody	NA
Arabidopsis_lyrata	4716	26357	50.69	499.82	0.25	183.32	2.61	9.2	25.93	980.37	20.95	-14.74	35.69	12.04	-5.71	14.61	-9.25	939.15	125.88	39.44	36.55	344.45	135.45	309.23	167.14	-121.89	94.48	25.6	10641.2	71.52	-310.64	382.16	-26.73	-195.05	15.25	-251.25	931.46	145.76	33.32	48.69	381.62	118.22	300.36	140.91	0.71	3.52	10937.46	1.99E+11	11.26	55.95	1.21	48.12	12.85	14.69	9.25	16.26	0.7	0.89	2.02	5.2	1.37	39.4	30.54	2.09	10.86	1.23	2.08	238.01	NA	herbs	0.1345833
Arabidopsis_suecica	6919	48808	61.2	112.58	0.42	170.15	3.85	7.53	24.27	798.31	19.94	-9.88	29.82	11.58	-0.94	14.04	-5.68	618.66	76.69	30.87	28.83	211.12	102.37	198.6	127.43	-210.27	72.28	20.89	9844.13	-46.96	-382.36	335.4	-84.86	-324.38	-80.54	-332.79	528.18	102.93	13.74	66.74	260.62	51.02	257.47	55.84	0.68	2.96	8673.52	1.21E+11	17.62	46.24	1.18	50.55	15.63	9.92	11.01	17.01	0.34	0.67	5.24	4.75	1.24	48.82	26.76	0.38	9.74	1.94	1.77	314.94	NA	herbs	NA
Arabidopsis_thaliana	4273	23351	51.89	180.98	0.54	313.13	8.37	7.57	31.13	587.27	21.38	-1.97	23.35	10.09	6.01	15.78	1.44	749.29	84.24	41.92	20.82	235.93	140.2	191.37	183.66	-47.22	88.65	29.15	7906.68	99.77	-206.08	305.85	7.69	-100.02	48.25	-153.23	783.15	100.96	38.81	28.77	269.25	136.3	232.47	166.35	0.89	3.58	10127	2.43E+11	12.04	61.18	1.33	48.41	13.95	16.93	9.7	14.62	0.74	1.23	2.35	5.55	1.48	43.42	30.53	2.51	12.67	1.23	2.54	347.06	NA	herbs	0.195
Arachis_duranensis	3962	30591	13.74	642.15	0.41	803.08	20.98	11.56	50.21	390.34	31.18	8.62	22.57	24.57	16.95	25.16	15.81	992.27	185.67	11.73	82.9	511.64	44.23	458.2	65.79	169.82	131.38	51.69	4169.23	286.53	33.66	252.88	209.88	122.94	218.6	112.38	983.62	190.05	9.07	80.67	517.21	37.7	469.62	56.92	1.71	2.35	15797.19	5.44E+11	13.67	58.45	1.27	41.69	14.34	26.19	8.34	12.67	1.03	1.22	0.86	5.56	1.61	34.96	27.22	2.25	13.27	0.74	3.91	307.38	NA	herbs	NA
Arctium_lappa	4468	36102	NA	NA	NA	NA	NA	NA	NA	NA	NA	NA	NA	NA	NA	NA	NA	NA	NA	NA	NA	NA	NA	NA	NA	NA	NA	NA	NA	NA	NA	NA	NA	NA	NA	NA	NA	NA	NA	NA	NA	NA	NA	NA	NA	NA	NA	NA	NA	NA	NA	NA	NA	NA	NA	NA	NA	NA	NA	NA	NA	NA	NA	NA	NA	NA	NA	NA	NA	herbs	1.3421429
Areca_catechu	3394	28175	NA	NA	NA	NA	NA	NA	NA	NA	NA	NA	NA	NA	NA	NA	NA	NA	NA	NA	NA	NA	NA	NA	NA	NA	NA	NA	NA	NA	NA	NA	NA	NA	NA	NA	NA	NA	NA	NA	NA	NA	NA	NA	NA	NA	NA	NA	NA	NA	NA	NA	NA	NA	NA	NA	NA	NA	NA	NA	NA	NA	NA	NA	NA	NA	NA	NA	NA	woody	NA
Azolla_filiculoides	722	19479	38.38	145.58	0.59	611.95	11.67	8.7	38.88	498.67	23.85	1.76	22.09	10.92	10.56	17.88	5.74	770.34	93.66	38.37	28.46	260.55	132.32	182.26	199.43	41.21	103.93	36.91	6454.96	181.15	-103.92	285.07	67.17	16.64	117	-47.33	777.88	98.34	37.32	27.46	265.42	133.65	193.69	197.34	1.08	3.85	11893.05	2.98E+11	5.73	70.23	1.24	50.29	19.03	21.49	9.4	10.4	1.21	0.96	3.39	5.86	1.55	35.65	31.53	4.14	20.76	1.8	3.82	348.9	NA	NA	NA
Bauhinia_variegata	6276	31401	6.66	580.26	0.65	1832.03	20.53	10.25	53.68	302.47	29.6	10.5	19.1	22.54	18.33	23.93	16.59	1290.37	238.97	26.04	70.64	626.68	96.8	449.54	168.33	172.65	122.37	55.79	3429.06	278.94	53.53	225.41	194.77	148.32	212.28	125.47	1272.89	246.8	22.24	73.53	638.89	86.16	466.53	151.68	1.79	2.39	16404.55	4.18E+11	11.81	40.96	0.98	26.86	9.48	21.42	7.04	9.6	0.49	0.51	0.75	4.16	1.26	30.25	17.55	1.3	8.42	0.6	2.6	302.42	D	woody	NA
Beta_vulgaris	3426	23095	NA	NA	NA	NA	NA	NA	NA	NA	NA	NA	NA	NA	NA	NA	NA	NA	NA	NA	NA	NA	NA	NA	NA	NA	NA	NA	NA	NA	NA	NA	NA	NA	NA	NA	NA	NA	NA	NA	NA	NA	NA	NA	NA	NA	NA	NA	NA	NA	NA	NA	NA	NA	NA	NA	NA	NA	NA	NA	NA	NA	NA	NA	NA	NA	NA	NA	NA	herbs	1.2125
Betula_pendula	4517	23636	53.43	227.88	0.49	265.02	7.33	7.77	30.65	653.95	21.36	-4.08	25.44	10.35	3.89	15.56	-0.43	761.5	86.94	42.5	22.87	243.33	141.35	207.71	178.9	-69.14	86.02	27.47	8365.17	82.13	-233.71	315.83	-0.98	-135.65	33.12	-180.28	742.48	97.28	37.09	32.64	259.42	128.79	236.65	149.03	0.86	3.57	10107.89	2.40E+11	13.89	59.41	1.34	50.38	14.86	16.19	10.43	15.56	0.67	1.13	3	5.52	1.48	45.49	30.87	2.24	12.27	1.45	2.37	354.34	D	woody	24.2832258
Brachypodium_distachyon	4463	29847	30.08	362.78	0.42	281.23	14.24	10.13	38.98	534.71	28.02	3.28	24.74	12.15	19.6	21.07	8.08	521.99	76.69	15.35	44.46	202.05	63.55	72.84	169.46	106.08	108.81	44	4739.77	240.47	-2.31	242.77	65.15	163.49	167.95	46.88	593.55	91.57	12.87	50.18	240.58	56.11	62.12	226.41	1.1	3.25	15319.24	2.14E+11	2.02	76.39	1.29	49.61	13.81	21.1	8.02	13.81	1.24	1.66	0.77	6.55	1.54	38.98	27.91	8.29	25.84	0.7	6.36	521.74	NA	herbs	0.0938
Brachypodium_sylvaticum	5193	31734	48.72	294.83	0.51	232.04	9.63	8.01	34.28	556.88	22.52	-0.41	22.92	9.65	8.8	16.65	3.09	859.29	97.07	48.36	20.23	271.77	161.72	204.82	221.26	14.01	88.9	32.63	6557.99	147.29	-125.89	273.19	27.47	4.09	91.89	-75.6	865.66	101.33	46.54	21.61	276.69	160.98	216.52	214.58	0.96	3.59	11145.83	3.08E+11	8.58	70.51	1.4	48.99	14.66	21.56	8.92	14.67	0.94	1.6	1.36	6.08	1.62	38.56	33.97	5.02	16.31	1.03	2.86	387.86	NA	herbs	0.9
Brassica_oleracea	5684	53536	NA	NA	NA	NA	NA	NA	NA	NA	NA	NA	NA	NA	NA	NA	NA	NA	NA	NA	NA	NA	NA	NA	NA	NA	NA	NA	NA	NA	NA	NA	NA	NA	NA	NA	NA	NA	NA	NA	NA	NA	NA	NA	NA	NA	NA	NA	NA	NA	NA	NA	NA	NA	NA	NA	NA	NA	NA	NA	NA	NA	NA	NA	NA	NA	NA	NA	NA	herbs	0.619
Brassica_rapa	4714	36304	NA	NA	NA	NA	NA	NA	NA	NA	NA	NA	NA	NA	NA	NA	NA	NA	NA	NA	NA	NA	NA	NA	NA	NA	NA	NA	NA	NA	NA	NA	NA	NA	NA	NA	NA	NA	NA	NA	NA	NA	NA	NA	NA	NA	NA	NA	NA	NA	NA	NA	NA	NA	NA	NA	NA	NA	NA	NA	NA	NA	NA	NA	NA	NA	NA	NA	NA	herbs	0.6867846
Buddleja_alternifolia	6072	23362	41.31	873.44	0.66	423.6	9.02	10.02	33.27	756.78	24.54	-5.85	30.38	16.27	1.28	18.16	-0.47	619.21	97.48	22.99	55.1	263.82	76.9	245.4	89.78	12.11	112.42	31.92	8408.98	175.27	-173.79	349.05	93.21	-80.85	110.52	-103.84	591.98	98.46	22.66	57.98	258.88	75.48	242.83	86.2	0.87	2.93	12611.53	2.40E+11	5.65	61.33	1.15	44.09	10.67	15.51	6.94	12.3	0.9	1.28	0.67	5.18	1.29	33.06	27.62	5.12	14.92	0.66	2.55	364.78	NA	woody	NA
Cajanus_cajan	4306	24739	6.62	446.54	0.58	623.36	23.2	10.07	58.58	246.41	31.91	14	17.91	24.43	21.51	26.02	19.97	1407.37	269.81	25.88	77.33	696.3	98.06	402.78	209.56	200.6	116.22	59.56	2605.84	296.84	93.71	203.12	216.87	180.04	230.3	164.06	1324.02	257.02	21.91	77.96	659.46	85.9	426.27	177.41	2.08	2.23	17333.33	4.35E+11	12.65	51.23	1.16	33.22	12.56	27.42	8.22	11.56	0.64	0.65	0.84	5.01	1.52	34.37	20.44	1.59	11.43	0.69	3.15	334.61	NA	woody	3.048
Capsella_rubella	4707	22975	45.37	321.29	0.52	323.37	11.24	8.85	35.87	571.25	24.88	0.64	24.24	10.99	12.22	18.46	4.55	827.26	94.09	44.89	21.88	256.6	154.08	182.28	210.37	55.22	89.19	36.47	5429.86	180.74	-62.75	243.49	42.67	73.6	121.56	-18.11	850.55	98.37	42.16	23.01	267.61	151.8	173.93	235.29	1.03	3.31	12589.42	3.53E+11	8.07	69.03	1.35	47.73	13.74	20.31	8.71	14.27	1.02	1.73	1.14	5.99	1.56	37.32	32.95	5.31	17.01	0.91	3.05	418.63	NA	herbs	NA
Capsicum_baccatum	5637	30216	9.46	647.28	0.39	396.09	20.76	11.12	60.51	260.21	29.53	11.04	18.5	22.73	18.43	23.66	17.4	1169.79	185.14	32.5	59	497.67	117.17	401.81	159.37	170.27	121.19	60.06	2898.36	269.32	62.61	206.71	189.07	146.64	204.23	131.11	1186.33	191.03	34.19	57.72	504.04	126.17	399.87	170.34	1.81	2.32	15661.41	5.99E+11	13.67	55.22	1.23	35.75	11.93	27.53	8.56	13.1	0.72	0.76	0.83	5.43	1.61	37.99	22.19	2.21	12.57	0.73	3.8	328.39	NA	woody	NA
Carica_papaya	2659	19735	NA	NA	NA	NA	NA	NA	NA	NA	NA	NA	NA	NA	NA	NA	NA	NA	NA	NA	NA	NA	NA	NA	NA	NA	NA	NA	NA	NA	NA	NA	NA	NA	NA	NA	NA	NA	NA	NA	NA	NA	NA	NA	NA	NA	NA	NA	NA	NA	NA	NA	NA	NA	NA	NA	NA	NA	NA	NA	NA	NA	NA	NA	NA	NA	NA	NA	D	woody	6.096
Carpinus_fangiana	4432	22949	29.6	938.33	0.62	249.48	14.65	8.58	30.31	723.18	28.3	-0.02	28.32	21.44	6.02	23.12	5.28	1190.36	230.68	20.99	76.3	603.47	75.75	548.69	88.8	105.32	97.95	33.43	6625.11	246.49	-43.86	290.36	170.32	25.65	186.65	13.36	1078.3	228.46	15.78	79.58	577.38	62.74	526.59	78.23	1.34	1.7	12655.81	2.67E+11	15.09	45.46	1.08	31.15	9.27	18.72	6.35	11.51	0.53	0.91	0.51	4.52	1.3	28.98	25.14	3.27	9.98	0.53	2.09	383.27	NA	woody	NA
Carya_illinoinensis	4815	28657	NA	NA	NA	NA	NA	NA	NA	NA	NA	NA	NA	NA	NA	NA	NA	NA	NA	NA	NA	NA	NA	NA	NA	NA	NA	NA	NA	NA	NA	NA	NA	NA	NA	NA	NA	NA	NA	NA	NA	NA	NA	NA	NA	NA	NA	NA	NA	NA	NA	NA	NA	NA	NA	NA	NA	NA	NA	NA	NA	NA	NA	NA	NA	NA	NA	NA	D	woody	39.7233333
Cephalotus_follicularis	1875	34628	33.85	74.89	0.17	41.19	12.41	7.9	44.21	254.58	20.59	5.91	14.68	9.76	15.14	15.64	9.47	763.94	124.22	18.97	47.29	335.75	62.44	71.06	332.46	119.71	110.42	54.78	3209.53	232.34	31.24	201.09	92.85	157.19	162.27	80.44	907.48	151.23	19.93	61.59	423.74	71.85	77.87	401.32	1.08	4.13	14721.7	4.09E+11	16.65	45.57	1.26	39.65	8.78	13.8	12.19	14.92	0.45	0.38	0.9	4.64	1.25	53.79	15.57	0.36	6.17	0.52	3.52	334.15	NA	herbs	NA
Ceratophyllum_demersum	1557	23766	48.9	119.6	0.57	446.37	9.26	8.07	32.17	627.03	22.85	-2.07	24.92	12.05	5.22	17.04	1.71	736.46	86.8	38.95	24.16	240.94	132.49	203.72	166.37	-28.81	96.75	29.86	8447.32	129.46	-200.06	329.52	42.35	-101.01	72.24	-142.71	742.31	100.13	35.92	30.21	262.27	127.17	231.1	148.79	0.97	3.68	10663.69	2.58E+11	7.91	69.39	1.31	51.36	17.12	19.21	9.78	12.09	1.02	0.97	3.12	5.88	1.54	40.06	32.65	3.6	17.53	1.64	2.94	334.23	NA	herbs	NA
Ceratopteris_richardii	6772	30085	22.83	193.53	0.53	576.31	19.29	9.63	54.96	367.21	28.79	9.31	19.48	19.99	18.2	23.59	14.6	1453.87	220.2	46.93	43.77	580.73	169.47	359.87	322.33	144	123.67	55.6	5314.33	275	3.4	271.6	147	127.53	206.47	71.53	1317.53	204.67	42.67	50.8	541.53	156.47	355.33	283.6	1.87	2.38	15657.1	4.34E+11	9.84	40.52	0.89	24.42	8.63	19.5	5.5	6.94	0.32	0.45	0.37	3.66	1.11	23.67	16.83	1.88	8.96	0.41	1.73	422.07	NA	NA	NA
Ceriops_tagal	1661	21997	NA	NA	NA	NA	NA	NA	NA	NA	NA	NA	NA	NA	NA	NA	NA	NA	NA	NA	NA	NA	NA	NA	NA	NA	NA	NA	NA	NA	NA	NA	NA	NA	NA	NA	NA	NA	NA	NA	NA	NA	NA	NA	NA	NA	NA	NA	NA	NA	NA	NA	NA	NA	NA	NA	NA	NA	NA	NA	NA	NA	NA	NA	NA	NA	NA	NA	EV	woody	NA
Ceriops_zippeliana	1528	21946	3.52	46.97	0.41	1301.44	22.39	6.11	62.87	56.68	26.6	18.43	8.16	22.22	22.16	23.06	21.65	1787.64	277.28	59.92	46.26	731.78	204.75	402.72	381.17	221.08	111.44	68.78	1141.44	303.31	144.06	159.25	225.25	212.61	234.89	205.08	2021.89	365.94	57.67	57.94	831.97	214.64	618.36	353.5	2.39	1.83	14513.72	3.65E+11	13.98	51.89	1.15	34.97	13.75	27.97	9.71	11.91	1.48	0.9	1.4	4.98	1.58	37.14	21	0.96	12.17	0.84	8.37	68.98	NA	woody	NA
Chenopodium_quinoa	5416	29010	NA	NA	NA	NA	NA	NA	NA	NA	NA	NA	NA	NA	NA	NA	NA	NA	NA	NA	NA	NA	NA	NA	NA	NA	NA	NA	NA	NA	NA	NA	NA	NA	NA	NA	NA	NA	NA	NA	NA	NA	NA	NA	NA	NA	NA	NA	NA	NA	NA	NA	NA	NA	NA	NA	NA	NA	NA	NA	NA	NA	NA	NA	NA	NA	NA	NA	NA	herbs	NA
Chiococca_alba	3438	25259	7.32	435.17	0.37	277.63	21.42	9.71	61.39	172.29	28.61	13.7	14.91	22.61	20.13	23.31	19.15	1331.99	222.4	32.14	59.79	585.27	116.49	387.4	210.83	193.4	118.65	62.74	2386.82	285.92	93.59	192.33	210.69	179.04	219.65	159.66	1254.05	224.76	28.91	66.4	585.7	109.75	369.6	195.87	2.03	2.32	16092.15	5.12E+11	14.02	55.78	1.25	40.49	14.93	26.7	9.59	14.43	0.75	0.69	1.39	5.62	1.64	41.28	23.15	3.76	13.09	1.03	3.22	381.86	EV	woody	0.415625
Cicer_arietinum	3197	21765	NA	NA	NA	NA	NA	NA	NA	NA	NA	NA	NA	NA	NA	NA	NA	NA	NA	NA	NA	NA	NA	NA	NA	NA	NA	NA	NA	NA	NA	NA	NA	NA	NA	NA	NA	NA	NA	NA	NA	NA	NA	NA	NA	NA	NA	NA	NA	NA	NA	NA	NA	NA	NA	NA	NA	NA	NA	NA	NA	NA	NA	NA	NA	NA	NA	NA	NA	herbs	0.45
Cichorium_intybus	5364	38357	NA	NA	NA	NA	NA	NA	NA	NA	NA	NA	NA	NA	NA	NA	NA	NA	NA	NA	NA	NA	NA	NA	NA	NA	NA	NA	NA	NA	NA	NA	NA	NA	NA	NA	NA	NA	NA	NA	NA	NA	NA	NA	NA	NA	NA	NA	NA	NA	NA	NA	NA	NA	NA	NA	NA	NA	NA	NA	NA	NA	NA	NA	NA	NA	NA	NA	NA	herbs	0.6229947
Cinnamomum_kanehirae	5867	22032	24.12	852.96	0.28	710.47	17.78	5.52	32.9	398.23	25.66	9.08	16.58	21.91	13.43	22.26	12.57	2716.8	468.6	72.76	61.72	1246.58	245.28	1196.8	275.92	132.1	100.9	40.58	5343.44	242.18	-6.08	248.26	189.48	67.16	194.88	58.38	2922.64	506.16	54.34	67.58	1386.22	195.14	1353.38	241.9	1.79	3.27	14870.68	2.95E+11	33.08	44.43	1.46	31.21	10.67	27.04	8.99	14.33	0.29	2.04	0.69	5.25	1.77	39.85	31.11	0.12	5.24	0.72	2.61	376.08	EV	woody	NA
Citrus_clementina	5052	19948	NA	NA	NA	NA	NA	NA	NA	NA	NA	NA	NA	NA	NA	NA	NA	NA	NA	NA	NA	NA	NA	NA	NA	NA	NA	NA	NA	NA	NA	NA	NA	NA	NA	NA	NA	NA	NA	NA	NA	NA	NA	NA	NA	NA	NA	NA	NA	NA	NA	NA	NA	NA	NA	NA	NA	NA	NA	NA	NA	NA	NA	NA	NA	NA	NA	NA	NA	woody	NA
Citrus_unshiu	7364	21671	33.51	115.14	0.75	1746.89	15.61	8.24	29.7	678.46	29.11	2.07	27.04	21.99	9.1	23.89	7.24	1558.19	244.43	48.19	50.01	636.86	166.62	553.52	182	96.95	112.71	30.67	8955.14	276.95	-98.57	375.52	189.52	-1.62	208.14	-22.86	1482.29	256.67	27.95	61	654.33	113.62	608.14	131.43	1.45	3	13362.86	3.29E+11	18.4	37.44	1.01	26.94	8	19.06	6.81	8.58	0.27	0.49	0.7	4.03	1.28	31.11	21.25	0.6	5.74	0.58	1.67	166.72	NA	woody	NA
Cleome_violacea	3125	18725	38.42	400.03	0.36	98.59	15.26	11.1	40.83	560.92	30.64	3.73	26.91	9.97	22.33	22.56	8.89	665.45	103.64	6.78	58.48	285.01	40.17	45.97	268.18	110.19	106.75	43.03	4673.88	258.7	14.22	244.48	61.58	172.09	173.93	55.58	924.51	171.77	4.01	72.29	459.57	28.81	32.8	443.87	1.17	2.98	16454.47	2.45E+11	2.54	36.13	0.67	26.12	6.89	10.09	4.5	7.34	0.56	0.77	0.52	3.21	0.79	22.24	13.54	2.13	10.36	0.43	2.68	397.61	NA	herbs	NA
Coffea_arabica	7805	36869	NA	NA	NA	NA	NA	NA	NA	NA	NA	NA	NA	NA	NA	NA	NA	NA	NA	NA	NA	NA	NA	NA	NA	NA	NA	NA	NA	NA	NA	NA	NA	NA	NA	NA	NA	NA	NA	NA	NA	NA	NA	NA	NA	NA	NA	NA	NA	NA	NA	NA	NA	NA	NA	NA	NA	NA	NA	NA	NA	NA	NA	NA	NA	NA	NA	NA	EV	woody	4.572
Coffea_canephora	4126	21448	2.07	511.92	0.36	329.96	23.39	9.47	70.9	111.94	30.16	16.69	13.46	23.64	22.7	24.68	21.98	1796.55	294.48	42.21	58.57	764.97	159.99	457.16	370.21	202.08	106.26	70.13	1208.69	276.67	124.95	151.73	206.01	192.49	216.14	185.61	1711.13	290.84	36.31	59.62	734.96	149.82	480.42	325.5	2.29	1.98	16304.88	6.22E+11	21.37	40.75	1.21	23.95	10.26	32.59	9.08	12.5	0.38	0.42	1.01	5	1.69	37.72	19.1	0.45	6.38	0.77	2.4	220.47	EV	woody	NA
Corylus_avellana	8091	17641	NA	NA	NA	NA	NA	NA	NA	NA	NA	NA	NA	NA	NA	NA	NA	NA	NA	NA	NA	NA	NA	NA	NA	NA	NA	NA	NA	NA	NA	NA	NA	NA	NA	NA	NA	NA	NA	NA	NA	NA	NA	NA	NA	NA	NA	NA	NA	NA	NA	NA	NA	NA	NA	NA	NA	NA	NA	NA	NA	NA	NA	NA	NA	NA	NA	NA	D	woody	4.9786957
Corymbia_citriodora	9297	26331	24.29	290.19	0.31	349.19	18.68	10.84	50.02	393.18	28.78	7.26	21.52	22.25	14.92	23.18	13.49	988.26	153.79	32.45	48.83	413.69	114.55	371.71	144.15	150.93	133.09	52.08	4279.03	267.24	12.53	254.71	189.6	112.65	200.92	91.79	1015.98	163.53	28.64	53.02	442.86	101.34	391.33	136.92	1.5	3.05	17788.06	5.01E+11	8.98	62.32	1.36	40.04	13.58	27.54	8.78	10.53	0.93	0.62	0.69	5.73	1.65	39.51	24.18	1.81	13.89	0.62	5.5	341.57	NA	woody	NA
Cucurbita_pepo	3258	25985	NA	NA	NA	NA	NA	NA	NA	NA	NA	NA	NA	NA	NA	NA	NA	NA	NA	NA	NA	NA	NA	NA	NA	NA	NA	NA	NA	NA	NA	NA	NA	NA	NA	NA	NA	NA	NA	NA	NA	NA	NA	NA	NA	NA	NA	NA	NA	NA	NA	NA	NA	NA	NA	NA	NA	NA	NA	NA	NA	NA	NA	NA	NA	NA	NA	NA	NA	herbs	6.125
Cuscuta_australis	1162	16995	16.82	257.32	0.52	684.73	14.51	9.28	36.26	628.58	27.49	1.24	26.24	19.13	9.73	22	6.57	1111.83	191.82	32.57	53.44	496.92	116.07	429.92	164.49	98.67	119.45	38.95	7339.71	254.54	-73.87	328.41	158.38	40.05	188.44	-1.69	1125.79	224.18	23.11	65.3	560.19	89.8	488.59	152.35	1.31	2.8	14382.79	3.20E+11	10.29	56.42	1.21	37.48	11.55	20.33	8.17	12.2	0.89	1	1	5.27	1.45	36.85	25.73	2.63	12.24	0.73	3.62	311.75	NA	herbs	NA
Cuscuta_campestris	2950	42524	33.82	248.83	0.56	476.18	12.75	9.72	35.53	655.39	27.19	-0.1	27.28	15.54	10.73	20.75	4.72	777.66	108.95	32.19	36.28	291.8	113.36	230.1	163.67	58.6	110.99	35.92	7656.48	218.59	-105.87	324.46	82.2	36.39	150.63	-44.32	815.13	120.74	28.77	39.57	321.52	104.64	238.11	174.45	1.13	3.04	13659.92	2.73E+11	6.07	70.45	1.3	47.18	14.09	21.97	8.1	11.74	1.23	1.2	1	5.99	1.54	35.34	30.12	5.68	19.24	0.81	4.1	358.26	NA	herbs	0.55
Cycas_panzhihuaensis	7730	24623	25.56	1710.67	0.73	1031.75	16.99	11.09	47.29	457.66	26.83	3.37	23.47	21.78	10.83	21.78	10.83	864	179.17	9.67	86.15	488	36.5	488	36.5	131.33	112	47.17	4476.33	228.67	-7.33	236	180.5	68.67	181	68.67	901.83	195.67	9.17	86	513	35	477.5	35	1.35	1.82	14714.39	4.06E+11	13.71	25.95	0.73	12.05	4	15.21	4.52	8.9	0.1	1.57	0.31	2.78	0.92	21.57	13.21	0	2.45	0.36	1.26	289.52	EV	woody	NA
Cymbidium_ensifolium	8395	20343	21.59	743.44	0.45	662.17	19.18	8.25	40.43	472.95	29.23	7.66	21.57	22.99	13.86	24.49	12.97	1636.82	297.03	31.16	71.37	785.78	114.36	639.78	139.88	154.88	102.74	43.24	4759.52	269.24	25.49	243.75	196.57	102.66	211.62	88.98	1532.56	305.5	17.97	76.67	786.02	75.15	657.56	110.16	1.83	1.94	15159.83	4.01E+11	21.64	41.11	1.21	25.65	9.12	25.84	8.01	13.09	0.38	0.53	0.7	4.73	1.55	35.82	22.34	0.86	6.46	0.61	1.93	279.76	NA	herbs	NA
Daucus_carota	5235	26874	NA	NA	NA	NA	NA	NA	NA	NA	NA	NA	NA	NA	NA	NA	NA	NA	NA	NA	NA	NA	NA	NA	NA	NA	NA	NA	NA	NA	NA	NA	NA	NA	NA	NA	NA	NA	NA	NA	NA	NA	NA	NA	NA	NA	NA	NA	NA	NA	NA	NA	NA	NA	NA	NA	NA	NA	NA	NA	NA	NA	NA	NA	NA	NA	NA	NA	NA	herbs	0.5061471
Descurainia_sophioides	3844	24188	66.61	232.81	0.09	7.58	-8.26	8.35	17.25	1387.77	15.76	-29.19	44.95	7.69	-17.6	9.12	-24.19	284.76	47.28	10.38	48.18	123.13	35.89	115.46	46.91	-201.56	94.83	19.18	14930.44	67.95	-425.24	493.19	-9.05	-316.64	1.13	-372.13	168.31	30.13	5.29	57.32	77.84	18.72	74.14	25.12	0.35	3.22	8081.54	52086156899	7.37	58.94	1.08	47.13	15.4	13.73	10.56	18.29	0.82	1.09	3.72	5.2	1.33	36.44	32.26	2.69	14.07	1.93	2.84	108.2	NA	herbs	NA
Dioscorea_zingiberensis	4286	20903	30.83	787.76	0.67	358.31	14.99	9.09	30.71	770.48	29.54	-0.51	30.05	22.67	5.45	24.15	5.12	1025.31	190.34	15.66	73.49	502.34	58.65	460.25	61.89	108.63	102.62	32.44	7213.8	261.73	-55.08	316.81	181.57	15.48	198.14	8.58	905.96	182.94	11.15	80.31	477.12	46	441.94	53.74	1.35	1.73	13488.56	3.02E+11	7.25	48.83	0.97	30.95	8.95	17.06	5.58	11.1	0.68	0.96	0.4	4.27	1.17	26.31	21.89	2.91	9.78	0.43	2.05	393	NA	herbs	NA
Diptychocarpus_strictus	4258	22808	40.87	782.72	0.31	327.91	11.07	12.43	29.32	1148.1	33.46	-9.78	43.24	11.07	15.6	24.89	-3.37	219.96	35.15	4.49	54.38	93.89	18.02	36.98	65.72	50.28	138.79	30.47	11389.6	275.62	-188.64	464.26	47.45	115.49	185.74	-106.49	153.51	26.72	2.79	57.64	67.45	12.02	22.62	48.57	0.69	2.87	15877.69	56081192829	0.02	62.3	0.97	38.83	9.27	14.47	5.69	10.44	2.24	1.38	0.39	5.25	1.14	32.78	18.71	8.37	23.96	0.44	10.85	333.53	NA	herbs	NA
Drosera_spatulata	1428	16683	24.6	306.22	0.26	558.76	15.45	8.37	43.5	352.76	24.24	6.15	18.09	17.93	12.8	19.58	10.9	1553.27	221.8	63.62	37.41	586.23	228.29	465.75	281.7	127.23	116.1	48.19	4292.59	241.36	1.84	239.52	157.86	95.01	179	68.92	1685.14	237.89	62.81	42.43	643.1	231.91	517.16	293.97	1.38	3.71	15373.21	4.15E+11	20.04	47.23	1.34	37.75	11.51	23.43	10.84	13.37	0.49	0.74	1.21	5.24	1.6	46.12	23.29	0.65	8.03	0.81	3.24	214.16	NA	herbs	0.05
Durio_zibethinus	4717	31115	NA	NA	NA	NA	NA	NA	NA	NA	NA	NA	NA	NA	NA	NA	NA	NA	NA	NA	NA	NA	NA	NA	NA	NA	NA	NA	NA	NA	NA	NA	NA	NA	NA	NA	NA	NA	NA	NA	NA	NA	NA	NA	NA	NA	NA	NA	NA	NA	NA	NA	NA	NA	NA	NA	NA	NA	NA	NA	NA	NA	NA	NA	NA	NA	NA	NA	EV	woody	NA
Echinochloa_crus-galli	11483	92300	44.76	226.76	0.6	436.1	10.33	8.76	34.18	634.69	24.38	-1.38	25.76	12.73	7.07	18.19	2.67	809.16	97.06	42.96	25.22	267.35	144.41	226.32	181.29	14.07	97.61	32.21	7634.46	164.36	-145.54	309.9	66.15	-38.64	104.8	-89.84	794.99	103.05	38.52	28.13	275.22	135.23	232.65	170.77	1.01	3.42	11663.17	2.92E+11	9.34	67.3	1.36	49.05	14.14	19.63	9.27	13.19	0.92	1.14	1.55	5.83	1.55	39.95	31.86	3.86	15.24	1.05	2.92	345.03	NA	herbs	NA
Elaeis_guineensis	2797	23498	NA	NA	NA	NA	NA	NA	NA	NA	NA	NA	NA	NA	NA	NA	NA	NA	NA	NA	NA	NA	NA	NA	NA	NA	NA	NA	NA	NA	NA	NA	NA	NA	NA	NA	NA	NA	NA	NA	NA	NA	NA	NA	NA	NA	NA	NA	NA	NA	NA	NA	NA	NA	NA	NA	NA	NA	NA	NA	NA	NA	NA	NA	NA	NA	NA	NA	NA	woody	NA
Eragrostis_curvula	12414	42768	NA	NA	NA	NA	NA	NA	NA	NA	NA	NA	NA	NA	NA	NA	NA	NA	NA	NA	NA	NA	NA	NA	NA	NA	NA	NA	NA	NA	NA	NA	NA	NA	NA	NA	NA	NA	NA	NA	NA	NA	NA	NA	NA	NA	NA	NA	NA	NA	NA	NA	NA	NA	NA	NA	NA	NA	NA	NA	NA	NA	NA	NA	NA	NA	NA	NA	NA	herbs	NA
Eragrostis_tef	5840	32387	NA	NA	NA	NA	NA	NA	NA	NA	NA	NA	NA	NA	NA	NA	NA	NA	NA	NA	NA	NA	NA	NA	NA	NA	NA	NA	NA	NA	NA	NA	NA	NA	NA	NA	NA	NA	NA	NA	NA	NA	NA	NA	NA	NA	NA	NA	NA	NA	NA	NA	NA	NA	NA	NA	NA	NA	NA	NA	NA	NA	NA	NA	NA	NA	NA	NA	NA	herbs	NA
Erigeron_canadensis	5074	23629	NA	NA	NA	NA	NA	NA	NA	NA	NA	NA	NA	NA	NA	NA	NA	NA	NA	NA	NA	NA	NA	NA	NA	NA	NA	NA	NA	NA	NA	NA	NA	NA	NA	NA	NA	NA	NA	NA	NA	NA	NA	NA	NA	NA	NA	NA	NA	NA	NA	NA	NA	NA	NA	NA	NA	NA	NA	NA	NA	NA	NA	NA	NA	NA	NA	NA	NA	herbs	0.2418
Eucalyptus_grandis	9858	26921	NA	NA	NA	NA	NA	NA	NA	NA	NA	NA	NA	NA	NA	NA	NA	NA	NA	NA	NA	NA	NA	NA	NA	NA	NA	NA	NA	NA	NA	NA	NA	NA	NA	NA	NA	NA	NA	NA	NA	NA	NA	NA	NA	NA	NA	NA	NA	NA	NA	NA	NA	NA	NA	NA	NA	NA	NA	NA	NA	NA	NA	NA	NA	NA	NA	NA	EV	woody	41.645
Eutrema_salsugineum	3657	22871	53.4	661.85	0.23	68.46	-0.5	11.92	24.94	1376.19	23.82	-24.74	48.56	15.42	-13.26	15.79	-17.92	383.62	74.48	9.28	65.62	188.94	34.77	186.61	45.48	-104.48	123.73	24.41	14246.8	147.48	-368.17	515.65	60.84	-253.58	70.86	-291.96	256.54	49.81	6.83	61.27	126.76	24.38	122.09	28.63	0.56	2.6	11896.72	1.40E+11	4.43	74.82	1.3	58.24	14.34	17.66	8.75	14.83	1.33	1.32	1.24	6.12	1.5	37.01	35.02	5.42	16.99	0.99	3.92	346.33	NA	herbs	NA
Ficus_carica	6349	31335	NA	NA	NA	NA	NA	NA	NA	NA	NA	NA	NA	NA	NA	NA	NA	NA	NA	NA	NA	NA	NA	NA	NA	NA	NA	NA	NA	NA	NA	NA	NA	NA	NA	NA	NA	NA	NA	NA	NA	NA	NA	NA	NA	NA	NA	NA	NA	NA	NA	NA	NA	NA	NA	NA	NA	NA	NA	NA	NA	NA	NA	NA	NA	NA	NA	NA	D	woody	6.5
Glycine_max	5329	50568	NA	NA	NA	NA	NA	NA	NA	NA	NA	NA	NA	NA	NA	NA	NA	NA	NA	NA	NA	NA	NA	NA	NA	NA	NA	NA	NA	NA	NA	NA	NA	NA	NA	NA	NA	NA	NA	NA	NA	NA	NA	NA	NA	NA	NA	NA	NA	NA	NA	NA	NA	NA	NA	NA	NA	NA	NA	NA	NA	NA	NA	NA	NA	NA	NA	NA	NA	herbs	0.63288
Gnetum_montanum	5500	21854	21.28	638.79	0.59	416.83	20.58	8.77	42.47	431.76	30.02	9	21.02	24.19	15.59	25.25	14.78	1653.16	325.95	19.7	78.06	863.77	77.09	718.51	108.09	172.52	109.54	45.61	4429.33	281.61	40.69	240.92	213.02	121.72	223.17	110.14	1524.21	310.37	13.89	80.14	802.27	57.69	696.65	83.91	1.94	1.75	15815.21	4.36E+11	15.08	34.6	0.95	19.56	7.64	21.77	6.5	10.42	0.33	0.28	0.52	3.85	1.25	27.68	17.76	1.26	5.05	0.48	1.6	294.35	EV	woody	NA
Gossypium_arboreum	4506	29904	14.34	307.9	0.59	1312.71	19.74	8.78	46.96	346.02	28.84	10.1	18.74	21.93	16.92	23.8	15.31	1115.19	220.5	18.26	70.69	565.25	68.2	328.61	204	176	109.16	51.25	4039.72	285.61	52.61	233.01	202.61	144.61	224.29	120.86	1140.72	232.03	15.36	78.04	576.08	64.16	383.41	182.39	1.79	2	14620.16	3.41E+11	8.79	37.63	0.85	23.04	7.65	17.16	5.76	9.51	0.48	0.53	0.5	3.59	1.06	26.35	15.39	1.34	7.54	0.42	2.54	268.73	NA	woody	NA
Gossypium_darwinii	9906	68397	0.27	167.68	0.12	43.77	18.26	6.75	50.73	132.32	23.68	13.08	10.6	19.78	17.05	19.97	16.71	278.37	54.18	5.45	66.06	148.03	20.4	142.78	26.57	194.56	68.66	50.77	2149.59	268.97	136.6	132.36	222.41	180.16	223.5	168.16	536.59	115.9	19.61	73.58	271.51	69.85	267.34	90.1	1.86	3.23	13096.97	79848442465	10.87	61.36	1.26	43.75	10.6	18.15	9.03	15.77	0.85	0.78	0.55	5.9	1.48	49.51	19.5	2.71	14.7	0.5	4.61	6.47	NA	NA	NA
Gossypium_hirsutum	6177	60400	NA	NA	NA	NA	NA	NA	NA	NA	NA	NA	NA	NA	NA	NA	NA	NA	NA	NA	NA	NA	NA	NA	NA	NA	NA	NA	NA	NA	NA	NA	NA	NA	NA	NA	NA	NA	NA	NA	NA	NA	NA	NA	NA	NA	NA	NA	NA	NA	NA	NA	NA	NA	NA	NA	NA	NA	NA	NA	NA	NA	NA	NA	NA	NA	NA	NA	NA	woody	NA
Helianthus_annuus	8021	44168	NA	NA	NA	NA	NA	NA	NA	NA	NA	NA	NA	NA	NA	NA	NA	NA	NA	NA	NA	NA	NA	NA	NA	NA	NA	NA	NA	NA	NA	NA	NA	NA	NA	NA	NA	NA	NA	NA	NA	NA	NA	NA	NA	NA	NA	NA	NA	NA	NA	NA	NA	NA	NA	NA	NA	NA	NA	NA	NA	NA	NA	NA	NA	NA	NA	NA	NA	herbs	2.4810667
Hevea_brasiliensis	5420	29763	NA	NA	NA	NA	NA	NA	NA	NA	NA	NA	NA	NA	NA	NA	NA	NA	NA	NA	NA	NA	NA	NA	NA	NA	NA	NA	NA	NA	NA	NA	NA	NA	NA	NA	NA	NA	NA	NA	NA	NA	NA	NA	NA	NA	NA	NA	NA	NA	NA	NA	NA	NA	NA	NA	NA	NA	NA	NA	NA	NA	NA	NA	NA	NA	NA	NA	D	woody	40
Ipomoea_cairica	5365	32750	2.91	281.48	0.59	1411.83	19	8.29	45.27	317.03	27.22	10.03	17.19	21.26	16.69	22.65	14.93	1383.14	231.49	38.87	55.8	616.51	137.41	504.6	200.4	165.35	116.25	51.07	4040.41	274.91	42.23	232.68	196.57	132.6	213.82	110.73	1470.16	259.05	32.76	63.15	684.06	122.1	565.48	191.49	1.73	2.79	15162.06	3.31E+11	13.74	45.65	1.11	29.25	10.01	22.9	7.82	10.04	0.66	0.63	0.72	4.61	1.39	33.55	20.32	1.5	8.82	0.59	3.25	242.99	NA	herbs	NA
Ipomoea_nil	5353	29798	9	340.86	0.47	747.96	21.03	10.27	52.68	353.18	30.8	10.45	20.36	23.95	17.76	25.11	16.47	1182.47	228.77	20.79	77.18	593.9	76.68	419.66	137.43	175.87	122.44	53.4	4218.44	294.38	44.68	249.69	212.71	136.32	225.88	117.81	1126.19	230.99	16.58	82.48	593.12	64.98	409.49	115.55	1.87	2.48	16536.46	3.88E+11	8.23	59.26	1.18	40.82	12.83	22.71	7.99	12.97	0.99	0.86	0.77	5.46	1.47	37.75	22.12	3.34	14.93	0.67	4.61	348.8	NA	herbs	NA
Ipomoea_triloba	6218	25140	16.35	218.71	0.55	867.41	22.05	8.74	48.43	327.15	30.55	12.55	18	24.79	19.5	25.75	17.79	1587.3	309.29	29.62	75.22	820.22	107.67	691.68	162.75	185.42	116.71	51.39	4178.29	295.43	57.85	237.57	221.7	151.73	234.21	127.98	1565.92	314.56	23.12	79.27	832.16	89.24	708.95	145.49	2.08	2.7	16247.91	3.42E+11	12.37	56.14	1.22	35.98	12.39	24.87	8.73	14.13	1.01	0.76	0.95	5.41	1.56	37.69	23.75	2.98	11.52	0.74	3.83	358.32	NA	herbs	NA
Isoetes_taiwanensis	7336	33863	24.98	201.55	0.75	4656.24	20.52	6.12	30.68	508.87	30.55	10.61	19.94	25.19	16.21	26.48	14.19	2512.55	319.64	129.55	34.68	861.09	415.91	761.36	444	155.73	104.18	35.09	6747.45	292.27	-0.09	292.36	212	82.82	238.27	64.73	2332	327	69.55	48.18	922.45	263.82	834.64	332.09	2.09	3.54	14796.52	2.78E+11	19.29	54.78	1.32	27.55	9.69	25.57	8.48	14.26	0.61	0.52	0.58	5.3	1.65	38.75	26.58	1.62	5.25	0.56	2.7	64.2	NA	NA	NA
Jacaranda_mimosifolia	5485	25022	4.58	556	0.66	1048.22	18.01	10.79	53.33	335.56	28.32	7.94	20.38	18.78	17.79	22.1	13.88	886.72	146.86	22.98	58.34	387.98	86	232.75	171.33	144.28	125.54	55.85	3465.99	259.83	31.42	228.41	151	141.23	187.7	99.33	875.93	162.27	17.12	64.99	412.32	68.98	228.98	191.4	1.45	3.12	16886.12	3.66E+11	8.48	48.98	1.04	32.59	10.54	21.2	7.09	9.39	0.65	0.68	0.65	4.58	1.29	31.65	19.16	2.17	12.13	0.56	3.47	322.13	NA	woody	NA
Juglans_regia	4712	25912	NA	NA	NA	NA	NA	NA	NA	NA	NA	NA	NA	NA	NA	NA	NA	NA	NA	NA	NA	NA	NA	NA	NA	NA	NA	NA	NA	NA	NA	NA	NA	NA	NA	NA	NA	NA	NA	NA	NA	NA	NA	NA	NA	NA	NA	NA	NA	NA	NA	NA	NA	NA	NA	NA	NA	NA	NA	NA	NA	NA	NA	NA	NA	NA	NA	NA	D	woody	22.5409412
Kandelia_obovata	937	18201	24.33	71.75	0.55	3976.05	15.95	4.39	22.62	366.36	22.93	8.59	14.34	19.12	12.59	20.15	11.29	1771.11	249.82	76.75	33.85	676.66	250.89	618.03	267.89	167.45	106.8	37.27	6263.16	294.99	15.39	279.6	224.61	100.55	242.41	81.76	2105.58	348.7	47.71	62.48	946.42	178.93	852.01	232.08	1.6	2.65	10962.64	2.30E+11	13.82	33.48	0.88	18.04	6.3	18.24	5.87	8.26	0.98	0.36	0.4	3.61	1.12	25.95	16.89	1.63	5.31	0.38	3.04	76.37	NA	woody	NA
Lactuca_sativa	5975	32318	NA	NA	NA	NA	NA	NA	NA	NA	NA	NA	NA	NA	NA	NA	NA	NA	NA	NA	NA	NA	NA	NA	NA	NA	NA	NA	NA	NA	NA	NA	NA	NA	NA	NA	NA	NA	NA	NA	NA	NA	NA	NA	NA	NA	NA	NA	NA	NA	NA	NA	NA	NA	NA	NA	NA	NA	NA	NA	NA	NA	NA	NA	NA	NA	NA	NA	NA	herbs	0.7
Leersia_perrieri	4263	24815	15.8	292.38	0.32	357.46	22.66	10.35	64.86	139.92	29	14.25	14.75	23.76	21.31	23.92	20.67	1492.62	350.38	20.77	84.8	861.54	82.77	669.69	101.23	199.15	92.31	63	1312.38	257.92	123.31	134.62	208.31	181.77	210.77	179.15	1401.08	385.92	4.15	102.23	944.92	15.38	564.23	16.62	2.11	2.6	19190.98	4.68E+11	13.83	64.93	1.23	31.25	14.32	36.01	10.5	10.7	3.02	1.43	1.02	5.68	1.75	33.3	23	3.66	19.62	0.69	17.62	175.62	NA	herbs	NA
Lemna_minor	683	21699	52.68	121.27	0.57	295.04	8.35	7.52	31.26	604.87	21.48	-2.29	23.77	10.46	4.88	15.94	1.18	734.68	81.94	41.01	21.52	231.24	137.24	195.35	175.26	-54.64	89.88	28.2	8309.73	96.5	-222.68	319.18	11.19	-124.59	45.56	-166.13	756.56	97.49	38.18	28.41	257.94	135.01	233.13	155.14	0.91	3.9	10006.06	2.34E+11	10.98	65.82	1.37	51.54	15.62	18.13	10.14	13.86	0.84	1.08	2.82	5.8	1.54	43.78	32.29	2.78	14.56	1.46	2.7	347.53	NA	herbs	0.0048
Lindenbergia_luchunensis	4240	25364	NA	NA	NA	NA	NA	NA	NA	NA	NA	NA	NA	NA	NA	NA	NA	NA	NA	NA	NA	NA	NA	NA	NA	NA	NA	NA	NA	NA	NA	NA	NA	NA	NA	NA	NA	NA	NA	NA	NA	NA	NA	NA	NA	NA	NA	NA	NA	NA	NA	NA	NA	NA	NA	NA	NA	NA	NA	NA	NA	NA	NA	NA	NA	NA	NA	NA	NA	herbs	NA
Linum_usitatissimum	4833	38638	NA	NA	NA	NA	NA	NA	NA	NA	NA	NA	NA	NA	NA	NA	NA	NA	NA	NA	NA	NA	NA	NA	NA	NA	NA	NA	NA	NA	NA	NA	NA	NA	NA	NA	NA	NA	NA	NA	NA	NA	NA	NA	NA	NA	NA	NA	NA	NA	NA	NA	NA	NA	NA	NA	NA	NA	NA	NA	NA	NA	NA	NA	NA	NA	NA	NA	NA	herbs	0.5583333
Luffa_acutangula	3554	38657	NA	NA	NA	NA	NA	NA	NA	NA	NA	NA	NA	NA	NA	NA	NA	NA	NA	NA	NA	NA	NA	NA	NA	NA	NA	NA	NA	NA	NA	NA	NA	NA	NA	NA	NA	NA	NA	NA	NA	NA	NA	NA	NA	NA	NA	NA	NA	NA	NA	NA	NA	NA	NA	NA	NA	NA	NA	NA	NA	NA	NA	NA	NA	NA	NA	NA	NA	herbs	NA
Malus_domestica	7211	37905	NA	NA	NA	NA	NA	NA	NA	NA	NA	NA	NA	NA	NA	NA	NA	NA	NA	NA	NA	NA	NA	NA	NA	NA	NA	NA	NA	NA	NA	NA	NA	NA	NA	NA	NA	NA	NA	NA	NA	NA	NA	NA	NA	NA	NA	NA	NA	NA	NA	NA	NA	NA	NA	NA	NA	NA	NA	NA	NA	NA	NA	NA	NA	NA	NA	NA	D	woody	9.1857143
Manihot_esculenta	4391	28653	NA	NA	NA	NA	NA	NA	NA	NA	NA	NA	NA	NA	NA	NA	NA	NA	NA	NA	NA	NA	NA	NA	NA	NA	NA	NA	NA	NA	NA	NA	NA	NA	NA	NA	NA	NA	NA	NA	NA	NA	NA	NA	NA	NA	NA	NA	NA	NA	NA	NA	NA	NA	NA	NA	NA	NA	NA	NA	NA	NA	NA	NA	NA	NA	NA	NA	EV	woody	NA
Medicago_truncatula	10233	40211	9.49	253	0.43	305.58	15.36	10.77	40.1	535.22	29.12	3.89	25.23	12.8	19.71	22.08	9.01	471.18	68.1	14.8	40.9	181.02	59.02	73.75	154.31	118	119.37	44.09	5099.63	263.68	-1.17	264.85	84.71	162.51	184.43	53.67	549.49	86.31	14.32	47.4	225.5	57.03	71.14	203.74	1.1	3.33	15956.33	2.06E+11	1.65	78.09	1.32	50.67	15.1	23.17	7.54	12.73	1.5	1.57	0.64	6.52	1.55	38.2	25.52	7.69	27.88	0.62	8.84	378.04	NA	herbs	NA
Mikania_micrantha	5079	41250	12.34	328.97	0.49	868.35	22.16	7.72	50.78	283	29.64	13.9	15.74	24.74	19.68	25.3	18.44	2133.89	380.13	47.77	66.18	1015.53	170.31	851.9	280.53	183.97	108.52	53.81	3610.64	282.28	70.19	212.08	217.93	149.77	225.94	134.22	2112.75	390.32	38.82	70.09	1043.69	144.03	876.15	247.14	2.19	2.56	16084	4.34E+11	18.94	49.67	1.27	31.69	11.67	28.1	9.09	13.39	0.65	1	0.89	5.32	1.67	38.29	24.47	1.76	8.34	0.74	2.98	354.68	NA	herbs	NA
Mimulus_guttatus	5272	22792	45.43	700.74	0.4	251.72	8.81	10.22	37.87	594.21	23.48	-2.73	26.21	8.18	9.54	16.31	1.85	808.43	104.81	37.3	34.86	291.81	127.33	175.35	241.32	-11.14	103.81	33.95	6993.37	136.16	-161.98	298.13	-1.75	-14.24	74.3	-102.37	833.1	112.09	36.27	34.68	305.23	128.35	187.27	245	0.81	3.59	12448.54	2.72E+11	10.74	64.44	1.33	51.56	14.32	19.77	9.22	14.33	0.81	1.2	1.58	5.81	1.55	40.81	30.94	3.2	14.94	1.06	2.77	393.22	NA	herbs	0.4636
Miscanthus_sinensis	7977	59812	36.95	329.18	0.58	837.89	11.78	8.3	29.17	709.3	25.68	-1.75	27.44	18	4.88	20.38	2.97	1328.18	198.16	50.66	39.75	528.43	172.54	493.1	194.5	35.15	110.58	30.05	9258.86	211.04	-160.45	371.49	114.55	-41.01	147.65	-89.2	1387.87	236.01	40.31	51.96	611.25	147.24	553.5	170.15	1.17	3.1	12475.02	2.82E+11	15.54	50.86	1.21	40.1	11.15	18.79	8.22	13.33	0.55	0.96	1.08	5.02	1.44	36.64	28.64	1.69	8.79	0.83	2.02	269.22	NA	herbs	1.524
Mitragyna_speciosa	7748	47998	1.62	153.36	0.3	134.35	22.48	7.9	71.53	90.17	27.91	17.37	10.54	22.74	21.99	23.52	21.33	2345.5	286	111.05	28.04	784.76	378.4	608.26	552.95	205.36	94.86	72.4	1246.62	273.93	138.83	135.1	204.52	208.36	219.12	188.07	2245.69	305.9	87.26	37.07	816.36	304.05	620.4	463.52	2.32	1.34	14875.33	7.63E+11	18.58	44.91	1.12	33.34	18.2	27.57	10.9	13.33	0.61	0.53	4.35	4.82	1.62	37.95	22.57	0.12	13.86	2.08	4.18	255.05	EV	woody	NA
Nelumbo_nucifera	2860	21129	NA	NA	NA	NA	NA	NA	NA	NA	NA	NA	NA	NA	NA	NA	NA	NA	NA	NA	NA	NA	NA	NA	NA	NA	NA	NA	NA	NA	NA	NA	NA	NA	NA	NA	NA	NA	NA	NA	NA	NA	NA	NA	NA	NA	NA	NA	NA	NA	NA	NA	NA	NA	NA	NA	NA	NA	NA	NA	NA	NA	NA	NA	NA	NA	NA	NA	NA	herbs	NA
Nymphaea_thermarum	3693	21768	90.25	170	0.94	581.94	13.29	11.58	29.93	1001.42	32.2	-6.5	38.7	23.15	0.37	25.22	0.37	982	103	51	18.98	291	184	269	184	-26	133	25	14159	221	-300	521	69	-188	137	-217	943	116	41	31	309	140	272	142	1.17	3.39	14301.25	2.98E+11	0	91.77	1.48	66.89	18.71	25.03	8.77	10.23	0.74	0.49	0.8	7	1.77	34.11	40.86	4.49	20.83	0.95	1.66	184.49	NA	herbs	NA
Nymphoides_indica	7041	22942	4.44	206.68	0.35	344.16	22.08	10.03	55.33	292.26	30.88	12.24	18.64	24.31	19.25	25.38	18.23	1411.29	263.45	29.27	71.08	686.09	108.41	428.54	216.12	189.12	122.8	55.96	3550.9	298.78	65.08	233.7	218.91	153.78	230.22	139.5	1375.23	265.71	25.74	76.01	690.89	96.91	439.17	190.12	1.98	2.51	17373.49	4.52E+11	12.34	57.59	1.29	38.17	13.79	27.2	9.24	12.06	0.89	0.67	1.27	5.56	1.63	40.67	22.6	2.04	13.42	0.82	4.73	294.9	NA	herbs	NA
Olea_europaea	5464	45220	NA	NA	NA	NA	NA	NA	NA	NA	NA	NA	NA	NA	NA	NA	NA	NA	NA	NA	NA	NA	NA	NA	NA	NA	NA	NA	NA	NA	NA	NA	NA	NA	NA	NA	NA	NA	NA	NA	NA	NA	NA	NA	NA	NA	NA	NA	NA	NA	NA	NA	NA	NA	NA	NA	NA	NA	NA	NA	NA	NA	NA	NA	NA	NA	NA	NA	EV	woody	17.5
Olyra_latifolia	4204	32374	1.05	335.45	0.32	205.61	23.9	9.67	69.22	123.66	30.81	16.97	13.84	24.3	23.27	25.29	22.3	1809.53	297.93	38.46	62.01	789.65	144.51	422.78	384.25	208.21	112.55	68.84	1464.59	289.85	124.98	164.86	213.9	200.37	224.77	187.93	1716.6	298.99	36	64.6	779.54	137.91	438.98	330.26	2.35	1.93	16588.62	6.91E+11	19.2	47.98	1.28	30.37	11.98	32.29	9.31	13.63	0.51	0.59	0.91	5.38	1.74	40.04	21	1.36	9.03	0.78	2.89	293.55	NA	herbs	NA
Oryza_barthii	4628	29947	9.34	301.24	0.43	253.72	26.92	12.96	59.21	235.4	37.63	15.72	21.92	26.52	25.26	29.92	24.12	768.94	205.4	1.6	118.96	503.46	9.09	123.59	147.13	235.98	144.75	60.84	2456.9	347.4	111.22	236.18	244.53	214.61	265.48	202.76	677.02	177.91	1.46	117.3	440.22	8.17	143.42	76.54	1.84	2.21	19314.49	2.62E+11	6.66	70.57	1.37	39.58	13.14	26.83	8.9	13.12	1.08	0.69	0.57	6.02	1.65	47.24	18.61	1.68	15.27	0.52	5.65	288.19	NA	herbs	NA
Oryza_sativa	6005	36184	NA	NA	NA	NA	NA	NA	NA	NA	NA	NA	NA	NA	NA	NA	NA	NA	NA	NA	NA	NA	NA	NA	NA	NA	NA	NA	NA	NA	NA	NA	NA	NA	NA	NA	NA	NA	NA	NA	NA	NA	NA	NA	NA	NA	NA	NA	NA	NA	NA	NA	NA	NA	NA	NA	NA	NA	NA	NA	NA	NA	NA	NA	NA	NA	NA	NA	NA	herbs	NA
Panicum_hallii	4912	28351	29	978.95	0.3	183.46	18.19	14.93	47.73	620.39	33.5	1.91	31.59	23.63	13.26	25.5	10.3	546.99	97.75	16.35	62.92	241.85	59.62	192.92	73.46	109.44	153.99	40.61	8516.32	292.21	-99.9	392.11	166.31	53.04	207.59	-8.99	529.11	118.37	10.47	79.27	275.04	47.05	179.46	72.87	1.24	3.45	17639.96	2.08E+11	0.55	84.73	1.41	57.8	16.21	23.27	8.66	13.99	1.33	1.44	0.72	7.07	1.65	43.1	27.43	9.36	29.95	0.67	6.28	402.37	NA	herbs	NA
Panicum_virgatum	9146	71132	NA	NA	NA	NA	NA	NA	NA	NA	NA	NA	NA	NA	NA	NA	NA	NA	NA	NA	NA	NA	NA	NA	NA	NA	NA	NA	NA	NA	NA	NA	NA	NA	NA	NA	NA	NA	NA	NA	NA	NA	NA	NA	NA	NA	NA	NA	NA	NA	NA	NA	NA	NA	NA	NA	NA	NA	NA	NA	NA	NA	NA	NA	NA	NA	NA	NA	NA	herbs	0.856
Paspalum_vaginatum	5215	30350	4.59	105.96	0.43	640.16	16.77	7.71	42.92	275.16	24.63	9.24	15.39	16.91	17.25	20.12	13.4	915.38	153.44	26.28	46.82	401.05	96.46	243.01	198.25	163.51	109.52	52.3	3479.39	271.01	58.69	212.32	163.53	168.43	206.59	117.92	1149.89	200.9	29.42	57.81	517.81	111.81	304.17	247.77	1.51	2.72	13768.5	2.59E+11	9.92	55.61	1.16	38.31	12.12	21.3	8.17	11.99	1.06	1	0.9	5.15	1.41	36.81	22.17	3.2	14.49	0.71	4.96	232.08	NA	herbs	0.03048
Phaseolus_vulgaris	4836	23298	NA	NA	NA	NA	NA	NA	NA	NA	NA	NA	NA	NA	NA	NA	NA	NA	NA	NA	NA	NA	NA	NA	NA	NA	NA	NA	NA	NA	NA	NA	NA	NA	NA	NA	NA	NA	NA	NA	NA	NA	NA	NA	NA	NA	NA	NA	NA	NA	NA	NA	NA	NA	NA	NA	NA	NA	NA	NA	NA	NA	NA	NA	NA	NA	NA	NA	NA	herbs	1.455
Phyllostachys_edulis	6267	44669	33.36	241.82	0.64	1904.78	14.54	8.18	28.33	744.87	28.96	0.37	28.59	21.11	7.15	23.66	5.44	1598.7	236.78	52.8	46.27	623.68	183.47	567.11	204.58	82.04	117.43	30.18	9342.74	267.69	-121.6	389.29	175.98	-24.32	198.65	-42.88	1579.66	259.12	34.16	55.65	673.16	137.45	626.6	160.8	1.36	3.1	13358.59	2.85E+11	13.46	41.5	0.97	37.94	10.66	16.42	7.3	12.15	0.41	0.75	1.13	4.34	1.25	31.5	24.38	0.87	7.15	0.8	1.74	198.07	NA	woody	NA
Pinus_lambertiana	10812	27706	38.1	1549.62	0.14	59.31	9.39	13.93	46.56	602.35	27.16	-2.84	30	3.3	16.18	17.3	2.84	1031.19	184.56	7.34	76.97	511.98	41.37	56.96	489.12	22.3	128.03	44.48	5679.33	186.94	-98.1	285.04	-33.68	88.4	98.34	-42.94	1321.51	227.59	8.5	71.45	643.03	61.34	76.65	600.9	0.62	3.28	16943.45	4.12E+11	23.04	53.77	1.36	41.61	11.96	26.17	9.1	13.03	0.57	1.28	0.84	5.82	1.75	43.74	27.55	1.93	10.53	0.77	2.65	442.05	EV	woody	75.8996
Pistacia_vera	7659	24125	NA	NA	NA	NA	NA	NA	NA	NA	NA	NA	NA	NA	NA	NA	NA	NA	NA	NA	NA	NA	NA	NA	NA	NA	NA	NA	NA	NA	NA	NA	NA	NA	NA	NA	NA	NA	NA	NA	NA	NA	NA	NA	NA	NA	NA	NA	NA	NA	NA	NA	NA	NA	NA	NA	NA	NA	NA	NA	NA	NA	NA	NA	NA	NA	NA	NA	NA	woody	NA
Populus_deltoides	6355	38498	NA	NA	NA	NA	NA	NA	NA	NA	NA	NA	NA	NA	NA	NA	NA	NA	NA	NA	NA	NA	NA	NA	NA	NA	NA	NA	NA	NA	NA	NA	NA	NA	NA	NA	NA	NA	NA	NA	NA	NA	NA	NA	NA	NA	NA	NA	NA	NA	NA	NA	NA	NA	NA	NA	NA	NA	NA	NA	NA	NA	NA	NA	NA	NA	NA	NA	D	woody	39.5381538
Populus_euphratica	3922	26846	37.02	650.61	0.49	401.52	14.67	12.44	34.14	952.93	33.38	-4.45	37.82	15.79	14.25	25.8	2.43	222.54	47.09	2.6	79.03	120.56	10.61	40.15	84.97	80.12	126.99	32.69	8280.52	255.36	-105.49	360.85	98.76	75.34	178.55	-34.3	168.7	36.92	1.97	68.15	91.68	8.5	27.89	68.82	0.96	2.51	17055.11	79408873024	0.93	59.85	0.98	36.98	9.79	15.37	5.98	9.79	1.57	2.13	0.42	5.13	1.15	30.5	20.69	7.81	25.22	0.45	7.37	312.77	D	woody	NA
Populus_trichocarpa	5760	28939	48.17	400.96	0.49	419.98	8.97	9.69	37.06	590.2	23.49	-2.17	25.66	6.95	10.27	16.4	2.01	843.82	117	32.8	39.15	326.44	114.54	145.47	281.19	-27.97	88.49	32.09	6572.53	102.28	-166.01	268.29	-19.55	-40.19	52.49	-113.49	863.29	118.07	36.25	35.38	316.2	134.5	187.11	263.4	0.86	3.41	11856.8	2.78E+11	12.14	60.44	1.3	50.59	13.95	19.19	9.34	13.8	0.73	1.13	1.62	5.58	1.52	40.4	30.26	2.72	13.42	1.05	2.44	395.95	D	woody	33.1818182
Populus_wilsonii	5436	32618	33.3	1275.5	0.62	253.05	12.02	9.78	33.15	734.63	26.27	-3.48	29.75	19.26	3.59	20.75	2.61	884.9	160.97	15.2	73.97	429.27	54.35	400.75	68.03	74.03	108.95	34.4	7094.07	221.97	-94.2	316.18	143.7	-14.53	159.97	-24.55	764.95	159.5	11.62	82.88	406.77	41.85	389.07	47.7	1.08	2.04	13489.24	3.05E+11	6.23	56.23	1.12	36.84	10.18	18.94	6.47	10.88	0.72	1.15	0.49	4.93	1.33	30.37	25.68	4.12	12.95	0.54	2.38	398.4	D	woody	NA
Primula_veris	5822	28771	51.21	297.32	0.52	245.78	8.31	7.98	32.12	616.07	22.04	-2.51	24.55	10.51	5.88	16.08	1.04	755.31	84.18	43.77	20.4	234.69	145.95	197.57	179.93	-36.43	88.06	29.6	7694.07	108.62	-191.8	300.42	8.52	-79.85	56.22	-140.12	772.31	96.58	40.83	26.68	257.35	140.15	227.54	166.72	0.89	3.5	10745.43	2.73E+11	9.43	69.21	1.39	50.44	14.98	19.49	9.41	15.57	0.89	1.5	1.98	6.06	1.59	41.96	33.29	4.79	15.56	1.19	2.7	403.81	NA	herbs	NA
Prunus_dulcis	4449	23514	NA	NA	NA	NA	NA	NA	NA	NA	NA	NA	NA	NA	NA	NA	NA	NA	NA	NA	NA	NA	NA	NA	NA	NA	NA	NA	NA	NA	NA	NA	NA	NA	NA	NA	NA	NA	NA	NA	NA	NA	NA	NA	NA	NA	NA	NA	NA	NA	NA	NA	NA	NA	NA	NA	NA	NA	NA	NA	NA	NA	NA	NA	NA	NA	NA	NA	D	woody	8.5
Prunus_mume	4712	18627	30.82	503.86	0.65	1406.91	14.73	9.05	31.03	757.6	28.92	-0.59	29.51	22.07	6.38	23.69	5.12	1340.47	240.35	33	65.78	625.84	117.49	579.58	134.78	91.66	116.28	32.52	8749.89	262.88	-103.49	366.37	177.7	-1.6	199.18	-27.89	1294.76	266.42	20.46	76.64	669.93	82.85	617.62	108.17	1.38	2.47	13857.07	2.85E+11	13.11	40.53	0.98	28.26	8.52	16.69	6.46	10.44	0.46	0.76	0.72	4.08	1.19	29.14	22.16	1.32	6.71	0.6	1.65	298.07	D	woody	NA
Prunus_persica	5874	20999	NA	NA	NA	NA	NA	NA	NA	NA	NA	NA	NA	NA	NA	NA	NA	NA	NA	NA	NA	NA	NA	NA	NA	NA	NA	NA	NA	NA	NA	NA	NA	NA	NA	NA	NA	NA	NA	NA	NA	NA	NA	NA	NA	NA	NA	NA	NA	NA	NA	NA	NA	NA	NA	NA	NA	NA	NA	NA	NA	NA	NA	NA	NA	NA	NA	NA	D	woody	8
Pseudotsuga_menziesii	7353	44066	44.9	532.95	0.41	224.48	9.02	9.25	36.98	574.26	22.93	-1.74	24.66	8.58	8.74	16.24	2.25	926.4	118.91	43.04	30.19	329.47	147.05	189.15	275.27	-2.82	90.21	33.3	6323.44	127.81	-138.2	266.01	10.87	-12.44	73.87	-86.88	931.64	118.42	44.18	27.77	321.49	158.21	214.25	264.57	0.88	3.5	11980.47	3.38E+11	16.69	58.72	1.4	51.49	13.78	19.36	10.25	16.89	0.62	1.65	1.44	5.75	1.6	44.49	32.08	2.14	11.47	1.04	2.36	378.58	EV	woody	76.19
Punica_granatum	4426	19285	NA	NA	NA	NA	NA	NA	NA	NA	NA	NA	NA	NA	NA	NA	NA	NA	NA	NA	NA	NA	NA	NA	NA	NA	NA	NA	NA	NA	NA	NA	NA	NA	NA	NA	NA	NA	NA	NA	NA	NA	NA	NA	NA	NA	NA	NA	NA	NA	NA	NA	NA	NA	NA	NA	NA	NA	NA	NA	NA	NA	NA	NA	NA	NA	NA	NA	D	woody	4.9306667
Quercus_lobata	11840	27526	37.15	261.08	0.49	460.45	15.34	14.05	50.9	515.38	30.97	3.1	27.88	9.93	21.36	21.73	9.25	584.86	119.08	1.6	90.93	316.63	8.92	13.81	310.24	95.08	136.12	49.7	5033.52	250.17	-23.01	273.18	38.57	157.98	159.66	33.34	897.52	172.78	1.44	85.12	479.21	11.26	22.74	458.65	1.04	3.19	17084.19	3.85E+11	2.74	68.3	1.25	44.28	14.91	25.49	7.32	10.61	0.9	0.74	0.92	5.65	1.55	31.97	26.96	2.14	15.44	0.79	2.22	399.5	D	woody	22.357
Quercus_mongolica	7762	28791	38.94	474.65	0.44	469.28	8.2	9.68	25.98	1001.85	25.72	-10.99	36.72	19.37	-3.89	20.09	-4.56	1165.38	226.48	30.53	71.2	572.64	105.66	558.79	113.35	14.1	126.66	26.76	12011.67	230.27	-237.03	467.29	157.18	-140.52	159.89	-150.51	1100.7	262.49	16.38	87.06	623.18	65.93	615.5	69.17	0.96	2.8	13031.65	2.63E+11	12.79	56.18	1.25	45.34	11.96	16.43	8.97	16.16	0.66	1.16	1.46	5.43	1.46	39.99	31.45	1.63	9.74	0.97	2.18	335.13	D	woody	28.7
Quercus_rubra	10030	23303	48.23	171.51	0.58	563.58	9.24	8.79	32.27	699.01	24.02	-3.54	27.56	11.94	4.48	17.83	0.69	863.23	92.33	50.98	18.49	260.11	170.25	232.36	199.41	-37.76	92.94	28.8	8434.41	118.98	-204.64	323.62	15.58	-93.49	63.37	-149.85	825.65	101.95	44.2	24.41	274.06	153.86	219.59	174.74	0.97	3.54	11158.07	2.95E+11	14.71	58.93	1.37	48.56	12.68	17.36	10.16	14.35	0.66	0.95	1.53	5.49	1.5	44.14	30.77	1.98	10.68	1.04	2.24	313.42	D	woody	20.096431
Rhododendron_simsii	7317	25682	24.86	575.4	0.61	1307.17	17.11	8.1	33.41	611.2	28.97	4.18	24.8	22.1	10.57	24.19	9.22	1497.76	257.6	35.37	61.99	688.59	127.57	608.14	153.64	133.04	101.9	36.82	6403.74	270.88	-15.11	285.99	188.13	70.54	211.79	45.55	1478.03	271.13	27.12	67.89	717.4	106.3	615.96	145.15	1.62	2.17	13892.22	3.17E+11	15.2	36.22	0.97	23.6	7.98	19.23	6.35	9.85	0.41	0.5	0.56	3.9	1.22	27.98	20.02	1.26	5.36	0.51	1.66	320.62	EV	woody	NA
Rosa_chinensis	6952	38512	24.04	738.01	0.65	1036.92	16.31	9.69	41.9	559.05	28.55	3.46	25.09	20.79	11.17	22.86	9.14	1164.37	207.72	26.31	67.46	546.24	94.15	427.53	140.68	116.28	110.65	42.38	5898.64	253.82	-29.01	282.84	162.29	65.28	188.17	35.52	1052.19	200.62	21.14	71.4	522.39	80.1	386.3	130.26	1.48	2.35	14796.75	3.60E+11	8.46	46.73	0.98	32.55	10.65	18.53	6.43	11.06	0.68	0.76	0.79	4.34	1.22	28.47	20.96	2.76	10.47	0.62	2.47	340.51	NA	woody	NA
Salix_brachista	4486	25723	29.88	2431.83	0.46	97.22	9.41	10.89	39.34	632.56	22.03	-6.14	28.17	16.47	1.66	16.7	1.18	883.54	177.85	8.1	83.27	472.23	32.17	469.67	37.35	48.27	115.12	39.98	6045.31	176.77	-112.9	289.67	114.58	-33.46	120.27	-35.27	821.88	179.79	6.31	88.88	470.15	24.29	448.96	25.12	0.89	2.05	13544.01	3.12E+11	3.84	67.37	1.29	44.07	12.83	21.71	7.3	13.42	0.99	1.11	0.67	5.69	1.52	34.59	29.12	5.39	16.15	0.72	2.24	407.84	NA	woody	NA
Salix_purpurea	5636	29489	48.26	429.93	0.54	270.76	9.09	8.56	33.61	628.4	23.19	-2.16	25.36	11.7	6.77	16.96	1.61	851.19	98.21	48.01	22.53	272.47	161.3	229.4	197.57	1.41	90.42	31.73	7023.1	140.36	-145.83	286.2	41.74	-34.91	84.81	-93.92	840.56	100.42	45.2	24.23	274.55	154.65	230.72	193.76	0.92	3.29	11553.37	3.04E+11	8.93	69.99	1.37	50.72	14.99	19.82	9.25	15.03	0.98	1.46	1.7	6.09	1.58	40.21	33.49	5.65	16.83	1.19	2.82	390.1	D	woody	3.6566737
Salvia_hispanica	5388	27534	32.13	736.39	0.65	1150.73	13.66	10.49	47.15	441.14	25.62	2.75	22.87	15.24	11.18	19.05	8.28	908.9	137.61	33.4	47.81	371.28	116.82	270.44	160.19	56.43	118.13	45.16	5643.78	191.48	-87.84	279.32	100.32	13.26	122.76	-20.81	846.01	135.34	28.83	48.63	352.72	105.64	248.48	150.12	1.17	3.1	13813.53	3.36E+11	7.99	53.98	1.09	42.49	12.92	17.52	7.74	11.93	0.71	0.87	1.25	4.86	1.3	33.98	24.17	2.31	12.38	0.85	2.44	334.6	NA	herbs	NA
Salvinia_cucullata	579	19200	16.63	146.24	0.63	1252.74	24.81	8.92	54.66	246.99	33.02	15.73	17.3	25.98	22.61	27.6	21.55	1743.78	321.53	27.93	75.56	847.15	104.84	490.33	192.6	204.95	111.87	52.45	3046.27	305.24	84.8	220.44	226.47	173.89	239.8	161.42	1548.95	298.51	14.18	76.4	753.98	60.44	557.65	92.82	2.44	1.73	17694.12	4.57E+11	16.34	45.42	1.09	28.23	10.74	25.35	7.76	12.43	0.61	0.43	0.74	4.54	1.45	31.81	21.02	1.08	7.95	0.59	3.4	288.61	NA	NA	NA
Schrenkiella_parvula	2567	24280	46.85	6	0.28	3.38	8.3	10.27	23.78	1250.8	31.4	-11.8	43.2	21.57	-5.92	23.43	-7.13	280	36	16	22.33	87	53	84	62	-19	126	20	17450	271	-342	613	-105	166	187	-251	202	22	9	23	60	36	43	54	0.74	3.93	11980.67	82708127744	0	98.14	1.51	75.57	17.29	20.86	8.14	16.43	0.86	1.54	0.67	7.43	1.72	40.43	38.71	8.51	28	0.79	2.14	297.14	NA	herbs	NA
Selaginella_moellendorffii	3623	31176	25.42	470.51	0.54	1380.09	17.32	6.47	29.66	535.51	27.62	6.47	21.16	21.96	11.63	23.55	10.46	1986.07	314.28	63.67	53.16	844.77	216.73	766.91	243.31	135.82	97.23	34.82	6298.36	266.84	-9.63	276.47	193.92	68.24	212.94	49.98	1990.24	326.23	44.36	60.19	889.61	166.46	810.75	212.85	1.7	2.65	13648.38	2.75E+11	16.6	39.31	1.06	25.49	8.71	20.53	7.01	10.69	0.42	0.96	0.58	4.23	1.33	30.49	22.84	1.13	5.41	0.55	1.84	307.99	NA	NA	NA
Sequoia_sempervirens	22902	96004	40.57	189.7	0.52	658.73	12.53	10.39	46.85	439.3	24.78	2.74	22.04	9.72	15.51	18.04	7.36	914.69	148.87	21.6	59.16	404.56	78.06	93.2	378.33	70.25	104.88	45.87	4563.45	193.88	-37.39	231.27	34.75	107.64	127.68	11.72	1184.09	190.38	21.91	55.63	536.08	89.97	115.3	496.42	1.06	3.48	14113.79	4.16E+11	6.96	57.23	1.16	40.86	14	22.52	7.43	11.27	0.49	0.84	0.89	5.04	1.43	29.58	27.43	2.45	12.7	0.8	1.98	325.39	EV	woody	120
Sesamum_indicum	2961	21027	NA	NA	NA	NA	NA	NA	NA	NA	NA	NA	NA	NA	NA	NA	NA	NA	NA	NA	NA	NA	NA	NA	NA	NA	NA	NA	NA	NA	NA	NA	NA	NA	NA	NA	NA	NA	NA	NA	NA	NA	NA	NA	NA	NA	NA	NA	NA	NA	NA	NA	NA	NA	NA	NA	NA	NA	NA	NA	NA	NA	NA	NA	NA	NA	NA	NA	NA	herbs	NA
Setaria_italica	6357	28227	NA	NA	NA	NA	NA	NA	NA	NA	NA	NA	NA	NA	NA	NA	NA	NA	NA	NA	NA	NA	NA	NA	NA	NA	NA	NA	NA	NA	NA	NA	NA	NA	NA	NA	NA	NA	NA	NA	NA	NA	NA	NA	NA	NA	NA	NA	NA	NA	NA	NA	NA	NA	NA	NA	NA	NA	NA	NA	NA	NA	NA	NA	NA	NA	NA	NA	NA	herbs	1.5
Setaria_viridis	6063	32271	46.96	268.9	0.58	451.37	9.51	8.85	32.04	701.03	24.45	-3.19	27.64	13.38	5.11	18.17	1.01	788.28	97.95	40.8	27.19	266.17	137.47	233.6	165.75	-4.47	97.75	29.99	8430.92	155.57	-176.01	331.58	56.2	-65.52	96.7	-118.37	783.69	107.28	36.54	31.5	281.4	128.5	245.91	155.18	0.96	3.34	11607.72	2.78E+11	8.79	65.72	1.31	48.13	13.77	18.43	8.88	13.55	0.87	1.2	1.58	5.7	1.49	39.01	31.13	4.23	15.19	1.06	2.65	350.58	NA	herbs	0.9
Sinapis_alba	5203	53647	NA	NA	NA	NA	NA	NA	NA	NA	NA	NA	NA	NA	NA	NA	NA	NA	NA	NA	NA	NA	NA	NA	NA	NA	NA	NA	NA	NA	NA	NA	NA	NA	NA	NA	NA	NA	NA	NA	NA	NA	NA	NA	NA	NA	NA	NA	NA	NA	NA	NA	NA	NA	NA	NA	NA	NA	NA	NA	NA	NA	NA	NA	NA	NA	NA	NA	NA	herbs	0.4292308
Solanum_lycopersicum	3968	21516	NA	NA	NA	NA	NA	NA	NA	NA	NA	NA	NA	NA	NA	NA	NA	NA	NA	NA	NA	NA	NA	NA	NA	NA	NA	NA	NA	NA	NA	NA	NA	NA	NA	NA	NA	NA	NA	NA	NA	NA	NA	NA	NA	NA	NA	NA	NA	NA	NA	NA	NA	NA	NA	NA	NA	NA	NA	NA	NA	NA	NA	NA	NA	NA	NA	NA	NA	herbs	1.23576
Solanum_pennellii	4280	22173	11.91	1059.82	0.24	252.27	17.6	10.46	67.76	174.81	25.14	10.04	15.11	19.46	16.67	19.79	15.53	141.62	33.24	1.69	96.74	81.71	6.92	71.85	10.96	138.11	121.2	65.31	2117.1	228.57	46.17	182.4	162.04	131.8	165.22	111.41	123.71	29.33	1.79	108.37	70.9	7.26	64.51	8.57	1.54	2.91	17254.65	90209045941	2.54	70.83	1.39	45.48	8.71	15.44	10.77	19.16	1.99	0.94	0.62	6.95	1.58	61.79	20.57	6.04	15.96	0.53	6.56	420.94	NA	NA	NA
Solanum_stenotomum	5373	24435	13.39	3420.68	0.34	92.04	10.38	14.51	73.74	140.62	19.32	-0.52	19.84	11.38	8.62	11.8	8.44	760.73	143.95	10.1	80.76	387.47	40.59	268.92	56.12	54.85	140.96	72.33	1447.42	142.14	-52.33	194.47	65.53	36.11	69.3	33.36	694.21	123.06	11.66	71.49	328.99	48.03	249.9	65.38	0.84	2.51	16019.32	2.80E+11	6.9	70.92	1.32	49.53	12.96	20.23	9.32	19.89	1.03	1.28	0.89	6.18	1.6	46.48	25.82	2.48	16.25	0.75	4.08	366.97	NA	NA	NA
Sorghum_bicolor	5671	28447	NA	NA	NA	NA	NA	NA	NA	NA	NA	NA	NA	NA	NA	NA	NA	NA	NA	NA	NA	NA	NA	NA	NA	NA	NA	NA	NA	NA	NA	NA	NA	NA	NA	NA	NA	NA	NA	NA	NA	NA	NA	NA	NA	NA	NA	NA	NA	NA	NA	NA	NA	NA	NA	NA	NA	NA	NA	NA	NA	NA	NA	NA	NA	NA	NA	NA	NA	herbs	1.8549
Spirodela_intermedia	1920	19974	7.22	235.76	0.36	187.54	23.78	9.82	64.87	188.2	31.23	15.92	15.32	24.89	22.35	25.84	21.34	1522.92	236.37	38.16	53.29	626.83	142.64	432.93	294.49	201.65	114.27	63.9	2219.94	292.4	110.99	181.41	218.27	185.9	227.63	171.67	1449.81	224	39.89	52.06	604.33	148.81	400.82	258.14	2.29	2.35	16124.83	5.98E+11	8.78	63.58	1.27	42.58	15.29	29.3	8.8	10.68	1.07	0.57	1.01	5.66	1.65	37.56	23.51	0.83	13.59	0.76	6.33	272.2	NA	herbs	NA
Spirodela_polyrhiza	2068	17555	51	106.25	0.6	424.68	9.01	7.98	32.04	641.35	22.77	-2.37	25.14	11.77	4.69	16.97	1.3	760.63	87.21	41.37	22.79	243.8	140.16	212.6	171.41	-33.26	95.25	28.71	8651.06	125.59	-208.43	334.02	45.37	-113.43	69.85	-150.39	748.18	97.75	37.5	27.14	256.53	133.26	236.92	147.44	0.97	3.8	10471.85	2.64E+11	8.86	69.69	1.33	52.9	17.87	19.25	10.21	12.31	1.01	0.98	3.5	5.93	1.57	40.91	33.73	3.38	17.68	1.81	2.86	321.17	NA	herbs	0.008125
Striga_asiatica	2063	31363	3.38	536.96	0.41	419.02	22.97	10.59	60.93	207.15	31.31	14.09	17.23	23.6	21.36	25.39	20.36	1200.59	231.46	15.86	77.24	600.71	63.14	328.58	273.15	200.45	116.32	62.48	2018.75	288.34	101.73	186.61	211.01	180.04	224.71	173.68	1153.57	218.39	17.47	75.75	564.08	68.52	346.42	213.78	1.96	2.18	17404.44	3.91E+11	11.51	58.81	1.32	30.86	11.48	28.58	9.42	16.3	0.55	0.52	1.04	5.63	1.7	43.65	20.96	1.06	9.63	0.75	3.22	308.15	NA	herbs	NA
Striga_hermonthica	2949	26568	10.74	362.4	0.53	216.24	26.71	12.6	60.63	214.41	37.02	16.35	20.67	25.55	25.35	29.6	24.41	852.03	215.89	2.44	110.32	539.68	12.05	128.03	251.89	233.27	141.9	61.86	2123.06	340.58	114.66	225.92	233.16	213.44	260.55	206.23	684.31	169.87	1.68	109.1	438.13	8.82	118.01	112.34	1.83	2.08	19090.59	2.84E+11	5.93	66.59	1.32	33.29	10.67	24.74	8.71	16.36	0.65	0.54	0.57	5.72	1.59	47.15	17.76	1.45	11.56	0.5	4.35	360.66	NA	herbs	NA
Taxus_wallichiana	10318	33689	24.04	2008.55	0.32	238.6	13.48	9.17	46.03	425.18	22.79	1.96	20.83	17.14	9.48	18.22	7.86	1825.21	347.01	30.25	72.68	902.77	116.65	785.72	177.13	93.76	105.56	45.74	4528.45	198.17	-38.78	236.94	135.05	45.98	146.45	30.74	1720.41	334.39	21.9	74.16	866.68	90.24	785.67	142.3	1.3	2.28	15420.98	3.85E+11	13.86	49.99	1.23	34.76	11.31	23.26	7.52	12.41	0.66	0.83	0.75	4.86	1.5	33.39	26.26	0.7	8.47	0.67	1.8	387.74	EV	woody	NA
Tectona_grandis	6438	24730	NA	NA	NA	NA	NA	NA	NA	NA	NA	NA	NA	NA	NA	NA	NA	NA	NA	NA	NA	NA	NA	NA	NA	NA	NA	NA	NA	NA	NA	NA	NA	NA	NA	NA	NA	NA	NA	NA	NA	NA	NA	NA	NA	NA	NA	NA	NA	NA	NA	NA	NA	NA	NA	NA	NA	NA	NA	NA	NA	NA	NA	NA	NA	NA	NA	NA	D	woody	NA
Tetracentron_sinense	5993	26746	28.24	1517.96	0.49	287.04	13.24	9.14	35.83	613.92	25.24	-0.58	25.83	19.44	6.08	20.35	5.26	1143.91	217.68	15.9	74.97	583.99	59.73	560.01	75.94	89.23	99.68	36.93	5771.94	211.87	-55.14	267.01	146.22	16.33	158.94	8.84	1078.38	219.74	14.19	77.37	567.82	55.19	545.71	62.6	1.2	1.73	13471.74	3.36E+11	13.82	52.42	1.25	36.59	11.13	21.5	7.18	12.51	0.66	0.88	0.67	4.93	1.47	32.56	28.35	1.76	9.34	0.66	1.7	397.17	D	woody	NA
Theobroma_cacao	4928	24260	NA	NA	NA	NA	NA	NA	NA	NA	NA	NA	NA	NA	NA	NA	NA	NA	NA	NA	NA	NA	NA	NA	NA	NA	NA	NA	NA	NA	NA	NA	NA	NA	NA	NA	NA	NA	NA	NA	NA	NA	NA	NA	NA	NA	NA	NA	NA	NA	NA	NA	NA	NA	NA	NA	NA	NA	NA	NA	NA	NA	NA	NA	NA	NA	NA	NA	EV	woody	12.17
Thlaspi_arvense	4331	22061	52.66	245.39	0.55	317.41	7.27	8.18	29.73	704.32	22.05	-5.19	27.24	12.03	2.36	16.05	-1.2	714.13	84.19	38.41	25.17	233.93	128.46	209.92	156.26	-83.45	91.86	26.91	9147.67	79.95	-261.05	340.99	1.08	-169.89	28.26	-204.37	709.87	100.29	32.91	36.33	262.68	115.02	242.25	128	0.85	3.57	10333.46	2.22E+11	10.58	65.42	1.34	51.28	15.26	17.46	9.63	14.35	0.81	1.15	2.66	5.76	1.51	42.66	32.15	3.18	14.58	1.36	2.43	343.6	NA	herbs	0.415
Thuja_plicata	9633	30026	49.15	260.38	0.43	382.01	8.6	8.31	35.5	517.5	21.45	-0.87	22.32	5.02	11.72	15.12	2.55	1186.98	171.99	39.85	39.52	483.5	142.24	162.23	424.94	-39.97	63.05	27.79	5662.72	60.02	-155.72	215.74	-60.54	-26.77	29.74	-112.97	1204.91	153.37	57.49	27.78	410.97	209.7	265.31	371.93	0.87	3.25	10760.58	3.03E+11	18.73	48.02	1.28	51.09	13.36	17.12	10.53	16.65	0.51	1.39	1.82	5.17	1.48	43.51	29.69	1.05	8.6	1.16	2.01	359.61	EV	woody	80
Torreya_grandis	14458	32631	29.52	466.97	0.63	736.03	15.83	8.49	28.62	791.72	30.53	0.5	30.03	21.32	8.23	25.23	5.78	1412.95	237.63	36.91	55.92	613.61	140.57	518.12	171.67	111.85	96.84	28.68	8261.99	281.55	-57.72	339.27	179.88	45.49	217.49	0.72	1258.73	216.05	21.83	61.84	584.23	96.32	487.63	152.59	1.52	2.29	14369.29	2.96E+11	11.14	39.94	0.94	25.26	8.44	18.31	5.64	10.07	0.51	0.55	0.43	3.84	1.16	24.16	21.52	1.42	6.18	0.45	1.38	334.85	NA	woody	25
Trifolium_pratense	5501	34416	NA	NA	NA	NA	NA	NA	NA	NA	NA	NA	NA	NA	NA	NA	NA	NA	NA	NA	NA	NA	NA	NA	NA	NA	NA	NA	NA	NA	NA	NA	NA	NA	NA	NA	NA	NA	NA	NA	NA	NA	NA	NA	NA	NA	NA	NA	NA	NA	NA	NA	NA	NA	NA	NA	NA	NA	NA	NA	NA	NA	NA	NA	NA	NA	NA	NA	NA	herbs	0.4650271
Tripterygium_wilfordii	3697	27735	34.14	739.36	0.46	380.05	10.9	9.12	28.44	855.08	26.42	-5.79	32.21	19.81	1.15	21.06	0.09	1493.86	268.31	46.24	64.04	694.24	159.24	652.99	174.05	48.03	120.36	29.74	10059.93	238.08	-167.96	406.04	161.9	-71.34	171.92	-88.97	1431.27	303.13	28.48	78.44	749.8	110.05	712.4	123.74	1.15	2.73	13161.56	3.19E+11	14.3	50.85	1.22	41.71	11.35	16.3	8.99	16.69	0.59	1.05	1.27	5.23	1.44	40.45	29.6	0.78	7.15	0.88	1.99	392.8	NA	NA	NA
Utricularia_gibba	1544	23298	14.78	256.25	0.34	295.58	17.52	10.74	46.98	515.41	29.75	4.64	25.1	20.28	14.11	23.57	10.91	1240.4	187.91	43.51	48.75	505.21	152.28	351.7	233.09	86.57	119.77	45.75	6077.5	227.06	-63.42	290.48	106.84	63.3	159.95	6.62	1236.91	202.04	37.47	55.67	535.19	138.28	349.74	219.95	1.62	2.93	15761.68	4.25E+11	15.82	56.43	1.34	41.2	13.66	24.16	9.88	12.75	0.64	0.66	1.71	5.5	1.61	43.24	25.42	1.67	12.1	1.06	3.34	312.53	NA	herbs	0.1
Utricularia_reniformis	3875	37677	23.21	1195.34	0.2	214.4	15.93	10.14	57.26	242.92	23.98	6.61	17.38	18.53	13.13	18.8	12.87	1744.92	262.46	57.78	51.15	731.84	193.44	674.68	200.87	128.43	121.88	57.82	2745.94	225.98	17.4	208.58	158.21	93.61	161.78	91.74	1801.6	284.09	49.16	53.82	765.67	172.59	659.92	184.41	1.5	2.19	13976.95	8.02E+11	30.8	32.25	1.29	24.9	8.85	30.26	10.86	11.49	0.23	1.31	1.08	5.06	1.76	42.51	23.23	0.06	3.56	1.04	1.85	264.97	NA	herbs	NA
Vigna_mungo	3642	29087	25.52	604.38	0.64	1067.88	21.22	11.95	41.4	612.38	35.26	5.75	29.51	24.84	17.9	28.02	13.11	987.33	243.29	11.27	95.47	589.46	51.08	351.97	109.81	178.71	128.92	42.75	6016.37	321.39	14.75	306.64	227.37	140.5	247.97	94.09	890.46	216.52	11.79	90.92	509.66	52.27	392.94	102.81	1.69	1.62	17371.35	2.54E+11	3.85	55.49	1.01	38.1	10.44	17.26	6.21	9.62	1.15	1.14	0.61	4.76	1.21	29.6	21.62	3.58	16.85	0.53	5.04	355.91	NA	NA	NA
Vigna_unguiculata	6150	25798	NA	NA	NA	NA	NA	NA	NA	NA	NA	NA	NA	NA	NA	NA	NA	NA	NA	NA	NA	NA	NA	NA	NA	NA	NA	NA	NA	NA	NA	NA	NA	NA	NA	NA	NA	NA	NA	NA	NA	NA	NA	NA	NA	NA	NA	NA	NA	NA	NA	NA	NA	NA	NA	NA	NA	NA	NA	NA	NA	NA	NA	NA	NA	NA	NA	NA	NA	herbs	0.36576
Vitis_riparia	6360	19745	43.32	241.28	0.55	485.43	8.38	10.55	27.91	994.58	27.39	-10.44	37.83	16.12	-2.39	20.28	-4.21	875.01	99.32	44.26	26.01	277.74	151.35	258.04	164.05	-137.49	97.47	26.61	10143.79	45.14	-317.82	362.96	-102.03	-203.79	-7.4	-260.39	858.03	133.5	33.48	44.34	345.18	122.85	213.9	140.56	0.93	3.72	13002.85	2.88E+11	5.44	72.61	1.36	51.01	13.94	19.55	8.26	12.3	0.94	0.79	1.09	5.81	1.53	35.67	34.13	3.97	15.59	0.92	1.89	281.63	D	woody	5.7564
Vitis_vinifera	5663	24264	NA	NA	NA	NA	NA	NA	NA	NA	NA	NA	NA	NA	NA	NA	NA	NA	NA	NA	NA	NA	NA	NA	NA	NA	NA	NA	NA	NA	NA	NA	NA	NA	NA	NA	NA	NA	NA	NA	NA	NA	NA	NA	NA	NA	NA	NA	NA	NA	NA	NA	NA	NA	NA	NA	NA	NA	NA	NA	NA	NA	NA	NA	NA	NA	NA	NA	D	woody	19.028
Zea_mays	3697	35894	NA	NA	NA	NA	NA	NA	NA	NA	NA	NA	NA	NA	NA	NA	NA	NA	NA	NA	NA	NA	NA	NA	NA	NA	NA	NA	NA	NA	NA	NA	NA	NA	NA	NA	NA	NA	NA	NA	NA	NA	NA	NA	NA	NA	NA	NA	NA	NA	NA	NA	NA	NA	NA	NA	NA	NA	NA	NA	NA	NA	NA	NA	NA	NA	NA	NA	NA	herbs	2.48768
Zizania_latifolia	3434	35355	NA	NA	NA	NA	NA	NA	NA	NA	NA	NA	NA	NA	NA	NA	NA	NA	NA	NA	NA	NA	NA	NA	NA	NA	NA	NA	NA	NA	NA	NA	NA	NA	NA	NA	NA	NA	NA	NA	NA	NA	NA	NA	NA	NA	NA	NA	NA	NA	NA	NA	NA	NA	NA	NA	NA	NA	NA	NA	NA	NA	NA	NA	NA	NA	NA	NA	NA	herbs	NA
Ziziphus_jujuba	6907	23100	NA	NA	NA	NA	NA	NA	NA	NA	NA	NA	NA	NA	NA	NA	NA	NA	NA	NA	NA	NA	NA	NA	NA	NA	NA	NA	NA	NA	NA	NA	NA	NA	NA	NA	NA	NA	NA	NA	NA	NA	NA	NA	NA	NA	NA	NA	NA	NA	NA	NA	NA	NA	NA	NA	NA	NA	NA	NA	NA	NA	NA	NA	NA	NA	NA	NA	D	woody	8
Zostera_marina	1613	19870	53.03	14.73	0.28	225.73	4.1	3.18	14.41	283.73	9.97	-0.9	10.87	4.59	3.5	7.69	0.8	471.3	59.56	21.43	15.43	165.85	72.32	106.96	124.35	-93.23	94.72	29.45	8560.58	64.83	-260.08	324.91	-20.6	-170.04	13.77	-204.31	944.61	142.26	38.08	42.9	362.67	137.15	301.89	185.01	0.46	2.37	5071.44	98077227642	10.16	43.9	0.99	36.4	10.55	11.59	7.75	11.96	0.56	0.82	2.13	4.24	1.1	36.02	21.92	1.53	9.26	1.05	2.21	170.73	NA	herbs	NA
