Seq	Ka	Ks	Ka/Ks
CepurR40.10G003300.1-CepurR40.10G003500.1	0.051271	0.367924	0.139352
CepurR40.10G005200.1-CepurR40.10G005300.1	0.451287	1.11573	0.404477
CepurR40.10G009300.1-CepurR40.10G009400.1	0.112764	0.223547	0.504429
CepurR40.10G011100.1-CepurR40.10G011200.1	0.0141427	0.987453	0.0143224
CepurR40.10G016500.1-CepurR40.10G016700.1	0.315064	1.24986	0.252079
CepurR40.10G017400.1-CepurR40.10G017600.1	NA	NA	NA
CepurR40.10G019900.1-CepurR40.10G020000.1	0.0376581	0.14371	0.262042
CepurR40.10G024400.1-CepurR40.10G024600.1	0.435295	3.20446	0.13584
CepurR40.10G028800.1-CepurR40.10G028900.1	0.238031	1.84347	0.129121
CepurR40.10G035200.1-CepurR40.10G035300.1	0.104252	0.163116	0.639128
CepurR40.10G035300.1-CepurR40.10G035500.1	0.108421	0.605426	0.179081
CepurR40.10G035600.1-CepurR40.10G035800.1	0.141461	0.347727	0.406817
CepurR40.10G035800.1-CepurR40.10G036000.1	0.251027	1.2985	0.193321
CepurR40.10G037600.1-CepurR40.10G037800.1	0.0175902	0.147722	0.119076
CepurR40.10G041400.1-CepurR40.10G041600.1	0.00577428	0.0241078	0.239519
CepurR40.10G047700.1-CepurR40.10G047800.1	0.00220472	0.00703764	0.313276
CepurR40.10G055400.1-CepurR40.10G055500.1	NA	0.0130059	-0
CepurR40.10G055700.1-CepurR40.10G055900.1	0.00873351	0.00981587	0.889734
CepurR40.10G060600.1-CepurR40.10G060800.1	0.00218843	NA	NA
CepurR40.10G060800.1-CepurR40.10G061000.1	0.0111166	0.0363578	0.305757
CepurR40.10G065200.1-CepurR40.10G065300.1	0.742585	1.37467	0.540192
CepurR40.10G065600.1-CepurR40.10G065800.1	0.116693	0.268019	0.435393
CepurR40.10G065800.1-CepurR40.10G065900.1	0.00155811	NA	NA
CepurR40.10G065900.1-CepurR40.10G066000.1	0.114973	0.266503	0.431414
CepurR40.10G066000.1-CepurR40.10G066100.1	0.00483514	0.0424681	0.113853
CepurR40.10G069600.1-CepurR40.10G069800.1	1.0354	1.02822	1.00698
CepurR40.10G071900.1-CepurR40.10G072000.1	NA	NA	NA
CepurR40.10G076500.1-CepurR40.10G076600.1	0.0124733	0.149791	0.0832713
CepurR40.10G080100.1-CepurR40.10G080300.1	0.232531	0.790609	0.294117
CepurR40.10G080200.1-CepurR40.10G080300.1	0.00806687	0.0512561	0.157384
CepurR40.10G081700.1-CepurR40.10G081800.1	0.112782	0.496534	0.227138
CepurR40.10G081800.1-CepurR40.10G081900.1	0.112782	0.496534	0.227138
CepurR40.10G084300.1-CepurR40.10G084500.1	0.0488268	0.0932814	0.523436
CepurR40.10G084400.1-CepurR40.10G084500.1	0.0448542	0.088631	0.506079
CepurR40.10G087100.1-CepurR40.10G087200.1	NA	NA	NA
CepurR40.10G094400.1-CepurR40.10G094500.1	NA	NA	NA
CepurR40.10G100700.1-CepurR40.10G100800.1	0.379867	1.09204	0.347851
CepurR40.10G104100.1-CepurR40.10G104200.1	0.0498207	0.0900777	0.553086
CepurR40.10G104200.1-CepurR40.10G104300.1	0.0954937	0.233309	0.409301
CepurR40.10G111400.1-CepurR40.10G111500.1	0.148358	0.547101	0.271171
CepurR40.10G116600.1-CepurR40.10G116800.1	0.139021	0.289342	0.480474
CepurR40.10G120200.1-CepurR40.10G120400.1	0.0540103	0.137461	0.392914
CepurR40.10G121800.1-CepurR40.10G122000.1	0.332898	0.837731	0.397381
CepurR40.10G123700.1-CepurR40.10G123800.1	NA	0.0400296	-0
CepurR40.10G128700.1-CepurR40.10G128900.1	0.099262	0.335776	0.29562
CepurR40.10G130900.1-CepurR40.10G131000.1	0.233896	0.196536	1.19009
CepurR40.10G131000.1-CepurR40.10G131100.1	0.190598	0.186128	1.02402
CepurR40.10G132800.1-CepurR40.10G132900.1	0.150138	0.546678	0.274638
CepurR40.10G139200.1-CepurR40.10G139300.1	0.0838538	0.33808	0.248029
CepurR40.10G145300.1-CepurR40.10G145400.1	0.0206749	0.0211786	0.976213
CepurR40.10G153900.1-CepurR40.10G154000.1	NA	NA	NA
CepurR40.10G154100.1-CepurR40.10G154200.1	0.000575924	NA	NA
CepurR40.10G154900.1-CepurR40.10G155100.1	0.32711	2.55431	0.128062
CepurR40.10G161400.1-CepurR40.10G161500.1	0.10216	0.156671	0.652066
CepurR40.10G162300.1-CepurR40.10G162400.1	NA	NA	NA
CepurR40.10G162800.1-CepurR40.10G163000.1	0.0720559	0.0960494	0.750197
CepurR40.10G165900.1-CepurR40.10G166100.1	0.15336	0.225	0.681599
CepurR40.10G166100.1-CepurR40.10G166200.1	0.176193	0.227779	0.773524
CepurR40.10G167300.1-CepurR40.10G167400.1	0.756339	1.24309	0.608435
CepurR40.10G174500.1-CepurR40.10G174700.1	0.053705	0.0625905	0.858038
CepurR40.10G174700.1-CepurR40.10G174800.1	0.0307669	0.0260225	1.18232
CepurR40.10G174800.1-CepurR40.10G175000.1	0.555295	0.740048	0.75035
CepurR40.10G175800.1-CepurR40.10G175900.1	0.0620571	0.324386	0.191306
CepurR40.10G179300.1-CepurR40.10G179400.1	0.507296	NA	NA
CepurR40.10G180000.1-CepurR40.10G180100.1	0.900718	3.77575	0.238553
CepurR40.10G180300.1-CepurR40.10G180400.1	NA	NA	NA
CepurR40.10G185500.1-CepurR40.10G185700.1	NA	NA	NA
CepurR40.10G185600.1-CepurR40.10G185800.1	NA	NA	NA
CepurR40.10G186300.1-CepurR40.10G186400.1	0.00441441	NA	NA
CepurR40.10G186900.1-CepurR40.10G187100.1	0.0272155	0.043464	0.626163
CepurR40.10G193300.1-CepurR40.10G193400.1	0.019834	0.027493	0.72142
CepurR40.11G018100.1-CepurR40.11G018300.1	0.106227	0.164954	0.643976
CepurR40.11G022600.1-CepurR40.11G022800.1	0.0416558	0.0663682	0.627647
CepurR40.11G023100.1-CepurR40.11G023200.1	0.201461	1.6888	0.119292
CepurR40.11G023800.1-CepurR40.11G024000.1	0.192527	1.46793	0.131155
CepurR40.11G026400.1-CepurR40.11G026500.1	NA	NA	NA
CepurR40.11G026800.1-CepurR40.11G026900.1	0.239179	0.991064	0.241335
CepurR40.11G027800.1-CepurR40.11G027900.1	0.0253697	0.337264	0.0752221
CepurR40.11G028500.1-CepurR40.11G028600.1	0.0373059	0.107082	0.348388
CepurR40.11G031800.1-CepurR40.11G032000.1	NA	NA	NA
CepurR40.11G034600.1-CepurR40.11G034800.1	0.640835	1.34484	0.476513
CepurR40.11G034800.1-CepurR40.11G034900.1	0.374192	0.718894	0.52051
CepurR40.11G034900.1-CepurR40.11G035000.1	0.411414	0.89305	0.460685
CepurR40.11G037800.1-CepurR40.11G037900.1	0.024971	0.313095	0.0797554
CepurR40.11G038100.1-CepurR40.11G038200.1	NA	0.0151295	-0
CepurR40.11G038200.1-CepurR40.11G038300.1	0.0326418	0.140123	0.232952
CepurR40.11G041900.1-CepurR40.11G042000.1	NA	NA	NA
CepurR40.11G042500.1-CepurR40.11G042700.1	0.0490939	0.0958542	0.512173
CepurR40.11G047600.1-CepurR40.11G047800.1	NA	0.109766	-0
CepurR40.11G047700.1-CepurR40.11G047900.1	0.0503404	0.215825	0.233246
CepurR40.11G050900.1-CepurR40.11G051000.1	0.400611	2.01214	0.199097
CepurR40.11G060000.1-CepurR40.11G060100.1	0.123343	0.180548	0.683159
CepurR40.11G062000.1-CepurR40.11G062100.1	0.470536	2.15706	0.218138
CepurR40.11G063800.1-CepurR40.11G064000.1	0.0321251	0.0359279	0.894155
CepurR40.11G064700.1-CepurR40.11G064800.1	0.126621	0.20532	0.616702
CepurR40.11G064700.1-CepurR40.11G064900.1	0.0508458	0.177762	0.286033
CepurR40.11G066000.1-CepurR40.11G066100.1	0.230045	0.851906	0.270036
CepurR40.11G066200.1-CepurR40.11G066300.1	0.19728	0.248003	0.795471
CepurR40.11G068100.1-CepurR40.11G068200.1	0.0562768	0.237915	0.236541
CepurR40.11G072400.1-CepurR40.11G072500.1	NA	NA	NA
CepurR40.11G073600.1-CepurR40.11G073700.1	0.647102	1.2007	0.538936
CepurR40.11G076300.1-CepurR40.11G076400.1	0.0320762	0.405823	0.0790399
CepurR40.11G078100.1-CepurR40.11G078200.1	0.150031	0.684606	0.21915
CepurR40.11G078300.1-CepurR40.11G078400.1	0.461221	NA	NA
CepurR40.11G083500.1-CepurR40.11G083600.1	0.245477	0.487694	0.503343
CepurR40.11G089600.1-CepurR40.11G089800.1	0.00343938	0.0273571	0.125722
CepurR40.11G090200.1-CepurR40.11G090300.1	0.0866979	0.146627	0.591282
CepurR40.11G092600.1-CepurR40.11G092700.1	0.911623	1.97861	0.46074
CepurR40.11G094900.1-CepurR40.11G095000.1	0.0235306	0.0271814	0.865687
CepurR40.11G095100.1-CepurR40.11G095300.1	0.362354	0.9946	0.364322
CepurR40.11G100700.1-CepurR40.11G100900.1	0.0427203	0.0660501	0.646787
CepurR40.11G100900.1-CepurR40.11G101000.1	0.112512	0.196785	0.571753
CepurR40.11G101000.1-CepurR40.11G101100.1	0.0788176	0.128455	0.613579
CepurR40.11G101300.1-CepurR40.11G101400.1	0.662771	3.52644	0.187944
CepurR40.11G107100.1-CepurR40.11G107300.1	0.168473	0.552564	0.304894
CepurR40.11G115200.1-CepurR40.11G115400.1	0.0179469	0.158177	0.113461
CepurR40.11G117200.1-CepurR40.11G117300.1	0.23791	0.708966	0.335574
CepurR40.11G117300.1-CepurR40.11G117400.1	0.220115	0.641902	0.34291
CepurR40.11G120800.1-CepurR40.11G120900.1	0.566633	2.02309	0.280083
CepurR40.11G122400.1-CepurR40.11G122600.1	0.00936294	0.0582088	0.160851
CepurR40.11G130200.1-CepurR40.11G130300.1	0.15345	0.963127	0.159325
CepurR40.11G132000.1-CepurR40.11G132100.1	0.331641	2.30973	0.143584
CepurR40.11G132100.1-CepurR40.11G132300.1	0.075822	0.155055	0.488999
CepurR40.11G134300.1-CepurR40.11G134400.1	0.427225	2.27907	0.187456
CepurR40.11G134500.1-CepurR40.11G134600.1	0.01412	0.133527	0.105746
CepurR40.11G136000.1-CepurR40.11G136100.1	0.00829855	0.0365648	0.226955
CepurR40.11G136600.1-CepurR40.11G136800.1	0.0527396	0.118355	0.445606
CepurR40.11G137200.1-CepurR40.11G137300.1	0.00313663	0.0364196	0.0861249
CepurR40.11G137600.1-CepurR40.11G137700.1	0.22586	0.885453	0.255079
CepurR40.11G137700.1-CepurR40.11G137900.1	0.28364	NA	NA
CepurR40.11G139100.1-CepurR40.11G139200.1	0.329833	3.60221	0.091564
CepurR40.11G141000.1-CepurR40.11G141100.1	0.0336841	0.066049	0.509987
CepurR40.11G143800.1-CepurR40.11G143900.1	0.0946035	0.26553	0.356282
CepurR40.11G145800.1-CepurR40.11G145900.1	0.0888127	0.0477901	1.85839
CepurR40.11G145900.1-CepurR40.11G146000.1	0.0265846	0.0405045	0.656339
CepurR40.11G146500.1-CepurR40.11G146700.1	0.23239	2.02145	0.114962
CepurR40.11G153500.1-CepurR40.11G153600.1	0.606814	1.92943	0.314504
CepurR40.11G158300.1-CepurR40.11G158400.1	0.145549	0.637346	0.228367
CepurR40.11G158800.1-CepurR40.11G159000.1	0.016374	0.0445698	0.367378
CepurR40.11G162600.1-CepurR40.11G162700.1	0.120198	0.68449	0.175603
CepurR40.11G166000.1-CepurR40.11G166100.1	0.433591	NA	NA
CepurR40.11G166500.1-CepurR40.11G166600.1	0.033834	0.175311	0.192994
CepurR40.11G167000.1-CepurR40.11G167100.1	NA	NA	NA
CepurR40.11G169100.1-CepurR40.11G169300.1	0.000850166	0.00185936	0.457236
CepurR40.11G169200.1-CepurR40.11G169400.1	NA	0.00274326	-0
CepurR40.11G170100.1-CepurR40.11G170200.1	NA	NA	NA
CepurR40.11G172900.1-CepurR40.11G173000.1	0.161473	0.80764	0.199932
CepurR40.11G172900.1-CepurR40.11G173100.1	0.13366	0.171678	0.77855
CepurR40.11G173200.1-CepurR40.11G173300.1	0.606814	1.92943	0.314504
CepurR40.12G007400.1-CepurR40.12G007500.1	NA	NA	NA
CepurR40.12G012700.1-CepurR40.12G012800.1	NA	NA	NA
CepurR40.12G019500.1-CepurR40.12G019600.1	0.232604	0.897206	0.259254
CepurR40.12G019600.1-CepurR40.12G019700.1	0.0308655	0.137927	0.223781
CepurR40.12G019900.1-CepurR40.12G020000.1	0.364899	0.914832	0.39887
CepurR40.12G027000.1-CepurR40.12G027200.1	0.292158	1.38608	0.21078
CepurR40.12G027900.1-CepurR40.12G028000.1	0.664741	2.21982	0.299457
CepurR40.12G029000.1-CepurR40.12G029200.1	0.00759753	0.0155599	0.488276
CepurR40.12G029600.1-CepurR40.12G029700.1	0.163883	0.352022	0.465548
CepurR40.12G032000.1-CepurR40.12G032100.1	0.25215	0.713864	0.353219
CepurR40.12G032100.1-CepurR40.12G032300.1	0.447303	1.04523	0.427948
CepurR40.12G032200.1-CepurR40.12G032400.1	0.797786	1.85146	0.430896
CepurR40.12G034100.1-CepurR40.12G034200.1	0.212549	0.458391	0.463685
CepurR40.12G039600.1-CepurR40.12G039800.1	0.171765	0.320823	0.535391
CepurR40.12G044300.1-CepurR40.12G044500.1	0.984455	1.74123	0.56538
CepurR40.12G045300.1-CepurR40.12G045500.1	NA	NA	NA
CepurR40.12G046000.1-CepurR40.12G046100.1	0.29177	1.25436	0.232605
CepurR40.12G046800.1-CepurR40.12G047000.1	0.170737	0.309771	0.551172
CepurR40.12G048500.1-CepurR40.12G048700.1	0.139164	0.240605	0.578395
CepurR40.12G049800.1-CepurR40.12G049900.1	0.00988248	0.11382	0.0868256
CepurR40.12G051400.1-CepurR40.12G051500.1	0.00987017	0.0225469	0.437762
CepurR40.12G052500.1-CepurR40.12G052600.1	0.234708	1.31605	0.178342
CepurR40.12G054700.1-CepurR40.12G054900.1	0.0678247	0.582704	0.116396
CepurR40.12G063900.1-CepurR40.12G064000.1	0.083497	0.536839	0.155535
CepurR40.12G068200.1-CepurR40.12G068300.1	NA	NA	NA
CepurR40.12G074500.1-CepurR40.12G074600.1	0.327709	0.897999	0.364933
CepurR40.12G074800.1-CepurR40.12G074900.1	0.276363	0.610914	0.452376
CepurR40.12G075400.1-CepurR40.12G075500.1	0.977604	3.57338	0.273579
CepurR40.12G077000.1-CepurR40.12G077100.1	0.0190117	0.0697964	0.272388
CepurR40.12G081800.1-CepurR40.12G081900.1	0.318008	0.829154	0.383533
CepurR40.12G082800.1-CepurR40.12G082900.1	0.792656	2.2271	0.355914
CepurR40.12G087600.1-CepurR40.12G087800.1	0.110318	0.148135	0.744718
CepurR40.12G087800.1-CepurR40.12G087900.1	0.0889916	0.153717	0.57893
CepurR40.12G088600.1-CepurR40.12G088700.1	0.232492	1.09644	0.212043
CepurR40.12G088700.1-CepurR40.12G088800.1	0.232477	1.0785	0.215556
CepurR40.12G088800.1-CepurR40.12G088900.1	0.236154	1.06138	0.222498
CepurR40.12G088900.1-CepurR40.12G089000.1	0.00135595	0.00434447	0.31211
CepurR40.12G094500.1-CepurR40.12G094700.1	NA	NA	NA
CepurR40.12G097500.1-CepurR40.12G097600.1	0.715259	1.61041	0.444148
CepurR40.12G097600.1-CepurR40.12G097800.1	0.364759	0.755074	0.483077
CepurR40.12G101900.1-CepurR40.12G102000.1	0.512265	0.694168	0.737956
CepurR40.12G105900.1-CepurR40.12G106100.1	NA	NA	NA
CepurR40.12G107700.1-CepurR40.12G107800.1	0.178672	0.409989	0.435796
CepurR40.12G109800.1-CepurR40.12G110000.1	0.115996	0.152353	0.761363
CepurR40.12G109900.1-CepurR40.12G110100.1	0.0028768	0.0177139	0.162404
CepurR40.12G116500.1-CepurR40.12G116600.1	NA	NA	NA
CepurR40.12G117400.1-CepurR40.12G117600.1	0.102873	0.237467	0.433207
CepurR40.12G117500.1-CepurR40.12G117700.1	0.0216684	0.20098	0.107814
CepurR40.12G117600.1-CepurR40.12G117800.1	0.114919	0.21235	0.54118
CepurR40.12G118300.1-CepurR40.12G118400.1	0.941723	NA	NA
CepurR40.12G121500.1-CepurR40.12G121600.1	0.00403921	0.054967	0.0734842
CepurR40.12G124400.1-CepurR40.12G124500.1	0.116541	0.30234	0.385463
CepurR40.12G128800.1-CepurR40.12G129000.1	0.0228066	0.0702586	0.324609
CepurR40.12G129000.1-CepurR40.12G129200.1	0.224463	0.906358	0.247654
CepurR40.12G131500.1-CepurR40.12G131700.1	0.761685	1.61941	0.470346
CepurR40.12G132700.1-CepurR40.12G132900.1	NA	0.0180822	-0
CepurR40.12G133800.1-CepurR40.12G133900.1	0.479239	1.41988	0.337522
CepurR40.12G137700.1-CepurR40.12G137800.1	0.02223	0.0928129	0.239514
CepurR40.12G138000.1-CepurR40.12G138100.1	NA	NA	NA
CepurR40.12G138100.1-CepurR40.12G138200.1	NA	NA	NA
CepurR40.12G154100.1-CepurR40.12G154300.1	0.00648465	0.0352248	0.184093
CepurR40.12G157900.1-CepurR40.12G158000.1	0.0942574	0.200205	0.470804
CepurR40.12G159400.1-CepurR40.12G159600.1	0.114385	0.175622	0.651316
CepurR40.12G161900.1-CepurR40.12G162000.1	0.00412139	0.0120441	0.342191
CepurR40.12G166100.1-CepurR40.12G166200.1	NA	NA	NA
CepurR40.12G166300.1-CepurR40.12G166400.1	0.00845374	0.0192707	0.438684
CepurR40.12G167400.1-CepurR40.12G167500.1	NA	NA	NA
CepurR40.12G172700.1-CepurR40.12G172800.1	0.00380977	0.007387	0.51574
CepurR40.12G175800.1-CepurR40.12G176000.1	0.229138	0.836635	0.273881
CepurR40.12G179000.1-CepurR40.12G179100.1	NA	0.00744565	-0
CepurR40.12G179500.1-CepurR40.12G179600.1	0.229738	1.76382	0.13025
CepurR40.12G181800.1-CepurR40.12G182000.1	0.00817865	0.0906307	0.0902414
CepurR40.12G183000.1-CepurR40.12G183100.1	0.396455	0.833779	0.475491
CepurR40.12G186700.1-CepurR40.12G186800.1	NA	NA	NA
CepurR40.12G190000.1-CepurR40.12G190100.1	0.00408111	NA	NA
CepurR40.12G190100.1-CepurR40.12G190200.1	0.0205452	0.0219912	0.934244
CepurR40.12G190200.1-CepurR40.12G190300.1	0.00811147	NA	NA
CepurR40.1G014200.1-CepurR40.1G014300.1	1.04656	NA	NA
CepurR40.1G016300.1-CepurR40.1G016500.1	0.0166396	0.144397	0.115235
CepurR40.1G016900.1-CepurR40.1G017100.1	0.00556115	0.208164	0.0267152
CepurR40.1G017100.1-CepurR40.1G017200.1	0.00278244	0.138181	0.0201361
CepurR40.1G019800.1-CepurR40.1G020000.1	0.211028	0.321799	0.655777
CepurR40.1G020000.1-CepurR40.1G020100.1	0.000899121	NA	NA
CepurR40.1G021100.1-CepurR40.1G021200.1	0.0651156	0.229148	0.284164
CepurR40.1G033100.1-CepurR40.1G033200.1	0.255444	1.02484	0.249253
CepurR40.1G033200.1-CepurR40.1G033300.1	0.0431364	0.166098	0.259705
CepurR40.1G033300.1-CepurR40.1G033400.1	0.00276888	NA	NA
CepurR40.1G042500.1-CepurR40.1G042600.1	0.0634838	0.118058	0.537734
CepurR40.1G042600.1-CepurR40.1G042800.1	0.0302799	0.201356	0.15038
CepurR40.1G047600.1-CepurR40.1G047800.1	0.407281	2.11271	0.192776
CepurR40.1G048900.1-CepurR40.1G049000.1	NA	0.00340977	-0
CepurR40.1G049500.1-CepurR40.1G049700.1	0.0208861	NA	NA
CepurR40.1G051600.1-CepurR40.1G051800.1	0.222551	0.435643	0.510856
CepurR40.1G055600.1-CepurR40.1G055800.1	0.176372	1.84209	0.0957458
CepurR40.1G058200.1-CepurR40.1G058300.1	0.440802	NA	NA
CepurR40.1G059500.1-CepurR40.1G059600.1	0.213841	1.74921	0.12225
CepurR40.1G059600.1-CepurR40.1G059700.1	0.316388	2.54538	0.124299
CepurR40.1G060300.1-CepurR40.1G060400.1	0.444177	1.23265	0.360342
CepurR40.1G064300.1-CepurR40.1G064500.1	0.0132984	0.292456	0.0454713
CepurR40.1G064500.1-CepurR40.1G064600.1	0.00662209	0.179397	0.0369131
CepurR40.1G064600.1-CepurR40.1G064700.1	0.0132777	0.294189	0.0451334
CepurR40.1G069900.1-CepurR40.1G070000.1	NA	NA	NA
CepurR40.1G078100.1-CepurR40.1G078200.1	0.294294	2.40607	0.122313
CepurR40.1G079200.1-CepurR40.1G079300.1	0.465831	1.134	0.410787
CepurR40.1G079600.1-CepurR40.1G079800.1	0.807144	2.94328	0.274232
CepurR40.1G080100.1-CepurR40.1G080200.1	0.69206	1.08058	0.640454
CepurR40.1G080600.1-CepurR40.1G080700.1	0.352145	1.04191	0.337979
CepurR40.1G080700.1-CepurR40.1G080800.1	0.68861	1.50548	0.457403
CepurR40.1G081400.1-CepurR40.1G081500.1	0.348737	1.01034	0.345169
CepurR40.1G084500.1-CepurR40.1G084600.1	0.0118033	0.014544	0.811563
CepurR40.1G084900.1-CepurR40.1G085100.1	NA	NA	NA
CepurR40.1G085000.1-CepurR40.1G085200.1	NA	NA	NA
CepurR40.1G085800.1-CepurR40.1G085900.1	0.629178	2.22638	0.282601
CepurR40.1G085900.1-CepurR40.1G086000.1	0.356144	NA	NA
CepurR40.1G086200.1-CepurR40.1G086300.1	0.00107639	0.0457674	0.0235186
CepurR40.1G093400.1-CepurR40.1G093500.1	1.08929	NA	NA
CepurR40.1G095700.1-CepurR40.1G095900.1	0.036195	0.0851873	0.424887
CepurR40.1G096000.1-CepurR40.1G096100.1	0.00239608	0.00785441	0.305062
CepurR40.1G096300.1-CepurR40.1G096400.1	NA	0.0238144	-0
CepurR40.1G107900.1-CepurR40.1G108000.1	NA	NA	NA
CepurR40.1G108800.1-CepurR40.1G109000.1	0.849202	NA	NA
CepurR40.1G110200.1-CepurR40.1G110400.1	0.284337	0.831569	0.341928
CepurR40.1G110400.1-CepurR40.1G110500.1	0.109651	0.343646	0.31908
CepurR40.1G133000.1-CepurR40.1G133100.1	0.0684088	0.0928881	0.736465
CepurR40.1G133100.1-CepurR40.1G133300.1	0.332239	1.63584	0.2031
CepurR40.1G140700.1-CepurR40.1G140800.1	0.629186	NA	NA
CepurR40.1G141700.1-CepurR40.1G141900.1	NA	NA	NA
CepurR40.1G141900.1-CepurR40.1G142100.1	NA	NA	NA
CepurR40.1G147100.1-CepurR40.1G147200.1	0.346223	0.476086	0.727227
CepurR40.1G149100.1-CepurR40.1G149200.1	0.138957	0.630938	0.220238
CepurR40.1G150700.1-CepurR40.1G150900.1	0.00297304	0.0436055	0.0681805
CepurR40.1G154000.1-CepurR40.1G154100.1	0.153699	0.388667	0.395452
CepurR40.1G158600.1-CepurR40.1G158800.1	0.077554	0.305908	0.253521
CepurR40.1G159000.1-CepurR40.1G159100.1	0.219662	0.22406	0.98037
CepurR40.1G159700.1-CepurR40.1G159800.1	NA	NA	NA
CepurR40.1G168100.1-CepurR40.1G168200.1	0.902175	2.15517	0.418609
CepurR40.1G168500.1-CepurR40.1G168600.1	NA	0.000696195	-0
CepurR40.1G168600.1-CepurR40.1G168700.1	0.0366922	0.175469	0.209109
CepurR40.1G176400.1-CepurR40.1G176500.1	0.354937	1.01865	0.348439
CepurR40.1G177200.1-CepurR40.1G177300.1	0.00684477	0.0673069	0.101695
CepurR40.1G178700.1-CepurR40.1G178900.1	0.0128048	0.0440231	0.290865
CepurR40.1G184500.1-CepurR40.1G184700.1	0.00772406	0.361448	0.0213698
CepurR40.1G185200.1-CepurR40.1G185300.1	0.029075	0.0647774	0.448845
CepurR40.1G187300.1-CepurR40.1G187400.1	0.128351	0.563448	0.227796
CepurR40.1G188000.1-CepurR40.1G188100.1	0.00206602	0.0363024	0.0569113
CepurR40.1G197800.1-CepurR40.1G198000.1	NA	NA	NA
CepurR40.1G201600.1-CepurR40.1G201700.1	NA	NA	NA
CepurR40.1G202500.1-CepurR40.1G202700.1	0.00324597	NA	NA
CepurR40.1G205400.1-CepurR40.1G205600.1	0.398101	1.17222	0.339611
CepurR40.1G208400.1-CepurR40.1G208600.1	0.125107	0.25636	0.488012
CepurR40.1G210200.1-CepurR40.1G210300.1	0.363407	0.618695	0.587377
CepurR40.1G212100.1-CepurR40.1G212200.1	0.0700232	0.0899183	0.778742
CepurR40.1G212700.1-CepurR40.1G212800.1	0.134582	1.04923	0.128267
CepurR40.1G214400.1-CepurR40.1G214600.1	0.00760585	0.0441973	0.172089
CepurR40.1G216500.1-CepurR40.1G216700.1	0.0823589	0.645529	0.127584
CepurR40.1G216700.1-CepurR40.1G216800.1	0.0412984	0.255511	0.16163
CepurR40.1G222900.1-CepurR40.1G223000.1	0.00347875	0.0521006	0.0667698
CepurR40.1G227600.1-CepurR40.1G227700.1	NA	NA	NA
CepurR40.1G229000.1-CepurR40.1G229100.1	NA	NA	NA
CepurR40.1G229300.1-CepurR40.1G229500.1	0.0601661	0.0542298	1.10947
CepurR40.1G232300.1-CepurR40.1G232400.1	0.215208	0.377403	0.570232
CepurR40.1G233100.1-CepurR40.1G233300.1	0.541359	1.30218	0.415732
CepurR40.1G234400.1-CepurR40.1G234500.1	0.293863	2.31446	0.126968
CepurR40.1G234900.1-CepurR40.1G235100.1	NA	NA	NA
CepurR40.1G235000.1-CepurR40.1G235200.1	NA	NA	NA
CepurR40.1G245400.1-CepurR40.1G245600.1	0.00778893	0.0293386	0.265484
CepurR40.1G245600.1-CepurR40.1G245800.1	0.0058283	0.0175173	0.332717
CepurR40.1G248000.1-CepurR40.1G248200.1	1.06354	NA	NA
CepurR40.1G251800.1-CepurR40.1G251900.1	NA	NA	NA
CepurR40.1G252100.1-CepurR40.1G252300.1	0.0316137	0.0413858	0.763879
CepurR40.1G252200.1-CepurR40.1G252400.1	0.00645564	0.00978568	0.659703
CepurR40.1G252300.1-CepurR40.1G252500.1	0.000801686	NA	NA
CepurR40.1G256400.1-CepurR40.1G256500.1	0.575149	3.287	0.174977
CepurR40.1G262600.1-CepurR40.1G262700.1	0.0300095	0.113593	0.264184
CepurR40.1G268500.1-CepurR40.1G268700.1	0.57533	2.15856	0.266534
CepurR40.1G269500.1-CepurR40.1G269600.1	0.462786	0.996566	0.464381
CepurR40.1G270200.1-CepurR40.1G270300.1	0.0646571	0.0615023	1.05129
CepurR40.1G272200.1-CepurR40.1G272300.1	0.657071	0.973314	0.675087
CepurR40.1G272300.1-CepurR40.1G272400.1	0.0320592	0.0965686	0.331984
CepurR40.1G275600.1-CepurR40.1G275800.1	NA	NA	NA
CepurR40.1G275700.1-CepurR40.1G275900.1	NA	NA	NA
CepurR40.1G277400.1-CepurR40.1G277500.1	NA	NA	NA
CepurR40.1G278100.1-CepurR40.1G278200.1	0.201951	0.332293	0.60775
CepurR40.1G278800.1-CepurR40.1G278900.1	0.183199	0.632636	0.289581
CepurR40.1G280300.1-CepurR40.1G280400.1	0.177217	1.54257	0.114884
CepurR40.1G282600.1-CepurR40.1G282700.1	NA	NA	NA
CepurR40.1G282700.1-CepurR40.1G282800.1	NA	NA	NA
CepurR40.1G282800.1-CepurR40.1G282900.1	0.00105116	NA	NA
CepurR40.1G282900.1-CepurR40.1G283000.1	NA	NA	NA
CepurR40.1G286000.1-CepurR40.1G286100.1	NA	NA	NA
CepurR40.1G286400.1-CepurR40.1G286500.1	0.0729286	0.0837071	0.871235
CepurR40.1G293400.1-CepurR40.1G293500.1	NA	NA	NA
CepurR40.1G295400.1-CepurR40.1G295500.1	0.148641	0.395941	0.375412
CepurR40.1G295500.1-CepurR40.1G295600.1	0.313019	1.93254	0.161973
CepurR40.1G295900.1-CepurR40.1G296000.1	NA	0.0351758	-0
CepurR40.1G298400.1-CepurR40.1G298500.1	0.10188	0.123114	0.827531
CepurR40.1G299800.1-CepurR40.1G299900.1	NA	NA	NA
CepurR40.1G302000.1-CepurR40.1G302100.1	0.072611	0.172877	0.420015
CepurR40.1G302100.1-CepurR40.1G302200.1	0.220398	0.553909	0.397896
CepurR40.1G302200.1-CepurR40.1G302300.1	0.0428366	0.092556	0.462818
CepurR40.1G302500.1-CepurR40.1G302600.1	NA	NA	NA
CepurR40.1G310300.1-CepurR40.1G310500.1	NA	NA	NA
CepurR40.1G310900.1-CepurR40.1G311000.1	0.177914	0.874008	0.203561
CepurR40.1G312000.1-CepurR40.1G312100.1	0.166236	0.228182	0.728525
CepurR40.1G319000.1-CepurR40.1G319100.1	0.204016	NA	NA
CepurR40.1G319600.1-CepurR40.1G319700.1	0.0953272	0.192222	0.495922
CepurR40.1G321200.1-CepurR40.1G321300.1	0.619766	1.27651	0.485514
CepurR40.1G321700.1-CepurR40.1G321800.1	0.00146134	0.0436952	0.033444
CepurR40.1G322600.1-CepurR40.1G322800.1	0.371713	1.71007	0.217367
CepurR40.1G323900.1-CepurR40.1G324000.1	0.229456	0.101539	2.25979
CepurR40.1G326500.1-CepurR40.1G326600.1	0.537591	NA	NA
CepurR40.1G327400.1-CepurR40.1G327600.1	0.0420987	0.39753	0.105901
CepurR40.1G327600.1-CepurR40.1G327700.1	NA	NA	NA
CepurR40.1G328000.1-CepurR40.1G328100.1	0.0420987	0.39753	0.105901
CepurR40.1G328400.1-CepurR40.1G328500.1	NA	NA	NA
CepurR40.1G329100.1-CepurR40.1G329200.1	0.240076	1.2572	0.19096
CepurR40.1G330400.1-CepurR40.1G330600.1	0.367331	NA	NA
CepurR40.1G332600.1-CepurR40.1G332700.1	0.00227233	0.00737527	0.308101
CepurR40.1G337800.1-CepurR40.1G338000.1	0.009208	0.0140667	0.654595
CepurR40.2G001700.1-CepurR40.2G001800.1	0.644401	NA	NA
CepurR40.2G013300.1-CepurR40.2G013400.1	0.147158	0.731565	0.201155
CepurR40.2G015800.1-CepurR40.2G016000.1	0.0356962	0.0731629	0.487901
CepurR40.2G016100.1-CepurR40.2G016200.1	NA	NA	NA
CepurR40.2G016500.1-CepurR40.2G016600.1	NA	NA	NA
CepurR40.2G022100.1-CepurR40.2G022200.1	0.320587	0.643532	0.498169
CepurR40.2G024000.1-CepurR40.2G024200.1	0.0184394	0.0510514	0.361192
CepurR40.2G025500.1-CepurR40.2G025600.1	NA	0.0102731	-0
CepurR40.2G026100.1-CepurR40.2G026300.1	0.0133607	0.0910287	0.146775
CepurR40.2G026300.1-CepurR40.2G026400.1	0.0227678	0.107672	0.211456
CepurR40.2G026600.1-CepurR40.2G026700.1	0.354946	0.718225	0.494199
CepurR40.2G035500.1-CepurR40.2G035700.1	0.0533568	0.163535	0.326271
CepurR40.2G035700.1-CepurR40.2G035800.1	0.000801627	0.00242012	0.331235
CepurR40.2G037600.1-CepurR40.2G037700.1	NA	0.0671569	-0
CepurR40.2G037700.1-CepurR40.2G037900.1	0.0247121	1.9185	0.012881
CepurR40.2G040100.1-CepurR40.2G040200.1	0.121009	0.305064	0.396669
CepurR40.2G041600.1-CepurR40.2G041700.1	NA	NA	NA
CepurR40.2G046800.1-CepurR40.2G046900.1	NA	NA	NA
CepurR40.2G047100.1-CepurR40.2G047300.1	NA	0.00459191	-0
CepurR40.2G047500.1-CepurR40.2G047600.1	NA	NA	NA
CepurR40.2G047800.1-CepurR40.2G047900.1	NA	NA	NA
CepurR40.2G057200.1-CepurR40.2G057300.1	1.13283	NA	NA
CepurR40.2G057600.1-CepurR40.2G057800.1	0.116835	0.215957	0.541009
CepurR40.2G058100.1-CepurR40.2G058300.1	0.099307	0.163835	0.606141
CepurR40.2G067500.1-CepurR40.2G067700.1	0.159639	1.18845	0.134325
CepurR40.2G071500.1-CepurR40.2G071700.1	0.0712269	0.17109	0.416313
CepurR40.2G071700.1-CepurR40.2G071800.1	0.0942536	0.166275	0.566853
CepurR40.2G074700.1-CepurR40.2G074800.1	0.282183	0.424401	0.664897
CepurR40.2G075200.1-CepurR40.2G075300.1	0.408477	1.41848	0.287969
CepurR40.2G081600.1-CepurR40.2G081800.1	0.0161372	0.10439	0.154586
CepurR40.2G081800.1-CepurR40.2G081900.1	NA	0.00160689	-0
CepurR40.2G082700.1-CepurR40.2G082800.1	NA	NA	NA
CepurR40.2G087600.1-CepurR40.2G087700.1	0.131133	0.356214	0.368131
CepurR40.2G090300.1-CepurR40.2G090500.1	NA	0.0120698	-0
CepurR40.2G093300.1-CepurR40.2G093400.1	NA	NA	NA
CepurR40.2G095400.1-CepurR40.2G095600.1	NA	NA	NA
CepurR40.2G095800.1-CepurR40.2G096000.1	0.024015	0.022648	1.06036
CepurR40.2G095900.1-CepurR40.2G096100.1	NA	NA	NA
CepurR40.2G096100.1-CepurR40.2G096300.1	NA	NA	NA
CepurR40.2G100400.1-CepurR40.2G100500.1	0.0182725	0.020222	0.903592
CepurR40.2G101900.1-CepurR40.2G102000.1	0.433503	1.95518	0.22172
CepurR40.2G103700.1-CepurR40.2G103900.1	0.255991	1.4556	0.175866
CepurR40.2G103800.1-CepurR40.2G104000.1	0.176063	0.922361	0.190883
CepurR40.2G104100.1-CepurR40.2G104200.1	NA	NA	NA
CepurR40.2G104500.1-CepurR40.2G104600.1	0.0391249	0.0240147	1.62921
CepurR40.2G118900.1-CepurR40.2G119100.1	0.0118593	0.0482305	0.245888
CepurR40.2G121300.1-CepurR40.2G121400.1	0.22526	0.519215	0.433846
CepurR40.2G121400.1-CepurR40.2G121600.1	0.381497	1.1617	0.328396
CepurR40.2G121500.1-CepurR40.2G121700.1	0.232444	0.723982	0.321064
CepurR40.2G123000.1-CepurR40.2G123100.1	NA	NA	NA
CepurR40.2G123600.1-CepurR40.2G123700.1	0.273929	1.27208	0.215339
CepurR40.2G123800.1-CepurR40.2G124000.1	0.0132815	0.0537508	0.247094
CepurR40.2G126700.1-CepurR40.2G126900.1	0.0287074	0.0959029	0.299338
CepurR40.2G129900.1-CepurR40.2G130000.1	0.135094	0.385905	0.350069
CepurR40.2G133200.1-CepurR40.2G133300.1	0.0600888	0.0954413	0.629589
CepurR40.2G134200.1-CepurR40.2G134300.1	0.382541	2.01211	0.190119
CepurR40.2G136300.1-CepurR40.2G136500.1	0.970081	NA	NA
CepurR40.2G136600.1-CepurR40.2G136700.1	0.288974	0.383975	0.752585
CepurR40.2G136700.1-CepurR40.2G136800.1	0.287738	0.325464	0.884088
CepurR40.2G137300.1-CepurR40.2G137400.1	0.35632	1.51846	0.234659
CepurR40.2G149800.1-CepurR40.2G149900.1	0.060322	0.754622	0.0799367
CepurR40.2G152500.1-CepurR40.2G152600.1	NA	NA	NA
CepurR40.2G153600.1-CepurR40.2G153800.1	0.442683	0.871275	0.508086
CepurR40.2G153900.1-CepurR40.2G154100.1	NA	NA	NA
CepurR40.2G156000.1-CepurR40.2G156100.1	0.0325817	0.174999	0.186182
CepurR40.2G159800.1-CepurR40.2G159900.1	0.105949	0.306067	0.346162
CepurR40.2G163500.1-CepurR40.2G163700.1	NA	NA	NA
CepurR40.2G163700.1-CepurR40.2G163900.1	0.0256267	0.180405	0.142051
CepurR40.2G163900.1-CepurR40.2G164100.1	0.0194319	0.086335	0.225076
CepurR40.2G164100.1-CepurR40.2G164300.1	0.0194236	0.0952668	0.203886
CepurR40.2G164300.1-CepurR40.2G164400.1	0.0194236	0.0864852	0.224588
CepurR40.2G164400.1-CepurR40.2G164500.1	NA	NA	NA
CepurR40.2G167400.1-CepurR40.2G167600.1	0.347563	0.93254	0.372706
CepurR40.2G172500.1-CepurR40.2G172700.1	0.806299	1.64345	0.490615
CepurR40.2G172800.1-CepurR40.2G172900.1	0.17978	0.317414	0.566391
CepurR40.2G174500.1-CepurR40.2G174700.1	0.628039	0.778243	0.806997
CepurR40.2G174900.1-CepurR40.2G175100.1	0.00888157	0.0537661	0.165189
CepurR40.2G177800.1-CepurR40.2G177900.1	NA	NA	NA
CepurR40.2G181500.1-CepurR40.2G181700.1	0.429083	0.961584	0.446224
CepurR40.2G181700.1-CepurR40.2G181800.1	0.49285	1.05636	0.466556
CepurR40.2G182600.1-CepurR40.2G182700.1	0.0886966	0.478096	0.18552
CepurR40.2G187900.1-CepurR40.2G188000.1	0.0023635	0.0165436	0.142865
CepurR40.2G189000.1-CepurR40.2G189200.1	0.023648	0.0571135	0.414053
CepurR40.2G189700.1-CepurR40.2G189800.1	NA	NA	NA
CepurR40.2G189800.1-CepurR40.2G189900.1	NA	NA	NA
CepurR40.2G189900.1-CepurR40.2G190000.1	NA	NA	NA
CepurR40.2G195000.1-CepurR40.2G195100.1	0.0175618	0.0566986	0.30974
CepurR40.2G198600.1-CepurR40.2G198800.1	0.0665806	0.192735	0.345452
CepurR40.2G198800.1-CepurR40.2G198900.1	0.0838082	0.155627	0.538519
CepurR40.2G200700.1-CepurR40.2G200900.1	0.0304363	0.11772	0.258548
CepurR40.2G206900.1-CepurR40.2G207000.1	0.698737	3.21515	0.217326
CepurR40.2G208100.1-CepurR40.2G208300.1	0.415641	0.89313	0.465376
CepurR40.2G208300.1-CepurR40.2G208400.1	0.45112	0.941966	0.478913
CepurR40.2G208400.1-CepurR40.2G208500.1	0.0427949	0.0413156	1.03581
CepurR40.2G208500.1-CepurR40.2G208600.1	0.430379	0.98115	0.438647
CepurR40.2G211500.1-CepurR40.2G211700.1	0.0623867	0.0992881	0.62834
CepurR40.2G216600.1-CepurR40.2G216700.1	0.875814	1.9233	0.45537
CepurR40.2G218200.1-CepurR40.2G218300.1	NA	NA	NA
CepurR40.2G218300.1-CepurR40.2G218500.1	0.00134588	NA	NA
CepurR40.2G222200.1-CepurR40.2G222300.1	0.0485571	0.191132	0.25405
CepurR40.2G225500.1-CepurR40.2G225600.1	NA	NA	NA
CepurR40.2G228000.1-CepurR40.2G228100.1	0.180597	0.872107	0.207081
CepurR40.2G230500.1-CepurR40.2G230700.1	NA	NA	NA
CepurR40.2G232900.1-CepurR40.2G233000.1	0.0539501	0.0480145	1.12362
CepurR40.2G233000.1-CepurR40.2G233100.1	NA	NA	NA
CepurR40.2G233500.1-CepurR40.2G233600.1	0.070579	0.154677	0.456301
CepurR40.2G234200.1-CepurR40.2G234400.1	0.00566049	0.0258633	0.218862
CepurR40.2G236100.1-CepurR40.2G236200.1	0.217633	0.72157	0.30161
CepurR40.2G236200.1-CepurR40.2G236300.1	0.18761	0.670146	0.279953
CepurR40.2G238700.1-CepurR40.2G238800.1	0.791257	1.30256	0.607461
CepurR40.2G245600.1-CepurR40.2G245700.1	0.0197747	0.0792248	0.249603
CepurR40.2G245700.1-CepurR40.2G245800.1	0.244394	1.20122	0.203454
CepurR40.2G247600.1-CepurR40.2G247800.1	0.125686	0.187352	0.670854
CepurR40.2G247700.1-CepurR40.2G247800.1	0.255344	0.343036	0.744366
CepurR40.2G249600.1-CepurR40.2G249700.1	NA	NA	NA
CepurR40.2G251400.1-CepurR40.2G251500.1	NA	NA	NA
CepurR40.2G252700.1-CepurR40.2G252800.1	0.135838	0.378297	0.359078
CepurR40.2G257800.1-CepurR40.2G257900.1	0.164949	0.362914	0.454511
CepurR40.2G261500.1-CepurR40.2G261600.1	0.268861	0.47471	0.566369
CepurR40.2G263900.1-CepurR40.2G264100.1	0.0420326	0.0658923	0.637899
CepurR40.2G264000.1-CepurR40.2G264200.1	0.119218	0.102443	1.16375
CepurR40.2G264200.1-CepurR40.2G264400.1	0.120523	0.149366	0.806899
CepurR40.2G264400.1-CepurR40.2G264600.1	0.140175	0.151554	0.924921
CepurR40.2G266200.1-CepurR40.2G266400.1	0.0507509	0.0926168	0.547967
CepurR40.2G269700.1-CepurR40.2G269800.1	0.0677063	0.235028	0.288078
CepurR40.2G273900.1-CepurR40.2G274100.1	0.335069	1.11128	0.301518
CepurR40.2G274100.1-CepurR40.2G274200.1	0.590288	0.972987	0.606676
CepurR40.2G274600.1-CepurR40.2G274800.1	1.03482	3.70412	0.27937
CepurR40.2G279800.1-CepurR40.2G280000.1	0.133969	0.0235505	5.68856
CepurR40.2G280600.1-CepurR40.2G280800.1	0.107313	0.231458	0.463637
CepurR40.2G283000.1-CepurR40.2G283100.1	NA	NA	NA
CepurR40.2G283100.1-CepurR40.2G283200.1	NA	NA	NA
CepurR40.2G283200.1-CepurR40.2G283300.1	NA	NA	NA
CepurR40.2G286500.1-CepurR40.2G286600.1	0.299737	0.657369	0.455965
CepurR40.2G290000.1-CepurR40.2G290200.1	0.406781	1.6907	0.240599
CepurR40.2G295100.1-CepurR40.2G295200.1	0.122373	0.154923	0.789894
CepurR40.3G007300.1-CepurR40.3G007500.1	0.546461	3.23401	0.168973
CepurR40.3G008000.1-CepurR40.3G008200.1	0.565927	1.90864	0.296508
CepurR40.3G016800.1-CepurR40.3G016900.1	0.3383	3.19016	0.106045
CepurR40.3G020900.1-CepurR40.3G021000.1	0.247551	0.194409	1.27335
CepurR40.3G031700.1-CepurR40.3G031800.1	0.388543	1.69187	0.229652
CepurR40.3G032500.1-CepurR40.3G032600.1	0.00757152	0.011348	0.667209
CepurR40.3G040600.1-CepurR40.3G040700.1	0.582917	NA	NA
CepurR40.3G041000.1-CepurR40.3G041100.1	0.504484	3.03517	0.166213
CepurR40.3G053800.1-CepurR40.3G053900.1	0.00764709	0.0595741	0.128363
CepurR40.3G054400.1-CepurR40.3G054500.1	0.0780964	0.0560975	1.39215
CepurR40.3G055600.1-CepurR40.3G055700.1	0.0496267	0.0535897	0.926048
CepurR40.3G055800.1-CepurR40.3G055900.1	NA	NA	NA
CepurR40.3G056000.1-CepurR40.3G056100.1	NA	NA	NA
CepurR40.3G056200.1-CepurR40.3G056400.1	NA	NA	NA
CepurR40.3G056300.1-CepurR40.3G056500.1	NA	NA	NA
CepurR40.3G056500.1-CepurR40.3G056600.1	0.308979	0.368169	0.839232
CepurR40.3G057100.1-CepurR40.3G057200.1	0.0636314	0.177819	0.357843
CepurR40.3G059500.1-CepurR40.3G059700.1	0.145308	0.24889	0.583826
CepurR40.3G064700.1-CepurR40.3G064800.1	0.415806	1.69727	0.244984
CepurR40.3G075300.1-CepurR40.3G075500.1	0.298463	1.27466	0.234152
CepurR40.3G075500.1-CepurR40.3G075600.1	0.321135	1.1274	0.284846
CepurR40.3G076200.1-CepurR40.3G076400.1	0.246344	0.904457	0.272366
CepurR40.3G076600.1-CepurR40.3G076700.1	0.172538	0.468153	0.36855
CepurR40.3G076900.1-CepurR40.3G077100.1	0.503943	2.05188	0.2456
CepurR40.3G082300.1-CepurR40.3G082400.1	0.286928	0.508168	0.564633
CepurR40.3G083300.1-CepurR40.3G083400.1	0.0790784	0.151296	0.522675
CepurR40.3G083400.1-CepurR40.3G083500.1	0.0352338	0.0614058	0.573786
CepurR40.3G085400.1-CepurR40.3G085600.1	NA	0.0334561	-0
CepurR40.3G086800.1-CepurR40.3G086900.1	0.120423	0.397376	0.303047
CepurR40.3G090700.1-CepurR40.3G090800.1	NA	NA	NA
CepurR40.3G090800.1-CepurR40.3G090900.1	NA	NA	NA
CepurR40.3G101600.1-CepurR40.3G101700.1	0.205084	1.01257	0.202538
CepurR40.3G101700.1-CepurR40.3G101900.1	0.135349	1.07518	0.125885
CepurR40.3G102000.1-CepurR40.3G102100.1	NA	0.0127859	-0
CepurR40.3G107300.1-CepurR40.3G107400.1	NA	NA	NA
CepurR40.3G107600.1-CepurR40.3G107800.1	0.00105957	0.0563863	0.0187913
CepurR40.3G112900.1-CepurR40.3G113000.1	0.00787587	0.0375434	0.209781
CepurR40.3G113000.1-CepurR40.3G113100.1	0.0170665	0.0312156	0.546728
CepurR40.3G118700.1-CepurR40.3G118800.1	NA	0.155226	-0
CepurR40.3G119900.1-CepurR40.3G120000.1	0.135536	0.961955	0.140896
CepurR40.3G124600.1-CepurR40.3G124700.1	0.0779153	0.551012	0.141404
CepurR40.3G125100.1-CepurR40.3G125200.1	0.254341	0.838472	0.303338
CepurR40.3G125600.1-CepurR40.3G125800.1	0.0723153	0.133509	0.541653
CepurR40.3G125700.1-CepurR40.3G125900.1	0.039	0.0796425	0.489689
CepurR40.3G127100.1-CepurR40.3G127300.1	0.66695	2.05313	0.324845
CepurR40.3G134200.1-CepurR40.3G134400.1	1.00002	NA	NA
CepurR40.3G142800.1-CepurR40.3G143000.1	0.656284	3.93054	0.16697
CepurR40.3G143000.1-CepurR40.3G143100.1	0.668827	NA	NA
CepurR40.3G145300.1-CepurR40.3G145400.1	0.0515788	0.130439	0.395425
CepurR40.3G145400.1-CepurR40.3G145500.1	0.0317604	0.0426368	0.744906
CepurR40.3G148900.1-CepurR40.3G149100.1	0.231018	0.212089	1.08925
CepurR40.3G149800.1-CepurR40.3G149900.1	NA	NA	NA
CepurR40.3G153400.1-CepurR40.3G153500.1	NA	NA	NA
CepurR40.3G159400.1-CepurR40.3G159500.1	0.256147	2.14771	0.119265
CepurR40.3G161100.1-CepurR40.3G161300.1	NA	NA	NA
CepurR40.3G162100.1-CepurR40.3G162200.1	0.113105	0.202374	0.558892
CepurR40.3G164500.1-CepurR40.3G164600.1	0.26208	1.33119	0.196877
CepurR40.3G168200.1-CepurR40.3G168300.1	0.0060537	0.269125	0.022494
CepurR40.3G169300.1-CepurR40.3G169400.1	0.00140014	0.0100972	0.138666
CepurR40.3G170200.1-CepurR40.3G170400.1	0.672016	1.33539	0.503236
CepurR40.3G170400.1-CepurR40.3G170500.1	0.213009	0.303042	0.702901
CepurR40.3G170500.1-CepurR40.3G170600.1	0.984263	NA	NA
CepurR40.3G173300.1-CepurR40.3G173400.1	1.02486	NA	NA
CepurR40.3G175700.1-CepurR40.3G175900.1	0.00245381	0.0228495	0.10739
CepurR40.3G180600.1-CepurR40.3G180700.1	NA	NA	NA
CepurR40.3G188400.1-CepurR40.3G188500.1	0.433772	1.15615	0.375185
CepurR40.3G198700.1-CepurR40.3G198900.1	0.0135237	0.0331136	0.408402
CepurR40.3G202000.1-CepurR40.3G202200.1	NA	0.0971387	-0
CepurR40.3G202200.1-CepurR40.3G202300.1	NA	0.0972053	-0
CepurR40.3G202600.1-CepurR40.3G202800.1	NA	0.0388326	-0
CepurR40.3G205500.1-CepurR40.3G205600.1	NA	0.00649313	-0
CepurR40.3G206300.1-CepurR40.3G206400.1	0.815246	0.795416	1.02493
CepurR40.3G208400.1-CepurR40.3G208500.1	0.0264511	0.0666803	0.396685
CepurR40.3G208500.1-CepurR40.3G208600.1	0.197237	0.243991	0.808378
CepurR40.3G210100.1-CepurR40.3G210300.1	NA	NA	NA
CepurR40.3G210200.1-CepurR40.3G210400.1	NA	NA	NA
CepurR40.3G212500.1-CepurR40.3G212600.1	0.376938	0.947421	0.397857
CepurR40.3G217100.1-CepurR40.3G217200.1	0.151119	0.642301	0.235278
CepurR40.3G217200.1-CepurR40.3G217300.1	0.228134	0.916192	0.249002
CepurR40.3G218300.1-CepurR40.3G218400.1	0.100862	0.174354	0.578489
CepurR40.3G218600.1-CepurR40.3G218700.1	0.13761	0.257016	0.535415
CepurR40.3G219600.1-CepurR40.3G219700.1	0.273715	0.885762	0.309016
CepurR40.3G219700.1-CepurR40.3G219800.1	0.25014	0.77216	0.323949
CepurR40.3G226200.1-CepurR40.3G226400.1	0.0300956	0.109495	0.274858
CepurR40.3G228400.1-CepurR40.3G228500.1	0.728235	2.25783	0.322537
CepurR40.3G230700.1-CepurR40.3G230900.1	0.00391794	0.0772728	0.0507027
CepurR40.3G235500.1-CepurR40.3G235600.1	NA	NA	NA
CepurR40.3G245300.1-CepurR40.3G245400.1	0.0793731	0.0892811	0.889025
CepurR40.3G247800.1-CepurR40.3G248000.1	0.396311	1.25989	0.31456
CepurR40.3G248300.1-CepurR40.3G248400.1	0.119698	0.448812	0.266699
CepurR40.3G253700.1-CepurR40.3G253800.1	0.273492	0.892636	0.306387
CepurR40.3G256800.1-CepurR40.3G256900.1	0.206875	0.827685	0.249945
CepurR40.3G257500.1-CepurR40.3G257600.1	0.383098	1.62732	0.235417
CepurR40.3G259100.1-CepurR40.3G259200.1	0.434219	0.69409	0.625595
CepurR40.3G260000.1-CepurR40.3G260200.1	NA	NA	NA
CepurR40.3G260900.1-CepurR40.3G261100.1	0.00315242	0.0071939	0.438208
CepurR40.3G262700.1-CepurR40.3G262900.1	0.0596015	0.194314	0.306728
CepurR40.3G263500.1-CepurR40.3G263600.1	0.298066	2.61068	0.114172
CepurR40.3G267700.1-CepurR40.3G267800.1	NA	NA	NA
CepurR40.3G269800.1-CepurR40.3G270000.1	0.0197741	0.0380939	0.519089
CepurR40.4G003300.1-CepurR40.4G003500.1	0.0513355	0.0747559	0.686707
CepurR40.4G012400.1-CepurR40.4G012600.1	NA	NA	NA
CepurR40.4G012500.1-CepurR40.4G012700.1	NA	NA	NA
CepurR40.4G012700.1-CepurR40.4G012800.1	NA	NA	NA
CepurR40.4G013000.1-CepurR40.4G013100.1	0.0135559	0.183159	0.0740117
CepurR40.4G013300.1-CepurR40.4G013400.1	0.0264266	0.425319	0.0621335
CepurR40.4G013400.1-CepurR40.4G013500.1	0.0212215	0.428731	0.0494983
CepurR40.4G014900.1-CepurR40.4G015100.1	NA	0.0116254	-0
CepurR40.4G015500.1-CepurR40.4G015700.1	NA	0.0116294	-0
CepurR40.4G019000.1-CepurR40.4G019100.1	0.320485	0.749651	0.427512
CepurR40.4G020900.1-CepurR40.4G021100.1	0.248442	0.263454	0.94302
CepurR40.4G021100.1-CepurR40.4G021300.1	0.137678	0.0668487	2.05954
CepurR40.4G025000.1-CepurR40.4G025100.1	0.35478	2.24365	0.158126
CepurR40.4G025900.1-CepurR40.4G026000.1	0.0053528	NA	NA
CepurR40.4G026300.1-CepurR40.4G026400.1	0.129681	0.322432	0.402198
CepurR40.4G027100.1-CepurR40.4G027200.1	0.517264	NA	NA
CepurR40.4G030600.1-CepurR40.4G030800.1	NA	0.0474989	-0
CepurR40.4G031100.1-CepurR40.4G031300.1	NA	0.0474989	-0
CepurR40.4G031300.1-CepurR40.4G031400.1	0.0033087	0.0421462	0.0785053
CepurR40.4G040300.1-CepurR40.4G040400.1	0.280256	0.785471	0.3568
CepurR40.4G041300.1-CepurR40.4G041500.1	NA	NA	NA
CepurR40.4G041400.1-CepurR40.4G041600.1	NA	NA	NA
CepurR40.4G042000.1-CepurR40.4G042100.1	0.219279	0.588802	0.372415
CepurR40.4G042100.1-CepurR40.4G042200.1	0.398824	1.76323	0.22619
CepurR40.4G042200.1-CepurR40.4G042300.1	0.27442	0.795687	0.344885
CepurR40.4G042400.1-CepurR40.4G042500.1	0.308549	1.06857	0.28875
CepurR40.4G043300.1-CepurR40.4G043500.1	0.0493358	0.157811	0.312627
CepurR40.4G043900.1-CepurR40.4G044000.1	0.596796	1.28098	0.465891
CepurR40.4G044000.1-CepurR40.4G044100.1	0.139682	0.259216	0.538861
CepurR40.4G044100.1-CepurR40.4G044200.1	0.558161	1.00904	0.553158
CepurR40.4G046500.1-CepurR40.4G046600.1	0.378252	0.841494	0.449501
CepurR40.4G048600.1-CepurR40.4G048700.1	0.177977	0.657058	0.27087
CepurR40.4G057500.1-CepurR40.4G057600.1	0.0151625	0.0443449	0.341923
CepurR40.4G062100.1-CepurR40.4G062300.1	0.125191	0.964035	0.129862
CepurR40.4G062200.1-CepurR40.4G062400.1	0.0296679	0.0410113	0.723408
CepurR40.4G064200.1-CepurR40.4G064400.1	0.254162	1.65635	0.153447
CepurR40.4G064400.1-CepurR40.4G064500.1	0.0534054	0.257438	0.20745
CepurR40.4G067100.1-CepurR40.4G067300.1	0.354278	0.820815	0.431618
CepurR40.4G068000.1-CepurR40.4G068100.1	0.00974372	0.015568	0.625883
CepurR40.4G069100.1-CepurR40.4G069200.1	0.00528376	0.0432586	0.122144
CepurR40.4G069600.1-CepurR40.4G069700.1	0.442563	2.25056	0.196646
CepurR40.4G070100.1-CepurR40.4G070200.1	0.00669153	0.0360244	0.18575
CepurR40.4G072200.1-CepurR40.4G072400.1	0.180099	0.614503	0.293081
CepurR40.4G076400.1-CepurR40.4G076500.1	NA	NA	NA
CepurR40.4G076700.1-CepurR40.4G076800.1	0.00301724	0.010077	0.299419
CepurR40.4G076800.1-CepurR40.4G076900.1	0.221471	0.836914	0.264629
CepurR40.4G077100.1-CepurR40.4G077200.1	0.303952	3.12076	0.0973969
CepurR40.4G077700.1-CepurR40.4G077800.1	0.729083	2.0345	0.35836
CepurR40.4G080800.1-CepurR40.4G080900.1	NA	NA	NA
CepurR40.4G088500.1-CepurR40.4G088700.1	0.356065	0.931518	0.382242
CepurR40.4G090400.1-CepurR40.4G090600.1	0.0449329	0.077089	0.582871
CepurR40.4G090500.1-CepurR40.4G090700.1	0.0477191	0.118831	0.401572
CepurR40.4G094100.1-CepurR40.4G094300.1	NA	NA	NA
CepurR40.4G094600.1-CepurR40.4G094800.1	0.00216353	0.00673592	0.321193
CepurR40.4G094900.1-CepurR40.4G095000.1	0.0586828	0.115913	0.506266
CepurR40.4G096200.1-CepurR40.4G096300.1	0.343858	1.6354	0.21026
CepurR40.4G099300.1-CepurR40.4G099500.1	0.325988	0.453649	0.718592
CepurR40.4G103200.1-CepurR40.4G103300.1	NA	NA	NA
CepurR40.4G111300.1-CepurR40.4G111500.1	0.00757617	0.071997	0.105229
CepurR40.4G111500.1-CepurR40.4G111600.1	0.00245558	0.0117813	0.20843
CepurR40.4G113500.1-CepurR40.4G113600.1	0.037821	0.0436313	0.866832
CepurR40.4G113700.1-CepurR40.4G113800.1	0.00386342	0.0392635	0.0983972
CepurR40.4G113800.1-CepurR40.4G113900.1	0.0116438	0.0993512	0.117198
CepurR40.4G113900.1-CepurR40.4G114000.1	0.00192876	0.0450762	0.0427888
CepurR40.4G116400.1-CepurR40.4G116600.1	0.0627105	0.0826009	0.759199
CepurR40.4G117800.1-CepurR40.4G118000.1	0.500027	1.65639	0.301878
CepurR40.4G120900.1-CepurR40.4G121000.1	0.0136306	NA	NA
CepurR40.4G121000.1-CepurR40.4G121100.1	0.0669623	0.119676	0.55953
CepurR40.4G124900.1-CepurR40.4G125000.1	0.313207	2.2744	0.13771
CepurR40.4G125000.1-CepurR40.4G125100.1	0.216866	2.1118	0.102692
CepurR40.4G129800.1-CepurR40.4G130000.1	0.0879629	0.162737	0.540523
CepurR40.4G129900.1-CepurR40.4G130100.1	0.0156034	0.0409913	0.380653
CepurR40.4G130500.1-CepurR40.4G130600.1	0.396184	2.09112	0.189461
CepurR40.4G130600.1-CepurR40.4G130700.1	0.176861	0.599611	0.294961
CepurR40.4G143500.1-CepurR40.4G143700.1	0.00718425	0.676406	0.0106212
CepurR40.4G143700.1-CepurR40.4G143800.1	0.0071961	0.690306	0.0104245
CepurR40.4G146500.1-CepurR40.4G146600.1	0.218898	0.261267	0.83783
CepurR40.4G147200.1-CepurR40.4G147400.1	0.0806931	0.294766	0.273753
CepurR40.4G149300.1-CepurR40.4G149400.1	NA	NA	NA
CepurR40.4G149600.1-CepurR40.4G149700.1	NA	NA	NA
CepurR40.4G154700.1-CepurR40.4G154800.1	0.260121	0.579564	0.448822
CepurR40.4G155800.1-CepurR40.4G155900.1	1.17193	3.53921	0.331126
CepurR40.4G158200.1-CepurR40.4G158300.1	0.0251745	1.07501	0.023418
CepurR40.4G158300.1-CepurR40.4G158500.1	0.245266	1.17945	0.20795
CepurR40.4G163700.1-CepurR40.4G163900.1	NA	NA	NA
CepurR40.4G164800.1-CepurR40.4G164900.1	0.276625	1.77044	0.156246
CepurR40.4G166400.1-CepurR40.4G166600.1	NA	0.0319311	-0
CepurR40.4G166600.1-CepurR40.4G166800.1	NA	0.00782703	-0
CepurR40.4G167100.1-CepurR40.4G167200.1	0.00239789	0.0482874	0.0496586
CepurR40.4G167200.1-CepurR40.4G167400.1	0.0072145	0.0737287	0.0978519
CepurR40.4G168400.1-CepurR40.4G168500.1	0.0676917	0.112687	0.600709
CepurR40.4G172200.1-CepurR40.4G172300.1	NA	NA	NA
CepurR40.4G172400.1-CepurR40.4G172500.1	NA	NA	NA
CepurR40.4G172500.1-CepurR40.4G172700.1	NA	0.00339314	-0
CepurR40.4G176800.1-CepurR40.4G176900.1	0.450506	1.43106	0.314806
CepurR40.4G178600.1-CepurR40.4G178700.1	0.406934	1.69842	0.239596
CepurR40.4G180700.1-CepurR40.4G180800.1	0.0117108	0.0203204	0.576308
CepurR40.4G180800.1-CepurR40.4G180900.1	0.293117	1.09607	0.267426
CepurR40.4G184800.1-CepurR40.4G184900.1	NA	0.00707037	-0
CepurR40.4G188100.1-CepurR40.4G188200.1	0.00837823	0.181279	0.0462173
CepurR40.4G192800.1-CepurR40.4G192900.1	0.077927	0.0914263	0.852348
CepurR40.4G196300.1-CepurR40.4G196400.1	0.24924	1.20814	0.206302
CepurR40.4G204600.1-CepurR40.4G204800.1	NA	0.0461276	-0
CepurR40.4G207800.1-CepurR40.4G207900.1	0.740938	2.36808	0.312886
CepurR40.4G212100.1-CepurR40.4G212300.1	0.362551	2.39863	0.151149
CepurR40.4G212400.1-CepurR40.4G212500.1	0.28328	0.724889	0.390791
CepurR40.4G214300.1-CepurR40.4G214400.1	0.931309	NA	NA
CepurR40.4G217800.1-CepurR40.4G218000.1	NA	NA	NA
CepurR40.4G217900.1-CepurR40.4G218100.1	NA	NA	NA
CepurR40.4G218400.1-CepurR40.4G218600.1	NA	NA	NA
CepurR40.4G220800.1-CepurR40.4G220900.1	0.479957	1.52371	0.314994
CepurR40.4G221900.1-CepurR40.4G222100.1	0.0596284	0.3103	0.192164
CepurR40.4G229600.1-CepurR40.4G229700.1	0.201752	0.613581	0.328811
CepurR40.4G234800.1-CepurR40.4G235000.1	0.297424	0.830516	0.35812
CepurR40.4G236700.1-CepurR40.4G236800.1	0.843926	3.54284	0.238206
CepurR40.4G240000.1-CepurR40.4G240100.1	0.0642166	0.427984	0.150044
CepurR40.4G240100.1-CepurR40.4G240200.1	0.0500038	0.500468	0.0999142
CepurR40.4G240200.1-CepurR40.4G240300.1	0.0486468	0.524818	0.0926928
CepurR40.4G240300.1-CepurR40.4G240400.1	0.111677	0.842816	0.132505
CepurR40.4G244700.1-CepurR40.4G244800.1	0.327412	2.73488	0.119717
CepurR40.4G249000.1-CepurR40.4G249200.1	NA	0.00430455	-0
CepurR40.4G252300.1-CepurR40.4G252400.1	0.229949	1.3105	0.175466
CepurR40.4G257200.1-CepurR40.4G257300.1	0.385952	NA	NA
CepurR40.4G260000.1-CepurR40.4G260100.1	NA	NA	NA
CepurR40.4G264100.1-CepurR40.4G264300.1	NA	0.140086	-0
CepurR40.4G264900.1-CepurR40.4G265100.1	NA	0.00349005	-0
CepurR40.4G267700.1-CepurR40.4G267800.1	0.22526	1.31501	0.1713
CepurR40.4G268200.1-CepurR40.4G268300.1	0.000201636	NA	NA
CepurR40.5G005200.1-CepurR40.5G005400.1	0.0643129	0.105398	0.610189
CepurR40.5G007000.1-CepurR40.5G007100.1	0.05835	0.244258	0.238887
CepurR40.5G007300.1-CepurR40.5G007400.1	0.205907	0.547195	0.376296
CepurR40.5G008700.1-CepurR40.5G008800.1	0.293787	0.790157	0.371809
CepurR40.5G014700.1-CepurR40.5G014800.1	0.175407	0.9617	0.182393
CepurR40.5G017200.1-CepurR40.5G017300.1	0.0301104	0.113716	0.264786
CepurR40.5G018600.1-CepurR40.5G018800.1	0.051833	0.0917478	0.564951
CepurR40.5G032300.1-CepurR40.5G032500.1	0.00314041	0.0184222	0.170469
CepurR40.5G037400.1-CepurR40.5G037500.1	0.032327	0.0474372	0.68147
CepurR40.5G039400.1-CepurR40.5G039600.1	0.0383187	0.198403	0.193136
CepurR40.5G042000.1-CepurR40.5G042100.1	0.00268524	NA	NA
CepurR40.5G044600.1-CepurR40.5G044700.1	0.286533	0.490488	0.58418
CepurR40.5G049100.1-CepurR40.5G049200.1	0.13194	0.309449	0.42637
CepurR40.5G058900.1-CepurR40.5G059000.1	0.13168	1.84652	0.0713125
CepurR40.5G062700.1-CepurR40.5G062800.1	0.456701	1.50502	0.303451
CepurR40.5G063800.1-CepurR40.5G064000.1	0.0724391	0.420255	0.172369
CepurR40.5G066300.1-CepurR40.5G066400.1	NA	NA	NA
CepurR40.5G067200.1-CepurR40.5G067300.1	0.0490703	0.173518	0.282797
CepurR40.5G070000.1-CepurR40.5G070200.1	0.00097485	0.0483206	0.0201746
CepurR40.5G075500.1-CepurR40.5G075600.1	0.230611	0.861735	0.267613
CepurR40.5G075600.1-CepurR40.5G075700.1	0.00567141	0.0340913	0.166359
CepurR40.5G075700.1-CepurR40.5G075800.1	1.11176	2.48606	0.447198
CepurR40.5G078000.1-CepurR40.5G078200.1	0.0401021	0.352818	0.113662
CepurR40.5G078200.1-CepurR40.5G078300.1	NA	0.020166	-0
CepurR40.5G080100.1-CepurR40.5G080200.1	0.716989	NA	NA
CepurR40.5G081400.1-CepurR40.5G081500.1	0.34121	2.58459	0.132017
CepurR40.5G082200.1-CepurR40.5G082300.1	NA	NA	NA
CepurR40.5G085300.1-CepurR40.5G085500.1	0.164879	0.354545	0.465044
CepurR40.5G101300.1-CepurR40.5G101500.1	0.203097	0.755722	0.268746
CepurR40.5G107300.1-CepurR40.5G107500.1	0.182782	0.436765	0.418491
CepurR40.5G111000.1-CepurR40.5G111200.1	0.359711	NA	NA
CepurR40.5G112900.1-CepurR40.5G113000.1	NA	NA	NA
CepurR40.5G113900.1-CepurR40.5G114000.1	0.790643	NA	NA
CepurR40.5G113900.1-CepurR40.5G114100.1	0.747205	1.97869	0.377626
CepurR40.5G114300.1-CepurR40.5G114400.1	0.641735	2.39432	0.268024
CepurR40.5G119100.1-CepurR40.5G119300.1	0.00162734	0.0824459	0.0197383
CepurR40.5G119300.1-CepurR40.5G119400.1	0.00244259	0.0877174	0.0278462
CepurR40.5G121400.1-CepurR40.5G121600.1	0.0447654	0.26201	0.170853
CepurR40.5G122500.1-CepurR40.5G122700.1	0.0507475	0.0684361	0.741531
CepurR40.5G124900.1-CepurR40.5G125000.1	0.0280491	0.443292	0.0632745
CepurR40.5G128500.1-CepurR40.5G128600.1	0.420612	1.52155	0.276436
CepurR40.5G139700.1-CepurR40.5G139900.1	0.0328739	0.27023	0.121651
CepurR40.5G141500.1-CepurR40.5G141600.1	0.613983	1.15872	0.529879
CepurR40.5G141600.1-CepurR40.5G141700.1	0.67708	1.81613	0.372815
CepurR40.5G142600.1-CepurR40.5G142700.1	0.466739	0.676229	0.690209
CepurR40.5G144700.1-CepurR40.5G144900.1	0.0355307	0.535358	0.0663681
CepurR40.5G151200.1-CepurR40.5G151400.1	0.0235492	0.0989521	0.237986
CepurR40.5G153600.1-CepurR40.5G153800.1	0.0845751	0.156436	0.540637
CepurR40.5G153800.1-CepurR40.5G154000.1	0.107892	0.19206	0.561761
CepurR40.5G159100.1-CepurR40.5G159300.1	0.124768	0.235351	0.530134
CepurR40.5G159300.1-CepurR40.5G159500.1	0.510587	0.752529	0.678494
CepurR40.5G167700.1-CepurR40.5G167900.1	0.544974	0.820559	0.66415
CepurR40.5G178500.1-CepurR40.5G178600.1	0.188622	1.88621	0.1
CepurR40.5G181100.1-CepurR40.5G181300.1	NA	0.228958	-0
CepurR40.5G185100.1-CepurR40.5G185300.1	0.720279	3.13923	0.229444
CepurR40.5G186600.1-CepurR40.5G186700.1	0.340386	2.08458	0.163287
CepurR40.5G191500.1-CepurR40.5G191600.1	0.97819	3.7989	0.257493
CepurR40.5G195200.1-CepurR40.5G195400.1	1.05777	1.6128	0.655856
CepurR40.5G196200.1-CepurR40.5G196400.1	0.500841	1.63113	0.307052
CepurR40.5G204500.1-CepurR40.5G204600.1	0.80104	NA	NA
CepurR40.6G000600.1-CepurR40.6G000800.1	NA	NA	NA
CepurR40.6G001100.1-CepurR40.6G001300.1	0.342743	0.541819	0.632578
CepurR40.6G003600.1-CepurR40.6G003700.1	0.894191	2.08505	0.428858
CepurR40.6G006000.1-CepurR40.6G006200.1	0.335579	NA	NA
CepurR40.6G006200.1-CepurR40.6G006400.1	0.402104	NA	NA
CepurR40.6G008100.1-CepurR40.6G008200.1	NA	NA	NA
CepurR40.6G019400.1-CepurR40.6G019500.1	0.0918419	1.02478	0.0896214
CepurR40.6G025100.1-CepurR40.6G025300.1	0.00282112	0.016594	0.170009
CepurR40.6G025500.1-CepurR40.6G025700.1	0.679214	1.92229	0.353335
CepurR40.6G025700.1-CepurR40.6G025800.1	0.710024	1.50689	0.471184
CepurR40.6G032100.1-CepurR40.6G032300.1	0.183319	0.595359	0.307913
CepurR40.6G032300.1-CepurR40.6G032400.1	0.157789	0.54354	0.290299
CepurR40.6G037700.1-CepurR40.6G037900.1	0.0169291	0.0691864	0.244689
CepurR40.6G039600.1-CepurR40.6G039700.1	0.419265	0.8559	0.489853
CepurR40.6G039600.1-CepurR40.6G039800.1	0.145306	3.2181	0.0451526
CepurR40.6G040900.1-CepurR40.6G041000.1	0.617949	2.21598	0.278861
CepurR40.6G046000.1-CepurR40.6G046100.1	1.31749	1.72803	0.762426
CepurR40.6G047000.1-CepurR40.6G047100.1	0.0974838	0.0827301	1.17833
CepurR40.6G049200.1-CepurR40.6G049300.1	0.0806024	0.105081	0.767048
CepurR40.6G054800.1-CepurR40.6G054900.1	0.479856	NA	NA
CepurR40.6G060200.1-CepurR40.6G060400.1	NA	NA	NA
CepurR40.6G071600.1-CepurR40.6G071800.1	0.617037	4.30675	0.143272
CepurR40.6G071800.1-CepurR40.6G071900.1	0.610225	2.94287	0.207357
CepurR40.6G082700.1-CepurR40.6G082800.1	0.114394	1.16061	0.0985638
CepurR40.6G085800.1-CepurR40.6G086000.1	0.0761456	0.298991	0.254675
CepurR40.6G086300.1-CepurR40.6G086400.1	0.224837	0.315508	0.712617
CepurR40.6G086800.1-CepurR40.6G087000.1	0.0216798	0.0335954	0.64532
CepurR40.6G087000.1-CepurR40.6G087100.1	0.331006	0.695836	0.475696
CepurR40.6G087100.1-CepurR40.6G087200.1	0.0993536	0.191628	0.518471
CepurR40.6G087200.1-CepurR40.6G087300.1	NA	NA	NA
CepurR40.6G087300.1-CepurR40.6G087400.1	NA	NA	NA
CepurR40.6G092700.1-CepurR40.6G092800.1	0.173428	0.375941	0.461318
CepurR40.6G092800.1-CepurR40.6G093000.1	0.463689	0.712919	0.650409
CepurR40.6G094000.1-CepurR40.6G094200.1	NA	0.0209324	-0
CepurR40.6G094800.1-CepurR40.6G094900.1	NA	0.0122032	-0
CepurR40.6G104400.1-CepurR40.6G104600.1	0.996616	2.99668	0.332574
CepurR40.6G110100.1-CepurR40.6G110200.1	NA	NA	NA
CepurR40.6G113400.1-CepurR40.6G113600.1	0.0917925	0.25072	0.366115
CepurR40.6G118100.1-CepurR40.6G118200.1	NA	NA	NA
CepurR40.6G119100.1-CepurR40.6G119200.1	0.315144	0.384025	0.820635
CepurR40.6G119300.1-CepurR40.6G119500.1	0.0338109	0.0791995	0.426908
CepurR40.6G122000.1-CepurR40.6G122200.1	0.107909	0.181702	0.593882
CepurR40.6G122200.1-CepurR40.6G122400.1	0.117727	0.206058	0.571329
CepurR40.6G124400.1-CepurR40.6G124500.1	0.493028	NA	NA
CepurR40.6G125800.1-CepurR40.6G125900.1	0.0568675	0.186904	0.30426
CepurR40.6G130600.1-CepurR40.6G130700.1	0.359024	1.37715	0.260701
CepurR40.6G131500.1-CepurR40.6G131600.1	0.00247285	0.103219	0.0239572
CepurR40.6G135400.1-CepurR40.6G135500.1	0.0654182	0.735096	0.0889928
CepurR40.6G140200.1-CepurR40.6G140400.1	0.0703916	0.582325	0.12088
CepurR40.6G147600.1-CepurR40.6G147800.1	0.0439411	0.069565	0.631655
CepurR40.6G149300.1-CepurR40.6G149400.1	NA	NA	NA
CepurR40.6G149400.1-CepurR40.6G149500.1	NA	NA	NA
CepurR40.6G150900.1-CepurR40.6G151000.1	0.00840333	0.0732326	0.114749
CepurR40.6G153200.1-CepurR40.6G153300.1	0.0503577	0.108319	0.4649
CepurR40.6G154400.1-CepurR40.6G154500.1	0.307505	0.463399	0.663586
CepurR40.6G156000.1-CepurR40.6G156100.1	0.379824	1.22246	0.310705
CepurR40.6G157400.1-CepurR40.6G157500.1	NA	0.0113834	-0
CepurR40.6G159200.1-CepurR40.6G159400.1	0.0421236	0.118462	0.355588
CepurR40.6G159400.1-CepurR40.6G159500.1	0.00577455	0.0221243	0.261006
CepurR40.6G159500.1-CepurR40.6G159600.1	0.00192243	NA	NA
CepurR40.6G159900.1-CepurR40.6G160100.1	0.0401169	0.0407698	0.983985
CepurR40.6G160200.1-CepurR40.6G160400.1	NA	NA	NA
CepurR40.6G165100.1-CepurR40.6G165300.1	0.00234637	0.0357699	0.0655961
CepurR40.6G170000.1-CepurR40.6G170100.1	0.00133163	0.00400473	0.332514
CepurR40.6G170100.1-CepurR40.6G170200.1	NA	NA	NA
CepurR40.6G170200.1-CepurR40.6G170300.1	NA	NA	NA
CepurR40.6G170300.1-CepurR40.6G170400.1	NA	NA	NA
CepurR40.6G172100.1-CepurR40.6G172300.1	0.00476956	0.084354	0.0565422
CepurR40.6G172600.1-CepurR40.6G172700.1	0.0428175	0.134357	0.318684
CepurR40.6G174200.1-CepurR40.6G174300.1	0.410636	1.38731	0.295995
CepurR40.6G175300.1-CepurR40.6G175500.1	0.195215	0.27319	0.714577
CepurR40.6G175400.1-CepurR40.6G175600.1	0.0161714	0.0517154	0.3127
CepurR40.6G175600.1-CepurR40.6G175800.1	0.141484	0.24158	0.585662
CepurR40.6G181000.1-CepurR40.6G181200.1	0.0829545	0.104121	0.796711
CepurR40.6G181200.1-CepurR40.6G181400.1	0.109603	0.14836	0.738765
CepurR40.6G182800.1-CepurR40.6G182900.1	0.397696	1.01648	0.391247
CepurR40.6G182900.1-CepurR40.6G183000.1	0.419776	0.900771	0.466019
CepurR40.6G190600.1-CepurR40.6G190700.1	0.088714	0.0751616	1.18031
CepurR40.6G197200.1-CepurR40.6G197300.1	0.248729	2.39192	0.103987
CepurR40.6G199000.1-CepurR40.6G199200.1	0.00317526	NA	NA
CepurR40.6G199100.1-CepurR40.6G199300.1	NA	NA	NA
CepurR40.6G199600.1-CepurR40.6G199700.1	0.124074	0.141337	0.877859
CepurR40.6G202500.1-CepurR40.6G202600.1	0.340285	1.81752	0.187225
CepurR40.6G204900.1-CepurR40.6G205000.1	0.38094	NA	NA
CepurR40.6G208300.1-CepurR40.6G208400.1	0.134825	0.258468	0.521633
CepurR40.6G208400.1-CepurR40.6G208600.1	0.109754	0.185641	0.591219
CepurR40.6G209400.1-CepurR40.6G209500.1	0.457981	1.40367	0.326274
CepurR40.6G225300.1-CepurR40.6G225400.1	NA	NA	NA
CepurR40.6G226000.1-CepurR40.6G226100.1	NA	NA	NA
CepurR40.7G003100.1-CepurR40.7G003300.1	NA	NA	NA
CepurR40.7G011000.1-CepurR40.7G011100.1	0.470107	2.02868	0.231731
CepurR40.7G017600.1-CepurR40.7G017800.1	0.00416745	NA	NA
CepurR40.7G024400.1-CepurR40.7G024500.1	0.572331	NA	NA
CepurR40.7G028500.1-CepurR40.7G028700.1	NA	NA	NA
CepurR40.7G039200.1-CepurR40.7G039400.1	0.0401286	0.0292717	1.3709
CepurR40.7G039600.1-CepurR40.7G039700.1	0.0227568	0.0389301	0.584554
CepurR40.7G039700.1-CepurR40.7G039800.1	0.00366016	0.00857193	0.426994
CepurR40.7G039800.1-CepurR40.7G039900.1	NA	NA	NA
CepurR40.7G040200.1-CepurR40.7G040400.1	0.180391	0.321991	0.560236
CepurR40.7G046700.1-CepurR40.7G046900.1	0.669801	NA	NA
CepurR40.7G048300.1-CepurR40.7G048400.1	0.147209	0.196282	0.749991
CepurR40.7G050700.1-CepurR40.7G050800.1	0.122536	0.1627	0.753143
CepurR40.7G054600.1-CepurR40.7G054700.1	0.00120373	0.00691453	0.174087
CepurR40.7G054700.1-CepurR40.7G054800.1	0.406932	1.34914	0.301624
CepurR40.7G054800.1-CepurR40.7G054900.1	0.406932	1.34914	0.301624
CepurR40.7G057700.1-CepurR40.7G057900.1	0.000997891	0.0412164	0.024211
CepurR40.7G058300.1-CepurR40.7G058400.1	0.15007	0.734917	0.2042
CepurR40.7G058300.1-CepurR40.7G058500.1	0.0880807	0.778297	0.113171
CepurR40.7G066500.1-CepurR40.7G066700.1	0.543225	NA	NA
CepurR40.7G067700.1-CepurR40.7G067800.1	0.307797	1.29649	0.237408
CepurR40.7G072100.1-CepurR40.7G072200.1	NA	NA	NA
CepurR40.7G072300.1-CepurR40.7G072400.1	0.228581	1.03452	0.220955
CepurR40.7G076700.1-CepurR40.7G076800.1	0.416221	2.13234	0.195194
CepurR40.7G078400.1-CepurR40.7G078500.1	0.247338	1.13514	0.217893
CepurR40.7G081500.1-CepurR40.7G081600.1	0.154781	0.374558	0.413237
CepurR40.7G081600.1-CepurR40.7G081700.1	0.225789	0.411327	0.548929
CepurR40.7G083500.1-CepurR40.7G083700.1	NA	NA	NA
CepurR40.7G087900.1-CepurR40.7G088100.1	0.124899	0.262047	0.476627
CepurR40.7G088100.1-CepurR40.7G088200.1	NA	NA	NA
CepurR40.7G095200.1-CepurR40.7G095400.1	0.159284	0.634949	0.25086
CepurR40.7G097100.1-CepurR40.7G097200.1	0.0273453	0.0677338	0.403717
CepurR40.7G099100.1-CepurR40.7G099200.1	0.432629	1.55743	0.277784
CepurR40.7G102400.1-CepurR40.7G102500.1	0.392638	1.12267	0.349735
CepurR40.7G103700.1-CepurR40.7G103800.1	0.425227	0.546036	0.778752
CepurR40.7G104400.1-CepurR40.7G104500.1	0.205019	1.85323	0.110628
CepurR40.7G107700.1-CepurR40.7G107900.1	0.34366	1.1763	0.292155
CepurR40.7G107900.1-CepurR40.7G108000.1	0.07635	0.359035	0.212654
CepurR40.7G109300.1-CepurR40.7G109400.1	0.0228311	0.225862	0.101084
CepurR40.7G110100.1-CepurR40.7G110300.1	0.387461	1.41167	0.27447
CepurR40.7G119500.1-CepurR40.7G119600.1	0.242114	0.513195	0.471778
CepurR40.7G127700.1-CepurR40.7G127800.1	0.00792692	0.330231	0.0240042
CepurR40.7G133300.1-CepurR40.7G133400.1	0.380172	1.96036	0.19393
CepurR40.7G134100.1-CepurR40.7G134200.1	0.0754023	0.119894	0.628907
CepurR40.7G138400.1-CepurR40.7G138500.1	0.480376	3.45249	0.139139
CepurR40.7G143600.1-CepurR40.7G143700.1	0.169768	0.879853	0.192951
CepurR40.7G146000.1-CepurR40.7G146200.1	0.672377	0.611982	1.09869
CepurR40.7G146200.1-CepurR40.7G146400.1	0.0803255	0.268692	0.29895
CepurR40.7G146500.1-CepurR40.7G146600.1	NA	NA	NA
CepurR40.7G146600.1-CepurR40.7G146700.1	NA	0.00591157	-0
CepurR40.7G146700.1-CepurR40.7G146800.1	NA	NA	NA
CepurR40.7G147100.1-CepurR40.7G147300.1	0.872703	NA	NA
CepurR40.7G150600.1-CepurR40.7G150700.1	0.454764	1.32321	0.343683
CepurR40.7G151800.1-CepurR40.7G152000.1	0.00782904	0.048924	0.160024
CepurR40.7G152500.1-CepurR40.7G152700.1	0.00317872	NA	NA
CepurR40.7G152600.1-CepurR40.7G152800.1	NA	NA	NA
CepurR40.7G155600.1-CepurR40.7G155800.1	NA	NA	NA
CepurR40.7G158900.1-CepurR40.7G159000.1	0.163339	0.162422	1.00565
CepurR40.7G159800.1-CepurR40.7G159900.1	0.00321537	0.0106204	0.302756
CepurR40.7G159900.1-CepurR40.7G160000.1	0.00321537	NA	NA
CepurR40.7G163100.1-CepurR40.7G163200.1	NA	NA	NA
CepurR40.7G163200.1-CepurR40.7G163300.1	NA	NA	NA
CepurR40.7G163300.1-CepurR40.7G163400.1	NA	NA	NA
CepurR40.7G163400.1-CepurR40.7G163500.1	0.30091	0.540201	0.557035
CepurR40.7G165500.1-CepurR40.7G165700.1	0.578956	NA	NA
CepurR40.7G167800.1-CepurR40.7G167900.1	0.155636	0.170776	0.911346
CepurR40.7G172800.1-CepurR40.7G173000.1	NA	NA	NA
CepurR40.7G181100.1-CepurR40.7G181200.1	NA	0.0297402	-0
CepurR40.8G000100.1-CepurR40.8G000200.1	0.000890155	0.00289632	0.30734
CepurR40.8G001700.1-CepurR40.8G001900.1	0.695542	0.776068	0.896238
CepurR40.8G008900.1-CepurR40.8G009100.1	0.678054	3.99302	0.16981
CepurR40.8G016900.1-CepurR40.8G017100.1	0.144944	0.20516	0.706494
CepurR40.8G017100.1-CepurR40.8G017300.1	0.0033131	0.126718	0.0261455
CepurR40.8G017600.1-CepurR40.8G017800.1	0.00983129	0.0121551	0.808821
CepurR40.8G024200.1-CepurR40.8G024400.1	0.109652	1.43072	0.0766414
CepurR40.8G025800.1-CepurR40.8G026000.1	0.0517245	0.0811253	0.637588
CepurR40.8G039200.1-CepurR40.8G039300.1	NA	NA	NA
CepurR40.8G042300.1-CepurR40.8G042400.1	0.0314721	0.0898992	0.350083
CepurR40.8G048800.1-CepurR40.8G048900.1	0.208817	0.668049	0.312577
CepurR40.8G057800.1-CepurR40.8G057900.1	0.261975	1.21006	0.216496
CepurR40.8G058500.1-CepurR40.8G058700.1	0.064978	0.170838	0.380349
CepurR40.8G065600.1-CepurR40.8G065700.1	0.022844	0.211478	0.108021
CepurR40.8G066400.1-CepurR40.8G066500.1	0.351653	1.24822	0.281724
CepurR40.8G068400.1-CepurR40.8G068600.1	0.000262389	NA	NA
CepurR40.8G069200.1-CepurR40.8G069300.1	0.0277513	0.258053	0.107541
CepurR40.8G072400.1-CepurR40.8G072600.1	0.691768	2.05634	0.336407
CepurR40.8G072500.1-CepurR40.8G072700.1	0.601054	NA	NA
CepurR40.8G073700.1-CepurR40.8G073800.1	0.197782	0.590336	0.335032
CepurR40.8G073800.1-CepurR40.8G073900.1	0.181256	0.670988	0.270132
CepurR40.8G073900.1-CepurR40.8G074000.1	0.279964	1.02921	0.27202
CepurR40.8G076900.1-CepurR40.8G077000.1	0.437425	0.916799	0.477121
CepurR40.8G077100.1-CepurR40.8G077200.1	0.0311402	0.341723	0.0911271
CepurR40.8G077500.1-CepurR40.8G077600.1	0.0206298	0.239996	0.0859591
CepurR40.8G077800.1-CepurR40.8G077900.1	NA	NA	NA
CepurR40.8G077900.1-CepurR40.8G078100.1	0.0338847	0.5013	0.0675936
CepurR40.8G078700.1-CepurR40.8G078800.1	NA	NA	NA
CepurR40.8G090500.1-CepurR40.8G090700.1	0.103315	0.461845	0.2237
CepurR40.8G091000.1-CepurR40.8G091100.1	0.0984296	0.129697	0.758921
CepurR40.8G091200.1-CepurR40.8G091300.1	0.102445	0.247201	0.414419
CepurR40.8G091300.1-CepurR40.8G091400.1	0.075797	0.145444	0.521143
CepurR40.8G094300.1-CepurR40.8G094400.1	0.10968	0.495435	0.221381
CepurR40.8G095000.1-CepurR40.8G095100.1	0.640242	1.02018	0.627578
CepurR40.8G097500.1-CepurR40.8G097700.1	0.139987	0.46363	0.301937
CepurR40.8G098800.1-CepurR40.8G098900.1	0.199352	0.185861	1.07258
CepurR40.8G099700.1-CepurR40.8G099800.1	0.289563	0.350877	0.825255
CepurR40.8G100700.1-CepurR40.8G100800.1	0.399503	0.898189	0.444787
CepurR40.8G100800.1-CepurR40.8G100900.1	0.473772	1.3755	0.344437
CepurR40.8G105300.1-CepurR40.8G105400.1	0.294223	0.497486	0.591419
CepurR40.8G108300.1-CepurR40.8G108500.1	0.501165	NA	NA
CepurR40.8G109400.1-CepurR40.8G109600.1	NA	NA	NA
CepurR40.8G110600.1-CepurR40.8G110700.1	0.100294	0.43414	0.231018
CepurR40.8G113500.1-CepurR40.8G113700.1	0.534076	1.93616	0.275843
CepurR40.8G118000.1-CepurR40.8G118100.1	0.00772263	0.084957	0.0909004
CepurR40.8G120500.1-CepurR40.8G120600.1	0.00197344	NA	NA
CepurR40.8G125600.1-CepurR40.8G125700.1	0.0210634	0.168083	0.125315
CepurR40.8G128900.1-CepurR40.8G129000.1	0.0504269	0.249867	0.201815
CepurR40.8G129000.1-CepurR40.8G129100.1	0.00128675	0.0116199	0.110737
CepurR40.8G131500.1-CepurR40.8G131600.1	NA	0.00727579	-0
CepurR40.8G135900.1-CepurR40.8G136100.1	0.130038	0.146905	0.885184
CepurR40.8G136600.1-CepurR40.8G136800.1	0.0419239	0.135339	0.309769
CepurR40.8G140200.1-CepurR40.8G140300.1	0.0932558	0.346052	0.269485
CepurR40.8G140700.1-CepurR40.8G140800.1	0.457695	1.27658	0.358531
CepurR40.8G153000.1-CepurR40.8G153100.1	NA	NA	NA
CepurR40.8G153400.1-CepurR40.8G153500.1	0.00238684	0.00795533	0.300031
CepurR40.8G153500.1-CepurR40.8G153600.1	NA	0.00795533	-0
CepurR40.8G159300.1-CepurR40.8G159500.1	0.504244	2.52901	0.199384
CepurR40.8G159400.1-CepurR40.8G159500.1	0.299575	1.75064	0.171124
CepurR40.8G160200.1-CepurR40.8G160400.1	0.229879	0.561667	0.40928
CepurR40.8G162900.1-CepurR40.8G163000.1	0.131234	0.384391	0.341407
CepurR40.8G164500.1-CepurR40.8G164600.1	0.008818	0.159228	0.0553799
CepurR40.8G168800.1-CepurR40.8G168900.1	0.0424919	0.23353	0.181955
CepurR40.8G173600.1-CepurR40.8G173700.1	0.124531	0.856203	0.145446
CepurR40.8G182900.1-CepurR40.8G183100.1	0.284768	0.703352	0.404872
CepurR40.8G190000.1-CepurR40.8G190100.1	0.0796493	0.104659	0.761039
CepurR40.8G191000.1-CepurR40.8G191100.1	0.0253047	0.433429	0.0583826
CepurR40.8G193600.1-CepurR40.8G193700.1	NA	NA	NA
CepurR40.8G194500.1-CepurR40.8G194600.1	0.423164	1.29398	0.327026
CepurR40.8G194600.1-CepurR40.8G194700.1	0.425533	1.22135	0.348411
CepurR40.9G019900.1-CepurR40.9G020000.1	0.000423977	0.0213334	0.0198739
CepurR40.9G020400.1-CepurR40.9G020600.1	0.316515	0.510423	0.620103
CepurR40.9G020500.1-CepurR40.9G020700.1	0.321862	0.589023	0.546435
CepurR40.9G025500.1-CepurR40.9G025600.1	0.736778	1.49433	0.493048
CepurR40.9G027200.1-CepurR40.9G027300.1	0.0260458	0.341661	0.0762327
CepurR40.9G029800.1-CepurR40.9G030000.1	0.156266	0.958112	0.163098
CepurR40.9G030700.1-CepurR40.9G030800.1	NA	NA	NA
CepurR40.9G035100.1-CepurR40.9G035300.1	0.710786	1.15734	0.614154
CepurR40.9G047600.1-CepurR40.9G047700.1	0.00368798	0.0238547	0.154602
CepurR40.9G049900.1-CepurR40.9G050100.1	0.0932771	0.132696	0.702938
CepurR40.9G050500.1-CepurR40.9G050600.1	0.102215	0.720065	0.141952
CepurR40.9G055700.1-CepurR40.9G055900.1	0.565243	2.03859	0.277271
CepurR40.9G056300.1-CepurR40.9G056500.1	0.0387178	0.0431242	0.897821
CepurR40.9G056500.1-CepurR40.9G056700.1	0.0898749	0.138444	0.649179
CepurR40.9G065300.1-CepurR40.9G065400.1	0.0471697	0.591164	0.0797912
CepurR40.9G066100.1-CepurR40.9G066200.1	NA	0.0939907	-0
CepurR40.9G068800.1-CepurR40.9G068900.1	0.275835	1.01171	0.272641
CepurR40.9G069700.1-CepurR40.9G069800.1	0.0515533	0.148376	0.34745
CepurR40.9G070900.1-CepurR40.9G071000.1	0.295005	1.64643	0.179179
CepurR40.9G072200.1-CepurR40.9G072300.1	0.959412	2.13739	0.448872
CepurR40.9G080900.1-CepurR40.9G081100.1	NA	NA	NA
CepurR40.9G088400.1-CepurR40.9G088600.1	NA	NA	NA
CepurR40.9G088500.1-CepurR40.9G088700.1	NA	NA	NA
CepurR40.9G089300.1-CepurR40.9G089400.1	0.0119854	0.0666163	0.179916
CepurR40.9G093100.1-CepurR40.9G093200.1	0.433141	0.737125	0.587609
CepurR40.9G095300.1-CepurR40.9G095400.1	0.152051	0.168364	0.90311
CepurR40.9G095400.1-CepurR40.9G095500.1	0.500054	1.01919	0.490638
CepurR40.9G097700.1-CepurR40.9G097800.1	NA	NA	NA
CepurR40.9G101400.1-CepurR40.9G101600.1	NA	NA	NA
CepurR40.9G101500.1-CepurR40.9G101700.1	NA	NA	NA
CepurR40.9G114500.1-CepurR40.9G114600.1	0.016593	0.182	0.0911701
CepurR40.9G118000.1-CepurR40.9G118200.1	0.00904432	0.039859	0.226908
CepurR40.9G119400.1-CepurR40.9G119600.1	0.112283	0.169967	0.660619
CepurR40.9G119500.1-CepurR40.9G119700.1	0.333402	0.404598	0.824034
CepurR40.9G123400.1-CepurR40.9G123600.1	0.744147	1.1025	0.674963
CepurR40.9G126400.1-CepurR40.9G126600.1	0.129191	0.312928	0.412845
CepurR40.9G128700.1-CepurR40.9G128800.1	NA	NA	NA
CepurR40.9G130500.1-CepurR40.9G130700.1	0.790955	NA	NA
CepurR40.9G132000.1-CepurR40.9G132100.1	0.0027272	0.121569	0.0224334
CepurR40.9G134700.1-CepurR40.9G134800.1	0.0983527	0.228037	0.431301
CepurR40.9G138500.1-CepurR40.9G138700.1	0.00156258	0.00518945	0.301107
CepurR40.9G141300.1-CepurR40.9G141500.1	0.222081	0.393348	0.564591
CepurR40.9G142700.1-CepurR40.9G142800.1	0.244979	0.42889	0.571195
CepurR40.9G149500.1-CepurR40.9G149600.1	0.486733	3.10597	0.156709
CepurR40.9G150700.1-CepurR40.9G150800.1	0.00976227	0.170196	0.057359
CepurR40.9G152400.1-CepurR40.9G152500.1	0.229256	1.30212	0.176064
CepurR40.9G152500.1-CepurR40.9G152600.1	0.102627	1.03199	0.0994461
CepurR40.9G152600.1-CepurR40.9G152700.1	0.211362	1.17815	0.179402
CepurR40.9G158000.1-CepurR40.9G158100.1	0.0719828	0.400609	0.179683
CepurR40.9G159000.1-CepurR40.9G159100.1	NA	NA	NA
CepurR40.9G162200.1-CepurR40.9G162300.1	0.184664	1.43311	0.128856
CepurR40.9G162800.1-CepurR40.9G163000.1	NA	NA	NA
CepurR40.9G167400.1-CepurR40.9G167600.1	0.772027	1.9386	0.398239
CepurR40.9G172900.1-CepurR40.9G173000.1	0.241424	0.290631	0.830688
CepurR40.9G174200.1-CepurR40.9G174300.1	0.4831	NA	NA
CepurR40.9G174500.1-CepurR40.9G174600.1	0.182335	0.286548	0.636315
CepurR40.9G174800.1-CepurR40.9G174900.1	0.182335	0.286548	0.636315
CepurR40.9G176900.1-CepurR40.9G177000.1	NA	NA	NA
CepurR40.9G177000.1-CepurR40.9G177100.1	NA	NA	NA
CepurR40.9G177700.1-CepurR40.9G177800.1	0.39412	0.990474	0.397911
CepurR40.9G180600.1-CepurR40.9G180800.1	0.0799118	1.01247	0.0789277
CepurR40.9G187600.1-CepurR40.9G187700.1	0.292299	0.800634	0.365084
CepurR40.N003500.1-CepurR40.N003600.1	0.640242	1.02018	0.627578
CepurR40.N007100.1-CepurR40.N007300.1	NA	NA	NA
CepurR40.N007200.1-CepurR40.N007400.1	NA	NA	NA
CepurR40.N009800.1-CepurR40.N009900.1	NA	0.00727579	-0
CepurR40.N016300.1-CepurR40.N016500.1	NA	NA	NA
CepurR40.N016400.1-CepurR40.N016600.1	NA	NA	NA
CepurR40.N016500.1-CepurR40.N016700.1	NA	NA	NA
CepurR40.N024200.1-CepurR40.N024300.1	0.20991	1.93785	0.108321
CepurR40.N029200.1-CepurR40.N029300.1	NA	NA	NA
CepurR40.N035000.1-CepurR40.N035200.1	NA	NA	NA
CepurR40.N036600.1-CepurR40.N036800.1	NA	NA	NA
CepurR40.N042500.1-CepurR40.N042700.1	0.40075	NA	NA
CepurR40.VG008000.1-CepurR40.VG008100.1	NA	NA	NA
CepurR40.VG008100.1-CepurR40.VG008200.1	NA	NA	NA
CepurR40.VG015900.1-CepurR40.VG016000.1	0.00317872	NA	NA
CepurR40.VG041300.1-CepurR40.VG041500.1	NA	NA	NA
CepurR40.VG041400.1-CepurR40.VG041600.1	NA	NA	NA
CepurR40.VG081700.1-CepurR40.VG081800.1	NA	NA	NA
CepurR40.VG089000.1-CepurR40.VG089200.1	0.0025758	NA	NA
CepurR40.VG091200.1-CepurR40.VG091300.1	NA	NA	NA
CepurR40.VG116600.1-CepurR40.VG116800.1	NA	NA	NA
CepurR40.VG116700.1-CepurR40.VG116900.1	NA	0.0128305	-0
CepurR40.VG124600.1-CepurR40.VG124700.1	NA	NA	NA
CepurR40.VG163000.1-CepurR40.VG163200.1	0.00522953	0.0267356	0.195602
CepurR40.VG170800.1-CepurR40.VG171000.1	0.0170671	0.038557	0.442647
CepurR40.VG171000.1-CepurR40.VG171200.1	0.0141923	0.0287519	0.493614
CepurR40.VG186000.1-CepurR40.VG186100.1	0.370321	0.502056	0.737609
CepurR40.VG191300.1-CepurR40.VG191400.1	NA	NA	NA
CepurR40.VG192400.1-CepurR40.VG192500.1	NA	NA	NA
CepurR40.VG208500.1-CepurR40.VG208600.1	NA	NA	NA
CepurR40.VG267800.1-CepurR40.VG267900.1	NA	NA	NA
CepurR40.VG281700.1-CepurR40.VG281800.1	0.0503468	0.0756664	0.665379
CepurR40.VG306000.1-CepurR40.VG306100.1	NA	NA	NA
CepurR40.VG306100.1-CepurR40.VG306300.1	NA	NA	NA
CepurR40.VG326200.1-CepurR40.VG326400.1	NA	NA	NA
CepurR40.VG327500.1-CepurR40.VG327600.1	0.00944827	0.0279161	0.338452
