Seq	Ka	Ks	Ka/Ks
SM000001S04642-SM000001S04641	0.623223	1.37187	0.454289
SM000001S04701-SM000001S04695	0.502592	1.59612	0.314883
SM000001S04765-SM000001S04766	0.600009	1.45899	0.41125
SM000001S04783-SM000001S04784	0.184531	0.412463	0.447388
SM000002S05513-SM000002S05514	0.251407	0.886956	0.283449
SM000003S10973-SM000003S10974	0.788627	1.41363	0.557872
SM000003S11050-SM000003S11051	0.825065	1.43564	0.574704
SM000003S11081-SM000003S11071	0.407795	1.0436	0.390758
SM000003S11182-SM000003S11174	0.569486	1.77325	0.321154
SM000003S11185-SM000003S11177	0.706802	1.37941	0.512395
SM000003S11227-SM000003S11228	NA	NA	NA
SM000003S11244-SM000003S11225	0.159315	0.761731	0.209149
SM000003S11244-SM000003S11231	0.345806	0.957135	0.361293
SM000003S11246-SM000003S11245	NA	NA	NA
SM000004S14900-SM000004S14908	0.622821	1.8162	0.342926
SM000004S14913-SM000004S14925	1.10615	1.27805	0.865495
SM000004S14961-SM000004S14952	0.574396	NA	NA
SM000004S15067-SM000004S15052	0.830794	2.43788	0.340785
SM000004S15138-SM000004S15137	0.125951	0.208752	0.603354
SM000004S15141-SM000004S15142	0.832507	1.05668	0.787851
SM000005S17200-SM000005S17207	0.738371	1.16436	0.634144
SM000005S17290-SM000005S17287	0.862471	2.32197	0.37144
SM000006S19348-SM000006S19347	0.991052	1.45471	0.681273
SM000006S19398-SM000006S19400	1.67617	1.64028	1.02188
SM000006S19480-SM000006S19491	0.667308	1.36024	0.49058
SM000006S19513-SM000006S19512	0.355986	1.93216	0.184242
SM000006S19517-SM000006S19511	0.493663	0.9721	0.507832
SM000006S19546-SM000006S19541	0.400343	0.632325	0.633129
SM000007S20872-SM000007S20856	0.573299	NA	NA
SM000007S20896-SM000007S20906	1.5242	1.26012	1.20957
SM000007S20926-SM000007S20941	0.662189	1.92901	0.343279
SM000008S22223-SM000008S22238	1.54737	NA	NA
SM000008S22333-SM000008S22339	0.156048	0.223031	0.69967
SM000008S22368-SM000008S22366	0.490515	0.999279	0.490869
SM000009S23532-SM000009S23533	0.312071	0.254644	1.22552
SM000009S23533-SM000009S23531	0.245342	0.160858	1.52521
SM000010S04221-SM000010S04230	0.408812	1.10633	0.36952
SM000010S04309-SM000010S04303	0.614158	2.27823	0.269577
SM000011S19066-SM000011S19065	0.300223	0.912282	0.329091
SM000011S19084-SM000011S19094	1.04792	2.65997	0.39396
SM000011S19159-SM000011S19164	1.03922	1.23784	0.839546
SM000013S26488-SM000013S26478	0.863772	1.77364	0.487004
SM000013S26597-SM000013S26595	0.217218	0.794395	0.273438
SM000014S00249-SM000014S00250	0.0013841	NA	NA
SM000014S00290-SM000014S00302	1.23044	1.51523	0.812051
SM000014S00348-SM000014S00341	0.866832	0.968954	0.894606
SM000014S00372-SM000014S00358	1.03907	1.87437	0.554354
SM000014S00414-SM000014S00416	1.29941	2.38708	0.544351
SM000015S01213-SM000015S01208	0.809326	1.78105	0.454408
SM000016S01824-SM000016S01816	0.537081	1.74508	0.307768
SM000016S01900-SM000016S01893	1.03491	1.46319	0.707299
SM000016S01918-SM000016S01910	0.940075	0.899982	1.04455
SM000016S01954-SM000016S01958	0.881713	1.35848	0.649042
SM000017S02793-SM000017S02794	0.00597641	0.0160414	0.372562
SM000017S02814-SM000017S02809	0.505856	1.25478	0.403144
SM000017S02868-SM000017S02856	0.815878	2.2522	0.362258
SM000017S02882-SM000017S02881	0.720678	1.38953	0.518649
SM000017S02926-SM000017S02928	0.275148	0.769911	0.357376
SM000018S03555-SM000018S03565	0.996842	1.14652	0.869447
SM000018S03588-SM000018S03591	0.160222	0.200063	0.800858
SM000018S03598-SM000018S03600	0.267071	0.692216	0.38582
SM000018S03645-SM000018S03647	1.04332	3.29147	0.316976
SM000018S03739-SM000018S03724	0.619835	1.13886	0.544259
SM000019S04941-SM000019S04940	0.15514	0.226939	0.683621
SM000019S04949-SM000019S04946	0.145707	0.244668	0.595528
SM000019S05119-SM000019S05121	0.0231922	0.178646	0.129822
SM000019S05138-SM000019S05142	0.0164652	0.089229	0.184527
SM000020S05975-SM000020S05965	0.56947	1.42172	0.400551
SM000020S06003-SM000020S05995	0.424795	1.26606	0.335525
SM000020S06016-SM000020S06015	0.346616	2.01888	0.171687
SM000020S06034-SM000020S06033	0.362066	1.18919	0.304465
SM000020S06035-SM000020S06033	0.0507737	0.083856	0.605487
SM000020S06050-SM000020S06051	0.624491	2.30754	0.270631
SM000020S06073-SM000020S06083	0.261934	0.717782	0.364922
SM000020S06102-SM000020S06100	0.370498	0.71117	0.520969
SM000020S06105-SM000020S06104	0.283724	0.647353	0.438283
SM000021S06455-SM000021S06454	0.74092	2.62545	0.282206
SM000021S06535-SM000021S06534	1.114	NA	NA
SM000022S07146-SM000022S07144	0.202739	0.13943	1.45405
SM000022S07156-SM000022S07152	0.396635	0.66473	0.596687
SM000022S07193-SM000022S07192	0.271199	0.710429	0.381739
SM000022S07239-SM000022S07240	0.737874	1.80295	0.409259
SM000022S07248-SM000022S07239	0.764085	2.64501	0.288878
SM000023S07535-SM000023S07542	0.494058	1.01288	0.487774
SM000023S07548-SM000023S07549	0.742573	1.74523	0.425486
SM000023S07560-SM000023S07561	0.508339	2.67575	0.18998
SM000023S07592-SM000023S07593	0.280505	0.944497	0.296989
SM000023S07602-SM000023S07601	0.539356	1.61712	0.333529
SM000023S07634-SM000023S07645	0.255119	0.738895	0.34527
SM000025S08420-SM000025S08412	0.421002	1.77522	0.237155
SM000025S08445-SM000025S08443	0.937783	5.19427	0.180542
SM000026S08919-SM000026S08918	0.253765	0.843769	0.300752
SM000026S09007-SM000026S09003	0.981019	1.42531	0.688285
SM000027S09563-SM000027S09553	0.480763	1.00175	0.479922
SM000027S09572-SM000027S09569	0.832341	1.40429	0.592712
SM000027S09623-SM000027S09625	0.543984	0.787562	0.69072
SM000027S09624-SM000027S09623	0.111693	0.15367	0.726835
SM000027S09670-SM000027S09677	0.279777	1.70834	0.163771
SM000027S09695-SM000027S09694	0.405875	0.885382	0.458418
SM000027S09701-SM000027S09718	0.0259929	0.0544929	0.476997
SM000028S10100-SM000028S10099	0.329366	0.500585	0.657963
SM000028S10118-SM000028S10119	0.660875	1.16575	0.56691
SM000028S10149-SM000028S10147	1.13723	NA	NA
SM000031S11537-SM000031S11550	0.28971	1.15526	0.250774
SM000032S12031-SM000032S12017	0.869104	1.34155	0.647837
SM000032S12045-SM000032S12038	0.491506	1.35257	0.363388
SM000032S12103-SM000032S12104	0.486668	1.70222	0.285903
SM000034S12739-SM000034S12750	0.244265	0.751417	0.325073
SM000034S12781-SM000034S12780	0.602693	2.30354	0.261638
SM000035S13060-SM000035S13058	0.316557	1.56033	0.202877
SM000035S13093-SM000035S13094	0.179901	3.09866	0.0580576
SM000035S13103-SM000035S13110	0.797916	0.949366	0.840472
SM000036S13240-SM000036S13239	0.0420777	0.118625	0.354712
SM000036S13266-SM000036S13260	0.504255	1.1331	0.445022
SM000036S13346-SM000036S13345	0.778783	1.04951	0.742044
SM000036S13347-SM000036S13345	0.868468	0.968039	0.897141
SM000036S13371-SM000036S13363	0.314233	1.06572	0.294855
SM000037S13494-SM000037S13493	0.950853	1.51992	0.625594
SM000037S13540-SM000037S13538	0.255103	1.33129	0.19162
SM000038S14308-SM000038S14298	0.999641	2.16187	0.462396
SM000038S14310-SM000038S14318	0.877593	0.92627	0.947448
SM000038S14370-SM000038S14371	1.34989	1.50303	0.898112
SM000040S14794-SM000040S14783	0.177113	0.55586	0.318628
SM000041S15536-SM000041S15522	0.879283	NA	NA
SM000043S15841-SM000043S15842	0.304291	0.385803	0.788722
SM000043S15842-SM000043S15843	0.19224	0.25102	0.765834
SM000043S15843-SM000043S15832	0.0113928	0.0135199	0.84267
SM000044S15968-SM000044S15967	0.634529	1.39977	0.453311
SM000044S15977-SM000044S15978	0.0374915	0.110306	0.339885
SM000044S16005-SM000044S16019	0.415387	1.19328	0.348105
SM000045S16194-SM000045S16201	0.889356	2.2289	0.399011
SM000046S16347-SM000046S16349	0.224246	0.811466	0.276346
SM000046S16348-SM000046S16345	0.234724	0.35465	0.661847
SM000046S16350-SM000046S16351	0.13397	0.194766	0.687851
SM000046S16381-SM000046S16379	0.381715	1.77168	0.215454
SM000046S16381-SM000046S16380	0.0403248	0.206613	0.195171
SM000046S16423-SM000046S16411	0.237861	0.736989	0.322747
SM000046S16424-SM000046S16411	0.211648	0.62291	0.339772
SM000047S16814-SM000047S16829	0.248115	0.974527	0.2546
SM000047S16823-SM000047S16822	0.598416	1.92559	0.31077
SM000047S16862-SM000047S16861	0.352594	1.01127	0.348666
SM000047S16863-SM000047S16862	0.0330404	0.260724	0.126726
SM000047S16900-SM000047S16905	0.112027	0.313742	0.357068
SM000049S16793-SM000049S16794	0.311599	0.619438	0.503035
SM000050S16963-SM000050S16964	0.784396	1.52548	0.514198
SM000050S17070-SM000050S17046	0.149271	0.979151	0.152449
SM000051S17615-SM000051S17614	0.244738	0.154348	1.58563
SM000052S17679-SM000052S17670	0.79792	1.2855	0.620709
SM000052S17730-SM000052S17723	0.491173	2.43971	0.201324
SM000053S17497-SM000053S17498	1.41944	2.21901	0.639673
SM000054S18033-SM000054S18031	0.361252	0.841484	0.429304
SM000056S17923-SM000056S17922	0.522779	0.938125	0.557259
SM000056S17979-SM000056S17982	0.199669	0.382765	0.521651
SM000056S17981-SM000056S17974	0.406483	1.00211	0.405627
SM000057S18363-SM000057S18375	0.629404	1.06889	0.588841
SM000058S18585-SM000058S18584	0.711513	1.57054	0.453038
SM000059S18642-SM000059S18641	0.162077	1.07011	0.151458
SM000060S19635-SM000060S19641	0.0464423	0.147097	0.315725
SM000060S19679-SM000060S19678	0.0824516	0.59524	0.138518
SM000061S19196-SM000061S19203	0.673727	1.12827	0.597132
SM000061S19201-SM000061S19210	0.440433	1.03242	0.426603
SM000061S19246-SM000061S19238	0.469648	1.13312	0.414473
SM000062S19958-SM000062S19964	0.491372	1.02334	0.480166
SM000062S19959-SM000062S19947	0.481281	NA	NA
SM000063S20011-SM000063S20012	0.146475	0.544415	0.269051
SM000063S20054-SM000063S20051	0.347411	1.97924	0.175527
SM000064S19811-SM000064S19777	0.885186	1.90961	0.463543
SM000066S20459-SM000066S20447	0.245431	0.646422	0.379676
SM000066S20460-SM000066S20447	0.229238	0.672163	0.341045
SM000067S20288-SM000067S20290	0.185073	0.893459	0.207142
SM000067S20321-SM000067S20320	0.950017	NA	NA
SM000068S20583-SM000068S20582	0.53266	0.873022	0.610134
SM000071S21106-SM000071S21107	0.497292	1.97763	0.251459
SM000072S21193-SM000072S21192	1.16895	2.12139	0.551031
SM000072S21224-SM000072S21225	0.789607	1.51711	0.520468
SM000074S21678-SM000074S21697	0.0134808	0.187139	0.0720363
SM000074S21687-SM000074S21690	0.614879	1.43633	0.428091
SM000074S21694-SM000074S21692	0.737494	1.08053	0.682532
SM000074S21695-SM000074S21687	0.68266	1.32889	0.513707
SM000074S21697-SM000074S21693	0.0225824	0.153033	0.147566
SM000076S21817-SM000076S21816	0.434067	0.401086	1.08223
SM000076S21840-SM000076S21839	0.697899	1.92478	0.362587
SM000076S21858-SM000076S21856	0.691638	1.27305	0.543292
SM000080S22974-SM000080S22963	0.241051	0.440741	0.546922
SM000081S22618-SM000081S22619	0.444838	0.493458	0.90147
SM000081S22622-SM000081S22623	0.472526	0.780842	0.605149
SM000081S22641-SM000081S22650	1.59229	1.46751	1.08503
SM000081S22676-SM000081S22685	0.646777	1.4496	0.446177
SM000082S22812-SM000082S22807	0.0281332	0.119047	0.23632
SM000082S22852-SM000082S22866	0.625648	1.33044	0.470256
SM000084S23145-SM000084S23144	0.394239	0.206268	1.9113
SM000084S23145-SM000084S23146	0.223789	0.247406	0.904541
SM000087S23345-SM000087S23344	0.146419	0.773106	0.189391
SM000088S23683-SM000088S23684	0.488819	2.02944	0.240864
SM000089S23818-SM000089S23817	0.173791	0.236315	0.735419
SM000089S23837-SM000089S23840	0.757562	1.12928	0.670836
SM000091S24604-SM000091S24603	0.0113214	NA	NA
SM000093S24404-SM000093S24405	0.495109	2.15159	0.230113
SM000093S24458-SM000093S24446	0.054056	0.288189	0.187571
SM000093S24458-SM000093S24456	0.0756428	0.322653	0.23444
SM000094S24694-SM000094S24692	0.161786	0.571294	0.283193
SM000095S25013-SM000095S25025	0.344291	1.19617	0.287826
SM000096S24873-SM000096S24866	0.419796	1.39396	0.301154
SM000096S24881-SM000096S24898	0.137173	0.386687	0.354739
SM000096S24885-SM000096S24886	0.408343	1.85808	0.219766
SM000097S24782-SM000097S24783	0.949801	1.53335	0.619427
SM000097S24836-SM000097S24835	1.43082	2.19656	0.651393
SM000098S25070-SM000098S25071	0.74503	NA	NA
SM000099S25190-SM000099S25194	0.335468	0.52232	0.642266
SM000099S25193-SM000099S25189	0.665183	0.547724	1.21445
SM000100S09459-SM000100S09458	0.258635	0.97338	0.265708
SM000101S09260-SM000101S09263	0.064253	0.0981321	0.65476
SM000102S09204-SM000102S09211	1.16419	1.16848	0.99633
SM000107S14032-SM000107S14026	0.428073	1.62612	0.263248
SM000107S14045-SM000107S14036	0.389037	0.949537	0.409712
SM000107S14081-SM000107S14083	0.06062	0.132285	0.458254
SM000108S14239-SM000108S14229	0.519988	NA	NA
SM000115S23899-SM000115S23910	0.695493	NA	NA
SM000115S23915-SM000115S23917	0.714166	NA	NA
SM000116S24238-SM000116S24229	0.401243	0.64902	0.61823
SM000117S25479-SM000117S25478	0.468255	1.69947	0.27553
SM000117S25486-SM000117S25493	0.922585	1.42979	0.645261
SM000117S25531-SM000117S25537	0.156289	0.323136	0.483663
SM000117S25537-SM000117S25528	0.259207	0.599326	0.432497
SM000121S25982-SM000121S25978	0.187674	0.407744	0.460273
SM000121S25999-SM000121S26006	0.212568	0.315849	0.673005
SM000122S25750-SM000122S25745	0.370918	1.5783	0.235011
SM000122S25780-SM000122S25774	0.855548	1.74222	0.491069
SM000123S25832-SM000123S25834	1.26136	3.26371	0.386482
SM000123S25843-SM000123S25844	0.557823	1.2777	0.436584
SM000123S25850-SM000123S25843	0.355354	0.634007	0.560489
SM000124S25957-SM000124S25966	0.139023	0.228866	0.60744
SM000125S26107-SM000125S26098	1.67668	1.6316	1.02763
SM000127S26639-SM000127S26638	0.622673	1.45397	0.428257
SM000127S26669-SM000127S26673	0.322131	0.78222	0.411816
SM000127S26671-SM000127S26670	0.28148	0.744476	0.378092
SM000127S26672-SM000127S26667	0.142799	0.23674	0.603189
SM000129S26129-SM000129S26133	0.528045	1.09183	0.483632
SM000129S26149-SM000129S26142	0.155733	0.354802	0.438928
SM000132S26877-SM000132S26876	0.705147	0.850122	0.829466
SM000133S26833-SM000133S26835	0.0326695	0.143343	0.227911
SM000134S26949-SM000134S26942	0.0126996	0.0169262	0.750293
SM000134S26977-SM000134S26975	0.924201	1.2209	0.756986
SM000135S26983-SM000135S26984	0.171145	0.229165	0.74682
SM000136S00167-SM000136S00172	0.563482	1.51993	0.370728
SM000138S00053-SM000138S00045	0.227049	0.293504	0.773583
SM000139S00090-SM000139S00113	0.07728	0.0958163	0.806543
SM000139S00113-SM000139S00092	0.0162501	0.032768	0.495913
SM000139S00140-SM000139S00131	0.197455	0.848358	0.23275
SM000141S00850-SM000141S00834	0.519243	1.8069	0.287366
SM000143S00735-SM000143S00726	0.646379	1.54867	0.417377
SM000144S00689-SM000144S00706	0.569329	1.96429	0.289839
SM000145S00795-SM000145S00792	0.439924	0.948267	0.463924
SM000145S00797-SM000145S00800	0.677696	1.52143	0.445434
SM000146S00945-SM000146S00946	0.392805	2.99289	0.131246
SM000149S01354-SM000149S01343	0.0885789	0.34127	0.259557
SM000150S01710-SM000150S01705	0.548179	1.02511	0.534751
SM000150S01725-SM000150S01724	0.21832	0.961082	0.22716
SM000154S01413-SM000154S01421	0.547219	1.2449	0.439568
SM000154S01419-SM000154S01417	0.540079	NA	NA
SM000154S01426-SM000154S01433	0.533456	NA	NA
SM000158S02004-SM000158S02005	0.388352	0.565769	0.686415
SM000158S02028-SM000158S02029	0.293379	0.961104	0.305252
SM000158S02043-SM000158S02031	0.585624	1.41558	0.413699
SM000163S02320-SM000163S02313	0.582686	2.24414	0.259648
SM000164S02266-SM000164S02265	0.871153	1.67411	0.520368
SM000166S02457-SM000166S02483	1.10484	2.4167	0.457168
SM000167S02980-SM000167S02971	0.652438	1.14486	0.569886
SM000172S03095-SM000172S03080	0.710537	1.73182	0.410284
SM000174S03332-SM000174S03333	0.440312	2.34392	0.187853
SM000174S03333-SM000174S03337	0.403195	1.9186	0.21015
SM000176S03158-SM000176S03146	0.106293	0.276007	0.385111
SM000177S03170-SM000177S03169	0.151847	0.691016	0.219745
SM000180S03514-SM000180S03517	0.823918	1.65368	0.498234
SM000183S03969-SM000183S03961	0.73646	1.15911	0.635365
SM000183S03971-SM000183S03972	0.191337	0.4116	0.464862
SM000184S03787-SM000184S03788	0.996961	NA	NA
SM000184S03788-SM000184S03786	0.0761226	0.17888	0.425552
SM000184S03789-SM000184S03785	0.272024	0.352459	0.77179
SM000185S04041-SM000185S04050	0.0721056	0.128589	0.560743
SM000186S04157-SM000186S04156	0.287226	1.09474	0.262369
SM000188S03842-SM000188S03843	0.723768	NA	NA
SM000190S04884-SM000190S04872	0.498687	1.29511	0.385055
SM000191S05229-SM000191S05230	0.611624	2.21115	0.276608
SM000192S04920-SM000192S04911	0.468834	1.87433	0.250134
SM000192S04923-SM000192S04921	0.0870135	0.419706	0.20732
SM000194S04822-SM000194S04828	0.00215149	0.00120769	1.78149
SM000196S05354-SM000196S05355	0.789897	2.65457	0.297561
SM000199S05416-SM000199S05432	0.202372	0.237163	0.853304
SM000202S05876-SM000202S05873	0.347275	0.851772	0.407709
SM000205S06236-SM000205S06222	0.770868	1.91683	0.402157
SM000211S06630-SM000211S06648	0.633793	1.37766	0.46005
SM000213S06817-SM000213S06818	0.144509	0.883777	0.163513
SM000213S06822-SM000213S06825	0.672576	1.96183	0.342831
SM000219S06668-SM000219S06671	0.513633	2.24806	0.228479
SM000220S07073-SM000220S07074	0.228514	0.903934	0.2528
SM000223S07314-SM000223S07317	0.677275	1.63059	0.415356
SM000227S07466-SM000227S07465	0.0264297	0.0641301	0.412126
SM000232S07943-SM000232S07942	0.446559	1.10058	0.405747
SM000233S07968-SM000233S07969	0.167778	0.639514	0.262353
SM000236S08008-SM000236S08014	0.567373	0.908892	0.624248
SM000236S08013-SM000236S08016	0.426171	0.723844	0.588761
SM000236S08016-SM000236S08017	1.58752	1.83365	0.865769
SM000240S08614-SM000240S08609	0.548926	1.8826	0.291579
SM000241S08507-SM000241S08519	0.465682	0.716064	0.650335
SM000242S08497-SM000242S08501	0.681163	0.969798	0.702376
SM000252S09060-SM000252S09076	0.461762	0.640941	0.720445
SM000254S08793-SM000254S08802	0.0541508	0.177599	0.304904
SM000256S08671-SM000256S08692	0.0121119	0.142494	0.0849993
SM000259S08744-SM000259S08735	0.800102	1.71915	0.465407
SM000270S10379-SM000270S10366	0.213768	0.463051	0.461652
SM000270S10379-SM000270S10380	0.149998	0.425821	0.352256
SM000280S10711-SM000280S10723	0.506954	1.7557	0.288748
SM000284S10662-SM000284S10672	0.74073	1.28257	0.577534
SM000284S10675-SM000284S10671	0.448964	1.0385	0.43232
SM000286S10653-SM000286S10648	0.147187	0.152882	0.962751
SM000288S10778-SM000288S10779	0.338794	1.34761	0.251403
SM000290S10889-SM000290S10896	0.606925	0.992546	0.611483
SM000292S11264-SM000292S11265	0.0524343	0.160868	0.325947
SM000295S11270-SM000295S11280	0.663255	1.68942	0.392592
SM000298S10955-SM000298S10939	0.186358	0.631004	0.295336
SM000299S10839-SM000299S10840	0.492936	1.89189	0.260552
SM000311S11930-SM000311S11933	0.880865	6.36679	0.138353
SM000311S11933-SM000311S11922	0.922049	2.90282	0.317639
SM000320S12012-SM000320S12010	0.138937	0.585466	0.237311
SM000325S12643-SM000325S12644	0.740369	1.54179	0.480203
SM000331S12525-SM000331S12519	0.276983	0.409791	0.675912
SM000348S12864-SM000348S12867	0.230645	0.64009	0.360331
SM000348S12865-SM000348S12864	0.276895	0.614045	0.450936
SM000360S13674-SM000360S13673	0.232726	0.299189	0.777857
SM000365S13722-SM000365S13723	0.210321	0.929995	0.226152
SM000365S13725-SM000365S13721	0.0013873	NA	NA
SM000366S13818-SM000366S13819	0.705288	1.47377	0.478561
SM000370S13772-SM000370S13773	0.209998	0.339086	0.619305
SM000380S14651-SM000380S14648	0.427278	1.58742	0.269166
SM000381S14611-SM000381S14610	0.654882	1.37893	0.474921
SM000382S14598-SM000382S14596	0.707831	1.80174	0.392859
SM000386S14574-SM000386S14571	NA	NA	NA
SM000392S14721-SM000392S14719	0.514133	1.94477	0.264368
SM000401S15610-SM000401S15612	0.326611	0.46831	0.697423
SM000408S15243-SM000408S15242	0.453979	1.15166	0.394197
SM000408S15244-SM000408S15243	0.258099	0.545923	0.472776
SM000408S15245-SM000408S15243	0.997362	1.60307	0.622157
SM000416S15663-SM000416S15662	0.454157	1.38181	0.328667
SM000437S15691-SM000437S15696	0.733178	1.37511	0.533177
SM000463S16146-SM000463S16147	0.0434266	0.094889	0.457657
SM000570S18621-SM000570S18620	0.296303	0.601549	0.492566
SM001128S24192-SM001128S24191	0.103329	0.15419	0.670139
